G	P_1	71.033	15.54	22.671	1.0	0.5019607843137255	0.0
G	OP1_1	72.253	16.379	22.562	1.0	0.050980392156862744	0.050980392156862744
G	OP2_1	70.635	14.998	24.0	1.0	0.050980392156862744	0.050980392156862744
G	O5'_1	69.819	16.388	22.102	1.0	0.050980392156862744	0.050980392156862744
G	C5'_1	69.976	17.194	20.952	0.5647058823529412	0.5647058823529412	0.5647058823529412
G	C4'_1	68.763	18.056	20.777	0.5647058823529412	0.5647058823529412	0.5647058823529412
G	O4'_1	67.614	17.201	20.566	1.0	0.050980392156862744	0.050980392156862744
G	C3'_1	68.407	18.898	21.985	0.5647058823529412	0.5647058823529412	0.5647058823529412
G	O3'_1	69.106	20.135	21.917	1.0	0.050980392156862744	0.050980392156862744
G	C2'_1	66.91	19.087	21.795	0.5647058823529412	0.5647058823529412	0.5647058823529412
G	O2'_1	66.643	20.072	20.816	1.0	0.050980392156862744	0.050980392156862744
G	C1'_1	66.495	17.713	21.259	0.5647058823529412	0.5647058823529412	0.5647058823529412
G	N9_1	66.114	16.736	22.279	0.18823529411764706	0.3137254901960784	0.9725490196078431
G	C8_1	66.907	15.741	22.793	0.5647058823529412	0.5647058823529412	0.5647058823529412
G	N7_1	66.312	15.029	23.707	0.18823529411764706	0.3137254901960784	0.9725490196078431
G	C5_1	65.044	15.581	23.801	0.5647058823529412	0.5647058823529412	0.5647058823529412
G	C6_1	63.956	15.23	24.634	0.5647058823529412	0.5647058823529412	0.5647058823529412
G	O6_1	63.892	14.334	25.487	1.0	0.050980392156862744	0.050980392156862744
G	N1_1	62.858	16.045	24.407	0.18823529411764706	0.3137254901960784	0.9725490196078431
G	C2_1	62.81	17.07	23.5	0.5647058823529412	0.5647058823529412	0.5647058823529412
G	N2_1	61.646	17.733	23.43	0.18823529411764706	0.3137254901960784	0.9725490196078431
G	N3_1	63.822	17.416	22.719	0.18823529411764706	0.3137254901960784	0.9725490196078431
G	C4_1	64.9	16.632	22.922	0.5647058823529412	0.5647058823529412	0.5647058823529412
U	P_2	58.854	12.014	33.883	1.0	0.5019607843137255	0.0
U	OP1_2	57.51	11.867	34.472	1.0	0.050980392156862744	0.050980392156862744
U	OP2_2	59.57	10.82	33.378	1.0	0.050980392156862744	0.050980392156862744
U	O5'_2	58.77	13.093	32.724	1.0	0.050980392156862744	0.050980392156862744
U	C5'_2	58.195	14.359	32.983	0.5647058823529412	0.5647058823529412	0.5647058823529412
U	C4'_2	58.293	15.238	31.768	0.5647058823529412	0.5647058823529412	0.5647058823529412
U	O4'_2	59.678	15.487	31.449	1.0	0.050980392156862744	0.050980392156862744
U	C3'_2	57.725	14.655	30.491	0.5647058823529412	0.5647058823529412	0.5647058823529412
U	O3'_2	56.333	14.885	30.455	1.0	0.050980392156862744	0.050980392156862744
U	C2'_2	58.428	15.484	29.432	0.5647058823529412	0.5647058823529412	0.5647058823529412
U	O2'_2	57.841	16.76	29.298	1.0	0.050980392156862744	0.050980392156862744
U	C1'_2	59.818	15.633	30.046	0.5647058823529412	0.5647058823529412	0.5647058823529412
U	N1_2	60.783	14.635	29.558	0.18823529411764706	0.3137254901960784	0.9725490196078431
U	C2_2	61.411	14.883	28.349	0.5647058823529412	0.5647058823529412	0.5647058823529412
U	O2_2	61.192	15.877	27.669	1.0	0.050980392156862744	0.050980392156862744
U	N3_2	62.306	13.92	27.961	0.18823529411764706	0.3137254901960784	0.9725490196078431
U	C4_2	62.626	12.764	28.635	0.5647058823529412	0.5647058823529412	0.5647058823529412
U	O4_2	63.443	11.987	28.146	1.0	0.050980392156862744	0.050980392156862744
U	C5_2	61.935	12.581	29.866	0.5647058823529412	0.5647058823529412	0.5647058823529412
U	C6_2	61.06	13.496	30.275	0.5647058823529412	0.5647058823529412	0.5647058823529412
