U	P_1	50.065	-3.254	3.894	1.0	0.5019607843137255	0.0
U	OP1_1	51.474	-3.433	3.463	1.0	0.050980392156862744	0.050980392156862744
U	OP2_1	49.644	-3.714	5.244	1.0	0.050980392156862744	0.050980392156862744
U	O5'_1	49.707	-1.711	3.74	1.0	0.050980392156862744	0.050980392156862744
U	C5'_1	49.856	-1.051	2.487	0.5647058823529412	0.5647058823529412	0.5647058823529412
U	C4'_1	49.321	0.357	2.573	0.5647058823529412	0.5647058823529412	0.5647058823529412
U	O4'_1	47.876	0.333	2.746	1.0	0.050980392156862744	0.050980392156862744
U	C3'_1	49.822	1.175	3.749	0.5647058823529412	0.5647058823529412	0.5647058823529412
U	O3'_1	51.087	1.751	3.464	1.0	0.050980392156862744	0.050980392156862744
U	C2'_1	48.731	2.225	3.878	0.5647058823529412	0.5647058823529412	0.5647058823529412
U	O2'_1	48.814	3.209	2.866	1.0	0.050980392156862744	0.050980392156862744
U	C1'_1	47.482	1.379	3.629	0.5647058823529412	0.5647058823529412	0.5647058823529412
U	N1_1	46.914	0.781	4.854	0.18823529411764706	0.3137254901960784	0.9725490196078431
U	C2_1	46.222	1.608	5.738	0.5647058823529412	0.5647058823529412	0.5647058823529412
U	O2_1	46.072	2.813	5.563	1.0	0.050980392156862744	0.050980392156862744
U	N3_1	45.713	0.967	6.839	0.18823529411764706	0.3137254901960784	0.9725490196078431
U	C4_1	45.82	-0.373	7.148	0.5647058823529412	0.5647058823529412	0.5647058823529412
U	O4_1	45.295	-0.804	8.176	1.0	0.050980392156862744	0.050980392156862744
U	C5_1	46.548	-1.146	6.201	0.5647058823529412	0.5647058823529412	0.5647058823529412
U	C6_1	47.056	-0.561	5.118	0.5647058823529412	0.5647058823529412	0.5647058823529412
G	P_2	36.888	4.205	11.102	1.0	0.5019607843137255	0.0
G	OP1_2	35.546	4.029	11.706	1.0	0.050980392156862744	0.050980392156862744
G	OP2_2	37.63	3.024	10.604	1.0	0.050980392156862744	0.050980392156862744
G	O5'_2	36.7	5.198	9.876	1.0	0.050980392156862744	0.050980392156862744
G	C5'_2	36.579	6.597	10.108	0.5647058823529412	0.5647058823529412	0.5647058823529412
G	C4'_2	37.775	7.333	9.548	0.5647058823529412	0.5647058823529412	0.5647058823529412
G	O4'_2	38.996	6.864	10.164	1.0	0.050980392156862744	0.050980392156862744
G	C3'_2	38.049	7.104	8.081	0.5647058823529412	0.5647058823529412	0.5647058823529412
G	O3'_2	37.153	7.862	7.295	1.0	0.050980392156862744	0.050980392156862744
G	C2'_2	39.49	7.561	7.948	0.5647058823529412	0.5647058823529412	0.5647058823529412
G	O2'_2	39.609	8.964	7.873	1.0	0.050980392156862744	0.050980392156862744
G	C1'_2	40.075	7.063	9.268	0.5647058823529412	0.5647058823529412	0.5647058823529412
G	N9_2	40.826	5.819	9.149	0.18823529411764706	0.3137254901960784	0.9725490196078431
G	C8_2	40.59	4.638	9.809	0.5647058823529412	0.5647058823529412	0.5647058823529412
G	N7_2	41.453	3.704	9.511	0.18823529411764706	0.3137254901960784	0.9725490196078431
G	C5_2	42.304	4.304	8.594	0.5647058823529412	0.5647058823529412	0.5647058823529412
G	C6_2	43.429	3.782	7.911	0.5647058823529412	0.5647058823529412	0.5647058823529412
G	O6_2	43.909	2.644	7.975	1.0	0.050980392156862744	0.050980392156862744
G	N1_2	44.003	4.731	7.075	0.18823529411764706	0.3137254901960784	0.9725490196078431
G	C2_2	43.546	6.015	6.91	0.5647058823529412	0.5647058823529412	0.5647058823529412
G	N2_2	44.236	6.785	6.052	0.18823529411764706	0.3137254901960784	0.9725490196078431
G	N3_2	42.494	6.511	7.536	0.18823529411764706	0.3137254901960784	0.9725490196078431
G	C4_2	41.928	5.608	8.358	0.5647058823529412	0.5647058823529412	0.5647058823529412
