G	P_1	118.497	177.679	213.545	1.0	0.5019607843137255	0.0
G	OP1_1	118.134	176.381	212.914	1.0	0.050980392156862744	0.050980392156862744
G	OP2_1	119.837	177.839	214.178	1.0	0.050980392156862744	0.050980392156862744
G	O5'_1	118.308	178.84	212.469	1.0	0.050980392156862744	0.050980392156862744
G	C5'_1	119.391	179.266	211.623	0.5647058823529412	0.5647058823529412	0.5647058823529412
G	C4'_1	119.182	180.705	211.206	0.5647058823529412	0.5647058823529412	0.5647058823529412
G	O4'_1	119.4	181.591	212.342	1.0	0.050980392156862744	0.050980392156862744
G	C3'_1	120.145	181.214	210.149	0.5647058823529412	0.5647058823529412	0.5647058823529412
G	O3'_1	119.683	180.834	208.854	1.0	0.050980392156862744	0.050980392156862744
G	C2'_1	120.11	182.725	210.373	0.5647058823529412	0.5647058823529412	0.5647058823529412
G	O2'_1	118.976	183.349	209.806	1.0	0.050980392156862744	0.050980392156862744
G	C1'_1	120.004	182.802	211.901	0.5647058823529412	0.5647058823529412	0.5647058823529412
G	N9_1	121.284	182.962	212.595	0.18823529411764706	0.3137254901960784	0.9725490196078431
G	C8_1	121.741	182.22	213.661	0.5647058823529412	0.5647058823529412	0.5647058823529412
G	N7_1	122.928	182.581	214.072	0.18823529411764706	0.3137254901960784	0.9725490196078431
G	C5_1	123.282	183.63	213.234	0.5647058823529412	0.5647058823529412	0.5647058823529412
G	C6_1	124.461	184.424	213.204	0.5647058823529412	0.5647058823529412	0.5647058823529412
G	O6_1	125.455	184.352	213.936	1.0	0.050980392156862744	0.050980392156862744
G	N1_1	124.408	185.381	212.193	0.18823529411764706	0.3137254901960784	0.9725490196078431
G	C2_1	123.356	185.556	211.32	0.5647058823529412	0.5647058823529412	0.5647058823529412
G	N2_1	123.496	186.532	210.408	0.18823529411764706	0.3137254901960784	0.9725490196078431
G	N3_1	122.247	184.823	211.34	0.18823529411764706	0.3137254901960784	0.9725490196078431
G	C4_1	122.278	183.885	212.316	0.5647058823529412	0.5647058823529412	0.5647058823529412
U	P_2	133.248	190.571	213.54	1.0	0.5019607843137255	0.0
U	OP1_2	133.561	192.021	213.686	1.0	0.050980392156862744	0.050980392156862744
U	OP2_2	133.39	189.669	214.714	1.0	0.050980392156862744	0.050980392156862744
U	O5'_2	131.756	190.434	212.987	1.0	0.050980392156862744	0.050980392156862744
U	C5'_2	131.369	191.058	211.746	0.5647058823529412	0.5647058823529412	0.5647058823529412
U	C4'_2	130.043	190.51	211.259	0.5647058823529412	0.5647058823529412	0.5647058823529412
U	O4'_2	130.13	189.067	211.113	1.0	0.050980392156862744	0.050980392156862744
U	C3'_2	128.831	190.711	212.161	0.5647058823529412	0.5647058823529412	0.5647058823529412
U	O3'_2	128.281	192.024	211.998	1.0	0.050980392156862744	0.050980392156862744
U	C2'_2	127.877	189.63	211.66	0.5647058823529412	0.5647058823529412	0.5647058823529412
U	O2'_2	127.198	189.985	210.473	1.0	0.050980392156862744	0.050980392156862744
U	C1'_2	128.849	188.493	211.338	0.5647058823529412	0.5647058823529412	0.5647058823529412
U	N1_2	128.949	187.467	212.389	0.18823529411764706	0.3137254901960784	0.9725490196078431
U	C2_2	127.975	186.481	212.408	0.5647058823529412	0.5647058823529412	0.5647058823529412
U	O2_2	127.049	186.447	211.613	1.0	0.050980392156862744	0.050980392156862744
U	N3_2	128.124	185.538	213.394	0.18823529411764706	0.3137254901960784	0.9725490196078431
U	C4_2	129.119	185.484	214.347	0.5647058823529412	0.5647058823529412	0.5647058823529412
U	O4_2	129.102	184.582	215.184	1.0	0.050980392156862744	0.050980392156862744
U	C5_2	130.082	186.543	214.271	0.5647058823529412	0.5647058823529412	0.5647058823529412
U	C6_2	129.968	187.474	213.32	0.5647058823529412	0.5647058823529412	0.5647058823529412
