U	P_1	204.532	112.777	204.377	1.0	0.5019607843137255	0.0
U	OP1_1	204.274	113.566	205.618	1.0	0.050980392156862744	0.050980392156862744
U	OP2_1	204.366	111.298	204.404	1.0	0.050980392156862744	0.050980392156862744
U	O5'_1	203.617	113.38	203.215	1.0	0.050980392156862744	0.050980392156862744
U	C5'_1	203.627	114.794	202.92	0.5647058823529412	0.5647058823529412	0.5647058823529412
U	C4'_1	202.92	115.067	201.61	0.5647058823529412	0.5647058823529412	0.5647058823529412
U	O4'_1	203.643	114.425	200.527	1.0	0.050980392156862744	0.050980392156862744
U	C3'_1	201.501	114.528	201.488	0.5647058823529412	0.5647058823529412	0.5647058823529412
U	O3'_1	200.57	115.446	202.072	1.0	0.050980392156862744	0.050980392156862744
U	C2'_1	201.314	114.424	199.973	0.5647058823529412	0.5647058823529412	0.5647058823529412
U	O2'_1	200.961	115.657	199.375	1.0	0.050980392156862744	0.050980392156862744
U	C1'_1	202.728	114.049	199.508	0.5647058823529412	0.5647058823529412	0.5647058823529412
U	N1_1	202.968	112.641	199.14	0.18823529411764706	0.3137254901960784	0.9725490196078431
U	C2_1	202.421	112.17	197.949	0.5647058823529412	0.5647058823529412	0.5647058823529412
U	O2_1	201.723	112.856	197.213	1.0	0.050980392156862744	0.050980392156862744
U	N3_1	202.724	110.862	197.654	0.18823529411764706	0.3137254901960784	0.9725490196078431
U	C4_1	203.494	109.993	198.407	0.5647058823529412	0.5647058823529412	0.5647058823529412
U	O4_1	203.684	108.844	198.001	1.0	0.050980392156862744	0.050980392156862744
U	C5_1	204.012	110.549	199.62	0.5647058823529412	0.5647058823529412	0.5647058823529412
U	C6_1	203.734	111.814	199.94	0.5647058823529412	0.5647058823529412	0.5647058823529412
G	P_2	202.103	103.603	188.407	1.0	0.5019607843137255	0.0
G	OP1_2	203.2	102.791	187.812	1.0	0.050980392156862744	0.050980392156862744
G	OP2_2	202.244	104.124	189.796	1.0	0.050980392156862744	0.050980392156862744
G	O5'_2	201.799	104.828	187.431	1.0	0.050980392156862744	0.050980392156862744
G	C5'_2	202.545	106.06	187.521	0.5647058823529412	0.5647058823529412	0.5647058823529412
G	C4'_2	201.605	107.22	187.777	0.5647058823529412	0.5647058823529412	0.5647058823529412
G	O4'_2	200.906	107.014	189.036	1.0	0.050980392156862744	0.050980392156862744
G	C3'_2	202.272	108.576	187.937	0.5647058823529412	0.5647058823529412	0.5647058823529412
G	O3'_2	202.512	109.172	186.668	1.0	0.050980392156862744	0.050980392156862744
G	C2'_2	201.247	109.354	188.755	0.5647058823529412	0.5647058823529412	0.5647058823529412
G	O2'_2	200.17	109.831	187.969	1.0	0.050980392156862744	0.050980392156862744
G	C1'_2	200.72	108.263	189.691	0.5647058823529412	0.5647058823529412	0.5647058823529412
G	N9_2	201.373	108.203	191.0	0.18823529411764706	0.3137254901960784	0.9725490196078431
G	C8_2	202.161	107.182	191.486	0.5647058823529412	0.5647058823529412	0.5647058823529412
G	N7_2	202.572	107.386	192.709	0.18823529411764706	0.3137254901960784	0.9725490196078431
G	C5_2	202.034	108.62	193.052	0.5647058823529412	0.5647058823529412	0.5647058823529412
G	C6_2	202.132	109.359	194.263	0.5647058823529412	0.5647058823529412	0.5647058823529412
G	O6_2	202.722	109.052	195.307	1.0	0.050980392156862744	0.050980392156862744
G	N1_2	201.442	110.565	194.184	0.18823529411764706	0.3137254901960784	0.9725490196078431
G	C2_2	200.743	111.003	193.086	0.5647058823529412	0.5647058823529412	0.5647058823529412
G	N2_2	200.148	112.198	193.206	0.18823529411764706	0.3137254901960784	0.9725490196078431
G	N3_2	200.635	110.321	191.953	0.18823529411764706	0.3137254901960784	0.9725490196078431
G	C4_2	201.3	109.146	192.006	0.5647058823529412	0.5647058823529412	0.5647058823529412
