U	P_1	87.014	162.621	207.996	1.0	0.5019607843137255	0.0
U	OP1_1	85.535	162.451	207.915	1.0	0.050980392156862744	0.050980392156862744
U	OP2_1	87.755	163.158	206.825	1.0	0.050980392156862744	0.050980392156862744
U	O5'_1	87.339	163.541	209.257	1.0	0.050980392156862744	0.050980392156862744
U	C5'_1	86.849	163.196	210.566	0.5647058823529412	0.5647058823529412	0.5647058823529412
U	C4'_1	87.62	163.943	211.629	0.5647058823529412	0.5647058823529412	0.5647058823529412
U	O4'_1	89.023	163.567	211.573	1.0	0.050980392156862744	0.050980392156862744
U	C3'_1	87.639	165.459	211.508	0.5647058823529412	0.5647058823529412	0.5647058823529412
U	O3'_1	86.447	166.043	212.033	1.0	0.050980392156862744	0.050980392156862744
U	C2'_1	88.884	165.825	212.31	0.5647058823529412	0.5647058823529412	0.5647058823529412
U	O2'_1	88.668	165.795	213.707	1.0	0.050980392156862744	0.050980392156862744
U	C1'_1	89.829	164.681	211.931	0.5647058823529412	0.5647058823529412	0.5647058823529412
U	N1_1	90.711	165.012	210.799	0.18823529411764706	0.3137254901960784	0.9725490196078431
U	C2_1	91.937	165.595	211.086	0.5647058823529412	0.5647058823529412	0.5647058823529412
U	O2_1	92.314	165.834	212.225	1.0	0.050980392156862744	0.050980392156862744
U	N3_1	92.705	165.888	209.987	0.18823529411764706	0.3137254901960784	0.9725490196078431
U	C4_1	92.383	165.665	208.661	0.5647058823529412	0.5647058823529412	0.5647058823529412
U	O4_1	93.169	166.017	207.784	1.0	0.050980392156862744	0.050980392156862744
U	C5_1	91.109	165.057	208.448	0.5647058823529412	0.5647058823529412	0.5647058823529412
U	C6_1	90.337	164.759	209.494	0.5647058823529412	0.5647058823529412	0.5647058823529412
G	P_2	102.75	169.346	213.721	1.0	0.5019607843137255	0.0
G	OP1_2	103.935	169.31	214.623	1.0	0.050980392156862744	0.050980392156862744
G	OP2_2	102.471	168.186	212.833	1.0	0.050980392156862744	0.050980392156862744
G	O5'_2	101.446	169.61	214.606	1.0	0.050980392156862744	0.050980392156862744
G	C5'_2	101.463	170.543	215.71	0.5647058823529412	0.5647058823529412	0.5647058823529412
G	C4'_2	100.117	170.567	216.409	0.5647058823529412	0.5647058823529412	0.5647058823529412
G	O4'_2	99.09	171.04	215.494	1.0	0.050980392156862744	0.050980392156862744
G	C3'_2	99.578	169.231	216.901	0.5647058823529412	0.5647058823529412	0.5647058823529412
G	O3'_2	100.146	168.856	218.155	1.0	0.050980392156862744	0.050980392156862744
G	C2'_2	98.08	169.502	217.012	0.5647058823529412	0.5647058823529412	0.5647058823529412
G	O2'_2	97.716	170.192	218.189	1.0	0.050980392156862744	0.050980392156862744
G	C1'_2	97.846	170.424	215.813	0.5647058823529412	0.5647058823529412	0.5647058823529412
G	N9_2	97.338	169.734	214.629	0.18823529411764706	0.3137254901960784	0.9725490196078431
G	C8_2	97.976	169.58	213.42	0.5647058823529412	0.5647058823529412	0.5647058823529412
G	N7_2	97.267	168.92	212.545	0.18823529411764706	0.3137254901960784	0.9725490196078431
G	C5_2	96.089	168.614	213.216	0.5647058823529412	0.5647058823529412	0.5647058823529412
G	C6_2	94.941	167.899	212.775	0.5647058823529412	0.5647058823529412	0.5647058823529412
G	O6_2	94.732	167.386	211.667	1.0	0.050980392156862744	0.050980392156862744
G	N1_2	93.976	167.81	213.777	0.18823529411764706	0.3137254901960784	0.9725490196078431
G	C2_2	94.097	168.341	215.039	0.5647058823529412	0.5647058823529412	0.5647058823529412
G	N2_2	93.052	168.15	215.861	0.18823529411764706	0.3137254901960784	0.9725490196078431
G	N3_2	95.163	169.012	215.462	0.18823529411764706	0.3137254901960784	0.9725490196078431
G	C4_2	96.114	169.109	214.504	0.5647058823529412	0.5647058823529412	0.5647058823529412
