G	P_1	222.467	274.463	180.012	1.0	0.5019607843137255	0.0
G	OP1_1	221.507	273.711	179.154	1.0	0.050980392156862744	0.050980392156862744
G	OP2_1	222.074	274.84	181.395	1.0	0.050980392156862744	0.050980392156862744
G	O5'_1	223.83	273.636	180.09	1.0	0.050980392156862744	0.050980392156862744
G	C5'_1	224.505	273.219	178.888	0.5647058823529412	0.5647058823529412	0.5647058823529412
G	C4'_1	225.892	272.705	179.205	0.5647058823529412	0.5647058823529412	0.5647058823529412
G	O4'_1	226.707	273.775	179.756	1.0	0.050980392156862744	0.050980392156862744
G	C3'_1	225.991	271.61	180.254	0.5647058823529412	0.5647058823529412	0.5647058823529412
G	O3'_1	225.673	270.33	179.71	1.0	0.050980392156862744	0.050980392156862744
G	C2'_1	227.456	271.706	180.67	0.5647058823529412	0.5647058823529412	0.5647058823529412
G	O2'_1	228.335	271.083	179.753	1.0	0.050980392156862744	0.050980392156862744
G	C1'_1	227.687	273.22	180.622	0.5647058823529412	0.5647058823529412	0.5647058823529412
G	N9_1	227.596	273.866	181.929	0.18823529411764706	0.3137254901960784	0.9725490196078431
G	C8_1	226.603	274.706	182.384	0.5647058823529412	0.5647058823529412	0.5647058823529412
G	N7_1	226.8	275.119	183.608	0.18823529411764706	0.3137254901960784	0.9725490196078431
G	C5_1	227.993	274.516	183.987	0.5647058823529412	0.5647058823529412	0.5647058823529412
G	C6_1	228.708	274.583	185.21	0.5647058823529412	0.5647058823529412	0.5647058823529412
G	O6_1	228.422	275.213	186.234	1.0	0.050980392156862744	0.050980392156862744
G	N1_1	229.869	273.814	185.168	0.18823529411764706	0.3137254901960784	0.9725490196078431
G	C2_1	230.289	273.074	184.089	0.5647058823529412	0.5647058823529412	0.5647058823529412
G	N2_1	231.438	272.396	184.243	0.18823529411764706	0.3137254901960784	0.9725490196078431
G	N3_1	229.631	273.004	182.941	0.18823529411764706	0.3137254901960784	0.9725490196078431
G	C4_1	228.5	273.744	182.96	0.5647058823529412	0.5647058823529412	0.5647058823529412
U	P_2	231.873	276.544	195.597	1.0	0.5019607843137255	0.0
U	OP1_2	232.625	277.209	196.701	1.0	0.050980392156862744	0.050980392156862744
U	OP2_2	231.072	277.373	194.653	1.0	0.050980392156862744	0.050980392156862744
U	O5'_2	232.899	275.668	194.746	1.0	0.050980392156862744	0.050980392156862744
U	C5'_2	233.408	276.136	193.481	0.5647058823529412	0.5647058823529412	0.5647058823529412
U	C4'_2	233.228	275.068	192.431	0.5647058823529412	0.5647058823529412	0.5647058823529412
U	O4'_2	231.831	274.68	192.386	1.0	0.050980392156862744	0.050980392156862744
U	C3'_2	233.557	275.465	191.0	0.5647058823529412	0.5647058823529412	0.5647058823529412
U	O3'_2	234.959	275.341	190.73	1.0	0.050980392156862744	0.050980392156862744
U	C2'_2	232.73	274.472	190.191	0.5647058823529412	0.5647058823529412	0.5647058823529412
U	O2'_2	233.344	273.205	190.086	1.0	0.050980392156862744	0.050980392156862744
U	C1'_2	231.474	274.341	191.058	0.5647058823529412	0.5647058823529412	0.5647058823529412
U	N1_2	230.332	275.176	190.645	0.18823529411764706	0.3137254901960784	0.9725490196078431
U	C2_2	229.725	274.892	189.426	0.5647058823529412	0.5647058823529412	0.5647058823529412
U	O2_2	230.115	274.011	188.669	1.0	0.050980392156862744	0.050980392156862744
U	N3_2	228.643	275.683	189.125	0.18823529411764706	0.3137254901960784	0.9725490196078431
U	C4_2	228.124	276.712	189.889	0.5647058823529412	0.5647058823529412	0.5647058823529412
U	O4_2	227.143	277.333	189.479	1.0	0.050980392156862744	0.050980392156862744
U	C5_2	228.813	276.951	191.12	0.5647058823529412	0.5647058823529412	0.5647058823529412
U	C6_2	229.865	276.197	191.445	0.5647058823529412	0.5647058823529412	0.5647058823529412
