G	P_1	272.166	215.014	189.341	1.0	0.5019607843137255	0.0
G	OP1_1	272.843	215.998	190.236	1.0	0.050980392156862744	0.050980392156862744
G	OP2_1	272.972	213.957	188.665	1.0	0.050980392156862744	0.050980392156862744
G	O5'_1	270.991	214.322	190.169	1.0	0.050980392156862744	0.050980392156862744
G	C5'_1	269.964	215.125	190.788	0.5647058823529412	0.5647058823529412	0.5647058823529412
G	C4'_1	269.011	214.257	191.579	0.5647058823529412	0.5647058823529412	0.5647058823529412
G	O4'_1	268.261	213.389	190.676	1.0	0.050980392156862744	0.050980392156862744
G	C3'_1	269.637	213.343	192.633	0.5647058823529412	0.5647058823529412	0.5647058823529412
G	O3'_1	268.795	213.3	193.785	1.0	0.050980392156862744	0.050980392156862744
G	C2'_1	269.647	211.984	191.932	0.5647058823529412	0.5647058823529412	0.5647058823529412
G	O2'_1	269.618	210.901	192.839	1.0	0.050980392156862744	0.050980392156862744
G	C1'_1	268.343	212.057	191.14	0.5647058823529412	0.5647058823529412	0.5647058823529412
G	N9_1	268.199	211.137	190.01	0.18823529411764706	0.3137254901960784	0.9725490196078431
G	C8_1	267.135	210.287	189.797	0.5647058823529412	0.5647058823529412	0.5647058823529412
G	N7_1	267.255	209.569	188.71	0.18823529411764706	0.3137254901960784	0.9725490196078431
G	C5_1	268.47	209.964	188.165	0.5647058823529412	0.5647058823529412	0.5647058823529412
G	C6_1	269.132	209.526	186.981	0.5647058823529412	0.5647058823529412	0.5647058823529412
G	O6_1	268.756	208.681	186.154	1.0	0.050980392156862744	0.050980392156862744
G	N1_1	270.352	210.182	186.801	0.18823529411764706	0.3137254901960784	0.9725490196078431
G	C2_1	270.871	211.137	187.646	0.5647058823529412	0.5647058823529412	0.5647058823529412
G	N2_1	272.068	211.649	187.292	0.18823529411764706	0.3137254901960784	0.9725490196078431
G	N3_1	270.263	211.558	188.756	0.18823529411764706	0.3137254901960784	0.9725490196078431
G	C4_1	269.073	210.932	188.952	0.5647058823529412	0.5647058823529412	0.5647058823529412
U	P_2	264.072	200.582	189.757	1.0	0.5019607843137255	0.0
U	OP1_2	264.827	199.329	189.462	1.0	0.050980392156862744	0.050980392156862744
U	OP2_2	264.528	201.47	190.863	1.0	0.050980392156862744	0.050980392156862744
U	O5'_2	264.005	201.473	188.434	1.0	0.050980392156862744	0.050980392156862744
U	C5'_2	264.211	200.897	187.122	0.5647058823529412	0.5647058823529412	0.5647058823529412
U	C4'_2	265.07	201.815	186.279	0.5647058823529412	0.5647058823529412	0.5647058823529412
U	O4'_2	264.436	203.122	186.212	1.0	0.050980392156862744	0.050980392156862744
U	C3'_2	266.464	202.101	186.826	0.5647058823529412	0.5647058823529412	0.5647058823529412
U	O3'_2	267.389	201.065	186.468	1.0	0.050980392156862744	0.050980392156862744
U	C2'_2	266.798	203.444	186.18	0.5647058823529412	0.5647058823529412	0.5647058823529412
U	O2'_2	267.253	203.332	184.846	1.0	0.050980392156862744	0.050980392156862744
U	C1'_2	265.43	204.135	186.194	0.5647058823529412	0.5647058823529412	0.5647058823529412
U	N1_2	265.229	205.019	187.355	0.18823529411764706	0.3137254901960784	0.9725490196078431
U	C2_2	265.55	206.369	187.208	0.5647058823529412	0.5647058823529412	0.5647058823529412
U	O2_2	265.972	206.848	186.162	1.0	0.050980392156862744	0.050980392156862744
U	N3_2	265.354	207.136	188.334	0.18823529411764706	0.3137254901960784	0.9725490196078431
U	C4_2	264.878	206.71	189.564	0.5647058823529412	0.5647058823529412	0.5647058823529412
U	O4_2	264.779	207.521	190.487	1.0	0.050980392156862744	0.050980392156862744
U	C5_2	264.563	205.311	189.634	0.5647058823529412	0.5647058823529412	0.5647058823529412
U	C6_2	264.746	204.534	188.557	0.5647058823529412	0.5647058823529412	0.5647058823529412
