U	P_1	114.17	185.05	189.017	1.0	0.5019607843137255	0.0
U	OP1_1	113.174	185.468	187.989	1.0	0.050980392156862744	0.050980392156862744
U	OP2_1	115.388	184.308	188.598	1.0	0.050980392156862744	0.050980392156862744
U	O5'_1	114.628	186.342	189.826	1.0	0.050980392156862744	0.050980392156862744
U	C5'_1	113.654	187.217	190.424	0.5647058823529412	0.5647058823529412	0.5647058823529412
U	C4'_1	114.329	188.182	191.377	0.5647058823529412	0.5647058823529412	0.5647058823529412
U	O4'_1	114.937	187.444	192.473	1.0	0.050980392156862744	0.050980392156862744
U	C3'_1	115.484	189.008	190.822	0.5647058823529412	0.5647058823529412	0.5647058823529412
U	O3'_1	115.013	190.133	190.076	1.0	0.050980392156862744	0.050980392156862744
U	C2'_1	116.221	189.42	192.095	0.5647058823529412	0.5647058823529412	0.5647058823529412
U	O2'_1	115.593	190.496	192.763	1.0	0.050980392156862744	0.050980392156862744
U	C1'_1	116.067	188.161	192.953	0.5647058823529412	0.5647058823529412	0.5647058823529412
U	N1_1	117.236	187.263	192.991	0.18823529411764706	0.3137254901960784	0.9725490196078431
U	C2_1	118.202	187.511	193.962	0.5647058823529412	0.5647058823529412	0.5647058823529412
U	O2_1	118.135	188.448	194.741	1.0	0.050980392156862744	0.050980392156862744
U	N3_1	119.247	186.621	193.983	0.18823529411764706	0.3137254901960784	0.9725490196078431
U	C4_1	119.435	185.534	193.15	0.5647058823529412	0.5647058823529412	0.5647058823529412
U	O4_1	120.417	184.805	193.321	1.0	0.050980392156862744	0.050980392156862744
U	C5_1	118.41	185.353	192.161	0.5647058823529412	0.5647058823529412	0.5647058823529412
U	C6_1	117.373	186.204	192.113	0.5647058823529412	0.5647058823529412	0.5647058823529412
G	P_2	127.693	188.896	201.172	1.0	0.5019607843137255	0.0
G	OP1_2	128.042	188.903	202.62	1.0	0.050980392156862744	0.050980392156862744
G	OP2_2	127.434	187.601	200.485	1.0	0.050980392156862744	0.050980392156862744
G	O5'_2	126.418	189.83	200.969	1.0	0.050980392156862744	0.050980392156862744
G	C5'_2	126.431	191.192	201.435	0.5647058823529412	0.5647058823529412	0.5647058823529412
G	C4'_2	125.154	191.899	201.035	0.5647058823529412	0.5647058823529412	0.5647058823529412
G	O4'_2	125.016	191.883	199.586	1.0	0.050980392156862744	0.050980392156862744
G	C3'_2	123.856	191.277	201.526	0.5647058823529412	0.5647058823529412	0.5647058823529412
G	O3'_2	123.566	191.634	202.873	1.0	0.050980392156862744	0.050980392156862744
G	C2'_2	122.837	191.851	200.549	0.5647058823529412	0.5647058823529412	0.5647058823529412
G	O2'_2	122.466	193.183	200.854	1.0	0.050980392156862744	0.050980392156862744
G	C1'_2	123.637	191.831	199.243	0.5647058823529412	0.5647058823529412	0.5647058823529412
G	N9_2	123.395	190.628	198.45	0.18823529411764706	0.3137254901960784	0.9725490196078431
G	C8_2	124.197	189.512	198.352	0.5647058823529412	0.5647058823529412	0.5647058823529412
G	N7_2	123.704	188.595	197.56	0.18823529411764706	0.3137254901960784	0.9725490196078431
G	C5_2	122.504	189.136	197.112	0.5647058823529412	0.5647058823529412	0.5647058823529412
G	C6_2	121.525	188.6	196.234	0.5647058823529412	0.5647058823529412	0.5647058823529412
G	O6_2	121.519	187.497	195.665	1.0	0.050980392156862744	0.050980392156862744
G	N1_2	120.467	189.484	196.049	0.18823529411764706	0.3137254901960784	0.9725490196078431
G	C2_2	120.355	190.717	196.64	0.5647058823529412	0.5647058823529412	0.5647058823529412
G	N2_2	119.249	191.417	196.346	0.18823529411764706	0.3137254901960784	0.9725490196078431
G	N3_2	121.258	191.228	197.462	0.18823529411764706	0.3137254901960784	0.9725490196078431
G	C4_2	122.299	190.39	197.651	0.5647058823529412	0.5647058823529412	0.5647058823529412
