G	P_1	219.253	281.17	216.009	1.0	0.5019607843137255	0.0
G	OP1_1	219.832	282.541	216.095	1.0	0.050980392156862744	0.050980392156862744
G	OP2_1	217.787	280.977	216.2	1.0	0.050980392156862744	0.050980392156862744
G	O5'_1	219.64	280.539	214.596	1.0	0.050980392156862744	0.050980392156862744
G	C5'_1	221.006	280.543	214.135	0.5647058823529412	0.5647058823529412	0.5647058823529412
G	C4'_1	221.14	279.72	212.871	0.5647058823529412	0.5647058823529412	0.5647058823529412
G	O4'_1	220.766	278.34	213.142	1.0	0.050980392156862744	0.050980392156862744
G	C3'_1	220.251	280.107	211.7	0.5647058823529412	0.5647058823529412	0.5647058823529412
G	O3'_1	220.775	281.215	210.969	1.0	0.050980392156862744	0.050980392156862744
G	C2'_1	220.256	278.828	210.871	0.5647058823529412	0.5647058823529412	0.5647058823529412
G	O2'_1	221.433	278.677	210.099	1.0	0.050980392156862744	0.050980392156862744
G	C1'_1	220.22	277.758	211.967	0.5647058823529412	0.5647058823529412	0.5647058823529412
G	N9_1	218.863	277.287	212.248	0.18823529411764706	0.3137254901960784	0.9725490196078431
G	C8_1	218.09	277.548	213.357	0.5647058823529412	0.5647058823529412	0.5647058823529412
G	N7_1	216.899	277.014	213.289	0.18823529411764706	0.3137254901960784	0.9725490196078431
G	C5_1	216.885	276.355	212.066	0.5647058823529412	0.5647058823529412	0.5647058823529412
G	C6_1	215.856	275.609	211.434	0.5647058823529412	0.5647058823529412	0.5647058823529412
G	O6_1	214.713	275.374	211.843	1.0	0.050980392156862744	0.050980392156862744
G	N1_1	216.268	275.114	210.198	0.18823529411764706	0.3137254901960784	0.9725490196078431
G	C2_1	217.512	275.308	209.642	0.5647058823529412	0.5647058823529412	0.5647058823529412
G	N2_1	217.731	274.741	208.446	0.18823529411764706	0.3137254901960784	0.9725490196078431
G	N3_1	218.475	276.006	210.219	0.18823529411764706	0.3137254901960784	0.9725490196078431
G	C4_1	218.095	276.499	211.419	0.5647058823529412	0.5647058823529412	0.5647058823529412
U	P_2	207.756	269.612	207.321	1.0	0.5019607843137255	0.0
U	OP1_2	207.541	268.379	206.508	1.0	0.050980392156862744	0.050980392156862744
U	OP2_2	207.693	269.533	208.802	1.0	0.050980392156862744	0.050980392156862744
U	O5'_2	209.167	270.238	206.92	1.0	0.050980392156862744	0.050980392156862744
U	C5'_2	209.564	270.365	205.536	0.5647058823529412	0.5647058823529412	0.5647058823529412
U	C4'_2	210.994	270.85	205.44	0.5647058823529412	0.5647058823529412	0.5647058823529412
U	O4'_2	211.096	272.184	206.002	1.0	0.050980392156862744	0.050980392156862744
U	C3'_2	212.028	270.039	206.207	0.5647058823529412	0.5647058823529412	0.5647058823529412
U	O3'_2	212.42	268.892	205.454	1.0	0.050980392156862744	0.050980392156862744
U	C2'_2	213.16	271.045	206.398	0.5647058823529412	0.5647058823529412	0.5647058823529412
U	O2'_2	213.982	271.18	205.255	1.0	0.050980392156862744	0.050980392156862744
U	C1'_2	212.378	272.351	206.593	0.5647058823529412	0.5647058823529412	0.5647058823529412
U	N1_2	212.212	272.804	207.986	0.18823529411764706	0.3137254901960784	0.9725490196078431
U	C2_2	213.234	273.557	208.543	0.5647058823529412	0.5647058823529412	0.5647058823529412
U	O2_2	214.251	273.853	207.934	1.0	0.050980392156862744	0.050980392156862744
U	N3_2	213.023	273.957	209.838	0.18823529411764706	0.3137254901960784	0.9725490196078431
U	C4_2	211.92	273.69	210.619	0.5647058823529412	0.5647058823529412	0.5647058823529412
U	O4_2	211.891	274.097	211.779	1.0	0.050980392156862744	0.050980392156862744
U	C5_2	210.905	272.91	209.978	0.5647058823529412	0.5647058823529412	0.5647058823529412
U	C6_2	211.081	272.502	208.717	0.5647058823529412	0.5647058823529412	0.5647058823529412
