U	P_1	222.174	282.285	151.007	1.0	0.5019607843137255	0.0
U	OP1_1	223.001	281.52	150.031	1.0	0.050980392156862744	0.050980392156862744
U	OP2_1	220.897	282.907	150.559	1.0	0.050980392156862744	0.050980392156862744
U	O5'_1	221.865	281.333	152.249	1.0	0.050980392156862744	0.050980392156862744
U	C5'_1	222.935	280.651	152.937	0.5647058823529412	0.5647058823529412	0.5647058823529412
U	C4'_1	222.459	280.125	154.278	0.5647058823529412	0.5647058823529412	0.5647058823529412
U	O4'_1	221.954	281.226	155.082	1.0	0.050980392156862744	0.050980392156862744
U	C3'_1	221.305	279.131	154.273	0.5647058823529412	0.5647058823529412	0.5647058823529412
U	O3'_1	221.752	277.808	153.969	1.0	0.050980392156862744	0.050980392156862744
U	C2'_1	220.782	279.25	155.7	0.5647058823529412	0.5647058823529412	0.5647058823529412
U	O2'_1	221.581	278.559	156.637	1.0	0.050980392156862744	0.050980392156862744
U	C1'_1	220.931	280.752	155.948	0.5647058823529412	0.5647058823529412	0.5647058823529412
U	N1_1	219.694	281.511	155.701	0.18823529411764706	0.3137254901960784	0.9725490196078431
U	C2_1	218.816	281.668	156.765	0.5647058823529412	0.5647058823529412	0.5647058823529412
U	O2_1	219.03	281.212	157.881	1.0	0.050980392156862744	0.050980392156862744
U	N3_1	217.675	282.379	156.474	0.18823529411764706	0.3137254901960784	0.9725490196078431
U	C4_1	217.326	282.936	155.257	0.5647058823529412	0.5647058823529412	0.5647058823529412
U	O4_1	216.253	283.532	155.153	1.0	0.050980392156862744	0.050980392156862744
U	C5_1	218.284	282.736	154.209	0.5647058823529412	0.5647058823529412	0.5647058823529412
U	C6_1	219.405	282.048	154.459	0.5647058823529412	0.5647058823529412	0.5647058823529412
G	P_2	210.538	280.018	168.086	1.0	0.5019607843137255	0.0
G	OP1_2	211.326	280.178	169.339	1.0	0.050980392156862744	0.050980392156862744
G	OP2_2	209.212	280.683	167.962	1.0	0.050980392156862744	0.050980392156862744
G	O5'_2	211.447	280.475	166.857	1.0	0.050980392156862744	0.050980392156862744
G	C5'_2	212.839	280.824	167.034	0.5647058823529412	0.5647058823529412	0.5647058823529412
G	C4'_2	213.735	279.782	166.392	0.5647058823529412	0.5647058823529412	0.5647058823529412
G	O4'_2	213.361	279.567	165.004	1.0	0.050980392156862744	0.050980392156862744
G	C3'_2	215.207	280.15	166.305	0.5647058823529412	0.5647058823529412	0.5647058823529412
G	O3'_2	215.87	279.931	167.548	1.0	0.050980392156862744	0.050980392156862744
G	C2'_2	215.713	279.219	165.208	0.5647058823529412	0.5647058823529412	0.5647058823529412
G	O2'_2	215.949	277.904	165.666	1.0	0.050980392156862744	0.050980392156862744
G	C1'_2	214.513	279.193	164.257	0.5647058823529412	0.5647058823529412	0.5647058823529412
G	N9_2	214.63	280.067	163.09	0.18823529411764706	0.3137254901960784	0.9725490196078431
G	C8_2	213.739	281.036	162.69	0.5647058823529412	0.5647058823529412	0.5647058823529412
G	N7_2	214.087	281.629	161.579	0.18823529411764706	0.3137254901960784	0.9725490196078431
G	C5_2	215.282	281.022	161.224	0.5647058823529412	0.5647058823529412	0.5647058823529412
G	C6_2	216.12	281.245	160.11	0.5647058823529412	0.5647058823529412	0.5647058823529412
G	O6_2	215.959	282.043	159.178	1.0	0.050980392156862744	0.050980392156862744
G	N1_2	217.241	280.42	160.139	0.18823529411764706	0.3137254901960784	0.9725490196078431
G	C2_2	217.517	279.494	161.115	0.5647058823529412	0.5647058823529412	0.5647058823529412
G	N2_2	218.653	278.797	160.968	0.18823529411764706	0.3137254901960784	0.9725490196078431
G	N3_2	216.735	279.27	162.16	0.18823529411764706	0.3137254901960784	0.9725490196078431
G	C4_2	215.642	280.064	162.151	0.5647058823529412	0.5647058823529412	0.5647058823529412
