G	P_1	189.921	235.049	211.933	1.0	0.5019607843137255	0.0
G	OP1_1	191.379	235.184	211.642	1.0	0.050980392156862744	0.050980392156862744
G	OP2_1	189.343	233.699	212.169	1.0	0.050980392156862744	0.050980392156862744
G	O5'_1	189.579	235.964	213.195	1.0	0.050980392156862744	0.050980392156862744
G	C5'_1	190.009	237.342	213.253	0.5647058823529412	0.5647058823529412	0.5647058823529412
G	C4'_1	189.473	238.012	214.501	0.5647058823529412	0.5647058823529412	0.5647058823529412
G	O4'_1	188.02	238.058	214.45	1.0	0.050980392156862744	0.050980392156862744
G	C3'_1	189.775	237.331	215.83	0.5647058823529412	0.5647058823529412	0.5647058823529412
G	O3'_1	191.084	237.655	216.305	1.0	0.050980392156862744	0.050980392156862744
G	C2'_1	188.683	237.894	216.733	0.5647058823529412	0.5647058823529412	0.5647058823529412
G	O2'_1	188.98	239.197	217.194	1.0	0.050980392156862744	0.050980392156862744
G	C1'_1	187.495	237.955	215.767	0.5647058823529412	0.5647058823529412	0.5647058823529412
G	N9_1	186.609	236.792	215.831	0.18823529411764706	0.3137254901960784	0.9725490196078431
G	C8_1	186.482	235.781	214.902	0.5647058823529412	0.5647058823529412	0.5647058823529412
G	N7_1	185.591	234.882	215.236	0.18823529411764706	0.3137254901960784	0.9725490196078431
G	C5_1	185.096	235.322	216.46	0.5647058823529412	0.5647058823529412	0.5647058823529412
G	C6_1	184.103	234.755	217.316	0.5647058823529412	0.5647058823529412	0.5647058823529412
G	O6_1	183.442	233.717	217.15	1.0	0.050980392156862744	0.050980392156862744
G	N1_1	183.913	235.527	218.464	0.18823529411764706	0.3137254901960784	0.9725490196078431
G	C2_1	184.585	236.693	218.754	0.5647058823529412	0.5647058823529412	0.5647058823529412
G	N2_1	184.256	237.301	219.913	0.18823529411764706	0.3137254901960784	0.9725490196078431
G	N3_1	185.512	237.231	217.967	0.18823529411764706	0.3137254901960784	0.9725490196078431
G	C4_1	185.716	236.498	216.845	0.5647058823529412	0.5647058823529412	0.5647058823529412
U	P_2	176.48	231.189	223.49	1.0	0.5019607843137255	0.0
U	OP1_2	175.436	231.617	224.473	1.0	0.050980392156862744	0.050980392156862744
U	OP2_2	176.08	230.843	222.102	1.0	0.050980392156862744	0.050980392156862744
U	O5'_2	177.594	232.328	223.429	1.0	0.050980392156862744	0.050980392156862744
U	C5'_2	178.112	232.939	224.635	0.5647058823529412	0.5647058823529412	0.5647058823529412
U	C4'_2	179.174	233.955	224.284	0.5647058823529412	0.5647058823529412	0.5647058823529412
U	O4'_2	180.319	233.27	223.702	1.0	0.050980392156862744	0.050980392156862744
U	C3'_2	178.754	234.975	223.23	0.5647058823529412	0.5647058823529412	0.5647058823529412
U	O3'_2	178.042	236.068	223.824	1.0	0.050980392156862744	0.050980392156862744
U	C2'_2	180.088	235.379	222.607	0.5647058823529412	0.5647058823529412	0.5647058823529412
U	O2'_2	180.795	236.326	223.384	1.0	0.050980392156862744	0.050980392156862744
U	C1'_2	180.852	234.049	222.636	0.5647058823529412	0.5647058823529412	0.5647058823529412
U	N1_2	180.767	233.259	221.394	0.18823529411764706	0.3137254901960784	0.9725490196078431
U	C2_2	181.731	233.478	220.41	0.5647058823529412	0.5647058823529412	0.5647058823529412
U	O2_2	182.625	234.303	220.526	1.0	0.050980392156862744	0.050980392156862744
U	N3_2	181.6	232.689	219.289	0.18823529411764706	0.3137254901960784	0.9725490196078431
U	C4_2	180.626	231.724	219.049	0.5647058823529412	0.5647058823529412	0.5647058823529412
U	O4_2	180.641	231.097	217.985	1.0	0.050980392156862744	0.050980392156862744
U	C5_2	179.667	231.562	220.102	0.5647058823529412	0.5647058823529412	0.5647058823529412
U	C6_2	179.765	232.316	221.21	0.5647058823529412	0.5647058823529412	0.5647058823529412
