G	P_1	179.488	166.687	110.332	1.0	0.5019607843137255	0.0
G	OP1_1	178.229	166.044	109.861	1.0	0.050980392156862744	0.050980392156862744
G	OP2_1	180.714	166.612	109.485	1.0	0.050980392156862744	0.050980392156862744
G	O5'_1	179.178	168.228	110.607	1.0	0.050980392156862744	0.050980392156862744
G	C5'_1	178.166	168.63	111.558	0.5647058823529412	0.5647058823529412	0.5647058823529412
G	C4'_1	178.289	170.106	111.857	0.5647058823529412	0.5647058823529412	0.5647058823529412
G	O4'_1	179.608	170.374	112.407	1.0	0.050980392156862744	0.050980392156862744
G	C3'_1	178.189	171.029	110.649	0.5647058823529412	0.5647058823529412	0.5647058823529412
G	O3'_1	176.823	171.311	110.331	1.0	0.050980392156862744	0.050980392156862744
G	C2'_1	178.943	172.268	111.122	0.5647058823529412	0.5647058823529412	0.5647058823529412
G	O2'_1	178.167	173.1	111.963	1.0	0.050980392156862744	0.050980392156862744
G	C1'_1	180.066	171.64	111.956	0.5647058823529412	0.5647058823529412	0.5647058823529412
G	N9_1	181.329	171.455	111.242	0.18823529411764706	0.3137254901960784	0.9725490196078431
G	C8_1	181.919	170.266	110.871	0.5647058823529412	0.5647058823529412	0.5647058823529412
G	N7_1	183.061	170.428	110.258	0.18823529411764706	0.3137254901960784	0.9725490196078431
G	C5_1	183.237	171.805	110.218	0.5647058823529412	0.5647058823529412	0.5647058823529412
G	C6_1	184.295	172.58	109.677	0.5647058823529412	0.5647058823529412	0.5647058823529412
G	O6_1	185.324	172.188	109.111	1.0	0.050980392156862744	0.050980392156862744
G	N1_1	184.068	173.944	109.849	0.18823529411764706	0.3137254901960784	0.9725490196078431
G	C2_1	182.966	174.491	110.462	0.5647058823529412	0.5647058823529412	0.5647058823529412
G	N2_1	182.926	175.83	110.532	0.18823529411764706	0.3137254901960784	0.9725490196078431
G	N3_1	181.975	173.78	110.97	0.18823529411764706	0.3137254901960784	0.9725490196078431
G	C4_1	182.175	172.454	110.816	0.5647058823529412	0.5647058823529412	0.5647058823529412
U	P_2	192.374	178.155	106.031	1.0	0.5019607843137255	0.0
U	OP1_2	193.358	179.252	106.266	1.0	0.050980392156862744	0.050980392156862744
U	OP2_2	192.757	176.748	106.339	1.0	0.050980392156862744	0.050980392156862744
U	O5'_2	191.043	178.498	106.846	1.0	0.050980392156862744	0.050980392156862744
U	C5'_2	190.393	179.782	106.716	0.5647058823529412	0.5647058823529412	0.5647058823529412
U	C4'_2	189.007	179.735	107.319	0.5647058823529412	0.5647058823529412	0.5647058823529412
U	O4'_2	188.261	178.661	106.688	1.0	0.050980392156862744	0.050980392156862744
U	C3'_2	188.919	179.429	108.809	0.5647058823529412	0.5647058823529412	0.5647058823529412
U	O3'_2	189.093	180.612	109.593	1.0	0.050980392156862744	0.050980392156862744
U	C2'_2	187.514	178.848	108.945	0.5647058823529412	0.5647058823529412	0.5647058823529412
U	O2'_2	186.5	179.832	108.996	1.0	0.050980392156862744	0.050980392156862744
U	C1'_2	187.379	178.073	107.632	0.5647058823529412	0.5647058823529412	0.5647058823529412
U	N1_2	187.669	176.631	107.725	0.18823529411764706	0.3137254901960784	0.9725490196078431
U	C2_2	186.626	175.79	108.089	0.5647058823529412	0.5647058823529412	0.5647058823529412
U	O2_2	185.503	176.195	108.348	1.0	0.050980392156862744	0.050980392156862744
U	N3_2	186.948	174.458	108.137	0.18823529411764706	0.3137254901960784	0.9725490196078431
U	C4_2	188.177	173.887	107.867	0.5647058823529412	0.5647058823529412	0.5647058823529412
U	O4_2	188.3	172.664	107.932	1.0	0.050980392156862744	0.050980392156862744
U	C5_2	189.204	174.817	107.507	0.5647058823529412	0.5647058823529412	0.5647058823529412
U	C6_2	188.924	176.124	107.453	0.5647058823529412	0.5647058823529412	0.5647058823529412
