U	P_1	285.186	206.374	203.413	1.0	0.5019607843137255	0.0
U	OP1_1	286.411	206.861	202.712	1.0	0.050980392156862744	0.050980392156862744
U	OP2_1	283.913	207.125	203.267	1.0	0.050980392156862744	0.050980392156862744
U	O5'_1	284.929	204.859	202.981	1.0	0.050980392156862744	0.050980392156862744
U	C5'_1	286.005	203.893	202.98	0.5647058823529412	0.5647058823529412	0.5647058823529412
U	C4'_1	285.462	202.493	202.749	0.5647058823529412	0.5647058823529412	0.5647058823529412
U	O4'_1	284.583	202.119	203.848	1.0	0.050980392156862744	0.050980392156862744
U	C3'_1	284.614	202.288	201.499	0.5647058823529412	0.5647058823529412	0.5647058823529412
U	O3'_1	285.434	202.067	200.344	1.0	0.050980392156862744	0.050980392156862744
U	C2'_1	283.783	201.062	201.868	0.5647058823529412	0.5647058823529412	0.5647058823529412
U	O2'_1	284.506	199.856	201.725	1.0	0.050980392156862744	0.050980392156862744
U	C1'_1	283.523	201.308	203.358	0.5647058823529412	0.5647058823529412	0.5647058823529412
U	N1_1	282.242	201.972	203.661	0.18823529411764706	0.3137254901960784	0.9725490196078431
U	C2_1	281.115	201.171	203.835	0.5647058823529412	0.5647058823529412	0.5647058823529412
U	O2_1	281.141	199.954	203.748	1.0	0.050980392156862744	0.050980392156862744
U	N3_1	279.957	201.857	204.119	0.18823529411764706	0.3137254901960784	0.9725490196078431
U	C4_1	279.807	203.227	204.247	0.5647058823529412	0.5647058823529412	0.5647058823529412
U	O4_1	278.693	203.694	204.5	1.0	0.050980392156862744	0.050980392156862744
U	C5_1	281.011	203.982	204.059	0.5647058823529412	0.5647058823529412	0.5647058823529412
U	C6_1	282.155	203.348	203.777	0.5647058823529412	0.5647058823529412	0.5647058823529412
G	P_2	271.115	195.386	205.297	1.0	0.5019607843137255	0.0
G	OP1_2	270.445	194.317	206.102	1.0	0.050980392156862744	0.050980392156862744
G	OP2_2	271.429	196.696	205.934	1.0	0.050980392156862744	0.050980392156862744
G	O5'_2	272.464	194.779	204.703	1.0	0.050980392156862744	0.050980392156862744
G	C5'_2	272.458	193.509	204.022	0.5647058823529412	0.5647058823529412	0.5647058823529412
G	C4'_2	273.809	193.24	203.412	0.5647058823529412	0.5647058823529412	0.5647058823529412
G	O4'_2	274.115	194.297	202.462	1.0	0.050980392156862744	0.050980392156862744
G	C3'_2	274.985	193.259	204.379	0.5647058823529412	0.5647058823529412	0.5647058823529412
G	O3'_2	275.14	192.016	205.064	1.0	0.050980392156862744	0.050980392156862744
G	C2'_2	276.153	193.572	203.453	0.5647058823529412	0.5647058823529412	0.5647058823529412
G	O2'_2	276.603	192.446	202.727	1.0	0.050980392156862744	0.050980392156862744
G	C1'_2	275.507	194.573	202.491	0.5647058823529412	0.5647058823529412	0.5647058823529412
G	N9_2	275.7	195.966	202.892	0.18823529411764706	0.3137254901960784	0.9725490196078431
G	C8_2	274.741	196.858	203.325	0.5647058823529412	0.5647058823529412	0.5647058823529412
G	N7_2	275.226	198.043	203.598	0.18823529411764706	0.3137254901960784	0.9725490196078431
G	C5_2	276.586	197.929	203.332	0.5647058823529412	0.5647058823529412	0.5647058823529412
G	C6_2	277.63	198.888	203.445	0.5647058823529412	0.5647058823529412	0.5647058823529412
G	O6_2	277.552	200.074	203.805	1.0	0.050980392156862744	0.050980392156862744
G	N1_2	278.868	198.346	203.086	0.18823529411764706	0.3137254901960784	0.9725490196078431
G	C2_2	279.075	197.049	202.67	0.5647058823529412	0.5647058823529412	0.5647058823529412
G	N2_2	280.343	196.712	202.37	0.18823529411764706	0.3137254901960784	0.9725490196078431
G	N3_2	278.107	196.148	202.557	0.18823529411764706	0.3137254901960784	0.9725490196078431
G	C4_2	276.897	196.653	202.901	0.5647058823529412	0.5647058823529412	0.5647058823529412
