G	P_1	178.388	191.86	199.7	1.0	0.5019607843137255	0.0
G	OP1_1	179.355	192.491	198.758	1.0	0.050980392156862744	0.050980392156862744
G	OP2_1	177.19	192.626	200.147	1.0	0.050980392156862744	0.050980392156862744
G	O5'_1	177.907	190.473	199.083	1.0	0.050980392156862744	0.050980392156862744
G	C5'_1	176.68	190.363	198.343	0.5647058823529412	0.5647058823529412	0.5647058823529412
G	C4'_1	176.256	188.914	198.271	0.5647058823529412	0.5647058823529412	0.5647058823529412
G	O4'_1	175.755	188.476	199.567	1.0	0.050980392156862744	0.050980392156862744
G	C3'_1	175.11	188.628	197.318	0.5647058823529412	0.5647058823529412	0.5647058823529412
G	O3'_1	175.614	188.501	195.989	1.0	0.050980392156862744	0.050980392156862744
G	C2'_1	174.545	187.322	197.872	0.5647058823529412	0.5647058823529412	0.5647058823529412
G	O2'_1	175.318	186.194	197.506	1.0	0.050980392156862744	0.050980392156862744
G	C1'_1	174.694	187.548	199.382	0.5647058823529412	0.5647058823529412	0.5647058823529412
G	N9_1	173.503	188.057	200.069	0.18823529411764706	0.3137254901960784	0.9725490196078431
G	C8_1	173.452	189.115	200.953	0.5647058823529412	0.5647058823529412	0.5647058823529412
G	N7_1	172.257	189.321	201.444	0.18823529411764706	0.3137254901960784	0.9725490196078431
G	C5_1	171.462	188.349	200.845	0.5647058823529412	0.5647058823529412	0.5647058823529412
G	C6_1	170.068	188.076	200.992	0.5647058823529412	0.5647058823529412	0.5647058823529412
G	O6_1	169.237	188.657	201.707	1.0	0.050980392156862744	0.050980392156862744
G	N1_1	169.672	187.002	200.196	0.18823529411764706	0.3137254901960784	0.9725490196078431
G	C2_1	170.502	186.282	199.367	0.5647058823529412	0.5647058823529412	0.5647058823529412
G	N2_1	169.928	185.279	198.684	0.18823529411764706	0.3137254901960784	0.9725490196078431
G	N3_1	171.798	186.525	199.22	0.18823529411764706	0.3137254901960784	0.9725490196078431
G	C4_1	172.21	187.564	199.984	0.5647058823529412	0.5647058823529412	0.5647058823529412
U	P_2	160.086	187.982	204.515	1.0	0.5019607843137255	0.0
U	OP1_2	158.925	187.223	205.059	1.0	0.050980392156862744	0.050980392156862744
U	OP2_2	160.803	188.955	205.39	1.0	0.050980392156862744	0.050980392156862744
U	O5'_2	161.16	186.939	203.961	1.0	0.050980392156862744	0.050980392156862744
U	C5'_2	160.809	185.985	202.934	0.5647058823529412	0.5647058823529412	0.5647058823529412
U	C4'_2	162.046	185.542	202.185	0.5647058823529412	0.5647058823529412	0.5647058823529412
U	O4'_2	162.628	186.681	201.496	1.0	0.050980392156862744	0.050980392156862744
U	C3'_2	163.185	184.992	203.035	0.5647058823529412	0.5647058823529412	0.5647058823529412
U	O3'_2	162.97	183.616	203.379	1.0	0.050980392156862744	0.050980392156862744
U	C2'_2	164.388	185.203	202.121	0.5647058823529412	0.5647058823529412	0.5647058823529412
U	O2'_2	164.486	184.23	201.099	1.0	0.050980392156862744	0.050980392156862744
U	C1'_2	164.043	186.551	201.477	0.5647058823529412	0.5647058823529412	0.5647058823529412
U	N1_2	164.636	187.698	202.189	0.18823529411764706	0.3137254901960784	0.9725490196078431
U	C2_2	165.946	188.053	201.873	0.5647058823529412	0.5647058823529412	0.5647058823529412
U	O2_2	166.6	187.49	201.006	1.0	0.050980392156862744	0.050980392156862744
U	N3_2	166.453	189.093	202.61	0.18823529411764706	0.3137254901960784	0.9725490196078431
U	C4_2	165.804	189.81	203.6	0.5647058823529412	0.5647058823529412	0.5647058823529412
U	O4_2	166.425	190.67	204.227	1.0	0.050980392156862744	0.050980392156862744
U	C5_2	164.451	189.41	203.843	0.5647058823529412	0.5647058823529412	0.5647058823529412
U	C6_2	163.926	188.393	203.15	0.5647058823529412	0.5647058823529412	0.5647058823529412
