U	P_1	231.523	227.891	253.271	1.0	0.5019607843137255	0.0
U	OP1_1	230.465	226.857	253.075	1.0	0.050980392156862744	0.050980392156862744
U	OP2_1	231.198	229.327	253.057	1.0	0.050980392156862744	0.050980392156862744
U	O5'_1	232.118	227.733	254.741	1.0	0.050980392156862744	0.050980392156862744
U	C5'_1	232.446	226.431	255.266	0.5647058823529412	0.5647058823529412	0.5647058823529412
U	C4'_1	233.087	226.557	256.629	0.5647058823529412	0.5647058823529412	0.5647058823529412
U	O4'_1	234.393	227.175	256.506	1.0	0.050980392156862744	0.050980392156862744
U	C3'_1	232.357	227.417	257.65	0.5647058823529412	0.5647058823529412	0.5647058823529412
U	O3'_1	231.273	226.698	258.256	1.0	0.050980392156862744	0.050980392156862744
U	C2'_1	233.478	227.754	258.631	0.5647058823529412	0.5647058823529412	0.5647058823529412
U	O2'_1	233.751	226.702	259.537	1.0	0.050980392156862744	0.050980392156862744
U	C1'_1	234.675	227.915	257.684	0.5647058823529412	0.5647058823529412	0.5647058823529412
U	N1_1	234.988	229.306	257.315	0.18823529411764706	0.3137254901960784	0.9725490196078431
U	C2_1	235.949	229.97	258.065	0.5647058823529412	0.5647058823529412	0.5647058823529412
U	O2_1	236.537	229.453	259.003	1.0	0.050980392156862744	0.050980392156862744
U	N3_1	236.195	231.262	257.674	0.18823529411764706	0.3137254901960784	0.9725490196078431
U	C4_1	235.596	231.947	256.636	0.5647058823529412	0.5647058823529412	0.5647058823529412
U	O4_1	235.909	233.121	256.428	1.0	0.050980392156862744	0.050980392156862744
U	C5_1	234.619	231.198	255.908	0.5647058823529412	0.5647058823529412	0.5647058823529412
U	C6_1	234.353	229.934	256.263	0.5647058823529412	0.5647058823529412	0.5647058823529412
G	P_2	241.933	238.693	263.963	1.0	0.5019607843137255	0.0
G	OP1_2	242.827	239.533	264.805	1.0	0.050980392156862744	0.050980392156862744
G	OP2_2	241.537	239.175	262.61	1.0	0.050980392156862744	0.050980392156862744
G	O5'_2	242.595	237.247	263.798	1.0	0.050980392156862744	0.050980392156862744
G	C5'_2	243.333	236.635	264.884	0.5647058823529412	0.5647058823529412	0.5647058823529412
G	C4'_2	243.061	235.144	264.944	0.5647058823529412	0.5647058823529412	0.5647058823529412
G	O4'_2	241.624	234.925	264.866	1.0	0.050980392156862744	0.050980392156862744
G	C3'_2	243.612	234.265	263.825	0.5647058823529412	0.5647058823529412	0.5647058823529412
G	O3'_2	244.987	233.922	264.022	1.0	0.050980392156862744	0.050980392156862744
G	C2'_2	242.717	233.035	263.93	0.5647058823529412	0.5647058823529412	0.5647058823529412
G	O2'_2	243.07	232.178	264.997	1.0	0.050980392156862744	0.050980392156862744
G	C1'_2	241.364	233.676	264.241	0.5647058823529412	0.5647058823529412	0.5647058823529412
G	N9_2	240.584	233.9	263.027	0.18823529411764706	0.3137254901960784	0.9725490196078431
G	C8_2	240.518	235.045	262.267	0.5647058823529412	0.5647058823529412	0.5647058823529412
G	N7_2	239.758	234.918	261.214	0.18823529411764706	0.3137254901960784	0.9725490196078431
G	C5_2	239.287	233.614	261.286	0.5647058823529412	0.5647058823529412	0.5647058823529412
G	C6_2	238.433	232.9	260.414	0.5647058823529412	0.5647058823529412	0.5647058823529412
G	O6_2	237.902	233.293	259.368	1.0	0.050980392156862744	0.050980392156862744
G	N1_2	238.219	231.597	260.859	0.18823529411764706	0.3137254901960784	0.9725490196078431
G	C2_2	238.762	231.051	261.997	0.5647058823529412	0.5647058823529412	0.5647058823529412
G	N2_2	238.443	229.773	262.257	0.18823529411764706	0.3137254901960784	0.9725490196078431
G	N3_2	239.561	231.709	262.82	0.18823529411764706	0.3137254901960784	0.9725490196078431
G	C4_2	239.781	232.976	262.404	0.5647058823529412	0.5647058823529412	0.5647058823529412
