G	P_1	176.236	195.818	242.125	1.0	0.5019607843137255	0.0
G	OP1_1	175.598	194.474	242.042	1.0	0.050980392156862744	0.050980392156862744
G	OP2_1	177.156	196.26	241.044	1.0	0.050980392156862744	0.050980392156862744
G	O5'_1	175.085	196.912	242.285	1.0	0.050980392156862744	0.050980392156862744
G	C5'_1	174.013	196.74	243.239	0.5647058823529412	0.5647058823529412	0.5647058823529412
G	C4'_1	173.219	198.025	243.378	0.5647058823529412	0.5647058823529412	0.5647058823529412
G	O4'_1	174.082	199.072	243.904	1.0	0.050980392156862744	0.050980392156862744
G	C3'_1	172.649	198.609	242.091	0.5647058823529412	0.5647058823529412	0.5647058823529412
G	O3'_1	171.397	197.999	241.76	1.0	0.050980392156862744	0.050980392156862744
G	C2'_1	172.497	200.087	242.439	0.5647058823529412	0.5647058823529412	0.5647058823529412
G	O2'_1	171.327	200.353	243.187	1.0	0.050980392156862744	0.050980392156862744
G	C1'_1	173.725	200.321	243.329	0.5647058823529412	0.5647058823529412	0.5647058823529412
G	N9_1	174.897	200.859	242.638	0.18823529411764706	0.3137254901960784	0.9725490196078431
G	C8_1	176.028	200.164	242.259	0.5647058823529412	0.5647058823529412	0.5647058823529412
G	N7_1	176.919	200.915	241.663	0.18823529411764706	0.3137254901960784	0.9725490196078431
G	C5_1	176.348	202.183	241.646	0.5647058823529412	0.5647058823529412	0.5647058823529412
G	C6_1	176.849	203.409	241.13	0.5647058823529412	0.5647058823529412	0.5647058823529412
G	O6_1	177.933	203.623	240.57	1.0	0.050980392156862744	0.050980392156862744
G	N1_1	175.946	204.452	241.322	0.18823529411764706	0.3137254901960784	0.9725490196078431
G	C2_1	174.717	204.333	241.931	0.5647058823529412	0.5647058823529412	0.5647058823529412
G	N2_1	173.989	205.46	242.027	0.18823529411764706	0.3137254901960784	0.9725490196078431
G	N3_1	174.235	203.195	242.415	0.18823529411764706	0.3137254901960784	0.9725490196078431
G	C4_1	175.097	202.168	242.241	0.5647058823529412	0.5647058823529412	0.5647058823529412
U	P_2	181.845	211.375	236.354	1.0	0.5019607843137255	0.0
U	OP1_2	182.084	212.854	236.388	1.0	0.050980392156862744	0.050980392156862744
U	OP2_2	182.934	210.447	236.778	1.0	0.050980392156862744	0.050980392156862744
U	O5'_2	180.555	211.073	237.241	1.0	0.050980392156862744	0.050980392156862744
U	C5'_2	179.312	211.749	236.983	0.5647058823529412	0.5647058823529412	0.5647058823529412
U	C4'_2	178.173	211.027	237.662	0.5647058823529412	0.5647058823529412	0.5647058823529412
U	O4'_2	178.083	209.671	237.142	1.0	0.050980392156862744	0.050980392156862744
U	C3'_2	178.302	210.837	239.165	0.5647058823529412	0.5647058823529412	0.5647058823529412
U	O3'_2	177.873	211.991	239.878	1.0	0.050980392156862744	0.050980392156862744
U	C2'_2	177.39	209.643	239.421	0.5647058823529412	0.5647058823529412	0.5647058823529412
U	O2'_2	176.019	209.99	239.45	1.0	0.050980392156862744	0.050980392156862744
U	C1'_2	177.653	208.793	238.175	0.5647058823529412	0.5647058823529412	0.5647058823529412
U	N1_2	178.673	207.749	238.364	0.18823529411764706	0.3137254901960784	0.9725490196078431
U	C2_2	178.26	206.529	238.878	0.5647058823529412	0.5647058823529412	0.5647058823529412
U	O2_2	177.106	206.3	239.209	1.0	0.050980392156862744	0.050980392156862744
U	N3_2	179.252	205.588	238.992	0.18823529411764706	0.3137254901960784	0.9725490196078431
U	C4_2	180.586	205.739	238.659	0.5647058823529412	0.5647058823529412	0.5647058823529412
U	O4_2	181.349	204.778	238.773	1.0	0.050980392156862744	0.050980392156862744
U	C5_2	180.937	207.034	238.16	0.5647058823529412	0.5647058823529412	0.5647058823529412
U	C6_2	179.995	207.97	238.032	0.5647058823529412	0.5647058823529412	0.5647058823529412
