G	P_1	202.389	129.431	223.838	1.0	0.5019607843137255	0.0
G	OP1_1	201.781	130.793	223.775	1.0	0.050980392156862744	0.050980392156862744
G	OP2_1	201.618	128.258	223.353	1.0	0.050980392156862744	0.050980392156862744
G	O5'_1	203.771	129.464	223.047	1.0	0.050980392156862744	0.050980392156862744
G	C5'_1	204.753	130.482	223.317	0.5647058823529412	0.5647058823529412	0.5647058823529412
G	C4'_1	206.043	130.16	222.601	0.5647058823529412	0.5647058823529412	0.5647058823529412
G	O4'_1	206.635	128.952	223.152	1.0	0.050980392156862744	0.050980392156862744
G	C3'_1	205.903	129.872	221.118	0.5647058823529412	0.5647058823529412	0.5647058823529412
G	O3'_1	205.837	131.091	220.389	1.0	0.050980392156862744	0.050980392156862744
G	C2'_1	207.152	129.05	220.829	0.5647058823529412	0.5647058823529412	0.5647058823529412
G	O2'_1	208.307	129.85	220.678	1.0	0.050980392156862744	0.050980392156862744
G	C1'_1	207.275	128.221	222.117	0.5647058823529412	0.5647058823529412	0.5647058823529412
G	N9_1	206.656	126.897	222.037	0.18823529411764706	0.3137254901960784	0.9725490196078431
G	C8_1	205.408	126.531	222.493	0.5647058823529412	0.5647058823529412	0.5647058823529412
G	N7_1	205.108	125.285	222.234	0.18823529411764706	0.3137254901960784	0.9725490196078431
G	C5_1	206.229	124.79	221.579	0.5647058823529412	0.5647058823529412	0.5647058823529412
G	C6_1	206.485	123.499	221.042	0.5647058823529412	0.5647058823529412	0.5647058823529412
G	O6_1	205.741	122.509	221.027	1.0	0.050980392156862744	0.050980392156862744
G	N1_1	207.755	123.426	220.472	0.18823529411764706	0.3137254901960784	0.9725490196078431
G	C2_1	208.66	124.462	220.418	0.5647058823529412	0.5647058823529412	0.5647058823529412
G	N2_1	209.843	124.192	219.838	0.18823529411764706	0.3137254901960784	0.9725490196078431
G	N3_1	208.427	125.674	220.902	0.18823529411764706	0.3137254901960784	0.9725490196078431
G	C4_1	207.202	125.767	221.463	0.5647058823529412	0.5647058823529412	0.5647058823529412
U	P_2	208.534	113.747	217.566	1.0	0.5019607843137255	0.0
U	OP1_2	209.575	112.692	217.767	1.0	0.050980392156862744	0.050980392156862744
U	OP2_2	207.34	113.77	218.455	1.0	0.050980392156862744	0.050980392156862744
U	O5'_2	209.254	115.169	217.665	1.0	0.050980392156862744	0.050980392156862744
U	C5'_2	210.404	115.483	216.848	0.5647058823529412	0.5647058823529412	0.5647058823529412
U	C4'_2	210.828	116.917	217.071	0.5647058823529412	0.5647058823529412	0.5647058823529412
U	O4'_2	209.737	117.797	216.693	1.0	0.050980392156862744	0.050980392156862744
U	C3'_2	211.145	117.291	218.512	0.5647058823529412	0.5647058823529412	0.5647058823529412
U	O3'_2	212.499	116.97	218.84	1.0	0.050980392156862744	0.050980392156862744
U	C2'_2	210.896	118.794	218.521	0.5647058823529412	0.5647058823529412	0.5647058823529412
U	O2'_2	211.978	119.524	217.982	1.0	0.050980392156862744	0.050980392156862744
U	C1'_2	209.698	118.91	217.572	0.5647058823529412	0.5647058823529412	0.5647058823529412
U	N1_2	208.379	118.95	218.227	0.18823529411764706	0.3137254901960784	0.9725490196078431
U	C2_2	207.911	120.181	218.664	0.5647058823529412	0.5647058823529412	0.5647058823529412
U	O2_2	208.558	121.211	218.569	1.0	0.050980392156862744	0.050980392156862744
U	N3_2	206.656	120.156	219.221	0.18823529411764706	0.3137254901960784	0.9725490196078431
U	C4_2	205.842	119.053	219.39	0.5647058823529412	0.5647058823529412	0.5647058823529412
U	O4_2	204.718	119.201	219.867	1.0	0.050980392156862744	0.050980392156862744
U	C5_2	206.402	117.818	218.937	0.5647058823529412	0.5647058823529412	0.5647058823529412
U	C6_2	207.619	117.808	218.388	0.5647058823529412	0.5647058823529412	0.5647058823529412
