G	P_1	147.266	173.32	164.938	1.0	0.5019607843137255	0.0
G	OP1_1	146.997	174.191	166.12	1.0	0.050980392156862744	0.050980392156862744
G	OP2_1	146.624	171.977	164.859	1.0	0.050980392156862744	0.050980392156862744
G	O5'_1	146.876	174.134	163.616	1.0	0.050980392156862744	0.050980392156862744
G	C5'_1	147.497	175.406	163.307	0.5647058823529412	0.5647058823529412	0.5647058823529412
G	C4'_1	147.303	175.763	161.842	0.5647058823529412	0.5647058823529412	0.5647058823529412
G	O4'_1	147.679	174.627	161.016	1.0	0.050980392156862744	0.050980392156862744
G	C3'_1	145.893	176.103	161.37	0.5647058823529412	0.5647058823529412	0.5647058823529412
G	O3'_1	145.578	177.476	161.645	1.0	0.050980392156862744	0.050980392156862744
G	C2'_1	145.986	175.856	159.864	0.5647058823529412	0.5647058823529412	0.5647058823529412
G	O2'_1	146.568	176.938	159.16	1.0	0.050980392156862744	0.050980392156862744
G	C1'_1	146.946	174.662	159.801	0.5647058823529412	0.5647058823529412	0.5647058823529412
G	N9_1	146.318	173.36	159.578	0.18823529411764706	0.3137254901960784	0.9725490196078431
G	C8_1	146.286	172.287	160.441	0.5647058823529412	0.5647058823529412	0.5647058823529412
G	N7_1	145.667	171.248	159.945	0.18823529411764706	0.3137254901960784	0.9725490196078431
G	C5_1	145.26	171.658	158.679	0.5647058823529412	0.5647058823529412	0.5647058823529412
G	C6_1	144.539	170.959	157.67	0.5647058823529412	0.5647058823529412	0.5647058823529412
G	O6_1	144.109	169.799	157.693	1.0	0.050980392156862744	0.050980392156862744
G	N1_1	144.333	171.756	156.545	0.18823529411764706	0.3137254901960784	0.9725490196078431
G	C2_1	144.764	173.054	156.404	0.5647058823529412	0.5647058823529412	0.5647058823529412
G	N2_1	144.459	173.656	155.242	0.18823529411764706	0.3137254901960784	0.9725490196078431
G	N3_1	145.44	173.715	157.333	0.18823529411764706	0.3137254901960784	0.9725490196078431
G	C4_1	145.65	172.961	158.437	0.5647058823529412	0.5647058823529412	0.5647058823529412
U	P_2	138.84	165.028	150.355	1.0	0.5019607843137255	0.0
U	OP1_2	138.828	164.876	148.866	1.0	0.050980392156862744	0.050980392156862744
U	OP2_2	139.593	164.048	151.188	1.0	0.050980392156862744	0.050980392156862744
U	O5'_2	139.389	166.486	150.708	1.0	0.050980392156862744	0.050980392156862744
U	C5'_2	138.768	167.671	150.162	0.5647058823529412	0.5647058823529412	0.5647058823529412
U	C4'_2	139.402	168.916	150.745	0.5647058823529412	0.5647058823529412	0.5647058823529412
U	O4'_2	139.225	168.92	152.187	1.0	0.050980392156862744	0.050980392156862744
U	C3'_2	140.906	169.072	150.555	0.5647058823529412	0.5647058823529412	0.5647058823529412
U	O3'_2	141.211	169.604	149.262	1.0	0.050980392156862744	0.050980392156862744
U	C2'_2	141.276	170.034	151.682	0.5647058823529412	0.5647058823529412	0.5647058823529412
U	O2'_2	140.99	171.385	151.377	1.0	0.050980392156862744	0.050980392156862744
U	C1'_2	140.328	169.576	152.797	0.5647058823529412	0.5647058823529412	0.5647058823529412
U	N1_2	140.921	168.684	153.81	0.18823529411764706	0.3137254901960784	0.9725490196078431
U	C2_2	141.786	169.25	154.743	0.5647058823529412	0.5647058823529412	0.5647058823529412
U	O2_2	142.099	170.434	154.732	1.0	0.050980392156862744	0.050980392156862744
U	N3_2	142.272	168.376	155.686	0.18823529411764706	0.3137254901960784	0.9725490196078431
U	C4_2	141.998	167.025	155.79	0.5647058823529412	0.5647058823529412	0.5647058823529412
U	O4_2	142.488	166.38	156.718	1.0	0.050980392156862744	0.050980392156862744
U	C5_2	141.116	166.511	154.783	0.5647058823529412	0.5647058823529412	0.5647058823529412
U	C6_2	140.622	167.333	153.852	0.5647058823529412	0.5647058823529412	0.5647058823529412
