G	P_1	273.724	167.42	222.572	1.0	0.5019607843137255	0.0
G	OP1_1	273.139	166.084	222.888	1.0	0.050980392156862744	0.050980392156862744
G	OP2_1	272.879	168.635	222.698	1.0	0.050980392156862744	0.050980392156862744
G	O5'_1	275.03	167.628	223.471	1.0	0.050980392156862744	0.050980392156862744
G	C5'_1	276.025	166.586	223.594	0.5647058823529412	0.5647058823529412	0.5647058823529412
G	C4'_1	277.229	167.085	224.372	0.5647058823529412	0.5647058823529412	0.5647058823529412
G	O4'_1	277.841	168.207	223.676	1.0	0.050980392156862744	0.050980392156862744
G	C3'_1	276.984	167.619	225.777	0.5647058823529412	0.5647058823529412	0.5647058823529412
G	O3'_1	276.893	166.566	226.739	1.0	0.050980392156862744	0.050980392156862744
G	C2'_1	278.225	168.475	226.01	0.5647058823529412	0.5647058823529412	0.5647058823529412
G	O2'_1	279.358	167.707	226.359	1.0	0.050980392156862744	0.050980392156862744
G	C1'_1	278.446	169.08	224.621	0.5647058823529412	0.5647058823529412	0.5647058823529412
G	N9_1	277.889	170.422	224.461	0.18823529411764706	0.3137254901960784	0.9725490196078431
G	C8_1	276.802	170.79	223.701	0.5647058823529412	0.5647058823529412	0.5647058823529412
G	N7_1	276.552	172.072	223.747	0.18823529411764706	0.3137254901960784	0.9725490196078431
G	C5_1	277.532	172.586	224.588	0.5647058823529412	0.5647058823529412	0.5647058823529412
G	C6_1	277.776	173.925	225.01	0.5647058823529412	0.5647058823529412	0.5647058823529412
G	O6_1	277.154	174.953	224.714	1.0	0.050980392156862744	0.050980392156862744
G	N1_1	278.874	174.001	225.86	0.18823529411764706	0.3137254901960784	0.9725490196078431
G	C2_1	279.639	172.931	226.259	0.5647058823529412	0.5647058823529412	0.5647058823529412
G	N2_1	280.658	173.209	227.091	0.18823529411764706	0.3137254901960784	0.9725490196078431
G	N3_1	279.424	171.679	225.874	0.18823529411764706	0.3137254901960784	0.9725490196078431
G	C4_1	278.364	171.582	225.043	0.5647058823529412	0.5647058823529412	0.5647058823529412
U	P_2	279.418	184.232	228.265	1.0	0.5019607843137255	0.0
U	OP1_2	280.397	185.08	229.003	1.0	0.050980392156862744	0.050980392156862744
U	OP2_2	279.134	184.516	226.835	1.0	0.050980392156862744	0.050980392156862744
U	O5'_2	279.888	182.717	228.391	1.0	0.050980392156862744	0.050980392156862744
U	C5'_2	280.428	182.205	229.626	0.5647058823529412	0.5647058823529412	0.5647058823529412
U	C4'_2	280.814	180.758	229.456	0.5647058823529412	0.5647058823529412	0.5647058823529412
U	O4'_2	279.616	179.958	229.29	1.0	0.050980392156862744	0.050980392156862744
U	C3'_2	281.649	180.463	228.219	0.5647058823529412	0.5647058823529412	0.5647058823529412
U	O3'_2	283.03	180.709	228.478	1.0	0.050980392156862744	0.050980392156862744
U	C2'_2	281.351	178.991	227.965	0.5647058823529412	0.5647058823529412	0.5647058823529412
U	O2'_2	282.095	178.136	228.809	1.0	0.050980392156862744	0.050980392156862744
U	C1'_2	279.872	178.909	228.367	0.5647058823529412	0.5647058823529412	0.5647058823529412
U	N1_2	278.913	179.015	227.253	0.18823529411764706	0.3137254901960784	0.9725490196078431
U	C2_2	278.482	177.832	226.649	0.5647058823529412	0.5647058823529412	0.5647058823529412
U	O2_2	278.857	176.722	227.004	1.0	0.050980392156862744	0.050980392156862744
U	N3_2	277.592	178.004	225.614	0.18823529411764706	0.3137254901960784	0.9725490196078431
U	C4_2	277.094	179.202	225.128	0.5647058823529412	0.5647058823529412	0.5647058823529412
U	O4_2	276.325	179.188	224.163	1.0	0.050980392156862744	0.050980392156862744
U	C5_2	277.579	180.374	225.803	0.5647058823529412	0.5647058823529412	0.5647058823529412
U	C6_2	278.45	180.246	226.815	0.5647058823529412	0.5647058823529412	0.5647058823529412
