U	P_1	158.163	123.495	135.571	1.0	0.5019607843137255	0.0
U	OP1_1	158.428	123.569	134.105	1.0	0.050980392156862744	0.050980392156862744
U	OP2_1	159.257	123.075	136.491	1.0	0.050980392156862744	0.050980392156862744
U	O5'_1	157.627	124.922	136.06	1.0	0.050980392156862744	0.050980392156862744
U	C5'_1	156.669	125.678	135.279	0.5647058823529412	0.5647058823529412	0.5647058823529412
U	C4'_1	156.087	126.811	136.098	0.5647058823529412	0.5647058823529412	0.5647058823529412
U	O4'_1	155.556	126.262	137.334	1.0	0.050980392156862744	0.050980392156862744
U	C3'_1	157.039	127.919	136.547	0.5647058823529412	0.5647058823529412	0.5647058823529412
U	O3'_1	157.166	128.939	135.548	1.0	0.050980392156862744	0.050980392156862744
U	C2'_1	156.338	128.47	137.789	0.5647058823529412	0.5647058823529412	0.5647058823529412
U	O2'_1	155.299	129.384	137.49	1.0	0.050980392156862744	0.050980392156862744
U	C1'_1	155.719	127.203	138.385	0.5647058823529412	0.5647058823529412	0.5647058823529412
U	N1_1	156.485	126.579	139.477	0.18823529411764706	0.3137254901960784	0.9725490196078431
U	C2_1	156.439	127.183	140.731	0.5647058823529412	0.5647058823529412	0.5647058823529412
U	O2_1	155.828	128.22	140.952	1.0	0.050980392156862744	0.050980392156862744
U	N3_1	157.139	126.523	141.714	0.18823529411764706	0.3137254901960784	0.9725490196078431
U	C4_1	157.869	125.354	141.578	0.5647058823529412	0.5647058823529412	0.5647058823529412
U	O4_1	158.414	124.864	142.569	1.0	0.050980392156862744	0.050980392156862744
U	C5_1	157.887	124.807	140.256	0.5647058823529412	0.5647058823529412	0.5647058823529412
U	C6_1	157.215	125.421	139.275	0.5647058823529412	0.5647058823529412	0.5647058823529412
G	P_2	155.568	129.325	152.784	1.0	0.5019607843137255	0.0
G	OP1_2	154.561	129.744	153.797	1.0	0.050980392156862744	0.050980392156862744
G	OP2_2	155.584	127.917	152.302	1.0	0.050980392156862744	0.050980392156862744
G	O5'_2	155.439	130.278	151.513	1.0	0.050980392156862744	0.050980392156862744
G	C5'_2	155.381	131.707	151.668	0.5647058823529412	0.5647058823529412	0.5647058823529412
G	C4'_2	155.103	132.371	150.339	0.5647058823529412	0.5647058823529412	0.5647058823529412
G	O4'_2	156.255	132.247	149.459	1.0	0.050980392156862744	0.050980392156862744
G	C3'_2	153.967	131.781	149.52	0.5647058823529412	0.5647058823529412	0.5647058823529412
G	O3'_2	152.687	132.204	149.986	1.0	0.050980392156862744	0.050980392156862744
G	C2'_2	154.283	132.294	148.118	0.5647058823529412	0.5647058823529412	0.5647058823529412
G	O2'_2	153.881	133.633	147.906	1.0	0.050980392156862744	0.050980392156862744
G	C1'_2	155.813	132.216	148.106	0.5647058823529412	0.5647058823529412	0.5647058823529412
G	N9_2	156.313	131.002	147.461	0.18823529411764706	0.3137254901960784	0.9725490196078431
G	C8_2	156.966	129.943	148.053	0.5647058823529412	0.5647058823529412	0.5647058823529412
G	N7_2	157.266	128.988	147.211	0.18823529411764706	0.3137254901960784	0.9725490196078431
G	C5_2	156.791	129.445	145.988	0.5647058823529412	0.5647058823529412	0.5647058823529412
G	C6_2	156.825	128.839	144.701	0.5647058823529412	0.5647058823529412	0.5647058823529412
G	O6_2	157.292	127.74	144.381	1.0	0.050980392156862744	0.050980392156862744
G	N1_2	156.236	129.652	143.734	0.18823529411764706	0.3137254901960784	0.9725490196078431
G	C2_2	155.682	130.888	143.972	0.5647058823529412	0.5647058823529412	0.5647058823529412
G	N2_2	155.166	131.522	142.904	0.18823529411764706	0.3137254901960784	0.9725490196078431
G	N3_2	155.638	131.463	145.167	0.18823529411764706	0.3137254901960784	0.9725490196078431
G	C4_2	156.207	130.691	146.122	0.5647058823529412	0.5647058823529412	0.5647058823529412
