U	P_1	83.946	194.879	158.304	1.0	0.5019607843137255	0.0
U	OP1_1	83.822	193.441	158.688	1.0	0.050980392156862744	0.050980392156862744
U	OP2_1	84.727	195.805	159.169	1.0	0.050980392156862744	0.050980392156862744
U	O5'_1	84.56	194.95	156.835	1.0	0.050980392156862744	0.050980392156862744
U	C5'_1	83.964	194.219	155.747	0.5647058823529412	0.5647058823529412	0.5647058823529412
U	C4'_1	84.586	194.637	154.436	0.5647058823529412	0.5647058823529412	0.5647058823529412
U	O4'_1	84.323	196.047	154.205	1.0	0.050980392156862744	0.050980392156862744
U	C3'_1	86.101	194.519	154.343	0.5647058823529412	0.5647058823529412	0.5647058823529412
U	O3'_1	86.494	193.18	154.035	1.0	0.050980392156862744	0.050980392156862744
U	C2'_1	86.434	195.511	153.23	0.5647058823529412	0.5647058823529412	0.5647058823529412
U	O2'_1	86.179	194.998	151.936	1.0	0.050980392156862744	0.050980392156862744
U	C1'_1	85.421	196.626	153.512	0.5647058823529412	0.5647058823529412	0.5647058823529412
U	N1_1	85.948	197.747	154.309	0.18823529411764706	0.3137254901960784	0.9725490196078431
U	C2_1	86.481	198.829	153.623	0.5647058823529412	0.5647058823529412	0.5647058823529412
U	O2_1	86.546	198.879	152.404	1.0	0.050980392156862744	0.050980392156862744
U	N3_1	86.937	199.848	154.422	0.18823529411764706	0.3137254901960784	0.9725490196078431
U	C4_1	86.916	199.897	155.802	0.5647058823529412	0.5647058823529412	0.5647058823529412
U	O4_1	87.349	200.896	156.376	1.0	0.050980392156862744	0.050980392156862744
U	C5_1	86.36	198.742	156.437	0.5647058823529412	0.5647058823529412	0.5647058823529412
U	C6_1	85.908	197.731	155.691	0.5647058823529412	0.5647058823529412	0.5647058823529412
G	P_2	94.389	206.429	144.772	1.0	0.5019607843137255	0.0
G	OP1_2	93.503	206.297	143.583	1.0	0.050980392156862744	0.050980392156862744
G	OP2_2	95.197	207.667	144.952	1.0	0.050980392156862744	0.050980392156862744
G	O5'_2	93.501	206.199	146.081	1.0	0.050980392156862744	0.050980392156862744
G	C5'_2	92.061	206.291	146.04	0.5647058823529412	0.5647058823529412	0.5647058823529412
G	C4'_2	91.459	204.918	145.82	0.5647058823529412	0.5647058823529412	0.5647058823529412
G	O4'_2	91.942	203.998	146.838	1.0	0.050980392156862744	0.050980392156862744
G	C3'_2	89.947	204.798	145.943	0.5647058823529412	0.5647058823529412	0.5647058823529412
G	O3'_2	89.258	205.258	144.782	1.0	0.050980392156862744	0.050980392156862744
G	C2'_2	89.771	203.298	146.153	0.5647058823529412	0.5647058823529412	0.5647058823529412
G	O2'_2	89.888	202.556	144.955	1.0	0.050980392156862744	0.050980392156862744
G	C1'_2	90.97	202.979	147.05	0.5647058823529412	0.5647058823529412	0.5647058823529412
G	N9_2	90.616	202.93	148.468	0.18823529411764706	0.3137254901960784	0.9725490196078431
G	C8_2	90.907	203.854	149.445	0.5647058823529412	0.5647058823529412	0.5647058823529412
G	N7_2	90.431	203.528	150.617	0.18823529411764706	0.3137254901960784	0.9725490196078431
G	C5_2	89.787	202.315	150.403	0.5647058823529412	0.5647058823529412	0.5647058823529412
G	C6_2	89.076	201.477	151.305	0.5647058823529412	0.5647058823529412	0.5647058823529412
G	O6_2	88.862	201.648	152.511	1.0	0.050980392156862744	0.050980392156862744
G	N1_2	88.589	200.337	150.669	0.18823529411764706	0.3137254901960784	0.9725490196078431
G	C2_2	88.759	200.04	149.337	0.5647058823529412	0.5647058823529412	0.5647058823529412
G	N2_2	88.216	198.887	148.91	0.18823529411764706	0.3137254901960784	0.9725490196078431
G	N3_2	89.414	200.815	148.486	0.18823529411764706	0.3137254901960784	0.9725490196078431
G	C4_2	89.899	201.928	149.084	0.5647058823529412	0.5647058823529412	0.5647058823529412
