U	P_1	228.282	136.011	168.698	1.0	0.5019607843137255	0.0
U	OP1_1	228.849	135.792	167.333	1.0	0.050980392156862744	0.050980392156862744
U	OP2_1	227.17	135.143	169.174	1.0	0.050980392156862744	0.050980392156862744
U	O5'_1	229.47	135.892	169.751	1.0	0.050980392156862744	0.050980392156862744
U	C5'_1	230.587	136.793	169.703	0.5647058823529412	0.5647058823529412	0.5647058823529412
U	C4'_1	231.424	136.638	170.946	0.5647058823529412	0.5647058823529412	0.5647058823529412
U	O4'_1	230.665	137.086	172.099	1.0	0.050980392156862744	0.050980392156862744
U	C3'_1	231.818	135.208	171.29	0.5647058823529412	0.5647058823529412	0.5647058823529412
U	O3'_1	232.955	134.79	170.531	1.0	0.050980392156862744	0.050980392156862744
U	C2'_1	232.09	135.309	172.785	0.5647058823529412	0.5647058823529412	0.5647058823529412
U	O2'_1	233.336	135.909	173.073	1.0	0.050980392156862744	0.050980392156862744
U	C1'_1	230.987	136.277	173.219	0.5647058823529412	0.5647058823529412	0.5647058823529412
U	N1_1	229.76	135.612	173.684	0.18823529411764706	0.3137254901960784	0.9725490196078431
U	C2_1	229.647	135.353	175.037	0.5647058823529412	0.5647058823529412	0.5647058823529412
U	O2_1	230.515	135.644	175.843	1.0	0.050980392156862744	0.050980392156862744
U	N3_1	228.476	134.74	175.409	0.18823529411764706	0.3137254901960784	0.9725490196078431
U	C4_1	227.429	134.366	174.584	0.5647058823529412	0.5647058823529412	0.5647058823529412
U	O4_1	226.438	133.819	175.072	1.0	0.050980392156862744	0.050980392156862744
U	C5_1	227.623	134.666	173.2	0.5647058823529412	0.5647058823529412	0.5647058823529412
U	C6_1	228.755	135.262	172.806	0.5647058823529412	0.5647058823529412	0.5647058823529412
G	P_2	227.455	130.227	185.711	1.0	0.5019607843137255	0.0
G	OP1_2	227.644	130.5	187.169	1.0	0.050980392156862744	0.050980392156862744
G	OP2_2	226.329	130.875	184.985	1.0	0.050980392156862744	0.050980392156862744
G	O5'_2	228.808	130.603	184.955	1.0	0.050980392156862744	0.050980392156862744
G	C5'_2	230.084	130.276	185.534	0.5647058823529412	0.5647058823529412	0.5647058823529412
G	C4'_2	231.197	130.996	184.809	0.5647058823529412	0.5647058823529412	0.5647058823529412
G	O4'_2	231.358	130.443	183.471	1.0	0.050980392156862744	0.050980392156862744
G	C3'_2	231.002	132.485	184.558	0.5647058823529412	0.5647058823529412	0.5647058823529412
G	O3'_2	231.245	133.29	185.711	1.0	0.050980392156862744	0.050980392156862744
G	C2'_2	231.988	132.733	183.421	0.5647058823529412	0.5647058823529412	0.5647058823529412
G	O2'_2	233.336	132.796	183.848	1.0	0.050980392156862744	0.050980392156862744
G	C1'_2	231.78	131.47	182.582	0.5647058823529412	0.5647058823529412	0.5647058823529412
G	N9_2	230.744	131.671	181.573	0.18823529411764706	0.3137254901960784	0.9725490196078431
G	C8_2	229.447	131.21	181.596	0.5647058823529412	0.5647058823529412	0.5647058823529412
G	N7_2	228.752	131.582	180.554	0.18823529411764706	0.3137254901960784	0.9725490196078431
G	C5_2	229.645	132.326	179.795	0.5647058823529412	0.5647058823529412	0.5647058823529412
G	C6_2	229.463	132.99	178.557	0.5647058823529412	0.5647058823529412	0.5647058823529412
G	O6_2	228.442	133.055	177.862	1.0	0.050980392156862744	0.050980392156862744
G	N1_2	230.631	133.623	178.141	0.18823529411764706	0.3137254901960784	0.9725490196078431
G	C2_2	231.824	133.617	178.832	0.5647058823529412	0.5647058823529412	0.5647058823529412
G	N2_2	232.85	134.274	178.27	0.18823529411764706	0.3137254901960784	0.9725490196078431
G	N3_2	232.002	133.008	179.991	0.18823529411764706	0.3137254901960784	0.9725490196078431
G	C4_2	230.88	132.386	180.409	0.5647058823529412	0.5647058823529412	0.5647058823529412
