U	P_1	139.568	243.189	205.745	1.0	0.5019607843137255	0.0
U	OP1_1	138.448	242.32	205.275	1.0	0.050980392156862744	0.050980392156862744
U	OP2_1	139.442	243.901	207.05	1.0	0.050980392156862744	0.050980392156862744
U	O5'_1	140.896	242.304	205.774	1.0	0.050980392156862744	0.050980392156862744
U	C5'_1	141.348	241.612	204.591	0.5647058823529412	0.5647058823529412	0.5647058823529412
U	C4'_1	142.804	241.235	204.724	0.5647058823529412	0.5647058823529412	0.5647058823529412
U	O4'_1	143.62	242.436	204.776	1.0	0.050980392156862744	0.050980392156862744
U	C3'_1	143.175	240.474	205.986	0.5647058823529412	0.5647058823529412	0.5647058823529412
U	O3'_1	142.894	239.086	205.842	1.0	0.050980392156862744	0.050980392156862744
U	C2'_1	144.669	240.759	206.109	0.5647058823529412	0.5647058823529412	0.5647058823529412
U	O2'_1	145.458	239.959	205.25	1.0	0.050980392156862744	0.050980392156862744
U	C1'_1	144.739	242.211	205.623	0.5647058823529412	0.5647058823529412	0.5647058823529412
U	N1_1	144.727	243.214	206.702	0.18823529411764706	0.3137254901960784	0.9725490196078431
U	C2_1	145.951	243.616	207.233	0.5647058823529412	0.5647058823529412	0.5647058823529412
U	O2_1	147.028	243.152	206.865	1.0	0.050980392156862744	0.050980392156862744
U	N3_1	145.867	244.576	208.213	0.18823529411764706	0.3137254901960784	0.9725490196078431
U	C4_1	144.717	245.157	208.716	0.5647058823529412	0.5647058823529412	0.5647058823529412
U	O4_1	144.81	245.996	209.613	1.0	0.050980392156862744	0.050980392156862744
U	C5_1	143.498	244.683	208.133	0.5647058823529412	0.5647058823529412	0.5647058823529412
U	C6_1	143.541	243.752	207.173	0.5647058823529412	0.5647058823529412	0.5647058823529412
G	P_2	156.149	246.406	213.827	1.0	0.5019607843137255	0.0
G	OP1_2	157.051	247.055	214.828	1.0	0.050980392156862744	0.050980392156862744
G	OP2_2	154.864	247.068	213.45	1.0	0.050980392156862744	0.050980392156862744
G	O5'_2	156.993	246.158	212.495	1.0	0.050980392156862744	0.050980392156862744
G	C5'_2	156.409	246.363	211.19	0.5647058823529412	0.5647058823529412	0.5647058823529412
G	C4'_2	156.26	245.04	210.468	0.5647058823529412	0.5647058823529412	0.5647058823529412
G	O4'_2	155.195	244.263	211.087	1.0	0.050980392156862744	0.050980392156862744
G	C3'_2	155.836	245.139	209.008	0.5647058823529412	0.5647058823529412	0.5647058823529412
G	O3'_2	156.965	245.396	208.165	1.0	0.050980392156862744	0.050980392156862744
G	C2'_2	155.21	243.769	208.759	0.5647058823529412	0.5647058823529412	0.5647058823529412
G	O2'_2	156.169	242.746	208.567	1.0	0.050980392156862744	0.050980392156862744
G	C1'_2	154.494	243.525	210.09	0.5647058823529412	0.5647058823529412	0.5647058823529412
G	N9_2	153.096	243.953	210.095	0.18823529411764706	0.3137254901960784	0.9725490196078431
G	C8_2	152.527	244.892	210.929	0.5647058823529412	0.5647058823529412	0.5647058823529412
G	N7_2	151.247	245.059	210.722	0.18823529411764706	0.3137254901960784	0.9725490196078431
G	C5_2	150.945	244.181	209.687	0.5647058823529412	0.5647058823529412	0.5647058823529412
G	C6_2	149.699	243.913	209.042	0.5647058823529412	0.5647058823529412	0.5647058823529412
G	O6_2	148.591	244.413	209.273	1.0	0.050980392156862744	0.050980392156862744
G	N1_2	149.831	242.952	208.045	0.18823529411764706	0.3137254901960784	0.9725490196078431
G	C2_2	151.006	242.315	207.716	0.5647058823529412	0.5647058823529412	0.5647058823529412
G	N2_2	150.921	241.396	206.731	0.18823529411764706	0.3137254901960784	0.9725490196078431
G	N3_2	152.18	242.554	208.31	0.18823529411764706	0.3137254901960784	0.9725490196078431
G	C4_2	152.074	243.492	209.28	0.5647058823529412	0.5647058823529412	0.5647058823529412
