U	P_1	204.404	214.012	146.419	1.0	0.5019607843137255	0.0
U	OP1_1	203.494	215.163	146.137	1.0	0.050980392156862744	0.050980392156862744
U	OP2_1	203.976	212.63	146.063	1.0	0.050980392156862744	0.050980392156862744
U	O5'_1	205.815	214.301	145.734	1.0	0.050980392156862744	0.050980392156862744
U	C5'_1	206.487	215.561	145.938	0.5647058823529412	0.5647058823529412	0.5647058823529412
U	C4'_1	207.89	215.523	145.362	0.5647058823529412	0.5647058823529412	0.5647058823529412
U	O4'_1	208.746	214.668	146.168	1.0	0.050980392156862744	0.050980392156862744
U	C3'_1	208.039	214.971	143.951	0.5647058823529412	0.5647058823529412	0.5647058823529412
U	O3'_1	207.692	215.938	142.959	1.0	0.050980392156862744	0.050980392156862744
U	C2'_1	209.518	214.598	143.912	0.5647058823529412	0.5647058823529412	0.5647058823529412
U	O2'_1	210.356	215.714	143.691	1.0	0.050980392156862744	0.050980392156862744
U	C1'_1	209.737	214.076	145.337	0.5647058823529412	0.5647058823529412	0.5647058823529412
U	N1_1	209.647	212.609	145.457	0.18823529411764706	0.3137254901960784	0.9725490196078431
U	C2_1	210.822	211.872	145.327	0.5647058823529412	0.5647058823529412	0.5647058823529412
U	O2_1	211.92	212.381	145.136	1.0	0.050980392156862744	0.050980392156862744
U	N3_1	210.662	210.515	145.436	0.18823529411764706	0.3137254901960784	0.9725490196078431
U	C4_1	209.478	209.83	145.659	0.5647058823529412	0.5647058823529412	0.5647058823529412
U	O4_1	209.494	208.601	145.701	1.0	0.050980392156862744	0.050980392156862744
U	C5_1	208.319	210.656	145.793	0.5647058823529412	0.5647058823529412	0.5647058823529412
U	C6_1	208.438	211.981	145.688	0.5647058823529412	0.5647058823529412	0.5647058823529412
G	P_2	219.408	203.232	145.411	1.0	0.5019607843137255	0.0
G	OP1_2	219.853	202.077	144.574	1.0	0.050980392156862744	0.050980392156862744
G	OP2_2	220.168	203.581	146.643	1.0	0.050980392156862744	0.050980392156862744
G	O5'_2	219.368	204.53	144.488	1.0	0.050980392156862744	0.050980392156862744
G	C5'_2	220.581	205.098	143.959	0.5647058823529412	0.5647058823529412	0.5647058823529412
G	C4'_2	220.54	206.61	144.041	0.5647058823529412	0.5647058823529412	0.5647058823529412
G	O4'_2	219.434	207.121	143.242	1.0	0.050980392156862744	0.050980392156862744
G	C3'_2	220.295	207.207	145.421	0.5647058823529412	0.5647058823529412	0.5647058823529412
G	O3'_2	221.49	207.232	146.213	1.0	0.050980392156862744	0.050980392156862744
G	C2'_2	219.786	208.605	145.074	0.5647058823529412	0.5647058823529412	0.5647058823529412
G	O2'_2	220.832	209.5	144.742	1.0	0.050980392156862744	0.050980392156862744
G	C1'_2	218.942	208.323	143.824	0.5647058823529412	0.5647058823529412	0.5647058823529412
G	N9_2	217.514	208.17	144.099	0.18823529411764706	0.3137254901960784	0.9725490196078431
G	C8_2	216.848	207.01	144.422	0.5647058823529412	0.5647058823529412	0.5647058823529412
G	N7_2	215.57	207.192	144.63	0.18823529411764706	0.3137254901960784	0.9725490196078431
G	C5_2	215.376	208.555	144.43	0.5647058823529412	0.5647058823529412	0.5647058823529412
G	C6_2	214.184	209.347	144.524	0.5647058823529412	0.5647058823529412	0.5647058823529412
G	O6_2	213.033	208.984	144.806	1.0	0.050980392156862744	0.050980392156862744
G	N1_2	214.435	210.688	144.245	0.18823529411764706	0.3137254901960784	0.9725490196078431
G	C2_2	215.668	211.209	143.917	0.5647058823529412	0.5647058823529412	0.5647058823529412
G	N2_2	215.707	212.535	143.679	0.18823529411764706	0.3137254901960784	0.9725490196078431
G	N3_2	216.785	210.483	143.828	0.18823529411764706	0.3137254901960784	0.9725490196078431
G	C4_2	216.565	209.174	144.096	0.5647058823529412	0.5647058823529412	0.5647058823529412
