U	P_1	267.347	262.516	199.466	1.0	0.5019607843137255	0.0
U	OP1_1	267.217	263.822	200.169	1.0	0.050980392156862744	0.050980392156862744
U	OP2_1	268.517	262.275	198.575	1.0	0.050980392156862744	0.050980392156862744
U	O5'_1	267.3	261.349	200.553	1.0	0.050980392156862744	0.050980392156862744
U	C5'_1	266.308	261.345	201.601	0.5647058823529412	0.5647058823529412	0.5647058823529412
U	C4'_1	266.384	260.06	202.395	0.5647058823529412	0.5647058823529412	0.5647058823529412
U	O4'_1	266.036	258.947	201.534	1.0	0.050980392156862744	0.050980392156862744
U	C3'_1	267.76	259.688	202.932	0.5647058823529412	0.5647058823529412	0.5647058823529412
U	O3'_1	268.034	260.359	204.168	1.0	0.050980392156862744	0.050980392156862744
U	C2'_1	267.633	258.179	203.14	0.5647058823529412	0.5647058823529412	0.5647058823529412
U	O2'_1	267.004	257.852	204.362	1.0	0.050980392156862744	0.050980392156862744
U	C1'_1	266.704	257.781	201.985	0.5647058823529412	0.5647058823529412	0.5647058823529412
U	N1_1	267.328	257.104	200.835	0.18823529411764706	0.3137254901960784	0.9725490196078431
U	C2_1	267.354	255.71	200.841	0.5647058823529412	0.5647058823529412	0.5647058823529412
U	O2_1	266.891	255.034	201.752	1.0	0.050980392156862744	0.050980392156862744
U	N3_1	267.939	255.137	199.737	0.18823529411764706	0.3137254901960784	0.9725490196078431
U	C4_1	268.488	255.793	198.65	0.5647058823529412	0.5647058823529412	0.5647058823529412
U	O4_1	268.987	255.131	197.737	1.0	0.050980392156862744	0.050980392156862744
U	C5_1	268.421	257.226	198.715	0.5647058823529412	0.5647058823529412	0.5647058823529412
U	C6_1	267.861	257.817	199.778	0.5647058823529412	0.5647058823529412	0.5647058823529412
G	P_2	266.916	244.617	199.036	1.0	0.5019607843137255	0.0
G	OP1_2	266.74	245.653	197.979	1.0	0.050980392156862744	0.050980392156862744
G	OP2_2	268.286	244.308	199.539	1.0	0.050980392156862744	0.050980392156862744
G	O5'_2	266.0	245.021	200.28	1.0	0.050980392156862744	0.050980392156862744
G	C5'_2	265.859	244.154	201.426	0.5647058823529412	0.5647058823529412	0.5647058823529412
G	C4'_2	265.659	244.975	202.684	0.5647058823529412	0.5647058823529412	0.5647058823529412
G	O4'_2	266.853	245.767	202.924	1.0	0.050980392156862744	0.050980392156862744
G	C3'_2	264.523	245.994	202.653	0.5647058823529412	0.5647058823529412	0.5647058823529412
G	O3'_2	263.262	245.408	203.009	1.0	0.050980392156862744	0.050980392156862744
G	C2'_2	264.973	247.015	203.692	0.5647058823529412	0.5647058823529412	0.5647058823529412
G	O2'_2	264.7	246.599	205.016	1.0	0.050980392156862744	0.050980392156862744
G	C1'_2	266.49	247.027	203.47	0.5647058823529412	0.5647058823529412	0.5647058823529412
G	N9_2	266.96	248.076	202.566	0.18823529411764706	0.3137254901960784	0.9725490196078431
G	C8_2	267.657	247.911	201.389	0.5647058823529412	0.5647058823529412	0.5647058823529412
G	N7_2	267.951	249.04	200.802	0.18823529411764706	0.3137254901960784	0.9725490196078431
G	C5_2	267.417	250.013	201.639	0.5647058823529412	0.5647058823529412	0.5647058823529412
G	C6_2	267.423	251.426	201.52	0.5647058823529412	0.5647058823529412	0.5647058823529412
G	O6_2	267.919	252.12	200.623	1.0	0.050980392156862744	0.050980392156862744
G	N1_2	266.767	252.03	202.589	0.18823529411764706	0.3137254901960784	0.9725490196078431
G	C2_2	266.183	251.362	203.638	0.5647058823529412	0.5647058823529412	0.5647058823529412
G	N2_2	265.603	252.128	204.575	0.18823529411764706	0.3137254901960784	0.9725490196078431
G	N3_2	266.169	250.044	203.76	0.18823529411764706	0.3137254901960784	0.9725490196078431
G	C4_2	266.801	249.436	202.732	0.5647058823529412	0.5647058823529412	0.5647058823529412
