G	P_1	193.4	175.069	220.847	1.0	0.5019607843137255	0.0
G	OP1_1	194.374	173.949	220.986	1.0	0.050980392156862744	0.050980392156862744
G	OP2_1	191.985	174.866	221.256	1.0	0.050980392156862744	0.050980392156862744
G	O5'_1	193.974	176.339	221.626	1.0	0.050980392156862744	0.050980392156862744
G	C5'_1	195.356	176.731	221.474	0.5647058823529412	0.5647058823529412	0.5647058823529412
G	C4'_1	195.637	178.033	222.204	0.5647058823529412	0.5647058823529412	0.5647058823529412
G	O4'_1	194.851	179.115	221.632	1.0	0.050980392156862744	0.050980392156862744
G	C3'_1	195.315	178.106	223.69	0.5647058823529412	0.5647058823529412	0.5647058823529412
G	O3'_1	196.328	177.476	224.477	1.0	0.050980392156862744	0.050980392156862744
G	C2'_1	195.27	179.615	223.927	0.5647058823529412	0.5647058823529412	0.5647058823529412
G	O2'_1	196.553	180.197	224.044	1.0	0.050980392156862744	0.050980392156862744
G	C1'_1	194.631	180.11	222.625	0.5647058823529412	0.5647058823529412	0.5647058823529412
G	N9_1	193.197	180.355	222.745	0.18823529411764706	0.3137254901960784	0.9725490196078431
G	C8_1	192.172	179.53	222.342	0.5647058823529412	0.5647058823529412	0.5647058823529412
G	N7_1	190.987	180.024	222.591	0.18823529411764706	0.3137254901960784	0.9725490196078431
G	C5_1	191.244	181.249	223.196	0.5647058823529412	0.5647058823529412	0.5647058823529412
G	C6_1	190.345	182.239	223.693	0.5647058823529412	0.5647058823529412	0.5647058823529412
G	O6_1	189.103	182.221	223.699	1.0	0.050980392156862744	0.050980392156862744
G	N1_1	191.031	183.334	224.222	0.18823529411764706	0.3137254901960784	0.9725490196078431
G	C2_1	192.404	183.463	224.269	0.5647058823529412	0.5647058823529412	0.5647058823529412
G	N2_1	192.875	184.605	224.809	0.18823529411764706	0.3137254901960784	0.9725490196078431
G	N3_1	193.252	182.541	223.816	0.18823529411764706	0.3137254901960784	0.9725490196078431
G	C4_1	192.605	181.471	223.295	0.5647058823529412	0.5647058823529412	0.5647058823529412
U	P_2	183.281	188.598	228.454	1.0	0.5019607843137255	0.0
U	OP1_2	182.966	190.013	228.807	1.0	0.050980392156862744	0.050980392156862744
U	OP2_2	182.552	187.944	227.327	1.0	0.050980392156862744	0.050980392156862744
U	O5'_2	184.852	188.498	228.177	1.0	0.050980392156862744	0.050980392156862744
U	C5'_2	185.81	189.137	229.053	0.5647058823529412	0.5647058823529412	0.5647058823529412
U	C4'_2	187.223	188.805	228.619	0.5647058823529412	0.5647058823529412	0.5647058823529412
U	O4'_2	187.411	187.366	228.69	1.0	0.050980392156862744	0.050980392156862744
U	C3'_2	187.593	189.171	227.184	0.5647058823529412	0.5647058823529412	0.5647058823529412
U	O3'_2	188.021	190.539	227.09	1.0	0.050980392156862744	0.050980392156862744
U	C2'_2	188.728	188.194	226.877	0.5647058823529412	0.5647058823529412	0.5647058823529412
U	O2'_2	189.981	188.609	227.386	1.0	0.050980392156862744	0.050980392156862744
U	C1'_2	188.271	186.945	227.639	0.5647058823529412	0.5647058823529412	0.5647058823529412
U	N1_2	187.572	185.928	226.832	0.18823529411764706	0.3137254901960784	0.9725490196078431
U	C2_2	188.343	184.932	226.224	0.5647058823529412	0.5647058823529412	0.5647058823529412
U	O2_2	189.571	184.9	226.284	1.0	0.050980392156862744	0.050980392156862744
U	N3_2	187.619	183.975	225.543	0.18823529411764706	0.3137254901960784	0.9725490196078431
U	C4_2	186.237	183.915	225.398	0.5647058823529412	0.5647058823529412	0.5647058823529412
U	O4_2	185.728	182.953	224.819	1.0	0.050980392156862744	0.050980392156862744
U	C5_2	185.521	184.994	226.019	0.5647058823529412	0.5647058823529412	0.5647058823529412
U	C6_2	186.193	185.938	226.696	0.5647058823529412	0.5647058823529412	0.5647058823529412
