G	P_1	192.413	202.043	243.16	1.0	0.5019607843137255	0.0
G	OP1_1	192.921	200.979	244.071	1.0	0.050980392156862744	0.050980392156862744
G	OP2_1	192.465	201.834	241.684	1.0	0.050980392156862744	0.050980392156862744
G	O5'_1	190.905	202.36	243.57	1.0	0.050980392156862744	0.050980392156862744
G	C5'_1	190.558	202.699	244.932	0.5647058823529412	0.5647058823529412	0.5647058823529412
G	C4'_1	189.101	203.1	245.015	0.5647058823529412	0.5647058823529412	0.5647058823529412
G	O4'_1	188.887	204.362	244.321	1.0	0.050980392156862744	0.050980392156862744
G	C3'_1	188.138	202.127	244.351	0.5647058823529412	0.5647058823529412	0.5647058823529412
G	O3'_1	187.83	201.039	245.225	1.0	0.050980392156862744	0.050980392156862744
G	C2'_1	186.941	203.018	244.035	0.5647058823529412	0.5647058823529412	0.5647058823529412
G	O2'_1	186.111	203.246	245.155	1.0	0.050980392156862744	0.050980392156862744
G	C1'_1	187.636	204.331	243.644	0.5647058823529412	0.5647058823529412	0.5647058823529412
G	N9_1	187.892	204.447	242.207	0.18823529411764706	0.3137254901960784	0.9725490196078431
G	C8_1	189.097	204.253	241.564	0.5647058823529412	0.5647058823529412	0.5647058823529412
G	N7_1	189.018	204.39	240.268	0.18823529411764706	0.3137254901960784	0.9725490196078431
G	C5_1	187.684	204.7	240.034	0.5647058823529412	0.5647058823529412	0.5647058823529412
G	C6_1	187.006	204.946	238.816	0.5647058823529412	0.5647058823529412	0.5647058823529412
G	O6_1	187.465	204.918	237.662	1.0	0.050980392156862744	0.050980392156862744
G	N1_1	185.658	205.239	239.029	0.18823529411764706	0.3137254901960784	0.9725490196078431
G	C2_1	185.044	205.28	240.26	0.5647058823529412	0.5647058823529412	0.5647058823529412
G	N2_1	183.739	205.601	240.259	0.18823529411764706	0.3137254901960784	0.9725490196078431
G	N3_1	185.665	205.032	241.406	0.18823529411764706	0.3137254901960784	0.9725490196078431
G	C4_1	186.975	204.754	241.22	0.5647058823529412	0.5647058823529412	0.5647058823529412
U	P_2	181.845	211.375	236.354	1.0	0.5019607843137255	0.0
U	OP1_2	182.084	212.854	236.388	1.0	0.050980392156862744	0.050980392156862744
U	OP2_2	182.934	210.447	236.778	1.0	0.050980392156862744	0.050980392156862744
U	O5'_2	180.555	211.073	237.241	1.0	0.050980392156862744	0.050980392156862744
U	C5'_2	179.312	211.749	236.983	0.5647058823529412	0.5647058823529412	0.5647058823529412
U	C4'_2	178.173	211.027	237.662	0.5647058823529412	0.5647058823529412	0.5647058823529412
U	O4'_2	178.083	209.671	237.142	1.0	0.050980392156862744	0.050980392156862744
U	C3'_2	178.302	210.837	239.165	0.5647058823529412	0.5647058823529412	0.5647058823529412
U	O3'_2	177.873	211.991	239.878	1.0	0.050980392156862744	0.050980392156862744
U	C2'_2	177.39	209.643	239.421	0.5647058823529412	0.5647058823529412	0.5647058823529412
U	O2'_2	176.019	209.99	239.45	1.0	0.050980392156862744	0.050980392156862744
U	C1'_2	177.653	208.793	238.175	0.5647058823529412	0.5647058823529412	0.5647058823529412
U	N1_2	178.673	207.749	238.364	0.18823529411764706	0.3137254901960784	0.9725490196078431
U	C2_2	178.26	206.529	238.878	0.5647058823529412	0.5647058823529412	0.5647058823529412
U	O2_2	177.106	206.3	239.209	1.0	0.050980392156862744	0.050980392156862744
U	N3_2	179.252	205.588	238.992	0.18823529411764706	0.3137254901960784	0.9725490196078431
U	C4_2	180.586	205.739	238.659	0.5647058823529412	0.5647058823529412	0.5647058823529412
U	O4_2	181.349	204.778	238.773	1.0	0.050980392156862744	0.050980392156862744
U	C5_2	180.937	207.034	238.16	0.5647058823529412	0.5647058823529412	0.5647058823529412
U	C6_2	179.995	207.97	238.032	0.5647058823529412	0.5647058823529412	0.5647058823529412
