G	P_1	255.992	260.095	243.275	1.0	0.5019607843137255	0.0
G	OP1_1	257.31	260.38	243.919	1.0	0.050980392156862744	0.050980392156862744
G	OP2_1	255.156	258.975	243.781	1.0	0.050980392156862744	0.050980392156862744
G	O5'_1	255.112	261.425	243.324	1.0	0.050980392156862744	0.050980392156862744
G	C5'_1	255.658	262.71	242.93	0.5647058823529412	0.5647058823529412	0.5647058823529412
G	C4'_1	254.559	263.752	242.884	0.5647058823529412	0.5647058823529412	0.5647058823529412
G	O4'_1	253.6	263.392	241.851	1.0	0.050980392156862744	0.050980392156862744
G	C3'_1	253.712	263.868	244.145	0.5647058823529412	0.5647058823529412	0.5647058823529412
G	O3'_1	254.316	264.668	245.157	1.0	0.050980392156862744	0.050980392156862744
G	C2'_1	252.418	264.463	243.613	0.5647058823529412	0.5647058823529412	0.5647058823529412
G	O2'_1	252.496	265.855	243.377	1.0	0.050980392156862744	0.050980392156862744
G	C1'_1	252.285	263.714	242.285	0.5647058823529412	0.5647058823529412	0.5647058823529412
G	N9_1	251.536	262.469	242.44	0.18823529411764706	0.3137254901960784	0.9725490196078431
G	C8_1	252.035	261.187	242.41	0.5647058823529412	0.5647058823529412	0.5647058823529412
G	N7_1	251.118	260.274	242.592	0.18823529411764706	0.3137254901960784	0.9725490196078431
G	C5_1	249.942	260.995	242.747	0.5647058823529412	0.5647058823529412	0.5647058823529412
G	C6_1	248.614	260.547	242.972	0.5647058823529412	0.5647058823529412	0.5647058823529412
G	O6_1	248.203	259.385	243.083	1.0	0.050980392156862744	0.050980392156862744
G	N1_1	247.723	261.616	243.071	0.18823529411764706	0.3137254901960784	0.9725490196078431
G	C2_1	248.064	262.945	242.966	0.5647058823529412	0.5647058823529412	0.5647058823529412
G	N2_1	247.058	263.832	243.089	0.18823529411764706	0.3137254901960784	0.9725490196078431
G	N3_1	249.3	263.375	242.755	0.18823529411764706	0.3137254901960784	0.9725490196078431
G	C4_1	250.181	262.352	242.655	0.5647058823529412	0.5647058823529412	0.5647058823529412
U	P_2	238.37	257.373	243.994	1.0	0.5019607843137255	0.0
U	OP1_2	236.957	257.704	243.651	1.0	0.050980392156862744	0.050980392156862744
U	OP2_2	239.065	256.273	243.269	1.0	0.050980392156862744	0.050980392156862744
U	O5'_2	239.251	258.695	243.846	1.0	0.050980392156862744	0.050980392156862744
U	C5'_2	238.872	259.912	244.511	0.5647058823529412	0.5647058823529412	0.5647058823529412
U	C4'_2	240.025	260.889	244.52	0.5647058823529412	0.5647058823529412	0.5647058823529412
U	O4'_2	241.163	260.282	245.192	1.0	0.050980392156862744	0.050980392156862744
U	C3'_2	240.589	261.302	243.168	0.5647058823529412	0.5647058823529412	0.5647058823529412
U	O3'_2	239.814	262.333	242.557	1.0	0.050980392156862744	0.050980392156862744
U	C2'_2	241.981	261.798	243.543	0.5647058823529412	0.5647058823529412	0.5647058823529412
U	O2'_2	241.981	263.107	244.076	1.0	0.050980392156862744	0.050980392156862744
U	C1'_2	242.366	260.809	244.647	0.5647058823529412	0.5647058823529412	0.5647058823529412
U	N1_2	243.229	259.704	244.196	0.18823529411764706	0.3137254901960784	0.9725490196078431
U	C2_2	244.586	259.969	244.061	0.5647058823529412	0.5647058823529412	0.5647058823529412
U	O2_2	245.074	261.066	244.285	1.0	0.050980392156862744	0.050980392156862744
U	N3_2	245.344	258.901	243.656	0.18823529411764706	0.3137254901960784	0.9725490196078431
U	C4_2	244.903	257.623	243.378	0.5647058823529412	0.5647058823529412	0.5647058823529412
U	O4_2	245.72	256.762	243.052	1.0	0.050980392156862744	0.050980392156862744
U	C5_2	243.494	257.426	243.53	0.5647058823529412	0.5647058823529412	0.5647058823529412
U	C6_2	242.721	258.446	243.921	0.5647058823529412	0.5647058823529412	0.5647058823529412
