U	P_1	250.412	252.747	221.444	1.0	0.5019607843137255	0.0
U	OP1_1	251.205	251.892	220.514	1.0	0.050980392156862744	0.050980392156862744
U	OP2_1	250.215	254.186	221.131	1.0	0.050980392156862744	0.050980392156862744
U	O5'_1	248.976	252.082	221.639	1.0	0.050980392156862744	0.050980392156862744
U	C5'_1	248.852	250.748	222.164	0.5647058823529412	0.5647058823529412	0.5647058823529412
U	C4'_1	247.411	250.442	222.498	0.5647058823529412	0.5647058823529412	0.5647058823529412
U	O4'_1	246.945	251.335	223.544	1.0	0.050980392156862744	0.050980392156862744
U	C3'_1	246.394	250.647	221.387	0.5647058823529412	0.5647058823529412	0.5647058823529412
U	O3'_1	246.398	249.543	220.487	1.0	0.050980392156862744	0.050980392156862744
U	C2'_1	245.087	250.74	222.169	0.5647058823529412	0.5647058823529412	0.5647058823529412
U	O2'_1	244.588	249.472	222.544	1.0	0.050980392156862744	0.050980392156862744
U	C1'_1	245.537	251.478	223.435	0.5647058823529412	0.5647058823529412	0.5647058823529412
U	N1_1	245.186	252.908	223.506	0.18823529411764706	0.3137254901960784	0.9725490196078431
U	C2_1	243.879	253.249	223.87	0.5647058823529412	0.5647058823529412	0.5647058823529412
U	O2_1	243.011	252.422	224.117	1.0	0.050980392156862744	0.050980392156862744
U	N3_1	243.635	254.601	223.937	0.18823529411764706	0.3137254901960784	0.9725490196078431
U	C4_1	244.533	255.625	223.688	0.5647058823529412	0.5647058823529412	0.5647058823529412
U	O4_1	244.167	256.795	223.82	1.0	0.050980392156862744	0.050980392156862744
U	C5_1	245.85	255.195	223.313	0.5647058823529412	0.5647058823529412	0.5647058823529412
U	C6_1	246.124	253.888	223.232	0.5647058823529412	0.5647058823529412	0.5647058823529412
G	P_2	233.991	257.667	228.329	1.0	0.5019607843137255	0.0
G	OP1_2	233.021	257.854	229.446	1.0	0.050980392156862744	0.050980392156862744
G	OP2_2	235.322	258.326	228.397	1.0	0.050980392156862744	0.050980392156862744
G	O5'_2	234.23	256.102	228.131	1.0	0.050980392156862744	0.050980392156862744
G	C5'_2	233.119	255.185	228.004	0.5647058823529412	0.5647058823529412	0.5647058823529412
G	C4'_2	233.605	253.83	227.528	0.5647058823529412	0.5647058823529412	0.5647058823529412
G	O4'_2	234.189	253.955	226.2	1.0	0.050980392156862744	0.050980392156862744
G	C3'_2	234.708	253.178	228.35	0.5647058823529412	0.5647058823529412	0.5647058823529412
G	O3'_2	234.205	252.522	229.509	1.0	0.050980392156862744	0.050980392156862744
G	C2'_2	235.321	252.203	227.349	0.5647058823529412	0.5647058823529412	0.5647058823529412
G	O2'_2	234.57	251.014	227.193	1.0	0.050980392156862744	0.050980392156862744
G	C1'_2	235.255	253.022	226.057	0.5647058823529412	0.5647058823529412	0.5647058823529412
G	N9_2	236.492	253.754	225.778	0.18823529411764706	0.3137254901960784	0.9725490196078431
G	C8_2	236.698	255.115	225.864	0.5647058823529412	0.5647058823529412	0.5647058823529412
G	N7_2	237.919	255.471	225.561	0.18823529411764706	0.3137254901960784	0.9725490196078431
G	C5_2	238.561	254.275	225.257	0.5647058823529412	0.5647058823529412	0.5647058823529412
G	C6_2	239.911	254.023	224.864	0.5647058823529412	0.5647058823529412	0.5647058823529412
G	O6_2	240.833	254.835	224.7	1.0	0.050980392156862744	0.050980392156862744
G	N1_2	240.138	252.665	224.658	0.18823529411764706	0.3137254901960784	0.9725490196078431
G	C2_2	239.199	251.674	224.806	0.5647058823529412	0.5647058823529412	0.5647058823529412
G	N2_2	239.615	250.424	224.548	0.18823529411764706	0.3137254901960784	0.9725490196078431
G	N3_2	237.942	251.891	225.175	0.18823529411764706	0.3137254901960784	0.9725490196078431
G	C4_2	237.694	253.205	225.381	0.5647058823529412	0.5647058823529412	0.5647058823529412
