G	P_1	238.116	125.18	163.63	1.0	0.5019607843137255	0.0
G	OP1_1	237.312	124.712	164.795	1.0	0.050980392156862744	0.050980392156862744
G	OP2_1	239.583	124.936	163.606	1.0	0.050980392156862744	0.050980392156862744
G	O5'_1	237.482	124.555	162.306	1.0	0.050980392156862744	0.050980392156862744
G	C5'_1	236.06	124.628	162.063	0.5647058823529412	0.5647058823529412	0.5647058823529412
G	C4'_1	235.724	124.096	160.683	0.5647058823529412	0.5647058823529412	0.5647058823529412
G	O4'_1	236.334	124.928	159.66	1.0	0.050980392156862744	0.050980392156862744
G	C3'_1	236.219	122.699	160.341	0.5647058823529412	0.5647058823529412	0.5647058823529412
G	O3'_1	235.381	121.699	160.92	1.0	0.050980392156862744	0.050980392156862744
G	C2'_1	236.161	122.705	158.814	0.5647058823529412	0.5647058823529412	0.5647058823529412
G	O2'_1	234.859	122.479	158.314	1.0	0.050980392156862744	0.050980392156862744
G	C1'_1	236.568	124.148	158.497	0.5647058823529412	0.5647058823529412	0.5647058823529412
G	N9_1	237.953	124.337	158.065	0.18823529411764706	0.3137254901960784	0.9725490196078431
G	C8_1	239.013	124.788	158.819	0.5647058823529412	0.5647058823529412	0.5647058823529412
G	N7_1	240.126	124.878	158.139	0.18823529411764706	0.3137254901960784	0.9725490196078431
G	C5_1	239.785	124.457	156.859	0.5647058823529412	0.5647058823529412	0.5647058823529412
G	C6_1	240.579	124.34	155.683	0.5647058823529412	0.5647058823529412	0.5647058823529412
G	O6_1	241.779	124.601	155.536	1.0	0.050980392156862744	0.050980392156862744
G	N1_1	239.834	123.863	154.606	0.18823529411764706	0.3137254901960784	0.9725490196078431
G	C2_1	238.497	123.541	154.652	0.5647058823529412	0.5647058823529412	0.5647058823529412
G	N2_1	237.951	123.09	153.511	0.18823529411764706	0.3137254901960784	0.9725490196078431
G	N3_1	237.746	123.65	155.74	0.18823529411764706	0.3137254901960784	0.9725490196078431
G	C4_1	238.449	124.11	156.798	0.5647058823529412	0.5647058823529412	0.5647058823529412
U	P_2	244.653	126.2	145.557	1.0	0.5019607843137255	0.0
U	OP1_2	244.169	126.364	144.156	1.0	0.050980392156862744	0.050980392156862744
U	OP2_2	244.883	127.404	146.404	1.0	0.050980392156862744	0.050980392156862744
U	O5'_2	243.655	125.228	146.334	1.0	0.050980392156862744	0.050980392156862744
U	C5'_2	243.221	123.987	145.738	0.5647058823529412	0.5647058823529412	0.5647058823529412
U	C4'_2	242.05	123.421	146.502	0.5647058823529412	0.5647058823529412	0.5647058823529412
U	O4'_2	242.5	122.777	147.721	1.0	0.050980392156862744	0.050980392156862744
U	C3'_2	241.033	124.444	146.973	0.5647058823529412	0.5647058823529412	0.5647058823529412
U	O3'_2	240.163	124.833	145.918	1.0	0.050980392156862744	0.050980392156862744
U	C2'_2	240.335	123.709	148.109	0.5647058823529412	0.5647058823529412	0.5647058823529412
U	O2'_2	239.352	122.799	147.659	1.0	0.050980392156862744	0.050980392156862744
U	C1'_2	241.506	122.93	148.727	0.5647058823529412	0.5647058823529412	0.5647058823529412
U	N1_2	242.115	123.572	149.904	0.18823529411764706	0.3137254901960784	0.9725490196078431
U	C2_2	241.489	123.404	151.137	0.5647058823529412	0.5647058823529412	0.5647058823529412
U	O2_2	240.475	122.741	151.284	1.0	0.050980392156862744	0.050980392156862744
U	N3_2	242.103	124.04	152.185	0.18823529411764706	0.3137254901960784	0.9725490196078431
U	C4_2	243.257	124.805	152.135	0.5647058823529412	0.5647058823529412	0.5647058823529412
U	O4_2	243.67	125.341	153.164	1.0	0.050980392156862744	0.050980392156862744
U	C5_2	243.849	124.919	150.837	0.5647058823529412	0.5647058823529412	0.5647058823529412
U	C6_2	243.271	124.317	149.792	0.5647058823529412	0.5647058823529412	0.5647058823529412
