U	P_1	233.393	285.746	175.118	1.0	0.5019607843137255	0.0
U	OP1_1	233.357	286.309	173.736	1.0	0.050980392156862744	0.050980392156862744
U	OP2_1	234.676	285.722	175.869	1.0	0.050980392156862744	0.050980392156862744
U	O5'_1	232.324	286.537	175.998	1.0	0.050980392156862744	0.050980392156862744
U	C5'_1	230.97	286.725	175.534	0.5647058823529412	0.5647058823529412	0.5647058823529412
U	C4'_1	230.121	287.33	176.629	0.5647058823529412	0.5647058823529412	0.5647058823529412
U	O4'_1	230.141	286.451	177.784	1.0	0.050980392156862744	0.050980392156862744
U	C3'_1	230.588	288.674	177.165	0.5647058823529412	0.5647058823529412	0.5647058823529412
U	O3'_1	230.115	289.736	176.339	1.0	0.050980392156862744	0.050980392156862744
U	C2'_1	229.987	288.695	178.566	0.5647058823529412	0.5647058823529412	0.5647058823529412
U	O2'_1	228.615	289.034	178.565	1.0	0.050980392156862744	0.050980392156862744
U	C1'_1	230.134	287.226	178.974	0.5647058823529412	0.5647058823529412	0.5647058823529412
U	N1_1	231.35	286.907	179.743	0.18823529411764706	0.3137254901960784	0.9725490196078431
U	C2_1	231.287	287.022	181.121	0.5647058823529412	0.5647058823529412	0.5647058823529412
U	O2_1	230.29	287.401	181.712	1.0	0.050980392156862744	0.050980392156862744
U	N3_1	232.439	286.677	181.781	0.18823529411764706	0.3137254901960784	0.9725490196078431
U	C4_1	233.625	286.242	181.219	0.5647058823529412	0.5647058823529412	0.5647058823529412
U	O4_1	234.569	285.949	181.953	1.0	0.050980392156862744	0.050980392156862744
U	C5_1	233.617	286.165	179.791	0.5647058823529412	0.5647058823529412	0.5647058823529412
U	C6_1	232.51	286.494	179.12	0.5647058823529412	0.5647058823529412	0.5647058823529412
G	P_2	232.06	287.422	192.814	1.0	0.5019607843137255	0.0
G	OP1_2	231.766	286.898	194.176	1.0	0.050980392156862744	0.050980392156862744
G	OP2_2	233.038	286.708	191.951	1.0	0.050980392156862744	0.050980392156862744
G	O5'_2	230.685	287.536	192.01	1.0	0.050980392156862744	0.050980392156862744
G	C5'_2	229.57	288.279	192.548	0.5647058823529412	0.5647058823529412	0.5647058823529412
G	C4'_2	228.67	288.765	191.432	0.5647058823529412	0.5647058823529412	0.5647058823529412
G	O4'_2	229.444	289.584	190.51	1.0	0.050980392156862744	0.050980392156862744
G	C3'_2	228.051	287.703	190.534	0.5647058823529412	0.5647058823529412	0.5647058823529412
G	O3'_2	226.896	287.092	191.117	1.0	0.050980392156862744	0.050980392156862744
G	C2'_2	227.714	288.511	189.287	0.5647058823529412	0.5647058823529412	0.5647058823529412
G	O2'_2	226.543	289.291	189.431	1.0	0.050980392156862744	0.050980392156862744
G	C1'_2	228.929	289.436	189.196	0.5647058823529412	0.5647058823529412	0.5647058823529412
G	N9_2	229.97	288.869	188.343	0.18823529411764706	0.3137254901960784	0.9725490196078431
G	C8_2	231.168	288.315	188.734	0.5647058823529412	0.5647058823529412	0.5647058823529412
G	N7_2	231.871	287.854	187.734	0.18823529411764706	0.3137254901960784	0.9725490196078431
G	C5_2	231.095	288.128	186.614	0.5647058823529412	0.5647058823529412	0.5647058823529412
G	C6_2	231.331	287.851	185.245	0.5647058823529412	0.5647058823529412	0.5647058823529412
G	O6_2	232.305	287.289	184.733	1.0	0.050980392156862744	0.050980392156862744
G	N1_2	230.284	288.3	184.445	0.18823529411764706	0.3137254901960784	0.9725490196078431
G	C2_2	229.154	288.934	184.903	0.5647058823529412	0.5647058823529412	0.5647058823529412
G	N2_2	228.256	289.303	183.974	0.18823529411764706	0.3137254901960784	0.9725490196078431
G	N3_2	228.92	289.191	186.178	0.18823529411764706	0.3137254901960784	0.9725490196078431
G	C4_2	229.924	288.764	186.972	0.5647058823529412	0.5647058823529412	0.5647058823529412
