G	P_1	169.254	111.634	163.553	1.0	0.5019607843137255	0.0
G	OP1_1	170.362	112.024	164.469	1.0	0.050980392156862744	0.050980392156862744
G	OP2_1	167.981	112.409	163.563	1.0	0.050980392156862744	0.050980392156862744
G	O5'_1	169.799	111.591	162.052	1.0	0.050980392156862744	0.050980392156862744
G	C5'_1	170.988	112.301	161.641	0.5647058823529412	0.5647058823529412	0.5647058823529412
G	C4'_1	171.925	111.364	160.905	0.5647058823529412	0.5647058823529412	0.5647058823529412
G	O4'_1	171.167	110.513	160.008	1.0	0.050980392156862744	0.050980392156862744
G	C3'_1	172.978	112.011	160.014	0.5647058823529412	0.5647058823529412	0.5647058823529412
G	O3'_1	174.127	112.425	160.759	1.0	0.050980392156862744	0.050980392156862744
G	C2'_1	173.316	110.886	159.039	0.5647058823529412	0.5647058823529412	0.5647058823529412
G	O2'_1	174.24	109.955	159.563	1.0	0.050980392156862744	0.050980392156862744
G	C1'_1	171.956	110.199	158.874	0.5647058823529412	0.5647058823529412	0.5647058823529412
G	N9_1	171.217	110.569	157.67	0.18823529411764706	0.3137254901960784	0.9725490196078431
G	C8_1	169.985	111.182	157.605	0.5647058823529412	0.5647058823529412	0.5647058823529412
G	N7_1	169.566	111.368	156.383	0.18823529411764706	0.3137254901960784	0.9725490196078431
G	C5_1	170.581	110.851	155.59	0.5647058823529412	0.5647058823529412	0.5647058823529412
G	C6_1	170.689	110.771	154.182	0.5647058823529412	0.5647058823529412	0.5647058823529412
G	O6_1	169.877	111.151	153.327	1.0	0.050980392156862744	0.050980392156862744
G	N1_1	171.889	110.176	153.792	0.18823529411764706	0.3137254901960784	0.9725490196078431
G	C2_1	172.86	109.715	154.651	0.5647058823529412	0.5647058823529412	0.5647058823529412
G	N2_1	173.95	109.171	154.08	0.18823529411764706	0.3137254901960784	0.9725490196078431
G	N3_1	172.768	109.781	155.971	0.18823529411764706	0.3137254901960784	0.9725490196078431
G	C4_1	171.611	110.357	156.369	0.5647058823529412	0.5647058823529412	0.5647058823529412
U	P_2	169.776	110.849	143.117	1.0	0.5019607843137255	0.0
U	OP1_2	170.157	109.999	141.952	1.0	0.050980392156862744	0.050980392156862744
U	OP2_2	168.337	111.107	143.398	1.0	0.050980392156862744	0.050980392156862744
U	O5'_2	170.439	110.23	144.432	1.0	0.050980392156862744	0.050980392156862744
U	C5'_2	171.859	109.982	144.493	0.5647058823529412	0.5647058823529412	0.5647058823529412
U	C4'_2	172.293	109.681	145.913	0.5647058823529412	0.5647058823529412	0.5647058823529412
U	O4'_2	172.028	110.822	146.773	1.0	0.050980392156862744	0.050980392156862744
U	C3'_2	171.608	108.534	146.64	0.5647058823529412	0.5647058823529412	0.5647058823529412
U	O3'_2	172.117	107.268	146.229	1.0	0.050980392156862744	0.050980392156862744
U	C2'_2	171.951	108.841	148.094	0.5647058823529412	0.5647058823529412	0.5647058823529412
U	O2'_2	173.273	108.478	148.435	1.0	0.050980392156862744	0.050980392156862744
U	C1'_2	171.849	110.368	148.108	0.5647058823529412	0.5647058823529412	0.5647058823529412
U	N1_2	170.564	110.862	148.629	0.18823529411764706	0.3137254901960784	0.9725490196078431
U	C2_2	170.456	111.039	150.006	0.5647058823529412	0.5647058823529412	0.5647058823529412
U	O2_2	171.377	110.818	150.78	1.0	0.050980392156862744	0.050980392156862744
U	N3_2	169.23	111.484	150.438	0.18823529411764706	0.3137254901960784	0.9725490196078431
U	C4_2	168.127	111.77	149.659	0.5647058823529412	0.5647058823529412	0.5647058823529412
U	O4_2	167.086	112.145	150.203	1.0	0.050980392156862744	0.050980392156862744
U	C5_2	168.318	111.575	148.251	0.5647058823529412	0.5647058823529412	0.5647058823529412
U	C6_2	169.497	111.138	147.795	0.5647058823529412	0.5647058823529412	0.5647058823529412
