U	P_1	174.872	120.494	185.35	1.0	0.5019607843137255	0.0
U	OP1_1	175.884	120.026	184.366	1.0	0.050980392156862744	0.050980392156862744
U	OP2_1	174.159	121.779	185.11	1.0	0.050980392156862744	0.050980392156862744
U	O5'_1	173.776	119.35	185.531	1.0	0.050980392156862744	0.050980392156862744
U	C5'_1	174.132	118.041	186.019	0.5647058823529412	0.5647058823529412	0.5647058823529412
U	C4'_1	172.911	117.34	186.573	0.5647058823529412	0.5647058823529412	0.5647058823529412
U	O4'_1	172.381	118.118	187.679	1.0	0.050980392156862744	0.050980392156862744
U	C3'_1	171.735	117.186	185.615	0.5647058823529412	0.5647058823529412	0.5647058823529412
U	O3'_1	171.883	116.015	184.806	1.0	0.050980392156862744	0.050980392156862744
U	C2'_1	170.545	117.078	186.564	0.5647058823529412	0.5647058823529412	0.5647058823529412
U	O2'_1	170.399	115.778	187.098	1.0	0.050980392156862744	0.050980392156862744
U	C1'_1	170.964	118.028	187.691	0.5647058823529412	0.5647058823529412	0.5647058823529412
U	N1_1	170.401	119.387	187.617	0.18823529411764706	0.3137254901960784	0.9725490196078431
U	C2_1	169.175	119.608	188.227	0.5647058823529412	0.5647058823529412	0.5647058823529412
U	O2_1	168.545	118.729	188.791	1.0	0.050980392156862744	0.050980392156862744
U	N3_1	168.715	120.898	188.149	0.18823529411764706	0.3137254901960784	0.9725490196078431
U	C4_1	169.335	121.967	187.533	0.5647058823529412	0.5647058823529412	0.5647058823529412
U	O4_1	168.803	123.078	187.574	1.0	0.050980392156862744	0.050980392156862744
U	C5_1	170.586	121.659	186.914	0.5647058823529412	0.5647058823529412	0.5647058823529412
U	C6_1	171.066	120.41	186.975	0.5647058823529412	0.5647058823529412	0.5647058823529412
G	P_2	159.324	123.876	192.453	1.0	0.5019607843137255	0.0
G	OP1_2	158.562	124.006	193.73	1.0	0.050980392156862744	0.050980392156862744
G	OP2_2	160.624	124.584	192.298	1.0	0.050980392156862744	0.050980392156862744
G	O5'_2	159.569	122.325	192.173	1.0	0.050980392156862744	0.050980392156862744
G	C5'_2	158.513	121.361	192.362	0.5647058823529412	0.5647058823529412	0.5647058823529412
G	C4'_2	159.062	119.953	192.269	0.5647058823529412	0.5647058823529412	0.5647058823529412
G	O4'_2	159.623	119.744	190.944	1.0	0.050980392156862744	0.050980392156862744
G	C3'_2	160.208	119.609	193.212	0.5647058823529412	0.5647058823529412	0.5647058823529412
G	O3'_2	159.745	119.248	194.514	1.0	0.050980392156862744	0.050980392156862744
G	C2'_2	160.87	118.439	192.495	0.5647058823529412	0.5647058823529412	0.5647058823529412
G	O2'_2	160.178	117.22	192.672	1.0	0.050980392156862744	0.050980392156862744
G	C1'_2	160.743	118.873	191.033	0.5647058823529412	0.5647058823529412	0.5647058823529412
G	N9_2	161.926	119.574	190.541	0.18823529411764706	0.3137254901960784	0.9725490196078431
G	C8_2	162.102	120.934	190.433	0.5647058823529412	0.5647058823529412	0.5647058823529412
G	N7_2	163.269	121.264	189.952	0.18823529411764706	0.3137254901960784	0.9725490196078431
G	C5_2	163.906	120.051	189.729	0.5647058823529412	0.5647058823529412	0.5647058823529412
G	C6_2	165.195	119.777	189.213	0.5647058823529412	0.5647058823529412	0.5647058823529412
G	O6_2	166.054	120.578	188.832	1.0	0.050980392156862744	0.050980392156862744
G	N1_2	165.446	118.408	189.159	0.18823529411764706	0.3137254901960784	0.9725490196078431
G	C2_2	164.568	117.429	189.549	0.5647058823529412	0.5647058823529412	0.5647058823529412
G	N2_2	164.998	116.161	189.422	0.18823529411764706	0.3137254901960784	0.9725490196078431
G	N3_2	163.356	117.672	190.03	0.18823529411764706	0.3137254901960784	0.9725490196078431
G	C4_2	163.094	118.997	190.092	0.5647058823529412	0.5647058823529412	0.5647058823529412
