U	P_1	280.749	130.955	233.737	1.0	0.5019607843137255	0.0
U	OP1_1	281.033	130.02	232.608	1.0	0.050980392156862744	0.050980392156862744
U	OP2_1	281.849	131.79	234.293	1.0	0.050980392156862744	0.050980392156862744
U	O5'_1	279.562	131.928	233.295	1.0	0.050980392156862744	0.050980392156862744
U	C5'_1	278.428	131.43	232.554	0.5647058823529412	0.5647058823529412	0.5647058823529412
U	C4'_1	277.375	132.508	232.4	0.5647058823529412	0.5647058823529412	0.5647058823529412
U	O4'_1	276.86	132.879	233.708	1.0	0.050980392156862744	0.050980392156862744
U	C3'_1	277.817	133.839	231.804	0.5647058823529412	0.5647058823529412	0.5647058823529412
U	O3'_1	277.926	133.808	230.385	1.0	0.050980392156862744	0.050980392156862744
U	C2'_1	276.713	134.777	232.275	0.5647058823529412	0.5647058823529412	0.5647058823529412
U	O2'_1	275.525	134.669	231.519	1.0	0.050980392156862744	0.050980392156862744
U	C1'_1	276.463	134.246	233.688	0.5647058823529412	0.5647058823529412	0.5647058823529412
U	N1_1	277.238	134.995	234.69	0.18823529411764706	0.3137254901960784	0.9725490196078431
U	C2_1	276.609	136.066	235.314	0.5647058823529412	0.5647058823529412	0.5647058823529412
U	O2_1	275.449	136.38	235.092	1.0	0.050980392156862744	0.050980392156862744
U	N3_1	277.394	136.75	236.207	0.18823529411764706	0.3137254901960784	0.9725490196078431
U	C4_1	278.71	136.482	236.539	0.5647058823529412	0.5647058823529412	0.5647058823529412
U	O4_1	279.292	137.221	237.336	1.0	0.050980392156862744	0.050980392156862744
U	C5_1	279.284	135.354	235.868	0.5647058823529412	0.5647058823529412	0.5647058823529412
U	C6_1	278.547	134.663	234.99	0.5647058823529412	0.5647058823529412	0.5647058823529412
G	P_2	270.384	145.589	240.306	1.0	0.5019607843137255	0.0
G	OP1_2	269.092	146.169	240.775	1.0	0.050980392156862744	0.050980392156862744
G	OP2_2	271.238	144.832	241.263	1.0	0.050980392156862744	0.050980392156862744
G	O5'_2	270.092	144.664	239.042	1.0	0.050980392156862744	0.050980392156862744
G	C5'_2	269.298	145.155	237.945	0.5647058823529412	0.5647058823529412	0.5647058823529412
G	C4'_2	269.165	144.096	236.877	0.5647058823529412	0.5647058823529412	0.5647058823529412
G	O4'_2	270.433	143.909	236.19	1.0	0.050980392156862744	0.050980392156862744
G	C3'_2	268.811	142.696	237.355	0.5647058823529412	0.5647058823529412	0.5647058823529412
G	O3'_2	267.419	142.563	237.651	1.0	0.050980392156862744	0.050980392156862744
G	C2'_2	269.248	141.841	236.17	0.5647058823529412	0.5647058823529412	0.5647058823529412
G	O2'_2	268.31	141.844	235.111	1.0	0.050980392156862744	0.050980392156862744
G	C1'_2	270.521	142.57	235.725	0.5647058823529412	0.5647058823529412	0.5647058823529412
G	N9_2	271.75	141.966	236.232	0.18823529411764706	0.3137254901960784	0.9725490196078431
G	C8_2	272.505	142.379	237.306	0.5647058823529412	0.5647058823529412	0.5647058823529412
G	N7_2	273.551	141.626	237.518	0.18823529411764706	0.3137254901960784	0.9725490196078431
G	C5_2	273.486	140.658	236.524	0.5647058823529412	0.5647058823529412	0.5647058823529412
G	C6_2	274.35	139.562	236.249	0.5647058823529412	0.5647058823529412	0.5647058823529412
G	O6_2	275.377	139.219	236.85	1.0	0.050980392156862744	0.050980392156862744
G	N1_2	273.913	138.832	235.146	0.18823529411764706	0.3137254901960784	0.9725490196078431
G	C2_2	272.789	139.114	234.403	0.5647058823529412	0.5647058823529412	0.5647058823529412
G	N2_2	272.535	138.291	233.372	0.18823529411764706	0.3137254901960784	0.9725490196078431
G	N3_2	271.975	140.13	234.652	0.18823529411764706	0.3137254901960784	0.9725490196078431
G	C4_2	272.382	140.855	235.719	0.5647058823529412	0.5647058823529412	0.5647058823529412
