G	P_1	177.552	216.427	200.722	1.0	0.5019607843137255	0.0
G	OP1_1	177.569	215.25	201.643	1.0	0.050980392156862744	0.050980392156862744
G	OP2_1	176.581	216.461	199.591	1.0	0.050980392156862744	0.050980392156862744
G	O5'_1	177.362	217.756	201.589	1.0	0.050980392156862744	0.050980392156862744
G	C5'_1	178.07	217.927	202.834	0.5647058823529412	0.5647058823529412	0.5647058823529412
G	C4'_1	177.652	219.207	203.53	0.5647058823529412	0.5647058823529412	0.5647058823529412
G	O4'_1	178.101	220.366	202.78	1.0	0.050980392156862744	0.050980392156862744
G	C3'_1	176.164	219.481	203.675	0.5647058823529412	0.5647058823529412	0.5647058823529412
G	O3'_1	175.55	218.693	204.693	1.0	0.050980392156862744	0.050980392156862744
G	C2'_1	176.165	220.967	204.029	0.5647058823529412	0.5647058823529412	0.5647058823529412
G	O2'_1	176.487	221.212	205.384	1.0	0.050980392156862744	0.050980392156862744
G	C1'_1	177.309	221.49	203.152	0.5647058823529412	0.5647058823529412	0.5647058823529412
G	N9_1	176.849	222.191	201.951	0.18823529411764706	0.3137254901960784	0.9725490196078431
G	C8_1	176.811	221.712	200.657	0.5647058823529412	0.5647058823529412	0.5647058823529412
G	N7_1	176.329	222.577	199.801	0.18823529411764706	0.3137254901960784	0.9725490196078431
G	C5_1	176.032	223.698	200.571	0.5647058823529412	0.5647058823529412	0.5647058823529412
G	C6_1	175.481	224.956	200.193	0.5647058823529412	0.5647058823529412	0.5647058823529412
G	O6_1	175.134	225.337	199.067	1.0	0.050980392156862744	0.050980392156862744
G	N1_1	175.348	225.81	201.287	0.18823529411764706	0.3137254901960784	0.9725490196078431
G	C2_1	175.696	225.496	202.581	0.5647058823529412	0.5647058823529412	0.5647058823529412
G	N2_1	175.484	226.459	203.5	0.18823529411764706	0.3137254901960784	0.9725490196078431
G	N3_1	176.211	224.324	202.949	0.18823529411764706	0.3137254901960784	0.9725490196078431
G	C4_1	176.35	223.48	201.899	0.5647058823529412	0.5647058823529412	0.5647058823529412
U	P_2	173.68	234.661	195.518	1.0	0.5019607843137255	0.0
U	OP1_2	174.12	236.069	195.752	1.0	0.050980392156862744	0.050980392156862744
U	OP2_2	174.153	233.933	194.311	1.0	0.050980392156862744	0.050980392156862744
U	O5'_2	174.062	233.791	196.802	1.0	0.050980392156862744	0.050980392156862744
U	C5'_2	173.858	234.313	198.131	0.5647058823529412	0.5647058823529412	0.5647058823529412
U	C4'_2	174.243	233.288	199.179	0.5647058823529412	0.5647058823529412	0.5647058823529412
U	O4'_2	173.379	232.121	199.076	1.0	0.050980392156862744	0.050980392156862744
U	C3'_2	175.654	232.715	199.131	0.5647058823529412	0.5647058823529412	0.5647058823529412
U	O3'_2	176.609	233.608	199.715	1.0	0.050980392156862744	0.050980392156862744
U	C2'_2	175.492	231.43	199.939	0.5647058823529412	0.5647058823529412	0.5647058823529412
U	O2'_2	175.485	231.65	201.336	1.0	0.050980392156862744	0.050980392156862744
U	C1'_2	174.093	230.971	199.508	0.5647058823529412	0.5647058823529412	0.5647058823529412
U	N1_2	174.123	229.982	198.418	0.18823529411764706	0.3137254901960784	0.9725490196078431
U	C2_2	174.4	228.654	198.756	0.5647058823529412	0.5647058823529412	0.5647058823529412
U	O2_2	174.579	228.278	199.911	1.0	0.050980392156862744	0.050980392156862744
U	N3_2	174.454	227.79	197.687	0.18823529411764706	0.3137254901960784	0.9725490196078431
U	C4_2	174.26	228.101	196.348	0.5647058823529412	0.5647058823529412	0.5647058823529412
U	O4_2	174.417	227.223	195.498	1.0	0.050980392156862744	0.050980392156862744
U	C5_2	173.957	229.478	196.087	0.5647058823529412	0.5647058823529412	0.5647058823529412
U	C6_2	173.901	230.35	197.102	0.5647058823529412	0.5647058823529412	0.5647058823529412
