U	P_1	232.641	126.758	196.668	1.0	0.5019607843137255	0.0
U	OP1_1	231.767	125.593	197.007	1.0	0.050980392156862744	0.050980392156862744
U	OP2_1	234.122	126.624	196.786	1.0	0.050980392156862744	0.050980392156862744
U	O5'_1	232.3	127.243	195.184	1.0	0.050980392156862744	0.050980392156862744
U	C5'_1	230.928	127.334	194.718	0.5647058823529412	0.5647058823529412	0.5647058823529412
U	C4'_1	230.874	127.987	193.349	0.5647058823529412	0.5647058823529412	0.5647058823529412
U	O4'_1	231.353	129.357	193.449	1.0	0.050980392156862744	0.050980392156862744
U	C3'_1	231.748	127.356	192.269	0.5647058823529412	0.5647058823529412	0.5647058823529412
U	O3'_1	231.116	126.222	191.662	1.0	0.050980392156862744	0.050980392156862744
U	C2'_1	231.958	128.519	191.303	0.5647058823529412	0.5647058823529412	0.5647058823529412
U	O2'_1	230.853	128.736	190.449	1.0	0.050980392156862744	0.050980392156862744
U	C1'_1	232.08	129.697	192.275	0.5647058823529412	0.5647058823529412	0.5647058823529412
U	N1_1	233.467	130.026	192.657	0.18823529411764706	0.3137254901960784	0.9725490196078431
U	C2_1	234.129	130.994	191.915	0.5647058823529412	0.5647058823529412	0.5647058823529412
U	O2_1	233.615	131.575	190.969	1.0	0.050980392156862744	0.050980392156862744
U	N3_1	235.413	131.259	192.323	0.18823529411764706	0.3137254901960784	0.9725490196078431
U	C4_1	236.092	130.672	193.369	0.5647058823529412	0.5647058823529412	0.5647058823529412
U	O4_1	237.25	131.011	193.598	1.0	0.050980392156862744	0.050980392156862744
U	C5_1	235.348	129.685	194.088	0.5647058823529412	0.5647058823529412	0.5647058823529412
U	C6_1	234.097	129.4	193.718	0.5647058823529412	0.5647058823529412	0.5647058823529412
G	P_2	242.322	138.417	186.523	1.0	0.5019607843137255	0.0
G	OP1_2	242.561	139.774	185.949	1.0	0.050980392156862744	0.050980392156862744
G	OP2_2	242.4	138.22	188.0	1.0	0.050980392156862744	0.050980392156862744
G	O5'_2	240.887	137.923	186.027	1.0	0.050980392156862744	0.050980392156862744
G	C5'_2	240.585	137.856	184.617	0.5647058823529412	0.5647058823529412	0.5647058823529412
G	C4'_2	239.226	137.235	184.388	0.5647058823529412	0.5647058823529412	0.5647058823529412
G	O4'_2	239.237	135.825	184.731	1.0	0.050980392156862744	0.050980392156862744
G	C3'_2	238.086	137.813	185.209	0.5647058823529412	0.5647058823529412	0.5647058823529412
G	O3'_2	237.62	139.024	184.617	1.0	0.050980392156862744	0.050980392156862744
G	C2'_2	237.055	136.687	185.165	0.5647058823529412	0.5647058823529412	0.5647058823529412
G	O2'_2	236.324	136.651	183.955	1.0	0.050980392156862744	0.050980392156862744
G	C1'_2	237.957	135.448	185.217	0.5647058823529412	0.5647058823529412	0.5647058823529412
G	N9_2	238.116	134.874	186.55	0.18823529411764706	0.3137254901960784	0.9725490196078431
G	C8_2	239.253	134.875	187.327	0.5647058823529412	0.5647058823529412	0.5647058823529412
G	N7_2	239.097	134.26	188.469	0.18823529411764706	0.3137254901960784	0.9725490196078431
G	C5_2	237.776	133.834	188.45	0.5647058823529412	0.5647058823529412	0.5647058823529412
G	C6_2	237.032	133.118	189.419	0.5647058823529412	0.5647058823529412	0.5647058823529412
G	O6_2	237.411	132.694	190.521	1.0	0.050980392156862744	0.050980392156862744
G	N1_2	235.719	132.902	189.003	0.18823529411764706	0.3137254901960784	0.9725490196078431
G	C2_2	235.193	133.316	187.807	0.5647058823529412	0.5647058823529412	0.5647058823529412
G	N2_2	233.902	133.005	187.587	0.18823529411764706	0.3137254901960784	0.9725490196078431
G	N3_2	235.878	133.984	186.89	0.18823529411764706	0.3137254901960784	0.9725490196078431
G	C4_2	237.154	134.207	187.276	0.5647058823529412	0.5647058823529412	0.5647058823529412
