G	P_1	136.039	145.815	169.865	1.0	0.5019607843137255	0.0
G	OP1_1	134.572	146.076	169.818	1.0	0.050980392156862744	0.050980392156862744
G	OP2_1	136.99	146.956	169.767	1.0	0.050980392156862744	0.050980392156862744
G	O5'_1	136.355	145.013	171.205	1.0	0.050980392156862744	0.050980392156862744
G	C5'_1	135.584	143.852	171.573	0.5647058823529412	0.5647058823529412	0.5647058823529412
G	C4'_1	136.056	143.319	172.905	0.5647058823529412	0.5647058823529412	0.5647058823529412
G	O4'_1	137.398	142.781	172.775	1.0	0.050980392156862744	0.050980392156862744
G	C3'_1	136.174	144.36	174.005	0.5647058823529412	0.5647058823529412	0.5647058823529412
G	O3'_1	134.907	144.58	174.617	1.0	0.050980392156862744	0.050980392156862744
G	C2'_1	137.182	143.727	174.96	0.5647058823529412	0.5647058823529412	0.5647058823529412
G	O2'_1	136.593	142.79	175.84	1.0	0.050980392156862744	0.050980392156862744
G	C1'_1	138.113	142.993	173.984	0.5647058823529412	0.5647058823529412	0.5647058823529412
G	N9_1	139.362	143.688	173.68	0.18823529411764706	0.3137254901960784	0.9725490196078431
G	C8_1	139.643	144.466	172.579	0.5647058823529412	0.5647058823529412	0.5647058823529412
G	N7_1	140.862	144.935	172.58	0.18823529411764706	0.3137254901960784	0.9725490196078431
G	C5_1	141.418	144.443	173.753	0.5647058823529412	0.5647058823529412	0.5647058823529412
G	C6_1	142.716	144.613	174.294	0.5647058823529412	0.5647058823529412	0.5647058823529412
G	O6_1	143.665	145.255	173.828	1.0	0.050980392156862744	0.050980392156862744
G	N1_1	142.859	143.938	175.503	0.18823529411764706	0.3137254901960784	0.9725490196078431
G	C2_1	141.879	143.194	176.114	0.5647058823529412	0.5647058823529412	0.5647058823529412
G	N2_1	142.214	142.61	177.276	0.18823529411764706	0.3137254901960784	0.9725490196078431
G	N3_1	140.661	143.031	175.622	0.18823529411764706	0.3137254901960784	0.9725490196078431
G	C4_1	140.503	143.677	174.446	0.5647058823529412	0.5647058823529412	0.5647058823529412
U	P_2	150.584	142.938	180.049	1.0	0.5019607843137255	0.0
U	OP1_2	151.838	142.427	180.675	1.0	0.050980392156862744	0.050980392156862744
U	OP2_2	150.495	143.05	178.568	1.0	0.050980392156862744	0.050980392156862744
U	O5'_2	149.374	142.021	180.532	1.0	0.050980392156862744	0.050980392156862744
U	C5'_2	149.444	141.272	181.764	0.5647058823529412	0.5647058823529412	0.5647058823529412
U	C4'_2	148.113	140.612	182.041	0.5647058823529412	0.5647058823529412	0.5647058823529412
U	O4'_2	147.106	141.648	182.202	1.0	0.050980392156862744	0.050980392156862744
U	C3'_2	147.575	139.727	180.923	0.5647058823529412	0.5647058823529412	0.5647058823529412
U	O3'_2	148.099	138.402	180.999	1.0	0.050980392156862744	0.050980392156862744
U	C2'_2	146.07	139.768	181.163	0.5647058823529412	0.5647058823529412	0.5647058823529412
U	O2'_2	145.65	138.886	182.186	1.0	0.050980392156862744	0.050980392156862744
U	C1'_2	145.879	141.212	181.637	0.5647058823529412	0.5647058823529412	0.5647058823529412
U	N1_2	145.483	142.165	180.587	0.18823529411764706	0.3137254901960784	0.9725490196078431
U	C2_2	144.182	142.65	180.613	0.5647058823529412	0.5647058823529412	0.5647058823529412
U	O2_2	143.359	142.303	181.447	1.0	0.050980392156862744	0.050980392156862744
U	N3_2	143.884	143.556	179.623	0.18823529411764706	0.3137254901960784	0.9725490196078431
U	C4_2	144.727	144.013	178.628	0.5647058823529412	0.5647058823529412	0.5647058823529412
U	O4_2	144.315	144.856	177.828	1.0	0.050980392156862744	0.050980392156862744
U	C5_2	146.047	143.46	178.659	0.5647058823529412	0.5647058823529412	0.5647058823529412
U	C6_2	146.374	142.577	179.611	0.5647058823529412	0.5647058823529412	0.5647058823529412
