U	P_1	154.527	231.244	149.469	1.0	0.5019607843137255	0.0
U	OP1_1	153.045	231.118	149.357	1.0	0.050980392156862744	0.050980392156862744
U	OP2_1	155.347	230.034	149.753	1.0	0.050980392156862744	0.050980392156862744
U	O5'_1	155.087	231.911	148.134	1.0	0.050980392156862744	0.050980392156862744
U	C5'_1	154.565	233.17	147.66	0.5647058823529412	0.5647058823529412	0.5647058823529412
U	C4'_1	155.485	233.762	146.617	0.5647058823529412	0.5647058823529412	0.5647058823529412
U	O4'_1	156.738	234.165	147.238	1.0	0.050980392156862744	0.050980392156862744
U	C3'_1	155.918	232.82	145.504	0.5647058823529412	0.5647058823529412	0.5647058823529412
U	O3'_1	154.925	232.654	144.497	1.0	0.050980392156862744	0.050980392156862744
U	C2'_1	157.19	233.487	145.0	0.5647058823529412	0.5647058823529412	0.5647058823529412
U	O2'_1	156.94	234.591	144.155	1.0	0.050980392156862744	0.050980392156862744
U	C1'_1	157.808	233.966	146.318	0.5647058823529412	0.5647058823529412	0.5647058823529412
U	N1_1	158.753	232.986	146.886	0.18823529411764706	0.3137254901960784	0.9725490196078431
U	C2_1	160.081	233.04	146.465	0.5647058823529412	0.5647058823529412	0.5647058823529412
U	O2_1	160.497	233.866	145.665	1.0	0.050980392156862744	0.050980392156862744
U	N3_1	160.899	232.086	147.018	0.18823529411764706	0.3137254901960784	0.9725490196078431
U	C4_1	160.544	231.103	147.924	0.5647058823529412	0.5647058823529412	0.5647058823529412
U	O4_1	161.398	230.305	148.312	1.0	0.050980392156862744	0.050980392156862744
U	C5_1	159.165	231.115	148.316	0.5647058823529412	0.5647058823529412	0.5647058823529412
U	C6_1	158.339	232.032	147.801	0.5647058823529412	0.5647058823529412	0.5647058823529412
G	P_2	173.808	230.307	143.958	1.0	0.5019607843137255	0.0
G	OP1_2	175.271	230.401	143.689	1.0	0.050980392156862744	0.050980392156862744
G	OP2_2	173.335	229.727	145.247	1.0	0.050980392156862744	0.050980392156862744
G	O5'_2	173.194	231.771	143.787	1.0	0.050980392156862744	0.050980392156862744
G	C5'_2	171.959	232.146	144.435	0.5647058823529412	0.5647058823529412	0.5647058823529412
G	C4'_2	170.871	232.358	143.407	0.5647058823529412	0.5647058823529412	0.5647058823529412
G	O4'_2	169.795	231.43	143.673	1.0	0.050980392156862744	0.050980392156862744
G	C3'_2	170.175	233.715	143.419	0.5647058823529412	0.5647058823529412	0.5647058823529412
G	O3'_2	170.929	234.666	142.659	1.0	0.050980392156862744	0.050980392156862744
G	C2'_2	168.843	233.41	142.728	0.5647058823529412	0.5647058823529412	0.5647058823529412
G	O2'_2	168.939	233.449	141.317	1.0	0.050980392156862744	0.050980392156862744
G	C1'_2	168.59	231.954	143.147	0.5647058823529412	0.5647058823529412	0.5647058823529412
G	N9_2	167.504	231.675	144.087	0.18823529411764706	0.3137254901960784	0.9725490196078431
G	C8_2	167.547	230.803	145.152	0.5647058823529412	0.5647058823529412	0.5647058823529412
G	N7_2	166.415	230.722	145.8	0.18823529411764706	0.3137254901960784	0.9725490196078431
G	C5_2	165.568	231.599	145.13	0.5647058823529412	0.5647058823529412	0.5647058823529412
G	C6_2	164.205	231.932	145.377	0.5647058823529412	0.5647058823529412	0.5647058823529412
G	O6_2	163.454	231.496	146.26	1.0	0.050980392156862744	0.050980392156862744
G	N1_2	163.734	232.872	144.462	0.18823529411764706	0.3137254901960784	0.9725490196078431
G	C2_2	164.475	233.421	143.44	0.5647058823529412	0.5647058823529412	0.5647058823529412
G	N2_2	163.84	234.323	142.669	0.18823529411764706	0.3137254901960784	0.9725490196078431
G	N3_2	165.744	233.113	143.193	0.18823529411764706	0.3137254901960784	0.9725490196078431
G	C4_2	166.225	232.203	144.073	0.5647058823529412	0.5647058823529412	0.5647058823529412
