U	P_1	176.66	285.176	251.656	1.0	0.5019607843137255	0.0
U	OP1_1	176.848	286.582	252.107	1.0	0.050980392156862744	0.050980392156862744
U	OP2_1	175.349	284.754	251.09	1.0	0.050980392156862744	0.050980392156862744
U	O5'_1	177.792	284.84	250.587	1.0	0.050980392156862744	0.050980392156862744
U	C5'_1	179.178	285.127	250.856	0.5647058823529412	0.5647058823529412	0.5647058823529412
U	C4'_1	180.065	284.348	249.911	0.5647058823529412	0.5647058823529412	0.5647058823529412
U	O4'_1	179.917	282.925	250.171	1.0	0.050980392156862744	0.050980392156862744
U	C3'_1	179.734	284.488	248.431	0.5647058823529412	0.5647058823529412	0.5647058823529412
U	O3'_1	180.288	285.679	247.871	1.0	0.050980392156862744	0.050980392156862744
U	C2'_1	180.333	283.215	247.845	0.5647058823529412	0.5647058823529412	0.5647058823529412
U	O2'_1	181.734	283.289	247.676	1.0	0.050980392156862744	0.050980392156862744
U	C1'_1	180.023	282.203	248.951	0.5647058823529412	0.5647058823529412	0.5647058823529412
U	N1_1	178.775	281.45	248.735	0.18823529411764706	0.3137254901960784	0.9725490196078431
U	C2_1	178.869	280.192	248.164	0.5647058823529412	0.5647058823529412	0.5647058823529412
U	O2_1	179.93	279.69	247.831	1.0	0.050980392156862744	0.050980392156862744
U	N3_1	177.671	279.544	247.999	0.18823529411764706	0.3137254901960784	0.9725490196078431
U	C4_1	176.415	280.011	248.335	0.5647058823529412	0.5647058823529412	0.5647058823529412
U	O4_1	175.429	279.303	248.123	1.0	0.050980392156862744	0.050980392156862744
U	C5_1	176.399	281.316	248.914	0.5647058823529412	0.5647058823529412	0.5647058823529412
U	C6_1	177.547	281.975	249.09	0.5647058823529412	0.5647058823529412	0.5647058823529412
G	P_2	179.776	269.378	242.559	1.0	0.5019607843137255	0.0
G	OP1_2	180.713	268.221	242.483	1.0	0.050980392156862744	0.050980392156862744
G	OP2_2	178.845	269.492	243.713	1.0	0.050980392156862744	0.050980392156862744
G	O5'_2	180.628	270.724	242.469	1.0	0.050980392156862744	0.050980392156862744
G	C5'_2	181.609	270.91	241.426	0.5647058823529412	0.5647058823529412	0.5647058823529412
G	C4'_2	182.411	272.169	241.671	0.5647058823529412	0.5647058823529412	0.5647058823529412
G	O4'_2	181.557	273.333	241.522	1.0	0.050980392156862744	0.050980392156862744
G	C3'_2	183.009	272.331	243.064	0.5647058823529412	0.5647058823529412	0.5647058823529412
G	O3'_2	184.232	271.605	243.193	1.0	0.050980392156862744	0.050980392156862744
G	C2'_2	183.233	273.838	243.15	0.5647058823529412	0.5647058823529412	0.5647058823529412
G	O2'_2	184.413	274.254	242.494	1.0	0.050980392156862744	0.050980392156862744
G	C1'_2	182.025	274.371	242.371	0.5647058823529412	0.5647058823529412	0.5647058823529412
G	N9_2	180.921	274.846	243.204	0.18823529411764706	0.3137254901960784	0.9725490196078431
G	C8_2	179.662	274.302	243.321	0.5647058823529412	0.5647058823529412	0.5647058823529412
G	N7_2	178.885	274.973	244.132	0.18823529411764706	0.3137254901960784	0.9725490196078431
G	C5_2	179.68	276.022	244.581	0.5647058823529412	0.5647058823529412	0.5647058823529412
G	C6_2	179.383	277.08	245.481	0.5647058823529412	0.5647058823529412	0.5647058823529412
G	O6_2	178.325	277.307	246.075	1.0	0.050980392156862744	0.050980392156862744
G	N1_2	180.478	277.921	245.66	0.18823529411764706	0.3137254901960784	0.9725490196078431
G	C2_2	181.703	277.764	245.052	0.5647058823529412	0.5647058823529412	0.5647058823529412
G	N2_2	182.639	278.681	245.352	0.18823529411764706	0.3137254901960784	0.9725490196078431
G	N3_2	181.991	276.781	244.213	0.18823529411764706	0.3137254901960784	0.9725490196078431
G	C4_2	180.941	275.955	244.023	0.5647058823529412	0.5647058823529412	0.5647058823529412
