G	P_1	184.446	190.728	110.451	1.0	0.5019607843137255	0.0
G	OP1_1	184.074	190.596	111.889	1.0	0.050980392156862744	0.050980392156862744
G	OP2_1	183.398	190.563	109.4	1.0	0.050980392156862744	0.050980392156862744
G	O5'_1	185.148	192.148	110.266	1.0	0.050980392156862744	0.050980392156862744
G	C5'_1	184.562	193.175	109.435	0.5647058823529412	0.5647058823529412	0.5647058823529412
G	C4'_1	185.574	193.662	108.423	0.5647058823529412	0.5647058823529412	0.5647058823529412
G	O4'_1	186.015	192.545	107.602	1.0	0.050980392156862744	0.050980392156862744
G	C3'_1	185.051	194.686	107.43	0.5647058823529412	0.5647058823529412	0.5647058823529412
G	O3'_1	185.11	196.005	107.971	1.0	0.050980392156862744	0.050980392156862744
G	C2'_1	185.975	194.485	106.233	0.5647058823529412	0.5647058823529412	0.5647058823529412
G	O2'_1	187.241	195.103	106.39	1.0	0.050980392156862744	0.050980392156862744
G	C1'_1	186.153	192.963	106.251	0.5647058823529412	0.5647058823529412	0.5647058823529412
G	N9_1	185.157	192.245	105.458	0.18823529411764706	0.3137254901960784	0.9725490196078431
G	C8_1	184.28	191.282	105.909	0.5647058823529412	0.5647058823529412	0.5647058823529412
G	N7_1	183.492	190.824	104.975	0.18823529411764706	0.3137254901960784	0.9725490196078431
G	C5_1	183.869	191.521	103.835	0.5647058823529412	0.5647058823529412	0.5647058823529412
G	C6_1	183.363	191.453	102.515	0.5647058823529412	0.5647058823529412	0.5647058823529412
G	O6_1	182.45	190.743	102.08	1.0	0.050980392156862744	0.050980392156862744
G	N1_1	184.031	192.332	101.664	0.18823529411764706	0.3137254901960784	0.9725490196078431
G	C2_1	185.054	193.171	102.039	0.5647058823529412	0.5647058823529412	0.5647058823529412
G	N2_1	185.573	193.946	101.074	0.18823529411764706	0.3137254901960784	0.9725490196078431
G	N3_1	185.535	193.246	103.272	0.18823529411764706	0.3137254901960784	0.9725490196078431
G	C4_1	184.9	192.398	104.112	0.5647058823529412	0.5647058823529412	0.5647058823529412
U	P_2	177.234	188.969	94.277	1.0	0.5019607843137255	0.0
U	OP1_2	177.38	188.798	92.802	1.0	0.050980392156862744	0.050980392156862744
U	OP2_2	177.481	187.81	95.178	1.0	0.050980392156862744	0.050980392156862744
U	O5'_2	178.198	190.157	94.733	1.0	0.050980392156862744	0.050980392156862744
U	C5'_2	178.357	191.348	93.931	0.5647058823529412	0.5647058823529412	0.5647058823529412
U	C4'_2	179.444	192.225	94.512	0.5647058823529412	0.5647058823529412	0.5647058823529412
U	O4'_2	179.096	192.548	95.884	1.0	0.050980392156862744	0.050980392156862744
U	C3'_2	180.828	191.592	94.595	0.5647058823529412	0.5647058823529412	0.5647058823529412
U	O3'_2	181.548	191.816	93.377	1.0	0.050980392156862744	0.050980392156862744
U	C2'_2	181.468	192.331	95.768	0.5647058823529412	0.5647058823529412	0.5647058823529412
U	O2'_2	181.99	193.594	95.403	1.0	0.050980392156862744	0.050980392156862744
U	C1'_2	180.264	192.554	96.688	0.5647058823529412	0.5647058823529412	0.5647058823529412
U	N1_2	180.091	191.571	97.771	0.18823529411764706	0.3137254901960784	0.9725490196078431
U	C2_2	180.898	191.684	98.894	0.5647058823529412	0.5647058823529412	0.5647058823529412
U	O2_2	181.767	192.535	99.016	1.0	0.050980392156862744	0.050980392156862744
U	N3_2	180.648	190.754	99.876	0.18823529411764706	0.3137254901960784	0.9725490196078431
U	C4_2	179.703	189.742	99.847	0.5647058823529412	0.5647058823529412	0.5647058823529412
U	O4_2	179.593	188.987	100.809	1.0	0.050980392156862744	0.050980392156862744
U	C5_2	178.924	189.687	98.649	0.5647058823529412	0.5647058823529412	0.5647058823529412
U	C6_2	179.141	190.575	97.68	0.5647058823529412	0.5647058823529412	0.5647058823529412
