U	P_1	234.983	204.085	237.674	1.0	0.5019607843137255	0.0
U	OP1_1	234.571	204.635	239.006	1.0	0.050980392156862744	0.050980392156862744
U	OP2_1	234.459	204.712	236.424	1.0	0.050980392156862744	0.050980392156862744
U	O5'_1	236.581	204.087	237.605	1.0	0.050980392156862744	0.050980392156862744
U	C5'_1	237.288	205.267	237.197	0.5647058823529412	0.5647058823529412	0.5647058823529412
U	C4'_1	238.424	204.907	236.271	0.5647058823529412	0.5647058823529412	0.5647058823529412
U	O4'_1	238.028	203.831	235.387	1.0	0.050980392156862744	0.050980392156862744
U	C3'_1	238.826	206.047	235.356	0.5647058823529412	0.5647058823529412	0.5647058823529412
U	O3'_1	239.739	206.914	236.017	1.0	0.050980392156862744	0.050980392156862744
U	C2'_1	239.429	205.319	234.161	0.5647058823529412	0.5647058823529412	0.5647058823529412
U	O2'_1	240.761	204.913	234.38	1.0	0.050980392156862744	0.050980392156862744
U	C1'_1	238.54	204.072	234.085	0.5647058823529412	0.5647058823529412	0.5647058823529412
U	N1_1	237.406	204.153	233.145	0.18823529411764706	0.3137254901960784	0.9725490196078431
U	C2_1	237.672	204.044	231.788	0.5647058823529412	0.5647058823529412	0.5647058823529412
U	O2_1	238.805	203.932	231.335	1.0	0.050980392156862744	0.050980392156862744
U	N3_1	236.562	204.077	230.979	0.18823529411764706	0.3137254901960784	0.9725490196078431
U	C4_1	235.237	204.219	231.376	0.5647058823529412	0.5647058823529412	0.5647058823529412
U	O4_1	234.344	204.222	230.524	1.0	0.050980392156862744	0.050980392156862744
U	C5_1	235.046	204.345	232.786	0.5647058823529412	0.5647058823529412	0.5647058823529412
U	C6_1	236.109	204.311	233.603	0.5647058823529412	0.5647058823529412	0.5647058823529412
G	P_2	239.611	204.045	220.05	1.0	0.5019607843137255	0.0
G	OP1_2	240.324	203.414	218.902	1.0	0.050980392156862744	0.050980392156862744
G	OP2_2	238.434	203.359	220.652	1.0	0.050980392156862744	0.050980392156862744
G	O5'_2	240.679	204.318	221.199	1.0	0.050980392156862744	0.050980392156862744
G	C5'_2	241.872	205.074	220.917	0.5647058823529412	0.5647058823529412	0.5647058823529412
G	C4'_2	242.685	205.267	222.177	0.5647058823529412	0.5647058823529412	0.5647058823529412
G	O4'_2	241.968	206.117	223.115	1.0	0.050980392156862744	0.050980392156862744
G	C3'_2	242.975	204.005	222.972	0.5647058823529412	0.5647058823529412	0.5647058823529412
G	O3'_2	244.064	203.278	222.41	1.0	0.050980392156862744	0.050980392156862744
G	C2'_2	243.278	204.558	224.36	0.5647058823529412	0.5647058823529412	0.5647058823529412
G	O2'_2	244.597	205.056	224.477	1.0	0.050980392156862744	0.050980392156862744
G	C1'_2	242.286	205.724	224.442	0.5647058823529412	0.5647058823529412	0.5647058823529412
G	N9_2	241.048	205.417	225.156	0.18823529411764706	0.3137254901960784	0.9725490196078431
G	C8_2	239.786	205.265	224.624	0.5647058823529412	0.5647058823529412	0.5647058823529412
G	N7_2	238.87	205.031	225.528	0.18823529411764706	0.3137254901960784	0.9725490196078431
G	C5_2	239.567	205.018	226.731	0.5647058823529412	0.5647058823529412	0.5647058823529412
G	C6_2	239.107	204.815	228.062	0.5647058823529412	0.5647058823529412	0.5647058823529412
G	O6_2	237.955	204.594	228.453	1.0	0.050980392156862744	0.050980392156862744
G	N1_2	240.15	204.891	228.983	0.18823529411764706	0.3137254901960784	0.9725490196078431
G	C2_2	241.469	205.12	228.668	0.5647058823529412	0.5647058823529412	0.5647058823529412
G	N2_2	242.328	205.157	229.699	0.18823529411764706	0.3137254901960784	0.9725490196078431
G	N3_2	241.915	205.303	227.431	0.18823529411764706	0.3137254901960784	0.9725490196078431
G	C4_2	240.915	205.244	226.519	0.5647058823529412	0.5647058823529412	0.5647058823529412
