G	P_1	195.948	157.657	160.999	1.0	0.5019607843137255	0.0
G	OP1_1	194.49	157.946	160.952	1.0	0.050980392156862744	0.050980392156862744
G	OP2_1	196.906	158.625	160.397	1.0	0.050980392156862744	0.050980392156862744
G	O5'_1	196.365	157.442	162.522	1.0	0.050980392156862744	0.050980392156862744
G	C5'_1	195.55	156.64	163.401	0.5647058823529412	0.5647058823529412	0.5647058823529412
G	C4'_1	195.921	156.893	164.844	0.5647058823529412	0.5647058823529412	0.5647058823529412
G	O4'_1	197.273	156.42	165.094	1.0	0.050980392156862744	0.050980392156862744
G	C3'_1	195.961	158.353	165.261	0.5647058823529412	0.5647058823529412	0.5647058823529412
G	O3'_1	194.667	158.878	165.548	1.0	0.050980392156862744	0.050980392156862744
G	C2'_1	196.873	158.305	166.479	0.5647058823529412	0.5647058823529412	0.5647058823529412
G	O2'_1	196.205	157.824	167.631	1.0	0.050980392156862744	0.050980392156862744
G	C1'_1	197.918	157.281	166.022	0.5647058823529412	0.5647058823529412	0.5647058823529412
G	N9_1	199.068	157.895	165.36	0.18823529411764706	0.3137254901960784	0.9725490196078431
G	C8_1	199.333	157.93	164.009	0.5647058823529412	0.5647058823529412	0.5647058823529412
G	N7_1	200.438	158.563	163.718	0.18823529411764706	0.3137254901960784	0.9725490196078431
G	C5_1	200.939	158.972	164.949	0.5647058823529412	0.5647058823529412	0.5647058823529412
G	C6_1	202.122	159.706	165.27	0.5647058823529412	0.5647058823529412	0.5647058823529412
G	O6_1	202.988	160.146	164.501	1.0	0.050980392156862744	0.050980392156862744
G	N1_1	202.245	159.909	166.644	0.18823529411764706	0.3137254901960784	0.9725490196078431
G	C2_1	201.351	159.465	167.594	0.5647058823529412	0.5647058823529412	0.5647058823529412
G	N2_1	201.643	159.766	168.874	0.18823529411764706	0.3137254901960784	0.9725490196078431
G	N3_1	200.247	158.776	167.309	0.18823529411764706	0.3137254901960784	0.9725490196078431
G	C4_1	200.107	158.568	165.975	0.5647058823529412	0.5647058823529412	0.5647058823529412
U	P_2	211.442	164.273	167.684	1.0	0.5019607843137255	0.0
U	OP1_2	212.468	164.48	168.76	1.0	0.050980392156862744	0.050980392156862744
U	OP2_2	211.766	163.39	166.515	1.0	0.050980392156862744	0.050980392156862744
U	O5'_2	210.12	163.732	168.391	1.0	0.050980392156862744	0.050980392156862744
U	C5'_2	209.588	164.399	169.55	0.5647058823529412	0.5647058823529412	0.5647058823529412
U	C4'_2	208.224	163.847	169.885	0.5647058823529412	0.5647058823529412	0.5647058823529412
U	O4'_2	207.269	164.202	168.848	1.0	0.050980392156862744	0.050980392156862744
U	C3'_2	208.133	162.333	169.961	0.5647058823529412	0.5647058823529412	0.5647058823529412
U	O3'_2	208.605	161.843	171.208	1.0	0.050980392156862744	0.050980392156862744
U	C2'_2	206.644	162.085	169.757	0.5647058823529412	0.5647058823529412	0.5647058823529412
U	O2'_2	205.886	162.292	170.934	1.0	0.050980392156862744	0.050980392156862744
U	C1'_2	206.295	163.172	168.733	0.5647058823529412	0.5647058823529412	0.5647058823529412
U	N1_2	206.261	162.698	167.34	0.18823529411764706	0.3137254901960784	0.9725490196078431
U	C2_2	205.024	162.343	166.807	0.5647058823529412	0.5647058823529412	0.5647058823529412
U	O2_2	203.984	162.379	167.451	1.0	0.050980392156862744	0.050980392156862744
U	N3_2	205.057	161.939	165.493	0.18823529411764706	0.3137254901960784	0.9725490196078431
U	C4_2	206.171	161.842	164.675	0.5647058823529412	0.5647058823529412	0.5647058823529412
U	O4_2	206.03	161.49	163.502	1.0	0.050980392156862744	0.050980392156862744
U	C5_2	207.407	162.208	165.299	0.5647058823529412	0.5647058823529412	0.5647058823529412
U	C6_2	207.412	162.613	166.577	0.5647058823529412	0.5647058823529412	0.5647058823529412
