U	P_1	236.013	128.964	201.136	1.0	0.5019607843137255	0.0
U	OP1_1	235.606	127.779	201.949	1.0	0.050980392156862744	0.050980392156862744
U	OP2_1	237.364	128.998	200.515	1.0	0.050980392156862744	0.050980392156862744
U	O5'_1	234.939	129.171	199.977	1.0	0.050980392156862744	0.050980392156862744
U	C5'_1	233.527	129.201	200.268	0.5647058823529412	0.5647058823529412	0.5647058823529412
U	C4'_1	232.776	129.797	199.104	0.5647058823529412	0.5647058823529412	0.5647058823529412
U	O4'_1	233.239	131.159	198.901	1.0	0.050980392156862744	0.050980392156862744
U	C3'_1	233.01	129.117	197.763	0.5647058823529412	0.5647058823529412	0.5647058823529412
U	O3'_1	232.165	127.982	197.6	1.0	0.050980392156862744	0.050980392156862744
U	C2'_1	232.702	130.233	196.774	0.5647058823529412	0.5647058823529412	0.5647058823529412
U	O2'_1	231.315	130.434	196.591	1.0	0.050980392156862744	0.050980392156862744
U	C1'_1	233.276	131.447	197.511	0.5647058823529412	0.5647058823529412	0.5647058823529412
U	N1_1	234.658	131.801	197.138	0.18823529411764706	0.3137254901960784	0.9725490196078431
U	C2_1	234.837	132.612	196.026	0.5647058823529412	0.5647058823529412	0.5647058823529412
U	O2_1	233.909	133.014	195.343	1.0	0.050980392156862744	0.050980392156862744
U	N3_1	236.143	132.93	195.747	0.18823529411764706	0.3137254901960784	0.9725490196078431
U	C4_1	237.265	132.533	196.442	0.5647058823529412	0.5647058823529412	0.5647058823529412
U	O4_1	238.375	132.926	196.073	1.0	0.050980392156862744	0.050980392156862744
U	C5_1	237.005	131.687	197.564	0.5647058823529412	0.5647058823529412	0.5647058823529412
U	C6_1	235.745	131.357	197.869	0.5647058823529412	0.5647058823529412	0.5647058823529412
G	P_2	237.214	140.269	185.55	1.0	0.5019607843137255	0.0
G	OP1_2	237.291	141.495	184.705	1.0	0.050980392156862744	0.050980392156862744
G	OP2_2	237.994	140.196	186.817	1.0	0.050980392156862744	0.050980392156862744
G	O5'_2	235.682	139.993	185.869	1.0	0.050980392156862744	0.050980392156862744
G	C5'_2	235.167	140.089	187.203	0.5647058823529412	0.5647058823529412	0.5647058823529412
G	C4'_2	234.109	139.034	187.413	0.5647058823529412	0.5647058823529412	0.5647058823529412
G	O4'_2	234.728	137.719	187.482	1.0	0.050980392156862744	0.050980392156862744
G	C3'_2	233.314	139.139	188.706	0.5647058823529412	0.5647058823529412	0.5647058823529412
G	O3'_2	232.258	140.094	188.547	1.0	0.050980392156862744	0.050980392156862744
G	C2'_2	232.794	137.713	188.873	0.5647058823529412	0.5647058823529412	0.5647058823529412
G	O2'_2	231.697	137.418	188.032	1.0	0.050980392156862744	0.050980392156862744
G	C1'_2	233.995	136.897	188.383	0.5647058823529412	0.5647058823529412	0.5647058823529412
G	N9_2	234.884	136.473	189.465	0.18823529411764706	0.3137254901960784	0.9725490196078431
G	C8_2	236.235	136.718	189.581	0.5647058823529412	0.5647058823529412	0.5647058823529412
G	N7_2	236.762	136.2	190.661	0.18823529411764706	0.3137254901960784	0.9725490196078431
G	C5_2	235.697	135.578	191.3	0.5647058823529412	0.5647058823529412	0.5647058823529412
G	C6_2	235.657	134.847	192.514	0.5647058823529412	0.5647058823529412	0.5647058823529412
G	O6_2	236.588	134.595	193.291	1.0	0.050980392156862744	0.050980392156862744
G	N1_2	234.371	134.387	192.794	0.18823529411764706	0.3137254901960784	0.9725490196078431
G	C2_2	233.265	134.605	192.006	0.5647058823529412	0.5647058823529412	0.5647058823529412
G	N2_2	232.107	134.082	192.444	0.18823529411764706	0.3137254901960784	0.9725490196078431
G	N3_2	233.289	135.285	190.867	0.18823529411764706	0.3137254901960784	0.9725490196078431
G	C4_2	234.529	135.738	190.577	0.5647058823529412	0.5647058823529412	0.5647058823529412
