G	P_1	107.735	166.917	208.722	1.0	0.5019607843137255	0.0
G	OP1_1	107.533	168.251	208.095	1.0	0.050980392156862744	0.050980392156862744
G	OP2_1	106.75	166.42	209.721	1.0	0.050980392156862744	0.050980392156862744
G	O5'_1	107.863	165.831	207.556	1.0	0.050980392156862744	0.050980392156862744
G	C5'_1	108.739	166.055	206.428	0.5647058823529412	0.5647058823529412	0.5647058823529412
G	C4'_1	108.802	164.826	205.544	0.5647058823529412	0.5647058823529412	0.5647058823529412
G	O4'_1	109.319	163.695	206.299	1.0	0.050980392156862744	0.050980392156862744
G	C3'_1	107.481	164.318	204.987	0.5647058823529412	0.5647058823529412	0.5647058823529412
G	O3'_1	107.077	165.057	203.834	1.0	0.050980392156862744	0.050980392156862744
G	C2'_1	107.811	162.867	204.65	0.5647058823529412	0.5647058823529412	0.5647058823529412
G	O2'_1	108.511	162.728	203.429	1.0	0.050980392156862744	0.050980392156862744
G	C1'_1	108.746	162.494	205.802	0.5647058823529412	0.5647058823529412	0.5647058823529412
G	N9_1	108.078	161.798	206.899	0.18823529411764706	0.3137254901960784	0.9725490196078431
G	C8_1	107.709	162.319	208.118	0.5647058823529412	0.5647058823529412	0.5647058823529412
G	N7_1	107.146	161.44	208.904	0.18823529411764706	0.3137254901960784	0.9725490196078431
G	C5_1	107.14	160.267	208.16	0.5647058823529412	0.5647058823529412	0.5647058823529412
G	C6_1	106.657	158.968	208.49	0.5647058823529412	0.5647058823529412	0.5647058823529412
G	O6_1	106.135	158.586	209.546	1.0	0.050980392156862744	0.050980392156862744
G	N1_1	106.834	158.073	207.437	0.18823529411764706	0.3137254901960784	0.9725490196078431
G	C2_1	107.405	158.381	206.227	0.5647058823529412	0.5647058823529412	0.5647058823529412
G	N2_1	107.476	157.381	205.336	0.18823529411764706	0.3137254901960784	0.9725490196078431
G	N3_1	107.87	159.583	205.911	0.18823529411764706	0.3137254901960784	0.9725490196078431
G	C4_1	107.704	160.472	206.917	0.5647058823529412	0.5647058823529412	0.5647058823529412
U	P_2	102.928	149.933	212.579	1.0	0.5019607843137255	0.0
U	OP1_2	103.22	148.482	212.761	1.0	0.050980392156862744	0.050980392156862744
U	OP2_2	103.257	150.886	213.671	1.0	0.050980392156862744	0.050980392156862744
U	O5'_2	103.659	150.427	211.25	1.0	0.050980392156862744	0.050980392156862744
U	C5'_2	103.417	149.779	209.982	0.5647058823529412	0.5647058823529412	0.5647058823529412
U	C4'_2	104.061	150.563	208.859	0.5647058823529412	0.5647058823529412	0.5647058823529412
U	O4'_2	103.462	151.885	208.797	1.0	0.050980392156862744	0.050980392156862744
U	C3'_2	105.555	150.824	209.001	0.5647058823529412	0.5647058823529412	0.5647058823529412
U	O3'_2	106.309	149.711	208.516	1.0	0.050980392156862744	0.050980392156862744
U	C2'_2	105.749	152.078	208.155	0.5647058823529412	0.5647058823529412	0.5647058823529412
U	O2'_2	105.817	151.802	206.769	1.0	0.050980392156862744	0.050980392156862744
U	C1'_2	104.45	152.838	208.442	0.5647058823529412	0.5647058823529412	0.5647058823529412
U	N1_2	104.547	153.833	209.522	0.18823529411764706	0.3137254901960784	0.9725490196078431
U	C2_2	104.898	155.129	209.175	0.5647058823529412	0.5647058823529412	0.5647058823529412
U	O2_2	105.147	155.471	208.028	1.0	0.050980392156862744	0.050980392156862744
U	N3_2	104.945	156.012	210.225	0.18823529411764706	0.3137254901960784	0.9725490196078431
U	C4_2	104.689	155.739	211.557	0.5647058823529412	0.5647058823529412	0.5647058823529412
U	O4_2	104.77	156.647	212.383	1.0	0.050980392156862744	0.050980392156862744
U	C5_2	104.344	154.38	211.837	0.5647058823529412	0.5647058823529412	0.5647058823529412
U	C6_2	104.288	153.494	210.836	0.5647058823529412	0.5647058823529412	0.5647058823529412
