G	P_1	208.239	148.919	233.296	1.0	0.5019607843137255	0.0
G	OP1_1	207.352	149.471	232.233	1.0	0.050980392156862744	0.050980392156862744
G	OP2_1	208.694	147.505	233.211	1.0	0.050980392156862744	0.050980392156862744
G	O5'_1	209.536	149.836	233.418	1.0	0.050980392156862744	0.050980392156862744
G	C5'_1	209.413	151.262	233.572	0.5647058823529412	0.5647058823529412	0.5647058823529412
G	C4'_1	210.777	151.915	233.583	0.5647058823529412	0.5647058823529412	0.5647058823529412
G	O4'_1	211.48	151.614	234.819	1.0	0.050980392156862744	0.050980392156862744
G	C3'_1	211.736	151.467	232.497	0.5647058823529412	0.5647058823529412	0.5647058823529412
G	O3'_1	211.437	152.101	231.255	1.0	0.050980392156862744	0.050980392156862744
G	C2'_1	213.091	151.863	233.082	0.5647058823529412	0.5647058823529412	0.5647058823529412
G	O2'_1	213.385	153.242	232.945	1.0	0.050980392156862744	0.050980392156862744
G	C1'_1	212.879	151.55	234.567	0.5647058823529412	0.5647058823529412	0.5647058823529412
G	N9_1	213.361	150.229	234.965	0.18823529411764706	0.3137254901960784	0.9725490196078431
G	C8_1	212.625	149.066	235.036	0.5647058823529412	0.5647058823529412	0.5647058823529412
G	N7_1	213.327	148.036	235.431	0.18823529411764706	0.3137254901960784	0.9725490196078431
G	C5_1	214.606	148.544	235.631	0.5647058823529412	0.5647058823529412	0.5647058823529412
G	C6_1	215.798	147.893	236.058	0.5647058823529412	0.5647058823529412	0.5647058823529412
G	O6_1	215.963	146.7	236.356	1.0	0.050980392156862744	0.050980392156862744
G	N1_1	216.87	148.782	236.125	0.18823529411764706	0.3137254901960784	0.9725490196078431
G	C2_1	216.806	150.122	235.827	0.5647058823529412	0.5647058823529412	0.5647058823529412
G	N2_1	217.948	150.814	235.973	0.18823529411764706	0.3137254901960784	0.9725490196078431
G	N3_1	215.703	150.741	235.422	0.18823529411764706	0.3137254901960784	0.9725490196078431
G	C4_1	214.648	149.897	235.348	0.5647058823529412	0.5647058823529412	0.5647058823529412
U	P_2	225.666	145.289	240.763	1.0	0.5019607843137255	0.0
U	OP1_2	226.744	145.787	241.664	1.0	0.050980392156862744	0.050980392156862744
U	OP2_2	224.833	144.129	241.186	1.0	0.050980392156862744	0.050980392156862744
U	O5'_2	224.69	146.504	240.424	1.0	0.050980392156862744	0.050980392156862744
U	C5'_2	225.182	147.685	239.762	0.5647058823529412	0.5647058823529412	0.5647058823529412
U	C4'_2	224.038	148.477	239.163	0.5647058823529412	0.5647058823529412	0.5647058823529412
U	O4'_2	223.266	147.61	238.293	1.0	0.050980392156862744	0.050980392156862744
U	C3'_2	222.996	149.025	240.127	0.5647058823529412	0.5647058823529412	0.5647058823529412
U	O3'_2	223.451	150.252	240.708	1.0	0.050980392156862744	0.050980392156862744
U	C2'_2	221.794	149.25	239.212	0.5647058823529412	0.5647058823529412	0.5647058823529412
U	O2'_2	221.877	150.463	238.493	1.0	0.050980392156862744	0.050980392156862744
U	C1'_2	221.935	148.09	238.222	0.5647058823529412	0.5647058823529412	0.5647058823529412
U	N1_2	221.005	146.968	238.41	0.18823529411764706	0.3137254901960784	0.9725490196078431
U	C2_2	219.873	146.936	237.609	0.5647058823529412	0.5647058823529412	0.5647058823529412
U	O2_2	219.627	147.79	236.773	1.0	0.050980392156862744	0.050980392156862744
U	N3_2	219.044	145.865	237.824	0.18823529411764706	0.3137254901960784	0.9725490196078431
U	C4_2	219.226	144.843	238.735	0.5647058823529412	0.5647058823529412	0.5647058823529412
U	O4_2	218.386	143.946	238.813	1.0	0.050980392156862744	0.050980392156862744
U	C5_2	220.417	144.946	239.526	0.5647058823529412	0.5647058823529412	0.5647058823529412
U	C6_2	221.246	145.981	239.342	0.5647058823529412	0.5647058823529412	0.5647058823529412
