G	P_1	253.584	160.533	150.597	1.0	0.5019607843137255	0.0
G	OP1_1	254.074	159.135	150.805	1.0	0.050980392156862744	0.050980392156862744
G	OP2_1	254.564	161.66	150.594	1.0	0.050980392156862744	0.050980392156862744
G	O5'_1	252.769	160.585	149.225	1.0	0.050980392156862744	0.050980392156862744
G	C5'_1	251.883	159.507	148.843	0.5647058823529412	0.5647058823529412	0.5647058823529412
G	C4'_1	251.282	159.772	147.476	0.5647058823529412	0.5647058823529412	0.5647058823529412
G	O4'_1	250.271	160.814	147.555	1.0	0.050980392156862744	0.050980392156862744
G	C3'_1	252.224	160.27	146.385	0.5647058823529412	0.5647058823529412	0.5647058823529412
G	O3'_1	253.004	159.223	145.809	1.0	0.050980392156862744	0.050980392156862744
G	C2'_1	251.253	160.881	145.382	0.5647058823529412	0.5647058823529412	0.5647058823529412
G	O2'_1	250.627	159.917	144.56	1.0	0.050980392156862744	0.050980392156862744
G	C1'_1	250.209	161.505	146.313	0.5647058823529412	0.5647058823529412	0.5647058823529412
G	N9_1	250.437	162.927	146.546	0.18823529411764706	0.3137254901960784	0.9725490196078431
G	C8_1	250.82	163.528	147.72	0.5647058823529412	0.5647058823529412	0.5647058823529412
G	N7_1	250.947	164.826	147.617	0.18823529411764706	0.3137254901960784	0.9725490196078431
G	C5_1	250.625	165.1	146.296	0.5647058823529412	0.5647058823529412	0.5647058823529412
G	C6_1	250.594	166.336	145.595	0.5647058823529412	0.5647058823529412	0.5647058823529412
G	O6_1	250.845	167.469	146.021	1.0	0.050980392156862744	0.050980392156862744
G	N1_1	250.228	166.16	144.264	0.18823529411764706	0.3137254901960784	0.9725490196078431
G	C2_1	249.932	164.952	143.679	0.5647058823529412	0.5647058823529412	0.5647058823529412
G	N2_1	249.603	164.986	142.371	0.18823529411764706	0.3137254901960784	0.9725490196078431
G	N3_1	249.955	163.79	144.324	0.18823529411764706	0.3137254901960784	0.9725490196078431
G	C4_1	250.308	163.939	145.619	0.5647058823529412	0.5647058823529412	0.5647058823529412
U	P_2	248.41	175.683	141.733	1.0	0.5019607843137255	0.0
U	OP1_2	247.274	176.354	141.037	1.0	0.050980392156862744	0.050980392156862744
U	OP2_2	248.557	175.829	143.204	1.0	0.050980392156862744	0.050980392156862744
U	O5'_2	248.339	174.123	141.41	1.0	0.050980392156862744	0.050980392156862744
U	C5'_2	247.863	173.639	140.134	0.5647058823529412	0.5647058823529412	0.5647058823529412
U	C4'_2	247.796	172.13	140.147	0.5647058823529412	0.5647058823529412	0.5647058823529412
U	O4'_2	249.133	171.604	140.375	1.0	0.050980392156862744	0.050980392156862744
U	C3'_2	246.957	171.525	141.264	0.5647058823529412	0.5647058823529412	0.5647058823529412
U	O3'_2	245.571	171.487	140.921	1.0	0.050980392156862744	0.050980392156862744
U	C2'_2	247.577	170.142	141.428	0.5647058823529412	0.5647058823529412	0.5647058823529412
U	O2'_2	247.147	169.217	140.445	1.0	0.050980392156862744	0.050980392156862744
U	C1'_2	249.061	170.456	141.209	0.5647058823529412	0.5647058823529412	0.5647058823529412
U	N1_2	249.805	170.73	142.454	0.18823529411764706	0.3137254901960784	0.9725490196078431
U	C2_2	250.323	169.645	143.153	0.5647058823529412	0.5647058823529412	0.5647058823529412
U	O2_2	250.221	168.49	142.769	1.0	0.050980392156862744	0.050980392156862744
U	N3_2	250.972	169.969	144.319	0.18823529411764706	0.3137254901960784	0.9725490196078431
U	C4_2	251.161	171.235	144.843	0.5647058823529412	0.5647058823529412	0.5647058823529412
U	O4_2	251.715	171.356	145.936	1.0	0.050980392156862744	0.050980392156862744
U	C5_2	250.62	172.3	144.056	0.5647058823529412	0.5647058823529412	0.5647058823529412
U	C6_2	249.977	172.02	142.92	0.5647058823529412	0.5647058823529412	0.5647058823529412
