G	P_1	233.736	250.762	204.212	1.0	0.5019607843137255	0.0
G	OP1_1	234.404	250.179	205.41	1.0	0.050980392156862744	0.050980392156862744
G	OP2_1	233.25	252.167	204.252	1.0	0.050980392156862744	0.050980392156862744
G	O5'_1	234.725	250.631	202.963	1.0	0.050980392156862744	0.050980392156862744
G	C5'_1	235.301	249.354	202.584	0.5647058823529412	0.5647058823529412	0.5647058823529412
G	C4'_1	236.409	249.555	201.569	0.5647058823529412	0.5647058823529412	0.5647058823529412
G	O4'_1	235.864	250.071	200.323	1.0	0.050980392156862744	0.050980392156862744
G	C3'_1	237.482	250.561	201.965	0.5647058823529412	0.5647058823529412	0.5647058823529412
G	O3'_1	238.459	249.952	202.813	1.0	0.050980392156862744	0.050980392156862744
G	C2'_1	238.053	250.992	200.613	0.5647058823529412	0.5647058823529412	0.5647058823529412
G	O2'_1	239.024	250.094	200.106	1.0	0.050980392156862744	0.050980392156862744
G	C1'_1	236.802	250.956	199.721	0.5647058823529412	0.5647058823529412	0.5647058823529412
G	N9_1	236.149	252.247	199.496	0.18823529411764706	0.3137254901960784	0.9725490196078431
G	C8_1	234.888	252.621	199.916	0.5647058823529412	0.5647058823529412	0.5647058823529412
G	N7_1	234.564	253.836	199.558	0.18823529411764706	0.3137254901960784	0.9725490196078431
G	C5_1	235.673	254.299	198.86	0.5647058823529412	0.5647058823529412	0.5647058823529412
G	C6_1	235.903	255.557	198.227	0.5647058823529412	0.5647058823529412	0.5647058823529412
G	O6_1	235.145	256.536	198.163	1.0	0.050980392156862744	0.050980392156862744
G	N1_1	237.16	255.609	197.624	0.18823529411764706	0.3137254901960784	0.9725490196078431
G	C2_1	238.08	254.586	197.628	0.5647058823529412	0.5647058823529412	0.5647058823529412
G	N2_1	239.236	254.829	196.98	0.18823529411764706	0.3137254901960784	0.9725490196078431
G	N3_1	237.882	253.409	198.221	0.18823529411764706	0.3137254901960784	0.9725490196078431
G	C4_1	236.664	253.335	198.81	0.5647058823529412	0.5647058823529412	0.5647058823529412
U	P_2	235.57	265.33	194.578	1.0	0.5019607843137255	0.0
U	OP1_2	235.847	266.325	193.502	1.0	0.050980392156862744	0.050980392156862744
U	OP2_2	234.202	264.76	194.717	1.0	0.050980392156862744	0.050980392156862744
U	O5'_2	236.593	264.122	194.41	1.0	0.050980392156862744	0.050980392156862744
U	C5'_2	238.01	264.361	194.282	0.5647058823529412	0.5647058823529412	0.5647058823529412
U	C4'_2	238.766	263.055	194.351	0.5647058823529412	0.5647058823529412	0.5647058823529412
U	O4'_2	238.605	262.475	195.677	1.0	0.050980392156862744	0.050980392156862744
U	C3'_2	238.282	261.961	193.407	0.5647058823529412	0.5647058823529412	0.5647058823529412
U	O3'_2	238.805	262.11	192.089	1.0	0.050980392156862744	0.050980392156862744
U	C2'_2	238.774	260.698	194.101	0.5647058823529412	0.5647058823529412	0.5647058823529412
U	O2'_2	240.153	260.466	193.898	1.0	0.050980392156862744	0.050980392156862744
U	C1'_2	238.537	261.057	195.57	0.5647058823529412	0.5647058823529412	0.5647058823529412
U	N1_2	237.23	260.609	196.077	0.18823529411764706	0.3137254901960784	0.9725490196078431
U	C2_2	237.14	259.324	196.607	0.5647058823529412	0.5647058823529412	0.5647058823529412
U	O2_2	238.088	258.551	196.659	1.0	0.050980392156862744	0.050980392156862744
U	N3_2	235.893	258.982	197.071	0.18823529411764706	0.3137254901960784	0.9725490196078431
U	C4_2	234.751	259.767	197.059	0.5647058823529412	0.5647058823529412	0.5647058823529412
U	O4_2	233.7	259.311	197.51	1.0	0.050980392156862744	0.050980392156862744
U	C5_2	234.924	261.071	196.496	0.5647058823529412	0.5647058823529412	0.5647058823529412
U	C6_2	236.123	261.438	196.034	0.5647058823529412	0.5647058823529412	0.5647058823529412
