U	P_1	207.276	130.981	242.808	1.0	0.5019607843137255	0.0
U	OP1_1	208.621	131.614	242.943	1.0	0.050980392156862744	0.050980392156862744
U	OP2_1	206.065	131.712	243.28	1.0	0.050980392156862744	0.050980392156862744
U	O5'_1	207.055	130.577	241.28	1.0	0.050980392156862744	0.050980392156862744
U	C5'_1	206.392	131.473	240.369	0.5647058823529412	0.5647058823529412	0.5647058823529412
U	C4'_1	206.081	130.769	239.07	0.5647058823529412	0.5647058823529412	0.5647058823529412
U	O4'_1	205.27	129.593	239.333	1.0	0.050980392156862744	0.050980392156862744
U	C3'_1	205.253	131.583	238.088	0.5647058823529412	0.5647058823529412	0.5647058823529412
U	O3'_1	206.076	132.468	237.333	1.0	0.050980392156862744	0.050980392156862744
U	C2'_1	204.602	130.502	237.235	0.5647058823529412	0.5647058823529412	0.5647058823529412
U	O2'_1	205.461	129.977	236.246	1.0	0.050980392156862744	0.050980392156862744
U	C1'_1	204.329	129.419	238.283	0.5647058823529412	0.5647058823529412	0.5647058823529412
U	N1_1	202.971	129.46	238.851	0.18823529411764706	0.3137254901960784	0.9725490196078431
U	C2_1	201.951	128.83	238.146	0.5647058823529412	0.5647058823529412	0.5647058823529412
U	O2_1	202.131	128.237	237.092	1.0	0.050980392156862744	0.050980392156862744
U	N3_1	200.71	128.918	238.726	0.18823529411764706	0.3137254901960784	0.9725490196078431
U	C4_1	200.387	129.553	239.914	0.5647058823529412	0.5647058823529412	0.5647058823529412
U	O4_1	199.217	129.563	240.293	1.0	0.050980392156862744	0.050980392156862744
U	C5_1	201.491	130.168	240.587	0.5647058823529412	0.5647058823529412	0.5647058823529412
U	C6_1	202.712	130.105	240.046	0.5647058823529412	0.5647058823529412	0.5647058823529412
G	P_2	190.924	125.911	232.934	1.0	0.5019607843137255	0.0
G	OP1_2	190.136	124.814	232.302	1.0	0.050980392156862744	0.050980392156862744
G	OP2_2	190.911	126.061	234.414	1.0	0.050980392156862744	0.050980392156862744
G	O5'_2	192.44	125.766	232.459	1.0	0.050980392156862744	0.050980392156862744
G	C5'_2	192.769	125.712	231.057	0.5647058823529412	0.5647058823529412	0.5647058823529412
G	C4'_2	194.246	125.971	230.847	0.5647058823529412	0.5647058823529412	0.5647058823529412
G	O4'_2	194.602	127.245	231.449	1.0	0.050980392156862744	0.050980392156862744
G	C3'_2	195.227	125.009	231.5	0.5647058823529412	0.5647058823529412	0.5647058823529412
G	O3'_2	195.378	123.806	230.749	1.0	0.050980392156862744	0.050980392156862744
G	C2'_2	196.513	125.826	231.494	0.5647058823529412	0.5647058823529412	0.5647058823529412
G	O2'_2	197.153	125.834	230.234	1.0	0.050980392156862744	0.050980392156862744
G	C1'_2	195.98	127.23	231.786	0.5647058823529412	0.5647058823529412	0.5647058823529412
G	N9_2	196.15	127.639	233.179	0.18823529411764706	0.3137254901960784	0.9725490196078431
G	C8_2	195.176	127.877	234.124	0.5647058823529412	0.5647058823529412	0.5647058823529412
G	N7_2	195.665	128.231	235.283	0.18823529411764706	0.3137254901960784	0.9725490196078431
G	C5_2	197.041	128.225	235.093	0.5647058823529412	0.5647058823529412	0.5647058823529412
G	C6_2	198.097	128.516	235.996	0.5647058823529412	0.5647058823529412	0.5647058823529412
G	O6_2	198.025	128.85	237.187	1.0	0.050980392156862744	0.050980392156862744
G	N1_2	199.343	128.382	235.387	0.18823529411764706	0.3137254901960784	0.9725490196078431
G	C2_2	199.547	128.012	234.078	0.5647058823529412	0.5647058823529412	0.5647058823529412
G	N2_2	200.823	127.934	233.67	0.18823529411764706	0.3137254901960784	0.9725490196078431
G	N3_2	198.572	127.739	233.228	0.18823529411764706	0.3137254901960784	0.9725490196078431
G	C4_2	197.355	127.864	233.8	0.5647058823529412	0.5647058823529412	0.5647058823529412
