U	P_1	89.493	198.693	218.483	1.0	0.5019607843137255	0.0
U	OP1_1	88.719	197.624	217.792	1.0	0.050980392156862744	0.050980392156862744
U	OP2_1	88.772	199.747	219.248	1.0	0.050980392156862744	0.050980392156862744
U	O5'_1	90.544	198.002	219.461	1.0	0.050980392156862744	0.050980392156862744
U	C5'_1	91.43	196.977	218.977	0.5647058823529412	0.5647058823529412	0.5647058823529412
U	C4'_1	92.281	196.443	220.105	0.5647058823529412	0.5647058823529412	0.5647058823529412
U	O4'_1	93.253	197.439	220.52	1.0	0.050980392156862744	0.050980392156862744
U	C3'_1	91.542	196.103	221.39	0.5647058823529412	0.5647058823529412	0.5647058823529412
U	O3'_1	90.864	194.849	221.315	1.0	0.050980392156862744	0.050980392156862744
U	C2'_1	92.668	196.12	222.418	0.5647058823529412	0.5647058823529412	0.5647058823529412
U	O2'_1	93.453	194.942	222.397	1.0	0.050980392156862744	0.050980392156862744
U	C1'_1	93.512	197.296	221.913	0.5647058823529412	0.5647058823529412	0.5647058823529412
U	N1_1	93.224	198.574	222.586	0.18823529411764706	0.3137254901960784	0.9725490196078431
U	C2_1	94.015	198.923	223.673	0.5647058823529412	0.5647058823529412	0.5647058823529412
U	O2_1	94.914	198.213	224.1	1.0	0.050980392156862744	0.050980392156862744
U	N3_1	93.715	200.138	224.238	0.18823529411764706	0.3137254901960784	0.9725490196078431
U	C4_1	92.727	201.021	223.841	0.5647058823529412	0.5647058823529412	0.5647058823529412
U	O4_1	92.611	202.1	224.423	1.0	0.050980392156862744	0.050980392156862744
U	C5_1	91.945	200.582	222.726	0.5647058823529412	0.5647058823529412	0.5647058823529412
U	C6_1	92.211	199.404	222.153	0.5647058823529412	0.5647058823529412	0.5647058823529412
G	P_2	100.167	205.048	230.392	1.0	0.5019607843137255	0.0
G	OP1_2	101.053	204.432	229.368	1.0	0.050980392156862744	0.050980392156862744
G	OP2_2	98.84	205.595	229.981	1.0	0.050980392156862744	0.050980392156862744
G	O5'_2	99.896	203.966	231.532	1.0	0.050980392156862744	0.050980392156862744
G	C5'_2	100.974	203.242	232.161	0.5647058823529412	0.5647058823529412	0.5647058823529412
G	C4'_2	100.885	201.763	231.826	0.5647058823529412	0.5647058823529412	0.5647058823529412
G	O4'_2	99.495	201.327	231.922	1.0	0.050980392156862744	0.050980392156862744
G	C3'_2	101.279	201.369	230.41	0.5647058823529412	0.5647058823529412	0.5647058823529412
G	O3'_2	102.691	201.24	230.263	1.0	0.050980392156862744	0.050980392156862744
G	C2'_2	100.558	200.038	230.234	0.5647058823529412	0.5647058823529412	0.5647058823529412
G	O2'_2	101.213	198.96	230.874	1.0	0.050980392156862744	0.050980392156862744
G	C1'_2	99.232	200.326	230.943	0.5647058823529412	0.5647058823529412	0.5647058823529412
G	N9_2	98.203	200.817	230.022	0.18823529411764706	0.3137254901960784	0.9725490196078431
G	C8_2	97.7	202.097	229.932	0.5647058823529412	0.5647058823529412	0.5647058823529412
G	N7_2	96.818	202.239	228.979	0.18823529411764706	0.3137254901960784	0.9725490196078431
G	C5_2	96.722	200.977	228.407	0.5647058823529412	0.5647058823529412	0.5647058823529412
G	C6_2	95.934	200.52	227.316	0.5647058823529412	0.5647058823529412	0.5647058823529412
G	O6_2	95.147	201.163	226.611	1.0	0.050980392156862744	0.050980392156862744
G	N1_2	96.14	199.165	227.07	0.18823529411764706	0.3137254901960784	0.9725490196078431
G	C2_2	96.997	198.354	227.775	0.5647058823529412	0.5647058823529412	0.5647058823529412
G	N2_2	97.053	197.07	227.388	0.18823529411764706	0.3137254901960784	0.9725490196078431
G	N3_2	97.746	198.77	228.787	0.18823529411764706	0.3137254901960784	0.9725490196078431
G	C4_2	97.559	200.082	229.047	0.5647058823529412	0.5647058823529412	0.5647058823529412
