U	P_1	191.034	307.5	192.012	1.0	0.5019607843137255	0.0
U	OP1_1	190.27	308.567	191.308	1.0	0.050980392156862744	0.050980392156862744
U	OP2_1	192.485	307.332	191.738	1.0	0.050980392156862744	0.050980392156862744
U	O5'_1	190.852	307.7	193.581	1.0	0.050980392156862744	0.050980392156862744
U	C5'_1	189.549	307.926	194.153	0.5647058823529412	0.5647058823529412	0.5647058823529412
U	C4'_1	189.659	308.065	195.654	0.5647058823529412	0.5647058823529412	0.5647058823529412
U	O4'_1	189.987	306.782	196.251	1.0	0.050980392156862744	0.050980392156862744
U	C3'_1	190.755	308.993	196.153	0.5647058823529412	0.5647058823529412	0.5647058823529412
U	O3'_1	190.374	310.363	196.078	1.0	0.050980392156862744	0.050980392156862744
U	C2'_1	190.971	308.499	197.578	0.5647058823529412	0.5647058823529412	0.5647058823529412
U	O2'_1	189.995	308.971	198.483	1.0	0.050980392156862744	0.050980392156862744
U	C1'_1	190.804	306.988	197.396	0.5647058823529412	0.5647058823529412	0.5647058823529412
U	N1_1	192.079	306.276	197.212	0.18823529411764706	0.3137254901960784	0.9725490196078431
U	C2_1	192.73	305.814	198.351	0.5647058823529412	0.5647058823529412	0.5647058823529412
U	O2_1	192.288	305.971	199.481	1.0	0.050980392156862744	0.050980392156862744
U	N3_1	193.916	305.164	198.11	0.18823529411764706	0.3137254901960784	0.9725490196078431
U	C4_1	194.507	304.931	196.881	0.5647058823529412	0.5647058823529412	0.5647058823529412
U	O4_1	195.586	304.337	196.834	1.0	0.050980392156862744	0.050980392156862744
U	C5_1	193.776	305.433	195.756	0.5647058823529412	0.5647058823529412	0.5647058823529412
U	C6_1	192.617	306.072	195.954	0.5647058823529412	0.5647058823529412	0.5647058823529412
G	P_2	200.585	301.861	208.768	1.0	0.5019607843137255	0.0
G	OP1_2	200.706	301.171	210.08	1.0	0.050980392156862744	0.050980392156862744
G	OP2_2	201.161	301.223	207.553	1.0	0.050980392156862744	0.050980392156862744
G	O5'_2	199.035	302.126	208.506	1.0	0.050980392156862744	0.050980392156862744
G	C5'_2	198.62	302.929	207.388	0.5647058823529412	0.5647058823529412	0.5647058823529412
G	C4'_2	197.434	303.788	207.754	0.5647058823529412	0.5647058823529412	0.5647058823529412
G	O4'_2	197.5	305.023	206.993	1.0	0.050980392156862744	0.050980392156862744
G	C3'_2	196.059	303.189	207.461	0.5647058823529412	0.5647058823529412	0.5647058823529412
G	O3'_2	195.552	302.393	208.538	1.0	0.050980392156862744	0.050980392156862744
G	C2'_2	195.216	304.425	207.158	0.5647058823529412	0.5647058823529412	0.5647058823529412
G	O2'_2	194.773	305.099	208.32	1.0	0.050980392156862744	0.050980392156862744
G	C1'_2	196.235	305.3	206.421	0.5647058823529412	0.5647058823529412	0.5647058823529412
G	N9_2	196.319	305.024	204.988	0.18823529411764706	0.3137254901960784	0.9725490196078431
G	C8_2	197.312	304.332	204.326	0.5647058823529412	0.5647058823529412	0.5647058823529412
G	N7_2	197.107	304.247	203.04	0.18823529411764706	0.3137254901960784	0.9725490196078431
G	C5_2	195.908	304.92	202.837	0.5647058823529412	0.5647058823529412	0.5647058823529412
G	C6_2	195.176	305.151	201.645	0.5647058823529412	0.5647058823529412	0.5647058823529412
G	O6_2	195.449	304.795	200.493	1.0	0.050980392156862744	0.050980392156862744
G	N1_2	194.014	305.879	201.89	0.18823529411764706	0.3137254901960784	0.9725490196078431
G	C2_2	193.607	306.327	203.123	0.5647058823529412	0.5647058823529412	0.5647058823529412
G	N2_2	192.46	307.019	203.156	0.18823529411764706	0.3137254901960784	0.9725490196078431
G	N3_2	194.277	306.113	204.243	0.18823529411764706	0.3137254901960784	0.9725490196078431
G	C4_2	195.411	305.408	204.028	0.5647058823529412	0.5647058823529412	0.5647058823529412
