U	P_1	168.288	140.557	180.755	1.0	0.5019607843137255	0.0
U	OP1_1	167.745	140.794	182.123	1.0	0.050980392156862744	0.050980392156862744
U	OP2_1	168.813	141.702	179.965	1.0	0.050980392156862744	0.050980392156862744
U	O5'_1	169.439	139.456	180.858	1.0	0.050980392156862744	0.050980392156862744
U	C5'_1	169.163	138.136	181.371	0.5647058823529412	0.5647058823529412	0.5647058823529412
U	C4'_1	170.256	137.178	180.963	0.5647058823529412	0.5647058823529412	0.5647058823529412
U	O4'_1	170.43	137.278	179.536	1.0	0.050980392156862744	0.050980392156862744
U	C3'_1	171.643	137.45	181.53	0.5647058823529412	0.5647058823529412	0.5647058823529412
U	O3'_1	171.71	136.811	182.819	1.0	0.050980392156862744	0.050980392156862744
U	C2'_1	172.57	136.789	180.501	0.5647058823529412	0.5647058823529412	0.5647058823529412
U	O2'_1	172.787	135.414	180.752	1.0	0.050980392156862744	0.050980392156862744
U	C1'_1	171.753	136.915	179.205	0.5647058823529412	0.5647058823529412	0.5647058823529412
U	N1_1	172.216	137.787	178.114	0.18823529411764706	0.3137254901960784	0.9725490196078431
U	C2_1	173.183	137.287	177.25	0.5647058823529412	0.5647058823529412	0.5647058823529412
U	O2_1	173.707	136.193	177.394	1.0	0.050980392156862744	0.050980392156862744
U	N3_1	173.51	138.119	176.209	0.18823529411764706	0.3137254901960784	0.9725490196078431
U	C4_1	172.99	139.377	175.951	0.5647058823529412	0.5647058823529412	0.5647058823529412
U	O4_1	173.368	139.996	174.952	1.0	0.050980392156862744	0.050980392156862744
U	C5_1	172.019	139.83	176.902	0.5647058823529412	0.5647058823529412	0.5647058823529412
U	C6_1	171.679	139.045	177.927	0.5647058823529412	0.5647058823529412	0.5647058823529412
G	P_2	181.003	135.59	167.193	1.0	0.5019607843137255	0.0
G	OP1_2	181.536	134.727	166.103	1.0	0.050980392156862744	0.050980392156862744
G	OP2_2	180.079	136.709	166.856	1.0	0.050980392156862744	0.050980392156862744
G	O5'_2	180.287	134.657	168.279	1.0	0.050980392156862744	0.050980392156862744
G	C5'_2	180.886	133.408	168.703	0.5647058823529412	0.5647058823529412	0.5647058823529412
G	C4'_2	180.136	132.812	169.885	0.5647058823529412	0.5647058823529412	0.5647058823529412
G	O4'_2	180.044	133.795	170.947	1.0	0.050980392156862744	0.050980392156862744
G	C3'_2	178.678	132.407	169.686	0.5647058823529412	0.5647058823529412	0.5647058823529412
G	O3'_2	178.572	131.129	169.045	1.0	0.050980392156862744	0.050980392156862744
G	C2'_2	178.174	132.325	171.129	0.5647058823529412	0.5647058823529412	0.5647058823529412
G	O2'_2	178.495	131.104	171.769	1.0	0.050980392156862744	0.050980392156862744
G	C1'_2	178.967	133.449	171.804	0.5647058823529412	0.5647058823529412	0.5647058823529412
G	N9_2	178.169	134.639	172.084	0.18823529411764706	0.3137254901960784	0.9725490196078431
G	C8_2	178.091	135.792	171.337	0.5647058823529412	0.5647058823529412	0.5647058823529412
G	N7_2	177.278	136.68	171.845	0.18823529411764706	0.3137254901960784	0.9725490196078431
G	C5_2	176.789	136.078	172.997	0.5647058823529412	0.5647058823529412	0.5647058823529412
G	C6_2	175.862	136.557	173.965	0.5647058823529412	0.5647058823529412	0.5647058823529412
G	O6_2	175.271	137.648	173.994	1.0	0.050980392156862744	0.050980392156862744
G	N1_2	175.648	135.621	174.975	0.18823529411764706	0.3137254901960784	0.9725490196078431
G	C2_2	176.242	134.383	175.043	0.5647058823529412	0.5647058823529412	0.5647058823529412
G	N2_2	175.901	133.621	176.091	0.18823529411764706	0.3137254901960784	0.9725490196078431
G	N3_2	177.105	133.925	174.148	0.18823529411764706	0.3137254901960784	0.9725490196078431
G	C4_2	177.331	134.819	173.16	0.5647058823529412	0.5647058823529412	0.5647058823529412
