G	P_1	275.136	237.714	214.375	1.0	0.5019607843137255	0.0
G	OP1_1	274.652	237.663	212.967	1.0	0.050980392156862744	0.050980392156862744
G	OP2_1	275.625	236.47	215.031	1.0	0.050980392156862744	0.050980392156862744
G	O5'_1	276.304	238.799	214.456	1.0	0.050980392156862744	0.050980392156862744
G	C5'_1	276.083	240.166	214.051	0.5647058823529412	0.5647058823529412	0.5647058823529412
G	C4'_1	277.115	241.075	214.682	0.5647058823529412	0.5647058823529412	0.5647058823529412
G	O4'_1	277.063	240.932	216.13	1.0	0.050980392156862744	0.050980392156862744
G	C3'_1	278.572	240.796	214.337	0.5647058823529412	0.5647058823529412	0.5647058823529412
G	O3'_1	278.933	241.375	213.08	1.0	0.050980392156862744	0.050980392156862744
G	C2'_1	279.308	241.432	215.513	0.5647058823529412	0.5647058823529412	0.5647058823529412
G	O2'_1	279.415	242.839	215.41	1.0	0.050980392156862744	0.050980392156862744
G	C1'_1	278.367	241.094	216.673	0.5647058823529412	0.5647058823529412	0.5647058823529412
G	N9_1	278.74	239.867	217.375	0.18823529411764706	0.3137254901960784	0.9725490196078431
G	C8_1	278.301	238.588	217.117	0.5647058823529412	0.5647058823529412	0.5647058823529412
G	N7_1	278.822	237.695	217.917	0.18823529411764706	0.3137254901960784	0.9725490196078431
G	C5_1	279.655	238.426	218.753	0.5647058823529412	0.5647058823529412	0.5647058823529412
G	C6_1	280.485	238.0	219.825	0.5647058823529412	0.5647058823529412	0.5647058823529412
G	O6_1	280.656	236.852	220.258	1.0	0.050980392156862744	0.050980392156862744
G	N1_1	281.157	239.072	220.411	0.18823529411764706	0.3137254901960784	0.9725490196078431
G	C2_1	281.048	240.387	220.017	0.5647058823529412	0.5647058823529412	0.5647058823529412
G	N2_1	281.772	241.281	220.715	0.18823529411764706	0.3137254901960784	0.9725490196078431
G	N3_1	280.281	240.796	219.013	0.18823529411764706	0.3137254901960784	0.9725490196078431
G	C4_1	279.616	239.77	218.433	0.5647058823529412	0.5647058823529412	0.5647058823529412
U	P_2	288.31	234.588	227.001	1.0	0.5019607843137255	0.0
U	OP1_2	289.12	235.02	228.178	1.0	0.050980392156862744	0.050980392156862744
U	OP2_2	287.388	233.431	227.133	1.0	0.050980392156862744	0.050980392156862744
U	O5'_2	287.468	235.841	226.485	1.0	0.050980392156862744	0.050980392156862744
U	C5'_2	288.128	237.073	226.128	0.5647058823529412	0.5647058823529412	0.5647058823529412
U	C4'_2	287.169	238.017	225.433	0.5647058823529412	0.5647058823529412	0.5647058823529412
U	O4'_2	286.649	237.394	224.228	1.0	0.050980392156862744	0.050980392156862744
U	C3'_2	285.906	238.416	226.18	0.5647058823529412	0.5647058823529412	0.5647058823529412
U	O3'_2	286.165	239.429	227.149	1.0	0.050980392156862744	0.050980392156862744
U	C2'_2	285.028	238.941	225.046	0.5647058823529412	0.5647058823529412	0.5647058823529412
U	O2'_2	285.368	240.258	224.657	1.0	0.050980392156862744	0.050980392156862744
U	C1'_2	285.397	237.983	223.908	0.5647058823529412	0.5647058823529412	0.5647058823529412
U	N1_2	284.406	236.924	223.646	0.18823529411764706	0.3137254901960784	0.9725490196078431
U	C2_2	283.28	237.271	222.902	0.5647058823529412	0.5647058823529412	0.5647058823529412
U	O2_2	283.077	238.403	222.489	1.0	0.050980392156862744	0.050980392156862744
U	N3_2	282.404	236.239	222.666	0.18823529411764706	0.3137254901960784	0.9725490196078431
U	C4_2	282.526	234.929	223.087	0.5647058823529412	0.5647058823529412	0.5647058823529412
U	O4_2	281.671	234.108	222.752	1.0	0.050980392156862744	0.050980392156862744
U	C5_2	283.702	234.651	223.858	0.5647058823529412	0.5647058823529412	0.5647058823529412
U	C6_2	284.58	235.63	224.107	0.5647058823529412	0.5647058823529412	0.5647058823529412
