U	P_1	188.365	206.186	132.123	1.0	0.5019607843137255	0.0
U	OP1_1	187.149	205.763	131.366	1.0	0.050980392156862744	0.050980392156862744
U	OP2_1	189.253	207.239	131.552	1.0	0.050980392156862744	0.050980392156862744
U	O5'_1	187.893	206.662	133.569	1.0	0.050980392156862744	0.050980392156862744
U	C5'_1	187.009	205.848	134.36	0.5647058823529412	0.5647058823529412	0.5647058823529412
U	C4'_1	186.905	206.397	135.763	0.5647058823529412	0.5647058823529412	0.5647058823529412
U	O4'_1	188.211	206.359	136.393	1.0	0.050980392156862744	0.050980392156862744
U	C3'_1	186.46	207.847	135.902	0.5647058823529412	0.5647058823529412	0.5647058823529412
U	O3'_1	185.034	207.934	135.831	1.0	0.050980392156862744	0.050980392156862744
U	C2'_1	186.998	208.215	137.284	0.5647058823529412	0.5647058823529412	0.5647058823529412
U	O2'_1	186.171	207.755	138.334	1.0	0.050980392156862744	0.050980392156862744
U	C1'_1	188.319	207.435	137.315	0.5647058823529412	0.5647058823529412	0.5647058823529412
U	N1_1	189.521	208.225	136.998	0.18823529411764706	0.3137254901960784	0.9725490196078431
U	C2_1	190.129	208.924	138.038	0.5647058823529412	0.5647058823529412	0.5647058823529412
U	O2_1	189.72	208.9	139.193	1.0	0.050980392156862744	0.050980392156862744
U	N3_1	191.232	209.652	137.671	0.18823529411764706	0.3137254901960784	0.9725490196078431
U	C4_1	191.781	209.755	136.406	0.5647058823529412	0.5647058823529412	0.5647058823529412
U	O4_1	192.741	210.503	136.225	1.0	0.050980392156862744	0.050980392156862744
U	C5_1	191.113	208.995	135.399	0.5647058823529412	0.5647058823529412	0.5647058823529412
U	C6_1	190.032	208.276	135.718	0.5647058823529412	0.5647058823529412	0.5647058823529412
G	P_2	196.43	216.77	147.084	1.0	0.5019607843137255	0.0
G	OP1_2	197.208	216.758	148.356	1.0	0.050980392156862744	0.050980392156862744
G	OP2_2	197.097	216.389	145.81	1.0	0.050980392156862744	0.050980392156862744
G	O5'_2	195.135	215.856	147.272	1.0	0.050980392156862744	0.050980392156862744
G	C5'_2	195.152	214.449	146.963	0.5647058823529412	0.5647058823529412	0.5647058823529412
G	C4'_2	193.741	213.901	146.982	0.5647058823529412	0.5647058823529412	0.5647058823529412
G	O4'_2	192.976	214.459	145.875	1.0	0.050980392156862744	0.050980392156862744
G	C3'_2	193.617	212.398	146.79	0.5647058823529412	0.5647058823529412	0.5647058823529412
G	O3'_2	193.855	211.718	148.025	1.0	0.050980392156862744	0.050980392156862744
G	C2'_2	192.178	212.253	146.297	0.5647058823529412	0.5647058823529412	0.5647058823529412
G	O2'_2	191.222	212.315	147.338	1.0	0.050980392156862744	0.050980392156862744
G	C1'_2	192.038	213.495	145.409	0.5647058823529412	0.5647058823529412	0.5647058823529412
G	N9_2	192.276	213.255	143.983	0.18823529411764706	0.3137254901960784	0.9725490196078431
G	C8_2	193.252	213.825	143.192	0.5647058823529412	0.5647058823529412	0.5647058823529412
G	N7_2	193.217	213.414	141.951	0.18823529411764706	0.3137254901960784	0.9725490196078431
G	C5_2	192.153	212.522	141.912	0.5647058823529412	0.5647058823529412	0.5647058823529412
G	C6_2	191.638	211.757	140.834	0.5647058823529412	0.5647058823529412	0.5647058823529412
G	O6_2	192.033	211.718	139.662	1.0	0.050980392156862744	0.050980392156862744
G	N1_2	190.553	210.974	141.232	0.18823529411764706	0.3137254901960784	0.9725490196078431
G	C2_2	190.03	210.936	142.505	0.5647058823529412	0.5647058823529412	0.5647058823529412
G	N2_2	188.979	210.118	142.695	0.18823529411764706	0.3137254901960784	0.9725490196078431
G	N3_2	190.503	211.647	143.521	0.18823529411764706	0.3137254901960784	0.9725490196078431
G	C4_2	191.558	212.411	143.157	0.5647058823529412	0.5647058823529412	0.5647058823529412
