G	P_1	220.692	278.755	196.102	1.0	0.5019607843137255	0.0
G	OP1_1	220.959	279.829	197.103	1.0	0.050980392156862744	0.050980392156862744
G	OP2_1	220.771	279.071	194.648	1.0	0.050980392156862744	0.050980392156862744
G	O5'_1	221.669	277.526	196.398	1.0	0.050980392156862744	0.050980392156862744
G	C5'_1	221.892	277.073	197.748	0.5647058823529412	0.5647058823529412	0.5647058823529412
G	C4'_1	222.88	275.921	197.775	0.5647058823529412	0.5647058823529412	0.5647058823529412
G	O4'_1	222.326	274.766	197.091	1.0	0.050980392156862744	0.050980392156862744
G	C3'_1	224.224	276.118	197.086	0.5647058823529412	0.5647058823529412	0.5647058823529412
G	O3'_1	225.134	276.889	197.874	1.0	0.050980392156862744	0.050980392156862744
G	C2'_1	224.701	274.678	196.917	0.5647058823529412	0.5647058823529412	0.5647058823529412
G	O2'_1	225.25	274.122	198.097	1.0	0.050980392156862744	0.050980392156862744
G	C1'_1	223.387	273.959	196.599	0.5647058823529412	0.5647058823529412	0.5647058823529412
G	N9_1	223.193	273.718	195.171	0.18823529411764706	0.3137254901960784	0.9725490196078431
G	C8_1	222.332	274.371	194.317	0.5647058823529412	0.5647058823529412	0.5647058823529412
G	N7_1	222.388	273.924	193.09	0.18823529411764706	0.3137254901960784	0.9725490196078431
G	C5_1	223.343	272.915	193.133	0.5647058823529412	0.5647058823529412	0.5647058823529412
G	C6_1	223.835	272.072	192.105	0.5647058823529412	0.5647058823529412	0.5647058823529412
G	O6_1	223.513	272.046	190.909	1.0	0.050980392156862744	0.050980392156862744
G	N1_1	224.803	271.192	192.583	0.18823529411764706	0.3137254901960784	0.9725490196078431
G	C2_1	225.243	271.132	193.88	0.5647058823529412	0.5647058823529412	0.5647058823529412
G	N2_1	226.186	270.213	194.144	0.18823529411764706	0.3137254901960784	0.9725490196078431
G	N3_1	224.794	271.913	194.849	0.18823529411764706	0.3137254901960784	0.9725490196078431
G	C4_1	223.851	272.775	194.408	0.5647058823529412	0.5647058823529412	0.5647058823529412
U	P_2	226.686	265.27	184.461	1.0	0.5019607843137255	0.0
U	OP1_2	227.118	263.872	184.183	1.0	0.050980392156862744	0.050980392156862744
U	OP2_2	225.354	265.732	183.988	1.0	0.050980392156862744	0.050980392156862744
U	O5'_2	226.773	265.522	186.035	1.0	0.050980392156862744	0.050980392156862744
U	C5'_2	227.999	265.274	186.76	0.5647058823529412	0.5647058823529412	0.5647058823529412
U	C4'_2	227.968	265.957	188.114	0.5647058823529412	0.5647058823529412	0.5647058823529412
U	O4'_2	227.892	267.397	187.938	1.0	0.050980392156862744	0.050980392156862744
U	C3'_2	226.794	265.625	189.024	0.5647058823529412	0.5647058823529412	0.5647058823529412
U	O3'_2	227.028	264.406	189.736	1.0	0.050980392156862744	0.050980392156862744
U	C2'_2	226.747	266.837	189.949	0.5647058823529412	0.5647058823529412	0.5647058823529412
U	O2'_2	227.715	266.78	190.975	1.0	0.050980392156862744	0.050980392156862744
U	C1'_2	227.127	267.967	188.989	0.5647058823529412	0.5647058823529412	0.5647058823529412
U	N1_2	225.981	268.682	188.405	0.18823529411764706	0.3137254901960784	0.9725490196078431
U	C2_2	225.441	269.738	189.124	0.5647058823529412	0.5647058823529412	0.5647058823529412
U	O2_2	225.855	270.076	190.221	1.0	0.050980392156862744	0.050980392156862744
U	N3_2	224.391	270.377	188.509	0.18823529411764706	0.3137254901960784	0.9725490196078431
U	C4_2	223.831	270.071	187.276	0.5647058823529412	0.5647058823529412	0.5647058823529412
U	O4_2	222.883	270.735	186.858	1.0	0.050980392156862744	0.050980392156862744
U	C5_2	224.44	268.968	186.602	0.5647058823529412	0.5647058823529412	0.5647058823529412
U	C6_2	225.464	268.325	187.175	0.5647058823529412	0.5647058823529412	0.5647058823529412
