U	P_1	266.015	146.599	250.412	1.0	0.5019607843137255	0.0
U	OP1_1	266.166	148.074	250.248	1.0	0.050980392156862744	0.050980392156862744
U	OP2_1	266.148	145.709	249.225	1.0	0.050980392156862744	0.050980392156862744
U	O5'_1	267.052	146.106	251.519	1.0	0.050980392156862744	0.050980392156862744
U	C5'_1	268.384	145.7	251.157	0.5647058823529412	0.5647058823529412	0.5647058823529412
U	C4'_1	269.089	145.092	252.343	0.5647058823529412	0.5647058823529412	0.5647058823529412
U	O4'_1	268.326	143.959	252.841	1.0	0.050980392156862744	0.050980392156862744
U	C3'_1	270.466	144.517	252.046	0.5647058823529412	0.5647058823529412	0.5647058823529412
U	O3'_1	271.464	145.536	252.044	1.0	0.050980392156862744	0.050980392156862744
U	C2'_1	270.643	143.493	253.164	0.5647058823529412	0.5647058823529412	0.5647058823529412
U	O2'_1	271.024	144.07	254.4	1.0	0.050980392156862744	0.050980392156862744
U	C1'_1	269.217	142.941	253.287	0.5647058823529412	0.5647058823529412	0.5647058823529412
U	N1_1	268.967	141.719	252.5	0.18823529411764706	0.3137254901960784	0.9725490196078431
U	C2_1	269.368	140.5	253.042	0.5647058823529412	0.5647058823529412	0.5647058823529412
U	O2_1	269.925	140.402	254.125	1.0	0.050980392156862744	0.050980392156862744
U	N3_1	269.09	139.405	252.261	0.18823529411764706	0.3137254901960784	0.9725490196078431
U	C4_1	268.471	139.395	251.024	0.5647058823529412	0.5647058823529412	0.5647058823529412
U	O4_1	268.292	138.318	250.446	1.0	0.050980392156862744	0.050980392156862744
U	C5_1	268.092	140.682	250.53	0.5647058823529412	0.5647058823529412	0.5647058823529412
U	C6_1	268.347	141.772	251.26	0.5647058823529412	0.5647058823529412	0.5647058823529412
G	P_2	271.119	129.178	255.894	1.0	0.5019607843137255	0.0
G	OP1_2	271.008	128.153	256.977	1.0	0.050980392156862744	0.050980392156862744
G	OP2_2	269.895	129.606	255.162	1.0	0.050980392156862744	0.050980392156862744
G	O5'_2	271.807	130.476	256.515	1.0	0.050980392156862744	0.050980392156862744
G	C5'_2	272.954	130.361	257.388	0.5647058823529412	0.5647058823529412	0.5647058823529412
G	C4'_2	273.307	131.707	257.98	0.5647058823529412	0.5647058823529412	0.5647058823529412
G	O4'_2	273.851	132.58	256.95	1.0	0.050980392156862744	0.050980392156862744
G	C3'_2	272.151	132.505	258.565	0.5647058823529412	0.5647058823529412	0.5647058823529412
G	O3'_2	271.783	132.062	259.869	1.0	0.050980392156862744	0.050980392156862744
G	C2'_2	272.703	133.926	258.545	0.5647058823529412	0.5647058823529412	0.5647058823529412
G	O2'_2	273.592	134.19	259.612	1.0	0.050980392156862744	0.050980392156862744
G	C1'_2	273.476	133.926	257.221	0.5647058823529412	0.5647058823529412	0.5647058823529412
G	N9_2	272.674	134.418	256.102	0.18823529411764706	0.3137254901960784	0.9725490196078431
G	C8_2	272.024	133.662	255.151	0.5647058823529412	0.5647058823529412	0.5647058823529412
G	N7_2	271.366	134.382	254.282	0.18823529411764706	0.3137254901960784	0.9725490196078431
G	C5_2	271.596	135.694	254.676	0.5647058823529412	0.5647058823529412	0.5647058823529412
G	C6_2	271.136	136.912	254.115	0.5647058823529412	0.5647058823529412	0.5647058823529412
G	O6_2	270.404	137.076	253.13	1.0	0.050980392156862744	0.050980392156862744
G	N1_2	271.611	138.015	254.822	0.18823529411764706	0.3137254901960784	0.9725490196078431
G	C2_2	272.42	137.955	255.931	0.5647058823529412	0.5647058823529412	0.5647058823529412
G	N2_2	272.773	139.134	256.473	0.18823529411764706	0.3137254901960784	0.9725490196078431
G	N3_2	272.852	136.821	256.471	0.18823529411764706	0.3137254901960784	0.9725490196078431
G	C4_2	272.407	135.737	255.795	0.5647058823529412	0.5647058823529412	0.5647058823529412
