U	P_1	156.071	270.074	199.494	1.0	0.5019607843137255	0.0
U	OP1_1	154.803	270.065	198.703	1.0	0.050980392156862744	0.050980392156862744
U	OP2_1	156.522	271.335	200.145	1.0	0.050980392156862744	0.050980392156862744
U	O5'_1	155.97	268.941	200.609	1.0	0.050980392156862744	0.050980392156862744
U	C5'_1	155.683	267.579	200.244	0.5647058823529412	0.5647058823529412	0.5647058823529412
U	C4'_1	156.047	266.648	201.375	0.5647058823529412	0.5647058823529412	0.5647058823529412
U	O4'_1	157.468	266.769	201.653	1.0	0.050980392156862744	0.050980392156862744
U	C3'_1	155.373	266.92	202.714	0.5647058823529412	0.5647058823529412	0.5647058823529412
U	O3'_1	154.06	266.335	202.755	1.0	0.050980392156862744	0.050980392156862744
U	C2'_1	156.345	266.266	203.694	0.5647058823529412	0.5647058823529412	0.5647058823529412
U	O2'_1	156.198	264.862	203.745	1.0	0.050980392156862744	0.050980392156862744
U	C1'_1	157.697	266.584	203.042	0.5647058823529412	0.5647058823529412	0.5647058823529412
U	N1_1	158.382	267.774	203.577	0.18823529411764706	0.3137254901960784	0.9725490196078431
U	C2_1	159.321	267.583	204.583	0.5647058823529412	0.5647058823529412	0.5647058823529412
U	O2_1	159.605	266.483	205.031	1.0	0.050980392156862744	0.050980392156862744
U	N3_1	159.916	268.731	205.046	0.18823529411764706	0.3137254901960784	0.9725490196078431
U	C4_1	159.68	270.026	204.618	0.5647058823529412	0.5647058823529412	0.5647058823529412
U	O4_1	160.264	270.962	205.167	1.0	0.050980392156862744	0.050980392156862744
U	C5_1	158.709	270.14	203.573	0.5647058823529412	0.5647058823529412	0.5647058823529412
U	C6_1	158.105	269.038	203.102	0.5647058823529412	0.5647058823529412	0.5647058823529412
G	P_2	164.596	269.285	215.843	1.0	0.5019607843137255	0.0
G	OP1_2	165.765	269.746	216.64	1.0	0.050980392156862744	0.050980392156862744
G	OP2_2	164.381	269.825	214.471	1.0	0.050980392156862744	0.050980392156862744
G	O5'_2	164.652	267.694	215.756	1.0	0.050980392156862744	0.050980392156862744
G	C5'_2	165.271	267.029	214.637	0.5647058823529412	0.5647058823529412	0.5647058823529412
G	C4'_2	164.384	265.906	214.146	0.5647058823529412	0.5647058823529412	0.5647058823529412
G	O4'_2	163.062	266.427	213.842	1.0	0.050980392156862744	0.050980392156862744
G	C3'_2	164.83	265.231	212.858	0.5647058823529412	0.5647058823529412	0.5647058823529412
G	O3'_2	165.801	264.222	213.12	1.0	0.050980392156862744	0.050980392156862744
G	C2'_2	163.527	264.657	212.315	0.5647058823529412	0.5647058823529412	0.5647058823529412
G	O2'_2	163.166	263.439	212.935	1.0	0.050980392156862744	0.050980392156862744
G	C1'_2	162.525	265.745	212.718	0.5647058823529412	0.5647058823529412	0.5647058823529412
G	N9_2	162.228	266.731	211.678	0.18823529411764706	0.3137254901960784	0.9725490196078431
G	C8_2	162.489	268.085	211.715	0.5647058823529412	0.5647058823529412	0.5647058823529412
G	N7_2	162.083	268.718	210.646	0.18823529411764706	0.3137254901960784	0.9725490196078431
G	C5_2	161.522	267.726	209.85	0.5647058823529412	0.5647058823529412	0.5647058823529412
G	C6_2	160.915	267.81	208.57	0.5647058823529412	0.5647058823529412	0.5647058823529412
G	O6_2	160.731	268.811	207.872	1.0	0.050980392156862744	0.050980392156862744
G	N1_2	160.499	266.561	208.119	0.18823529411764706	0.3137254901960784	0.9725490196078431
G	C2_2	160.641	265.385	208.811	0.5647058823529412	0.5647058823529412	0.5647058823529412
G	N2_2	160.183	264.278	208.206	0.18823529411764706	0.3137254901960784	0.9725490196078431
G	N3_2	161.193	265.294	210.01	0.18823529411764706	0.3137254901960784	0.9725490196078431
G	C4_2	161.61	266.493	210.466	0.5647058823529412	0.5647058823529412	0.5647058823529412
