U	P_1	179.991	235.132	189.051	1.0	0.5019607843137255	0.0
U	OP1_1	178.888	235.093	188.048	1.0	0.050980392156862744	0.050980392156862744
U	OP2_1	179.667	235.051	190.498	1.0	0.050980392156862744	0.050980392156862744
U	O5'_1	181.032	233.975	188.706	1.0	0.050980392156862744	0.050980392156862744
U	C5'_1	181.543	233.811	187.367	0.5647058823529412	0.5647058823529412	0.5647058823529412
U	C4'_1	182.763	232.917	187.378	0.5647058823529412	0.5647058823529412	0.5647058823529412
U	O4'_1	183.842	233.579	188.092	1.0	0.050980392156862744	0.050980392156862744
U	C3'_1	182.609	231.579	188.091	0.5647058823529412	0.5647058823529412	0.5647058823529412
U	O3'_1	181.99	230.598	187.256	1.0	0.050980392156862744	0.050980392156862744
U	C2'_1	184.052	231.229	188.442	0.5647058823529412	0.5647058823529412	0.5647058823529412
U	O2'_1	184.777	230.687	187.358	1.0	0.050980392156862744	0.050980392156862744
U	C1'_1	184.622	232.609	188.779	0.5647058823529412	0.5647058823529412	0.5647058823529412
U	N1_1	184.606	232.921	190.217	0.18823529411764706	0.3137254901960784	0.9725490196078431
U	C2_1	185.74	232.604	190.957	0.5647058823529412	0.5647058823529412	0.5647058823529412
U	O2_1	186.727	232.074	190.468	1.0	0.050980392156862744	0.050980392156862744
U	N3_1	185.669	232.93	192.291	0.18823529411764706	0.3137254901960784	0.9725490196078431
U	C4_1	184.601	233.523	192.952	0.5647058823529412	0.5647058823529412	0.5647058823529412
U	O4_1	184.686	233.744	194.162	1.0	0.050980392156862744	0.050980392156862744
U	C5_1	183.467	233.816	192.12	0.5647058823529412	0.5647058823529412	0.5647058823529412
U	C6_1	183.506	233.512	190.815	0.5647058823529412	0.5647058823529412	0.5647058823529412
G	P_2	195.778	225.827	196.552	1.0	0.5019607843137255	0.0
G	OP1_2	197.102	225.767	197.235	1.0	0.050980392156862744	0.050980392156862744
G	OP2_2	194.71	226.706	197.101	1.0	0.050980392156862744	0.050980392156862744
G	O5'_2	196.02	226.198	195.022	1.0	0.050980392156862744	0.050980392156862744
G	C5'_2	195.492	227.409	194.442	0.5647058823529412	0.5647058823529412	0.5647058823529412
G	C4'_2	194.755	227.081	193.162	0.5647058823529412	0.5647058823529412	0.5647058823529412
G	O4'_2	193.368	226.762	193.469	1.0	0.050980392156862744	0.050980392156862744
G	C3'_2	194.645	228.204	192.144	0.5647058823529412	0.5647058823529412	0.5647058823529412
G	O3'_2	195.833	228.308	191.362	1.0	0.050980392156862744	0.050980392156862744
G	C2'_2	193.442	227.767	191.316	0.5647058823529412	0.5647058823529412	0.5647058823529412
G	O2'_2	193.735	226.75	190.378	1.0	0.050980392156862744	0.050980392156862744
G	C1'_2	192.53	227.198	192.404	0.5647058823529412	0.5647058823529412	0.5647058823529412
G	N9_2	191.588	228.191	192.919	0.18823529411764706	0.3137254901960784	0.9725490196078431
G	C8_2	191.587	228.779	194.165	0.5647058823529412	0.5647058823529412	0.5647058823529412
G	N7_2	190.614	229.639	194.327	0.18823529411764706	0.3137254901960784	0.9725490196078431
G	C5_2	189.927	229.62	193.117	0.5647058823529412	0.5647058823529412	0.5647058823529412
G	C6_2	188.77	230.348	192.693	0.5647058823529412	0.5647058823529412	0.5647058823529412
G	O6_2	188.11	231.183	193.326	1.0	0.050980392156862744	0.050980392156862744
G	N1_2	188.406	230.02	191.387	0.18823529411764706	0.3137254901960784	0.9725490196078431
G	C2_2	189.064	229.115	190.584	0.5647058823529412	0.5647058823529412	0.5647058823529412
G	N2_2	188.559	228.936	189.348	0.18823529411764706	0.3137254901960784	0.9725490196078431
G	N3_2	190.142	228.432	190.964	0.18823529411764706	0.3137254901960784	0.9725490196078431
G	C4_2	190.514	228.732	192.234	0.5647058823529412	0.5647058823529412	0.5647058823529412
