G	P_1	218.212	234.338	150.093	1.0	0.5019607843137255	0.0
G	OP1_1	218.909	235.301	150.991	1.0	0.050980392156862744	0.050980392156862744
G	OP2_1	219.005	233.317	149.351	1.0	0.050980392156862744	0.050980392156862744
G	O5'_1	217.089	233.582	150.934	1.0	0.050980392156862744	0.050980392156862744
G	C5'_1	217.399	232.383	151.664	0.5647058823529412	0.5647058823529412	0.5647058823529412
G	C4'_1	216.141	231.783	152.256	0.5647058823529412	0.5647058823529412	0.5647058823529412
G	O4'_1	215.201	231.435	151.196	1.0	0.050980392156862744	0.050980392156862744
G	C3'_1	216.371	230.478	153.0	0.5647058823529412	0.5647058823529412	0.5647058823529412
G	O3'_1	216.818	230.721	154.331	1.0	0.050980392156862744	0.050980392156862744
G	C2'_1	215.005	229.804	152.911	0.5647058823529412	0.5647058823529412	0.5647058823529412
G	O2'_1	214.059	230.33	153.825	1.0	0.050980392156862744	0.050980392156862744
G	C1'_1	214.589	230.18	151.484	0.5647058823529412	0.5647058823529412	0.5647058823529412
G	N9_1	215.042	229.221	150.472	0.18823529411764706	0.3137254901960784	0.9725490196078431
G	C8_1	215.915	229.475	149.434	0.5647058823529412	0.5647058823529412	0.5647058823529412
G	N7_1	216.159	228.426	148.696	0.18823529411764706	0.3137254901960784	0.9725490196078431
G	C5_1	215.4	227.414	149.272	0.5647058823529412	0.5647058823529412	0.5647058823529412
G	C6_1	215.262	226.053	148.902	0.5647058823529412	0.5647058823529412	0.5647058823529412
G	O6_1	215.805	225.453	147.963	1.0	0.050980392156862744	0.050980392156862744
G	N1_1	214.387	225.377	149.751	0.18823529411764706	0.3137254901960784	0.9725490196078431
G	C2_1	213.734	225.937	150.825	0.5647058823529412	0.5647058823529412	0.5647058823529412
G	N2_1	212.937	225.117	151.525	0.18823529411764706	0.3137254901960784	0.9725490196078431
G	N3_1	213.855	227.21	151.184	0.18823529411764706	0.3137254901960784	0.9725490196078431
G	C4_1	214.697	227.886	150.367	0.5647058823529412	0.5647058823529412	0.5647058823529412
U	P_2	213.909	216.565	144.779	1.0	0.5019607843137255	0.0
U	OP1_2	213.0	215.727	143.947	1.0	0.050980392156862744	0.050980392156862744
U	OP2_2	215.09	217.21	144.146	1.0	0.050980392156862744	0.050980392156862744
U	O5'_2	213.047	217.705	145.49	1.0	0.050980392156862744	0.050980392156862744
U	C5'_2	212.031	217.365	146.452	0.5647058823529412	0.5647058823529412	0.5647058823529412
U	C4'_2	211.859	218.478	147.464	0.5647058823529412	0.5647058823529412	0.5647058823529412
U	O4'_2	213.152	218.814	148.029	1.0	0.050980392156862744	0.050980392156862744
U	C3'_2	211.313	219.809	146.963	0.5647058823529412	0.5647058823529412	0.5647058823529412
U	O3'_2	209.884	219.758	146.892	1.0	0.050980392156862744	0.050980392156862744
U	C2'_2	211.806	220.781	148.032	0.5647058823529412	0.5647058823529412	0.5647058823529412
U	O2'_2	211.021	220.756	149.204	1.0	0.050980392156862744	0.050980392156862744
U	C1'_2	213.179	220.191	148.367	0.5647058823529412	0.5647058823529412	0.5647058823529412
U	N1_2	214.297	220.836	147.663	0.18823529411764706	0.3137254901960784	0.9725490196078431
U	C2_2	214.891	221.928	148.273	0.5647058823529412	0.5647058823529412	0.5647058823529412
U	O2_2	214.542	222.348	149.365	1.0	0.050980392156862744	0.050980392156862744
U	N3_2	215.909	222.505	147.552	0.18823529411764706	0.3137254901960784	0.9725490196078431
U	C4_2	216.384	222.109	146.311	0.5647058823529412	0.5647058823529412	0.5647058823529412
U	O4_2	217.247	222.789	145.751	1.0	0.050980392156862744	0.050980392156862744
U	C5_2	215.735	220.963	145.759	0.5647058823529412	0.5647058823529412	0.5647058823529412
U	C6_2	214.738	220.38	146.435	0.5647058823529412	0.5647058823529412	0.5647058823529412
