G	P_1	184.915	259.544	235.479	1.0	0.5019607843137255	0.0
G	OP1_1	185.475	260.827	234.966	1.0	0.050980392156862744	0.050980392156862744
G	OP2_1	184.677	259.381	236.937	1.0	0.050980392156862744	0.050980392156862744
G	O5'_1	183.542	259.252	234.725	1.0	0.050980392156862744	0.050980392156862744
G	C5'_1	183.415	259.456	233.301	0.5647058823529412	0.5647058823529412	0.5647058823529412
G	C4'_1	182.056	258.988	232.825	0.5647058823529412	0.5647058823529412	0.5647058823529412
G	O4'_1	181.928	257.556	233.051	1.0	0.050980392156862744	0.050980392156862744
G	C3'_1	180.853	259.578	233.547	0.5647058823529412	0.5647058823529412	0.5647058823529412
G	O3'_1	180.506	260.878	233.072	1.0	0.050980392156862744	0.050980392156862744
G	C2'_1	179.773	258.543	233.259	0.5647058823529412	0.5647058823529412	0.5647058823529412
G	O2'_1	179.238	258.661	231.954	1.0	0.050980392156862744	0.050980392156862744
G	C1'_1	180.576	257.241	233.368	0.5647058823529412	0.5647058823529412	0.5647058823529412
G	N9_1	180.528	256.674	234.719	0.18823529411764706	0.3137254901960784	0.9725490196078431
G	C8_1	181.55	256.627	235.645	0.5647058823529412	0.5647058823529412	0.5647058823529412
G	N7_1	181.191	256.085	236.78	0.18823529411764706	0.3137254901960784	0.9725490196078431
G	C5_1	179.853	255.748	236.598	0.5647058823529412	0.5647058823529412	0.5647058823529412
G	C6_1	178.927	255.137	237.489	0.5647058823529412	0.5647058823529412	0.5647058823529412
G	O6_1	179.112	254.767	238.657	1.0	0.050980392156862744	0.050980392156862744
G	N1_1	177.676	254.972	236.896	0.18823529411764706	0.3137254901960784	0.9725490196078431
G	C2_1	177.356	255.344	235.612	0.5647058823529412	0.5647058823529412	0.5647058823529412
G	N2_1	176.101	255.079	235.21	0.18823529411764706	0.3137254901960784	0.9725490196078431
G	N3_1	178.204	255.926	234.776	0.18823529411764706	0.3137254901960784	0.9725490196078431
G	C4_1	179.428	256.095	235.329	0.5647058823529412	0.5647058823529412	0.5647058823529412
U	P_2	173.199	249.308	244.132	1.0	0.5019607843137255	0.0
U	OP1_2	172.541	247.983	244.362	1.0	0.050980392156862744	0.050980392156862744
U	OP2_2	174.58	249.54	244.658	1.0	0.050980392156862744	0.050980392156862744
U	O5'_2	173.215	249.595	242.561	1.0	0.050980392156862744	0.050980392156862744
U	C5'_2	171.985	249.675	241.813	0.5647058823529412	0.5647058823529412	0.5647058823529412
U	C4'_2	172.224	250.353	240.486	0.5647058823529412	0.5647058823529412	0.5647058823529412
U	O4'_2	172.765	251.681	240.718	1.0	0.050980392156862744	0.050980392156862744
U	C3'_2	173.242	249.689	239.569	0.5647058823529412	0.5647058823529412	0.5647058823529412
U	O3'_2	172.641	248.622	238.825	1.0	0.050980392156862744	0.050980392156862744
U	C2'_2	173.67	250.849	238.677	0.5647058823529412	0.5647058823529412	0.5647058823529412
U	O2'_2	172.745	251.119	237.645	1.0	0.050980392156862744	0.050980392156862744
U	C1'_2	173.666	252.015	239.672	0.5647058823529412	0.5647058823529412	0.5647058823529412
U	N1_2	174.987	252.305	240.253	0.18823529411764706	0.3137254901960784	0.9725490196078431
U	C2_2	175.83	253.169	239.551	0.5647058823529412	0.5647058823529412	0.5647058823529412
U	O2_2	175.514	253.702	238.497	1.0	0.050980392156862744	0.050980392156862744
U	N3_2	177.057	253.384	240.136	0.18823529411764706	0.3137254901960784	0.9725490196078431
U	C4_2	177.521	252.839	241.327	0.5647058823529412	0.5647058823529412	0.5647058823529412
U	O4_2	178.654	253.12	241.719	1.0	0.050980392156862744	0.050980392156862744
U	C5_2	176.593	251.973	241.996	0.5647058823529412	0.5647058823529412	0.5647058823529412
U	C6_2	175.389	251.74	241.451	0.5647058823529412	0.5647058823529412	0.5647058823529412
