G	P_1	240.288	213.534	232.851	1.0	0.5019607843137255	0.0
G	OP1_1	240.907	214.694	233.552	1.0	0.050980392156862744	0.050980392156862744
G	OP2_1	238.829	213.27	233.012	1.0	0.050980392156862744	0.050980392156862744
G	O5'_1	240.603	213.668	231.298	1.0	0.050980392156862744	0.050980392156862744
G	C5'_1	241.96	213.7	230.837	0.5647058823529412	0.5647058823529412	0.5647058823529412
G	C4'_1	242.012	213.539	229.337	0.5647058823529412	0.5647058823529412	0.5647058823529412
G	O4'_1	241.456	212.248	228.953	1.0	0.050980392156862744	0.050980392156862744
G	C3'_1	241.196	214.52	228.511	0.5647058823529412	0.5647058823529412	0.5647058823529412
G	O3'_1	241.834	215.795	228.401	1.0	0.050980392156862744	0.050980392156862744
G	C2'_1	241.109	213.789	227.175	0.5647058823529412	0.5647058823529412	0.5647058823529412
G	O2'_1	242.306	213.874	226.424	1.0	0.050980392156862744	0.050980392156862744
G	C1'_1	240.911	212.341	227.639	0.5647058823529412	0.5647058823529412	0.5647058823529412
G	N9_1	239.501	211.946	227.661	0.18823529411764706	0.3137254901960784	0.9725490196078431
G	C8_1	238.682	211.755	228.757	0.5647058823529412	0.5647058823529412	0.5647058823529412
G	N7_1	237.454	211.431	228.434	0.18823529411764706	0.3137254901960784	0.9725490196078431
G	C5_1	237.46	211.401	227.043	0.5647058823529412	0.5647058823529412	0.5647058823529412
G	C6_1	236.407	211.123	226.114	0.5647058823529412	0.5647058823529412	0.5647058823529412
G	O6_1	235.22	210.842	226.35	1.0	0.050980392156862744	0.050980392156862744
G	N1_1	236.859	211.201	224.789	0.18823529411764706	0.3137254901960784	0.9725490196078431
G	C2_1	238.158	211.504	224.406	0.5647058823529412	0.5647058823529412	0.5647058823529412
G	N2_1	238.415	211.513	223.082	0.18823529411764706	0.3137254901960784	0.9725490196078431
G	N3_1	239.137	211.773	225.262	0.18823529411764706	0.3137254901960784	0.9725490196078431
G	C4_1	238.721	211.705	226.551	0.5647058823529412	0.5647058823529412	0.5647058823529412
U	P_2	228.764	207.652	219.378	1.0	0.5019607843137255	0.0
U	OP1_2	228.47	206.954	218.089	1.0	0.050980392156862744	0.050980392156862744
U	OP2_2	228.542	206.94	220.667	1.0	0.050980392156862744	0.050980392156862744
U	O5'_2	230.275	208.16	219.358	1.0	0.050980392156862744	0.050980392156862744
U	C5'_2	230.767	208.973	218.277	0.5647058823529412	0.5647058823529412	0.5647058823529412
U	C4'_2	232.172	209.443	218.574	0.5647058823529412	0.5647058823529412	0.5647058823529412
U	O4'_2	232.153	210.445	219.626	1.0	0.050980392156862744	0.050980392156862744
U	C3'_2	233.119	208.374	219.094	0.5647058823529412	0.5647058823529412	0.5647058823529412
U	O3'_2	233.638	207.585	218.03	1.0	0.050980392156862744	0.050980392156862744
U	C2'_2	234.178	209.205	219.81	0.5647058823529412	0.5647058823529412	0.5647058823529412
U	O2'_2	235.101	209.801	218.921	1.0	0.050980392156862744	0.050980392156862744
U	C1'_2	233.314	210.306	220.437	0.5647058823529412	0.5647058823529412	0.5647058823529412
U	N1_2	232.887	210.011	221.816	0.18823529411764706	0.3137254901960784	0.9725490196078431
U	C2_2	233.759	210.337	222.85	0.5647058823529412	0.5647058823529412	0.5647058823529412
U	O2_2	234.845	210.868	222.667	1.0	0.050980392156862744	0.050980392156862744
U	N3_2	233.303	210.023	224.106	0.18823529411764706	0.3137254901960784	0.9725490196078431
U	C4_2	232.084	209.44	224.431	0.5647058823529412	0.5647058823529412	0.5647058823529412
U	O4_2	231.815	209.222	225.612	1.0	0.050980392156862744	0.050980392156862744
U	C5_2	231.241	209.145	223.312	0.5647058823529412	0.5647058823529412	0.5647058823529412
U	C6_2	231.659	209.43	222.077	0.5647058823529412	0.5647058823529412	0.5647058823529412
