G	P_1	266.442	192.267	159.385	1.0	0.5019607843137255	0.0
G	OP1_1	266.939	192.936	160.618	1.0	0.050980392156862744	0.050980392156862744
G	OP2_1	267.249	191.179	158.761	1.0	0.050980392156862744	0.050980392156862744
G	O5'_1	264.982	191.711	159.688	1.0	0.050980392156862744	0.050980392156862744
G	C5'_1	264.759	190.314	159.939	0.5647058823529412	0.5647058823529412	0.5647058823529412
G	C4'_1	263.303	189.98	159.724	0.5647058823529412	0.5647058823529412	0.5647058823529412
G	O4'_1	262.936	190.286	158.347	1.0	0.050980392156862744	0.050980392156862744
G	C3'_1	262.942	188.513	159.867	0.5647058823529412	0.5647058823529412	0.5647058823529412
G	O3'_1	262.805	188.124	161.234	1.0	0.050980392156862744	0.050980392156862744
G	C2'_1	261.645	188.433	159.072	0.5647058823529412	0.5647058823529412	0.5647058823529412
G	O2'_1	260.521	188.949	159.761	1.0	0.050980392156862744	0.050980392156862744
G	C1'_1	261.979	189.34	157.885	0.5647058823529412	0.5647058823529412	0.5647058823529412
G	N9_1	262.561	188.58	156.779	0.18823529411764706	0.3137254901960784	0.9725490196078431
G	C8_1	263.897	188.433	156.479	0.5647058823529412	0.5647058823529412	0.5647058823529412
G	N7_1	264.113	187.643	155.46	0.18823529411764706	0.3137254901960784	0.9725490196078431
G	C5_1	262.844	187.252	155.05	0.5647058823529412	0.5647058823529412	0.5647058823529412
G	C6_1	262.439	186.387	153.991	0.5647058823529412	0.5647058823529412	0.5647058823529412
G	O6_1	263.15	185.772	153.181	1.0	0.050980392156862744	0.050980392156862744
G	N1_1	261.048	186.27	153.925	0.18823529411764706	0.3137254901960784	0.9725490196078431
G	C2_1	260.155	186.902	154.764	0.5647058823529412	0.5647058823529412	0.5647058823529412
G	N2_1	258.846	186.671	154.534	0.18823529411764706	0.3137254901960784	0.9725490196078431
G	N3_1	260.52	187.707	155.758	0.18823529411764706	0.3137254901960784	0.9725490196078431
G	C4_1	261.87	187.835	155.843	0.5647058823529412	0.5647058823529412	0.5647058823529412
U	P_2	260.804	180.29	145.402	1.0	0.5019607843137255	0.0
U	OP1_2	259.867	180.126	144.251	1.0	0.050980392156862744	0.050980392156862744
U	OP2_2	262.13	180.927	145.18	1.0	0.050980392156862744	0.050980392156862744
U	O5'_2	260.048	181.09	146.556	1.0	0.050980392156862744	0.050980392156862744
U	C5'_2	258.723	180.709	146.988	0.5647058823529412	0.5647058823529412	0.5647058823529412
U	C4'_2	258.205	181.69	148.013	0.5647058823529412	0.5647058823529412	0.5647058823529412
U	O4'_2	258.916	181.524	149.27	1.0	0.050980392156862744	0.050980392156862744
U	C3'_2	258.399	183.154	147.652	0.5647058823529412	0.5647058823529412	0.5647058823529412
U	O3'_2	257.379	183.598	146.759	1.0	0.050980392156862744	0.050980392156862744
U	C2'_2	258.377	183.833	149.016	0.5647058823529412	0.5647058823529412	0.5647058823529412
U	O2'_2	257.069	184.004	149.515	1.0	0.050980392156862744	0.050980392156862744
U	C1'_2	259.1	182.795	149.884	0.5647058823529412	0.5647058823529412	0.5647058823529412
U	N1_2	260.547	183.021	150.068	0.18823529411764706	0.3137254901960784	0.9725490196078431
U	C2_2	260.981	183.598	151.261	0.5647058823529412	0.5647058823529412	0.5647058823529412
U	O2_2	260.22	183.954	152.15	1.0	0.050980392156862744	0.050980392156862744
U	N3_2	262.344	183.743	151.367	0.18823529411764706	0.3137254901960784	0.9725490196078431
U	C4_2	263.299	183.39	150.427	0.5647058823529412	0.5647058823529412	0.5647058823529412
U	O4_2	264.492	183.571	150.678	1.0	0.050980392156862744	0.050980392156862744
U	C5_2	262.777	182.819	149.227	0.5647058823529412	0.5647058823529412	0.5647058823529412
U	C6_2	261.455	182.66	149.089	0.5647058823529412	0.5647058823529412	0.5647058823529412
