G	P_1	157.579	118.014	154.504	1.0	0.5019607843137255	0.0
G	OP1_1	159.038	118.121	154.801	1.0	0.050980392156862744	0.050980392156862744
G	OP2_1	156.841	119.217	154.035	1.0	0.050980392156862744	0.050980392156862744
G	O5'_1	157.371	116.851	153.431	1.0	0.050980392156862744	0.050980392156862744
G	C5'_1	157.947	115.543	153.634	0.5647058823529412	0.5647058823529412	0.5647058823529412
G	C4'_1	157.346	114.544	152.666	0.5647058823529412	0.5647058823529412	0.5647058823529412
G	O4'_1	155.908	114.463	152.873	1.0	0.050980392156862744	0.050980392156862744
G	C3'_1	157.483	114.864	151.184	0.5647058823529412	0.5647058823529412	0.5647058823529412
G	O3'_1	158.769	114.491	150.683	1.0	0.050980392156862744	0.050980392156862744
G	C2'_1	156.361	114.029	150.573	0.5647058823529412	0.5647058823529412	0.5647058823529412
G	O2'_1	156.707	112.666	150.432	1.0	0.050980392156862744	0.050980392156862744
G	C1'_1	155.268	114.155	151.642	0.5647058823529412	0.5647058823529412	0.5647058823529412
G	N9_1	154.264	115.178	151.352	0.18823529411764706	0.3137254901960784	0.9725490196078431
G	C8_1	154.113	116.399	151.966	0.5647058823529412	0.5647058823529412	0.5647058823529412
G	N7_1	153.129	117.103	151.475	0.18823529411764706	0.3137254901960784	0.9725490196078431
G	C5_1	152.595	116.299	150.478	0.5647058823529412	0.5647058823529412	0.5647058823529412
G	C6_1	151.513	116.534	149.59	0.5647058823529412	0.5647058823529412	0.5647058823529412
G	O6_1	150.789	117.534	149.505	1.0	0.050980392156862744	0.050980392156862744
G	N1_1	151.308	115.454	148.735	0.18823529411764706	0.3137254901960784	0.9725490196078431
G	C2_1	152.051	114.301	148.728	0.5647058823529412	0.5647058823529412	0.5647058823529412
G	N2_1	151.702	113.378	147.818	0.18823529411764706	0.3137254901960784	0.9725490196078431
G	N3_1	153.064	114.069	149.551	0.18823529411764706	0.3137254901960784	0.9725490196078431
G	C4_1	153.279	115.105	150.393	0.5647058823529412	0.5647058823529412	0.5647058823529412
U	P_2	143.256	119.521	143.245	1.0	0.5019607843137255	0.0
U	OP1_2	142.045	119.02	142.536	1.0	0.050980392156862744	0.050980392156862744
U	OP2_2	143.1	120.315	144.497	1.0	0.050980392156862744	0.050980392156862744
U	O5'_2	144.195	118.268	143.56	1.0	0.050980392156862744	0.050980392156862744
U	C5'_2	144.605	117.357	142.513	0.5647058823529412	0.5647058823529412	0.5647058823529412
U	C4'_2	145.723	116.458	143.001	0.5647058823529412	0.5647058823529412	0.5647058823529412
U	O4'_2	146.859	117.269	143.404	1.0	0.050980392156862744	0.050980392156862744
U	C3'_2	145.421	115.608	144.226	0.5647058823529412	0.5647058823529412	0.5647058823529412
U	O3'_2	144.717	114.417	143.869	1.0	0.050980392156862744	0.050980392156862744
U	C2'_2	146.815	115.319	144.777	0.5647058823529412	0.5647058823529412	0.5647058823529412
U	O2'_2	147.482	114.275	144.093	1.0	0.050980392156862744	0.050980392156862744
U	C1'_2	147.535	116.641	144.485	0.5647058823529412	0.5647058823529412	0.5647058823529412
U	N1_2	147.592	117.576	145.624	0.18823529411764706	0.3137254901960784	0.9725490196078431
U	C2_2	148.653	117.446	146.515	0.5647058823529412	0.5647058823529412	0.5647058823529412
U	O2_2	149.525	116.594	146.399	1.0	0.050980392156862744	0.050980392156862744
U	N3_2	148.657	118.355	147.545	0.18823529411764706	0.3137254901960784	0.9725490196078431
U	C4_2	147.734	119.357	147.775	0.5647058823529412	0.5647058823529412	0.5647058823529412
U	O4_2	147.878	120.099	148.747	1.0	0.050980392156862744	0.050980392156862744
U	C5_2	146.667	119.422	146.822	0.5647058823529412	0.5647058823529412	0.5647058823529412
U	C6_2	146.632	118.554	145.807	0.5647058823529412	0.5647058823529412	0.5647058823529412
