U	P_1	277.256	203.375	192.898	1.0	0.5019607843137255	0.0
U	OP1_1	278.436	202.684	192.285	1.0	0.050980392156862744	0.050980392156862744
U	OP2_1	276.15	202.566	193.489	1.0	0.050980392156862744	0.050980392156862744
U	O5'_1	277.783	204.392	194.009	1.0	0.050980392156862744	0.050980392156862744
U	C5'_1	279.042	204.174	194.677	0.5647058823529412	0.5647058823529412	0.5647058823529412
U	C4'_1	279.789	205.48	194.832	0.5647058823529412	0.5647058823529412	0.5647058823529412
U	O4'_1	280.042	206.042	193.524	1.0	0.050980392156862744	0.050980392156862744
U	C3'_1	279.068	206.584	195.597	0.5647058823529412	0.5647058823529412	0.5647058823529412
U	O3'_1	279.292	206.355	196.998	1.0	0.050980392156862744	0.050980392156862744
U	C2'_1	279.734	207.856	195.063	0.5647058823529412	0.5647058823529412	0.5647058823529412
U	O2'_1	280.946	208.161	195.723	1.0	0.050980392156862744	0.050980392156862744
U	C1'_1	280.064	207.454	193.619	0.5647058823529412	0.5647058823529412	0.5647058823529412
U	N1_1	279.274	208.007	192.507	0.18823529411764706	0.3137254901960784	0.9725490196078431
U	C2_1	279.876	208.978	191.702	0.5647058823529412	0.5647058823529412	0.5647058823529412
U	O2_1	280.992	209.436	191.924	1.0	0.050980392156862744	0.050980392156862744
U	N3_1	279.121	209.387	190.627	0.18823529411764706	0.3137254901960784	0.9725490196078431
U	C4_1	277.856	208.948	190.279	0.5647058823529412	0.5647058823529412	0.5647058823529412
U	O4_1	277.341	209.361	189.236	1.0	0.050980392156862744	0.050980392156862744
U	C5_1	277.287	207.979	191.176	0.5647058823529412	0.5647058823529412	0.5647058823529412
U	C6_1	277.996	207.555	192.238	0.5647058823529412	0.5647058823529412	0.5647058823529412
G	P_2	288.098	211.851	192.518	1.0	0.5019607843137255	0.0
G	OP1_2	289.327	211.237	193.097	1.0	0.050980392156862744	0.050980392156862744
G	OP2_2	288.224	212.961	191.533	1.0	0.050980392156862744	0.050980392156862744
G	O5'_2	287.247	210.687	191.838	1.0	0.050980392156862744	0.050980392156862744
G	C5'_2	286.825	209.533	192.594	0.5647058823529412	0.5647058823529412	0.5647058823529412
G	C4'_2	285.612	208.908	191.949	0.5647058823529412	0.5647058823529412	0.5647058823529412
G	O4'_2	284.562	209.914	191.851	1.0	0.050980392156862744	0.050980392156862744
G	C3'_2	285.801	208.436	190.515	0.5647058823529412	0.5647058823529412	0.5647058823529412
G	O3'_2	286.404	207.14	190.453	1.0	0.050980392156862744	0.050980392156862744
G	C2'_2	284.37	208.461	189.981	0.5647058823529412	0.5647058823529412	0.5647058823529412
G	O2'_2	283.595	207.355	190.409	1.0	0.050980392156862744	0.050980392156862744
G	C1'_2	283.83	209.731	190.645	0.5647058823529412	0.5647058823529412	0.5647058823529412
G	N9_2	283.988	210.927	189.817	0.18823529411764706	0.3137254901960784	0.9725490196078431
G	C8_2	285.116	211.713	189.691	0.5647058823529412	0.5647058823529412	0.5647058823529412
G	N7_2	284.956	212.717	188.87	0.18823529411764706	0.3137254901960784	0.9725490196078431
G	C5_2	283.645	212.59	188.423	0.5647058823529412	0.5647058823529412	0.5647058823529412
G	C6_2	282.905	213.387	187.509	0.5647058823529412	0.5647058823529412	0.5647058823529412
G	O6_2	283.275	214.394	186.886	1.0	0.050980392156862744	0.050980392156862744
G	N1_2	281.609	212.903	187.345	0.18823529411764706	0.3137254901960784	0.9725490196078431
G	C2_2	281.09	211.794	187.973	0.5647058823529412	0.5647058823529412	0.5647058823529412
G	N2_2	279.816	211.489	187.68	0.18823529411764706	0.3137254901960784	0.9725490196078431
G	N3_2	281.771	211.039	188.824	0.18823529411764706	0.3137254901960784	0.9725490196078431
G	C4_2	283.032	211.492	189.002	0.5647058823529412	0.5647058823529412	0.5647058823529412
