G	P_1	237.625	199.963	261.572	1.0	0.5019607843137255	0.0
G	OP1_1	236.296	199.757	260.926	1.0	0.050980392156862744	0.050980392156862744
G	OP2_1	238.809	200.273	260.727	1.0	0.050980392156862744	0.050980392156862744
G	O5'_1	237.474	201.121	262.659	1.0	0.050980392156862744	0.050980392156862744
G	C5'_1	236.322	201.179	263.531	0.5647058823529412	0.5647058823529412	0.5647058823529412
G	C4'_1	236.257	202.523	264.218	0.5647058823529412	0.5647058823529412	0.5647058823529412
G	O4'_1	237.406	202.677	265.098	1.0	0.050980392156862744	0.050980392156862744
G	C3'_1	236.326	203.736	263.301	0.5647058823529412	0.5647058823529412	0.5647058823529412
G	O3'_1	235.054	204.034	262.728	1.0	0.050980392156862744	0.050980392156862744
G	C2'_1	236.832	204.825	264.24	0.5647058823529412	0.5647058823529412	0.5647058823529412
G	O2'_1	235.819	205.378	265.056	1.0	0.050980392156862744	0.050980392156862744
G	C1'_1	237.812	204.036	265.114	0.5647058823529412	0.5647058823529412	0.5647058823529412
G	N9_1	239.184	204.118	264.625	0.18823529411764706	0.3137254901960784	0.9725490196078431
G	C8_1	239.892	203.143	263.961	0.5647058823529412	0.5647058823529412	0.5647058823529412
G	N7_1	241.095	203.523	263.619	0.18823529411764706	0.3137254901960784	0.9725490196078431
G	C5_1	241.192	204.826	264.093	0.5647058823529412	0.5647058823529412	0.5647058823529412
G	C6_1	242.263	205.757	264.012	0.5647058823529412	0.5647058823529412	0.5647058823529412
G	O6_1	243.372	205.609	263.482	1.0	0.050980392156862744	0.050980392156862744
G	N1_1	241.94	206.965	264.628	0.18823529411764706	0.3137254901960784	0.9725490196078431
G	C2_1	240.743	207.242	265.242	0.5647058823529412	0.5647058823529412	0.5647058823529412
G	N2_1	240.624	208.462	265.792	0.18823529411764706	0.3137254901960784	0.9725490196078431
G	N3_1	239.734	206.386	265.317	0.18823529411764706	0.3137254901960784	0.9725490196078431
G	C4_1	240.025	205.206	264.726	0.5647058823529412	0.5647058823529412	0.5647058823529412
U	P_2	249.614	214.171	263.936	1.0	0.5019607843137255	0.0
U	OP1_2	250.003	215.334	264.789	1.0	0.050980392156862744	0.050980392156862744
U	OP2_2	250.584	213.065	263.717	1.0	0.050980392156862744	0.050980392156862744
U	O5'_2	248.263	213.539	264.509	1.0	0.050980392156862744	0.050980392156862744
U	C5'_2	247.18	214.385	264.947	0.5647058823529412	0.5647058823529412	0.5647058823529412
U	C4'_2	245.965	213.559	265.321	0.5647058823529412	0.5647058823529412	0.5647058823529412
U	O4'_2	245.499	212.814	264.163	1.0	0.050980392156862744	0.050980392156862744
U	C3'_2	246.124	212.48	266.384	0.5647058823529412	0.5647058823529412	0.5647058823529412
U	O3'_2	246.124	213.001	267.709	1.0	0.050980392156862744	0.050980392156862744
U	C2'_2	244.893	211.619	266.13	0.5647058823529412	0.5647058823529412	0.5647058823529412
U	O2'_2	243.709	212.195	266.643	1.0	0.050980392156862744	0.050980392156862744
U	C1'_2	244.825	211.641	264.601	0.5647058823529412	0.5647058823529412	0.5647058823529412
U	N1_2	245.453	210.456	263.994	0.18823529411764706	0.3137254901960784	0.9725490196078431
U	C2_2	244.657	209.335	263.817	0.5647058823529412	0.5647058823529412	0.5647058823529412
U	O2_2	243.475	209.307	264.113	1.0	0.050980392156862744	0.050980392156862744
U	N3_2	245.298	208.25	263.278	0.18823529411764706	0.3137254901960784	0.9725490196078431
U	C4_2	246.621	208.169	262.899	0.5647058823529412	0.5647058823529412	0.5647058823529412
U	O4_2	247.056	207.105	262.456	1.0	0.050980392156862744	0.050980392156862744
U	C5_2	247.376	209.371	263.097	0.5647058823529412	0.5647058823529412	0.5647058823529412
U	C6_2	246.782	210.445	263.624	0.5647058823529412	0.5647058823529412	0.5647058823529412
