U	P_1	210.278	161.038	225.009	1.0	0.5019607843137255	0.0
U	OP1_1	210.607	159.992	226.015	1.0	0.050980392156862744	0.050980392156862744
U	OP2_1	208.882	161.548	224.911	1.0	0.050980392156862744	0.050980392156862744
U	O5'_1	211.256	162.269	225.263	1.0	0.050980392156862744	0.050980392156862744
U	C5'_1	212.688	162.106	225.176	0.5647058823529412	0.5647058823529412	0.5647058823529412
U	C4'_1	213.353	163.452	225.025	0.5647058823529412	0.5647058823529412	0.5647058823529412
U	O4'_1	212.978	164.038	223.747	1.0	0.050980392156862744	0.050980392156862744
U	C3'_1	212.938	164.487	226.062	0.5647058823529412	0.5647058823529412	0.5647058823529412
U	O3'_1	213.716	164.344	227.249	1.0	0.050980392156862744	0.050980392156862744
U	C2'_1	213.195	165.801	225.335	0.5647058823529412	0.5647058823529412	0.5647058823529412
U	O2'_1	214.562	166.162	225.348	1.0	0.050980392156862744	0.050980392156862744
U	C1'_1	212.797	165.439	223.899	0.5647058823529412	0.5647058823529412	0.5647058823529412
U	N1_1	211.414	165.783	223.515	0.18823529411764706	0.3137254901960784	0.9725490196078431
U	C2_1	211.145	167.096	223.127	0.5647058823529412	0.5647058823529412	0.5647058823529412
U	O2_1	211.99	167.977	223.113	1.0	0.050980392156862744	0.050980392156862744
U	N3_1	209.846	167.332	222.754	0.18823529411764706	0.3137254901960784	0.9725490196078431
U	C4_1	208.807	166.421	222.728	0.5647058823529412	0.5647058823529412	0.5647058823529412
U	O4_1	207.693	166.785	222.345	1.0	0.050980392156862744	0.050980392156862744
U	C5_1	209.155	165.103	223.153	0.5647058823529412	0.5647058823529412	0.5647058823529412
U	C6_1	210.412	164.835	223.525	0.5647058823529412	0.5647058823529412	0.5647058823529412
G	P_2	208.225	177.653	219.764	1.0	0.5019607843137255	0.0
G	OP1_2	207.036	177.538	220.655	1.0	0.050980392156862744	0.050980392156862744
G	OP2_2	208.479	178.931	219.04	1.0	0.050980392156862744	0.050980392156862744
G	O5'_2	209.526	177.307	220.625	1.0	0.050980392156862744	0.050980392156862744
G	C5'_2	210.296	178.356	221.255	0.5647058823529412	0.5647058823529412	0.5647058823529412
G	C4'_2	211.446	177.771	222.047	0.5647058823529412	0.5647058823529412	0.5647058823529412
G	O4'_2	210.932	176.977	223.15	1.0	0.050980392156862744	0.050980392156862744
G	C3'_2	212.366	176.82	221.301	0.5647058823529412	0.5647058823529412	0.5647058823529412
G	O3'_2	213.344	177.512	220.53	1.0	0.050980392156862744	0.050980392156862744
G	C2'_2	212.984	176.016	222.438	0.5647058823529412	0.5647058823529412	0.5647058823529412
G	O2'_2	214.017	176.708	223.113	1.0	0.050980392156862744	0.050980392156862744
G	C1'_2	211.787	175.865	223.382	0.5647058823529412	0.5647058823529412	0.5647058823529412
G	N9_2	211.014	174.64	223.167	0.18823529411764706	0.3137254901960784	0.9725490196078431
G	C8_2	209.687	174.558	222.804	0.5647058823529412	0.5647058823529412	0.5647058823529412
G	N7_2	209.266	173.328	222.665	0.18823529411764706	0.3137254901960784	0.9725490196078431
G	C5_2	210.376	172.544	222.953	0.5647058823529412	0.5647058823529412	0.5647058823529412
G	C6_2	210.526	171.129	222.955	0.5647058823529412	0.5647058823529412	0.5647058823529412
G	O6_2	209.679	170.265	222.678	1.0	0.050980392156862744	0.050980392156862744
G	N1_2	211.818	170.749	223.318	0.18823529411764706	0.3137254901960784	0.9725490196078431
G	C2_2	212.837	171.616	223.631	0.5647058823529412	0.5647058823529412	0.5647058823529412
G	N2_2	214.013	171.053	223.963	0.18823529411764706	0.3137254901960784	0.9725490196078431
G	N3_2	212.714	172.941	223.623	0.18823529411764706	0.3137254901960784	0.9725490196078431
G	C4_2	211.464	173.333	223.278	0.5647058823529412	0.5647058823529412	0.5647058823529412
