U	P_1	292.314	162.919	240.802	1.0	0.5019607843137255	0.0
U	OP1_1	293.543	162.983	241.645	1.0	0.050980392156862744	0.050980392156862744
U	OP2_1	292.423	163.062	239.327	1.0	0.050980392156862744	0.050980392156862744
U	O5'_1	291.561	161.548	241.111	1.0	0.050980392156862744	0.050980392156862744
U	C5'_1	291.177	161.196	242.456	0.5647058823529412	0.5647058823529412	0.5647058823529412
U	C4'_1	290.233	160.017	242.436	0.5647058823529412	0.5647058823529412	0.5647058823529412
U	O4'_1	288.988	160.398	241.788	1.0	0.050980392156862744	0.050980392156862744
U	C3'_1	290.701	158.803	241.645	0.5647058823529412	0.5647058823529412	0.5647058823529412
U	O3'_1	291.598	157.991	242.395	1.0	0.050980392156862744	0.050980392156862744
U	C2'_1	289.39	158.093	241.342	0.5647058823529412	0.5647058823529412	0.5647058823529412
U	O2'_1	288.894	157.362	242.444	1.0	0.050980392156862744	0.050980392156862744
U	C1'_1	288.462	159.282	241.081	0.5647058823529412	0.5647058823529412	0.5647058823529412
U	N1_1	288.35	159.629	239.654	0.18823529411764706	0.3137254901960784	0.9725490196078431
U	C2_1	287.364	158.992	238.911	0.5647058823529412	0.5647058823529412	0.5647058823529412
U	O2_1	286.605	158.157	239.384	1.0	0.050980392156862744	0.050980392156862744
U	N3_1	287.301	159.374	237.592	0.18823529411764706	0.3137254901960784	0.9725490196078431
U	C4_1	288.106	160.302	236.952	0.5647058823529412	0.5647058823529412	0.5647058823529412
U	O4_1	287.916	160.544	235.759	1.0	0.050980392156862744	0.050980392156862744
U	C5_1	289.102	160.907	237.782	0.5647058823529412	0.5647058823529412	0.5647058823529412
U	C6_1	289.189	160.561	239.068	0.5647058823529412	0.5647058823529412	0.5647058823529412
G	P_2	279.093	154.388	231.293	1.0	0.5019607843137255	0.0
G	OP1_2	277.693	153.874	231.22	1.0	0.050980392156862744	0.050980392156862744
G	OP2_2	279.339	155.849	231.217	1.0	0.050980392156862744	0.050980392156862744
G	O5'_2	279.762	153.849	232.638	1.0	0.050980392156862744	0.050980392156862744
G	C5'_2	279.571	152.486	233.072	0.5647058823529412	0.5647058823529412	0.5647058823529412
G	C4'_2	280.159	152.281	234.456	0.5647058823529412	0.5647058823529412	0.5647058823529412
G	O4'_2	281.604	152.44	234.413	1.0	0.050980392156862744	0.050980392156862744
G	C3'_2	279.722	153.259	235.538	0.5647058823529412	0.5647058823529412	0.5647058823529412
G	O3'_2	278.447	152.926	236.08	1.0	0.050980392156862744	0.050980392156862744
G	C2'_2	280.84	153.123	236.566	0.5647058823529412	0.5647058823529412	0.5647058823529412
G	O2'_2	280.712	151.98	237.387	1.0	0.050980392156862744	0.050980392156862744
G	C1'_2	282.062	152.954	235.659	0.5647058823529412	0.5647058823529412	0.5647058823529412
G	N9_2	282.771	154.209	235.424	0.18823529411764706	0.3137254901960784	0.9725490196078431
G	C8_2	282.736	154.991	234.292	0.5647058823529412	0.5647058823529412	0.5647058823529412
G	N7_2	283.48	156.06	234.382	0.18823529411764706	0.3137254901960784	0.9725490196078431
G	C5_2	284.041	155.982	235.649	0.5647058823529412	0.5647058823529412	0.5647058823529412
G	C6_2	284.933	156.861	236.309	0.5647058823529412	0.5647058823529412	0.5647058823529412
G	O6_2	285.421	157.917	235.891	1.0	0.050980392156862744	0.050980392156862744
G	N1_2	285.251	156.405	237.586	0.18823529411764706	0.3137254901960784	0.9725490196078431
G	C2_2	284.771	155.252	238.155	0.5647058823529412	0.5647058823529412	0.5647058823529412
G	N2_2	285.199	154.978	239.398	0.18823529411764706	0.3137254901960784	0.9725490196078431
G	N3_2	283.932	154.421	237.548	0.18823529411764706	0.3137254901960784	0.9725490196078431
G	C4_2	283.613	154.846	236.306	0.5647058823529412	0.5647058823529412	0.5647058823529412
