G	P_1	193.177	170.373	234.774	1.0	0.5019607843137255	0.0
G	OP1_1	193.422	171.829	234.58	1.0	0.050980392156862744	0.050980392156862744
G	OP2_1	191.845	169.911	235.242	1.0	0.050980392156862744	0.050980392156862744
G	O5'_1	193.487	169.62	233.401	1.0	0.050980392156862744	0.050980392156862744
G	C5'_1	194.647	169.947	232.599	0.5647058823529412	0.5647058823529412	0.5647058823529412
G	C4'_1	194.755	168.984	231.432	0.5647058823529412	0.5647058823529412	0.5647058823529412
G	O4'_1	194.893	167.628	231.946	1.0	0.050980392156862744	0.050980392156862744
G	C3'_1	193.533	168.922	230.519	0.5647058823529412	0.5647058823529412	0.5647058823529412
G	O3'_1	193.572	169.955	229.52	1.0	0.050980392156862744	0.050980392156862744
G	C2'_1	193.63	167.517	229.927	0.5647058823529412	0.5647058823529412	0.5647058823529412
G	O2'_1	194.561	167.429	228.862	1.0	0.050980392156862744	0.050980392156862744
G	C1'_1	194.167	166.722	231.122	0.5647058823529412	0.5647058823529412	0.5647058823529412
G	N9_1	193.136	166.078	231.939	0.18823529411764706	0.3137254901960784	0.9725490196078431
G	C8_1	192.654	166.511	233.156	0.5647058823529412	0.5647058823529412	0.5647058823529412
G	N7_1	191.737	165.726	233.658	0.18823529411764706	0.3137254901960784	0.9725490196078431
G	C5_1	191.597	164.712	232.718	0.5647058823529412	0.5647058823529412	0.5647058823529412
G	C6_1	190.739	163.58	232.713	0.5647058823529412	0.5647058823529412	0.5647058823529412
G	O6_1	189.91	163.24	233.568	1.0	0.050980392156862744	0.050980392156862744
G	N1_1	190.913	162.81	231.566	0.18823529411764706	0.3137254901960784	0.9725490196078431
G	C2_1	191.801	163.091	230.553	0.5647058823529412	0.5647058823529412	0.5647058823529412
G	N2_1	191.824	162.216	229.529	0.18823529411764706	0.3137254901960784	0.9725490196078431
G	N3_1	192.609	164.148	230.543	0.18823529411764706	0.3137254901960784	0.9725490196078431
G	C4_1	192.454	164.911	231.648	0.5647058823529412	0.5647058823529412	0.5647058823529412
U	P_2	183.068	156.163	232.867	1.0	0.5019607843137255	0.0
U	OP1_2	182.784	154.764	232.431	1.0	0.050980392156862744	0.050980392156862744
U	OP2_2	183.387	156.435	234.297	1.0	0.050980392156862744	0.050980392156862744
U	O5'_2	184.267	156.728	231.978	1.0	0.050980392156862744	0.050980392156862744
U	C5'_2	184.259	156.585	230.544	0.5647058823529412	0.5647058823529412	0.5647058823529412
U	C4'_2	185.479	157.246	229.945	0.5647058823529412	0.5647058823529412	0.5647058823529412
U	O4'_2	185.427	158.677	230.19	1.0	0.050980392156862744	0.050980392156862744
U	C3'_2	186.819	156.816	230.525	0.5647058823529412	0.5647058823529412	0.5647058823529412
U	O3'_2	187.279	155.603	229.929	1.0	0.050980392156862744	0.050980392156862744
U	C2'_2	187.712	158.007	230.191	0.5647058823529412	0.5647058823529412	0.5647058823529412
U	O2'_2	188.139	158.02	228.843	1.0	0.050980392156862744	0.050980392156862744
U	C1'_2	186.743	159.172	230.402	0.5647058823529412	0.5647058823529412	0.5647058823529412
U	N1_2	186.808	159.77	231.746	0.18823529411764706	0.3137254901960784	0.9725490196078431
U	C2_2	187.733	160.786	231.957	0.5647058823529412	0.5647058823529412	0.5647058823529412
U	O2_2	188.514	161.17	231.094	1.0	0.050980392156862744	0.050980392156862744
U	N3_2	187.709	161.33	233.217	0.18823529411764706	0.3137254901960784	0.9725490196078431
U	C4_2	186.881	160.971	234.266	0.5647058823529412	0.5647058823529412	0.5647058823529412
U	O4_2	186.941	161.599	235.325	1.0	0.050980392156862744	0.050980392156862744
U	C5_2	185.975	159.903	233.978	0.5647058823529412	0.5647058823529412	0.5647058823529412
U	C6_2	185.97	159.351	232.762	0.5647058823529412	0.5647058823529412	0.5647058823529412
