G	P_1	147.406	294.642	203.26	1.0	0.5019607843137255	0.0
G	OP1_1	146.124	295.364	203.487	1.0	0.050980392156862744	0.050980392156862744
G	OP2_1	147.399	293.323	202.572	1.0	0.050980392156862744	0.050980392156862744
G	O5'_1	148.393	295.617	202.474	1.0	0.050980392156862744	0.050980392156862744
G	C5'_1	148.334	295.749	201.038	0.5647058823529412	0.5647058823529412	0.5647058823529412
G	C4'_1	149.371	296.746	200.568	0.5647058823529412	0.5647058823529412	0.5647058823529412
G	O4'_1	150.687	296.337	201.043	1.0	0.050980392156862744	0.050980392156862744
G	C3'_1	149.554	296.884	199.063	0.5647058823529412	0.5647058823529412	0.5647058823529412
G	O3'_1	148.572	297.727	198.463	1.0	0.050980392156862744	0.050980392156862744
G	C2'_1	150.96	297.466	198.966	0.5647058823529412	0.5647058823529412	0.5647058823529412
G	O2'_1	151.006	298.855	199.229	1.0	0.050980392156862744	0.050980392156862744
G	C1'_1	151.674	296.703	200.087	0.5647058823529412	0.5647058823529412	0.5647058823529412
G	N9_1	152.337	295.491	199.605	0.18823529411764706	0.3137254901960784	0.9725490196078431
G	C8_1	151.985	294.182	199.856	0.5647058823529412	0.5647058823529412	0.5647058823529412
G	N7_1	152.751	293.318	199.244	0.18823529411764706	0.3137254901960784	0.9725490196078431
G	C5_1	153.669	294.099	198.554	0.5647058823529412	0.5647058823529412	0.5647058823529412
G	C6_1	154.739	293.723	197.701	0.5647058823529412	0.5647058823529412	0.5647058823529412
G	O6_1	155.093	292.587	197.369	1.0	0.050980392156862744	0.050980392156862744
G	N1_1	155.423	294.833	197.214	0.18823529411764706	0.3137254901960784	0.9725490196078431
G	C2_1	155.115	296.138	197.505	0.5647058823529412	0.5647058823529412	0.5647058823529412
G	N2_1	155.899	297.073	196.943	0.18823529411764706	0.3137254901960784	0.9725490196078431
G	N3_1	154.114	296.505	198.291	0.18823529411764706	0.3137254901960784	0.9725490196078431
G	C4_1	153.438	295.441	198.778	0.5647058823529412	0.5647058823529412	0.5647058823529412
U	P_2	162.998	290.027	192.07	1.0	0.5019607843137255	0.0
U	OP1_2	164.455	290.264	191.86	1.0	0.050980392156862744	0.050980392156862744
U	OP2_2	162.549	288.816	192.817	1.0	0.050980392156862744	0.050980392156862744
U	O5'_2	162.377	291.313	192.785	1.0	0.050980392156862744	0.050980392156862744
U	C5'_2	162.551	292.629	192.221	0.5647058823529412	0.5647058823529412	0.5647058823529412
U	C4'_2	161.629	293.628	192.896	0.5647058823529412	0.5647058823529412	0.5647058823529412
U	O4'_2	160.243	293.329	192.571	1.0	0.050980392156862744	0.050980392156862744
U	C3'_2	161.654	293.658	194.419	0.5647058823529412	0.5647058823529412	0.5647058823529412
U	O3'_2	162.768	294.4	194.916	1.0	0.050980392156862744	0.050980392156862744
U	C2'_2	160.31	294.297	194.748	0.5647058823529412	0.5647058823529412	0.5647058823529412
U	O2'_2	160.31	295.7	194.587	1.0	0.050980392156862744	0.050980392156862744
U	C1'_2	159.414	293.665	193.678	0.5647058823529412	0.5647058823529412	0.5647058823529412
U	N1_2	158.756	292.443	194.161	0.18823529411764706	0.3137254901960784	0.9725490196078431
U	C2_2	157.619	292.597	194.929	0.5647058823529412	0.5647058823529412	0.5647058823529412
U	O2_2	157.126	293.688	195.182	1.0	0.050980392156862744	0.050980392156862744
U	N3_2	157.079	291.427	195.39	0.18823529411764706	0.3137254901960784	0.9725490196078431
U	C4_2	157.547	290.147	195.164	0.5647058823529412	0.5647058823529412	0.5647058823529412
U	O4_2	156.993	289.197	195.716	1.0	0.050980392156862744	0.050980392156862744
U	C5_2	158.709	290.07	194.338	0.5647058823529412	0.5647058823529412	0.5647058823529412
U	C6_2	159.26	291.19	193.876	0.5647058823529412	0.5647058823529412	0.5647058823529412
