G	P_1	210.872	158.969	153.575	1.0	0.5019607843137255	0.0
G	OP1_1	210.249	159.805	152.508	1.0	0.050980392156862744	0.050980392156862744
G	OP2_1	210.409	159.113	154.979	1.0	0.050980392156862744	0.050980392156862744
G	O5'_1	210.723	157.435	153.159	1.0	0.050980392156862744	0.050980392156862744
G	C5'_1	211.158	156.975	151.86	0.5647058823529412	0.5647058823529412	0.5647058823529412
G	C4'_1	210.855	155.501	151.683	0.5647058823529412	0.5647058823529412	0.5647058823529412
G	O4'_1	211.676	154.699	152.579	1.0	0.050980392156862744	0.050980392156862744
G	C3'_1	209.436	155.061	152.003	0.5647058823529412	0.5647058823529412	0.5647058823529412
G	O3'_1	208.536	155.372	150.938	1.0	0.050980392156862744	0.050980392156862744
G	C2'_1	209.615	153.559	152.218	0.5647058823529412	0.5647058823529412	0.5647058823529412
G	O2'_1	209.718	152.841	151.003	1.0	0.050980392156862744	0.050980392156862744
G	C1'_1	210.965	153.519	152.943	0.5647058823529412	0.5647058823529412	0.5647058823529412
G	N9_1	210.842	153.466	154.401	0.18823529411764706	0.3137254901960784	0.9725490196078431
G	C8_1	211.026	154.5	155.294	0.5647058823529412	0.5647058823529412	0.5647058823529412
G	N7_1	210.849	154.142	156.539	0.18823529411764706	0.3137254901960784	0.9725490196078431
G	C5_1	210.528	152.791	156.472	0.5647058823529412	0.5647058823529412	0.5647058823529412
G	C6_1	210.228	151.861	157.51	0.5647058823529412	0.5647058823529412	0.5647058823529412
G	O6_1	210.188	152.057	158.732	1.0	0.050980392156862744	0.050980392156862744
G	N1_1	209.958	150.593	157.001	0.18823529411764706	0.3137254901960784	0.9725490196078431
G	C2_1	209.972	150.253	155.667	0.5647058823529412	0.5647058823529412	0.5647058823529412
G	N2_1	209.678	148.965	155.376	0.18823529411764706	0.3137254901960784	0.9725490196078431
G	N3_1	210.251	151.109	154.687	0.18823529411764706	0.3137254901960784	0.9725490196078431
G	C4_1	210.517	152.353	155.16	0.5647058823529412	0.5647058823529412	0.5647058823529412
U	P_2	207.941	144.908	165.243	1.0	0.5019607843137255	0.0
U	OP1_2	207.996	143.48	165.673	1.0	0.050980392156862744	0.050980392156862744
U	OP2_2	208.807	145.911	165.919	1.0	0.050980392156862744	0.050980392156862744
U	O5'_2	208.235	144.968	163.676	1.0	0.050980392156862744	0.050980392156862744
U	C5'_2	207.478	144.165	162.744	0.5647058823529412	0.5647058823529412	0.5647058823529412
U	C4'_2	207.719	144.634	161.326	0.5647058823529412	0.5647058823529412	0.5647058823529412
U	O4'_2	207.139	145.955	161.141	1.0	0.050980392156862744	0.050980392156862744
U	C3'_2	209.178	144.815	160.921	0.5647058823529412	0.5647058823529412	0.5647058823529412
U	O3'_2	209.801	143.584	160.567	1.0	0.050980392156862744	0.050980392156862744
U	C2'_2	209.063	145.778	159.748	0.5647058823529412	0.5647058823529412	0.5647058823529412
U	O2'_2	208.653	145.14	158.557	1.0	0.050980392156862744	0.050980392156862744
U	C1'_2	207.94	146.702	160.231	0.5647058823529412	0.5647058823529412	0.5647058823529412
U	N1_2	208.45	147.904	160.914	0.18823529411764706	0.3137254901960784	0.9725490196078431
U	C2_2	208.689	149.038	160.14	0.5647058823529412	0.5647058823529412	0.5647058823529412
U	O2_2	208.475	149.08	158.935	1.0	0.050980392156862744	0.050980392156862744
U	N3_2	209.188	150.116	160.833	0.18823529411764706	0.3137254901960784	0.9725490196078431
U	C4_2	209.466	150.182	162.185	0.5647058823529412	0.5647058823529412	0.5647058823529412
U	O4_2	209.961	151.211	162.649	1.0	0.050980392156862744	0.050980392156862744
U	C5_2	209.18	148.984	162.915	0.5647058823529412	0.5647058823529412	0.5647058823529412
U	C6_2	208.695	147.913	162.273	0.5647058823529412	0.5647058823529412	0.5647058823529412
