G	P_1	199.315	214.758	202.161	1.0	0.5019607843137255	0.0
G	OP1_1	197.987	214.278	202.651	1.0	0.050980392156862744	0.050980392156862744
G	OP2_1	200.171	215.59	203.056	1.0	0.050980392156862744	0.050980392156862744
G	O5'_1	200.168	213.485	201.707	1.0	0.050980392156862744	0.050980392156862744
G	C5'_1	199.598	212.488	200.828	0.5647058823529412	0.5647058823529412	0.5647058823529412
G	C4'_1	200.556	211.33	200.633	0.5647058823529412	0.5647058823529412	0.5647058823529412
G	O4'_1	201.728	211.768	199.896	1.0	0.050980392156862744	0.050980392156862744
G	C3'_1	201.126	210.692	201.892	0.5647058823529412	0.5647058823529412	0.5647058823529412
G	O3'_1	200.208	209.77	202.487	1.0	0.050980392156862744	0.050980392156862744
G	C2'_1	202.373	209.999	201.354	0.5647058823529412	0.5647058823529412	0.5647058823529412
G	O2'_1	202.092	208.777	200.701	1.0	0.050980392156862744	0.050980392156862744
G	C1'_1	202.855	211.011	200.311	0.5647058823529412	0.5647058823529412	0.5647058823529412
G	N9_1	203.871	211.928	200.829	0.18823529411764706	0.3137254901960784	0.9725490196078431
G	C8_1	203.732	213.28	201.075	0.5647058823529412	0.5647058823529412	0.5647058823529412
G	N7_1	204.829	213.837	201.526	0.18823529411764706	0.3137254901960784	0.9725490196078431
G	C5_1	205.745	212.792	201.588	0.5647058823529412	0.5647058823529412	0.5647058823529412
G	C6_1	207.096	212.786	202.006	0.5647058823529412	0.5647058823529412	0.5647058823529412
G	O6_1	207.773	213.738	202.417	1.0	0.050980392156862744	0.050980392156862744
G	N1_1	207.659	211.512	201.912	0.18823529411764706	0.3137254901960784	0.9725490196078431
G	C2_1	207.001	210.386	201.47	0.5647058823529412	0.5647058823529412	0.5647058823529412
G	N2_1	207.718	209.242	201.446	0.18823529411764706	0.3137254901960784	0.9725490196078431
G	N3_1	205.735	210.378	201.08	0.18823529411764706	0.3137254901960784	0.9725490196078431
G	C4_1	205.172	211.606	201.163	0.5647058823529412	0.5647058823529412	0.5647058823529412
U	P_2	216.887	214.526	201.29	1.0	0.5019607843137255	0.0
U	OP1_2	216.414	215.508	200.269	1.0	0.050980392156862744	0.050980392156862744
U	OP2_2	216.508	214.712	202.712	1.0	0.050980392156862744	0.050980392156862744
U	O5'_2	216.376	213.097	200.812	1.0	0.050980392156862744	0.050980392156862744
U	C5'_2	216.739	211.897	201.514	0.5647058823529412	0.5647058823529412	0.5647058823529412
U	C4'_2	215.538	210.983	201.642	0.5647058823529412	0.5647058823529412	0.5647058823529412
U	O4'_2	214.75	211.33	202.812	1.0	0.050980392156862744	0.050980392156862744
U	C3'_2	214.53	211.022	200.501	0.5647058823529412	0.5647058823529412	0.5647058823529412
U	O3'_2	214.955	210.296	199.349	1.0	0.050980392156862744	0.050980392156862744
U	C2'_2	213.291	210.426	201.157	0.5647058823529412	0.5647058823529412	0.5647058823529412
U	O2'_2	213.331	209.015	201.238	1.0	0.050980392156862744	0.050980392156862744
U	C1'_2	213.384	211.022	202.566	0.5647058823529412	0.5647058823529412	0.5647058823529412
U	N1_2	212.58	212.244	202.719	0.18823529411764706	0.3137254901960784	0.9725490196078431
U	C2_2	211.228	212.089	202.994	0.5647058823529412	0.5647058823529412	0.5647058823529412
U	O2_2	210.694	210.992	203.104	1.0	0.050980392156862744	0.050980392156862744
U	N3_2	210.529	213.267	203.128	0.18823529411764706	0.3137254901960784	0.9725490196078431
U	C4_2	211.029	214.556	203.011	0.5647058823529412	0.5647058823529412	0.5647058823529412
U	O4_2	210.261	215.512	203.109	1.0	0.050980392156862744	0.050980392156862744
U	C5_2	212.428	214.632	202.729	0.5647058823529412	0.5647058823529412	0.5647058823529412
U	C6_2	213.141	213.502	202.593	0.5647058823529412	0.5647058823529412	0.5647058823529412
