U	P_1	267.107	240.913	244.422	1.0	0.5019607843137255	0.0
U	OP1_1	268.264	241.816	244.671	1.0	0.050980392156862744	0.050980392156862744
U	OP2_1	266.573	240.77	243.041	1.0	0.050980392156862744	0.050980392156862744
U	O5'_1	267.488	239.464	244.967	1.0	0.050980392156862744	0.050980392156862744
U	C5'_1	267.926	239.274	246.33	0.5647058823529412	0.5647058823529412	0.5647058823529412
U	C4'_1	267.83	237.815	246.711	0.5647058823529412	0.5647058823529412	0.5647058823529412
U	O4'_1	266.446	237.39	246.623	1.0	0.050980392156862744	0.050980392156862744
U	C3'_1	268.587	236.844	245.817	0.5647058823529412	0.5647058823529412	0.5647058823529412
U	O3'_1	269.954	236.753	246.221	1.0	0.050980392156862744	0.050980392156862744
U	C2'_1	267.831	235.538	246.034	0.5647058823529412	0.5647058823529412	0.5647058823529412
U	O2'_1	268.209	234.866	247.218	1.0	0.050980392156862744	0.050980392156862744
U	C1'_1	266.391	236.041	246.185	0.5647058823529412	0.5647058823529412	0.5647058823529412
U	N1_1	265.56	235.968	244.97	0.18823529411764706	0.3137254901960784	0.9725490196078431
U	C2_1	265.028	234.731	244.616	0.5647058823529412	0.5647058823529412	0.5647058823529412
U	O2_1	265.244	233.707	245.245	1.0	0.050980392156862744	0.050980392156862744
U	N3_1	264.234	234.742	243.497	0.18823529411764706	0.3137254901960784	0.9725490196078431
U	C4_1	263.925	235.835	242.705	0.5647058823529412	0.5647058823529412	0.5647058823529412
U	O4_1	263.187	235.685	241.732	1.0	0.050980392156862744	0.050980392156862744
U	C5_1	264.518	237.068	243.125	0.5647058823529412	0.5647058823529412	0.5647058823529412
U	C6_1	265.298	237.092	244.212	0.5647058823529412	0.5647058823529412	0.5647058823529412
G	P_2	259.378	225.052	242.629	1.0	0.5019607843137255	0.0
G	OP1_2	258.311	224.072	242.987	1.0	0.050980392156862744	0.050980392156862744
G	OP2_2	258.996	226.412	242.163	1.0	0.050980392156862744	0.050980392156862744
G	O5'_2	260.345	225.2	243.887	1.0	0.050980392156862744	0.050980392156862744
G	C5'_2	260.902	224.038	244.531	0.5647058823529412	0.5647058823529412	0.5647058823529412
G	C4'_2	262.065	224.438	245.408	0.5647058823529412	0.5647058823529412	0.5647058823529412
G	O4'_2	263.086	225.067	244.585	1.0	0.050980392156862744	0.050980392156862744
G	C3'_2	261.77	225.473	246.485	0.5647058823529412	0.5647058823529412	0.5647058823529412
G	O3'_2	261.199	224.886	247.654	1.0	0.050980392156862744	0.050980392156862744
G	C2'_2	263.149	226.062	246.746	0.5647058823529412	0.5647058823529412	0.5647058823529412
G	O2'_2	263.945	225.241	247.574	1.0	0.050980392156862744	0.050980392156862744
G	C1'_2	263.738	226.081	245.332	0.5647058823529412	0.5647058823529412	0.5647058823529412
G	N9_2	263.56	227.361	244.645	0.18823529411764706	0.3137254901960784	0.9725490196078431
G	C8_2	262.675	227.659	243.632	0.5647058823529412	0.5647058823529412	0.5647058823529412
G	N7_2	262.758	228.899	243.224	0.18823529411764706	0.3137254901960784	0.9725490196078431
G	C5_2	263.756	229.455	244.013	0.5647058823529412	0.5647058823529412	0.5647058823529412
G	C6_2	264.292	230.775	244.031	0.5647058823529412	0.5647058823529412	0.5647058823529412
G	O6_2	263.981	231.748	243.327	1.0	0.050980392156862744	0.050980392156862744
G	N1_2	265.294	230.906	244.994	0.18823529411764706	0.3137254901960784	0.9725490196078431
G	C2_2	265.726	229.9	245.832	0.5647058823529412	0.5647058823529412	0.5647058823529412
G	N2_2	266.705	230.217	246.698	0.18823529411764706	0.3137254901960784	0.9725490196078431
G	N3_2	265.236	228.669	245.823	0.18823529411764706	0.3137254901960784	0.9725490196078431
G	C4_2	264.262	228.518	244.897	0.5647058823529412	0.5647058823529412	0.5647058823529412
