U	P_1	265.218	226.187	165.077	1.0	0.5019607843137255	0.0
U	OP1_1	265.026	227.335	166.007	1.0	0.050980392156862744	0.050980392156862744
U	OP2_1	265.647	224.866	165.62	1.0	0.050980392156862744	0.050980392156862744
U	O5'_1	263.865	225.968	164.254	1.0	0.050980392156862744	0.050980392156862744
U	C5'_1	263.662	224.773	163.462	0.5647058823529412	0.5647058823529412	0.5647058823529412
U	C4'_1	262.881	225.096	162.204	0.5647058823529412	0.5647058823529412	0.5647058823529412
U	O4'_1	263.367	224.269	161.113	1.0	0.050980392156862744	0.050980392156862744
U	C3'_1	261.373	224.862	162.23	0.5647058823529412	0.5647058823529412	0.5647058823529412
U	O3'_1	260.665	225.961	162.819	1.0	0.050980392156862744	0.050980392156862744
U	C2'_1	261.044	224.697	160.745	0.5647058823529412	0.5647058823529412	0.5647058823529412
U	O2'_1	260.906	225.933	160.07	1.0	0.050980392156862744	0.050980392156862744
U	C1'_1	262.3	223.986	160.219	0.5647058823529412	0.5647058823529412	0.5647058823529412
U	N1_1	262.191	222.526	160.054	0.18823529411764706	0.3137254901960784	0.9725490196078431
U	C2_1	261.639	222.044	158.868	0.5647058823529412	0.5647058823529412	0.5647058823529412
U	O2_1	261.238	222.773	157.969	1.0	0.050980392156862744	0.050980392156862744
U	N3_1	261.577	220.676	158.776	0.18823529411764706	0.3137254901960784	0.9725490196078431
U	C4_1	261.998	219.757	159.72	0.5647058823529412	0.5647058823529412	0.5647058823529412
U	O4_1	261.874	218.553	159.487	1.0	0.050980392156862744	0.050980392156862744
U	C5_1	262.554	220.329	160.912	0.5647058823529412	0.5647058823529412	0.5647058823529412
U	C6_1	262.627	221.659	161.037	0.5647058823529412	0.5647058823529412	0.5647058823529412
G	P_2	257.841	216.285	148.989	1.0	0.5019607843137255	0.0
G	OP1_2	257.831	216.243	147.498	1.0	0.050980392156862744	0.050980392156862744
G	OP2_2	259.012	215.743	149.731	1.0	0.050980392156862744	0.050980392156862744
G	O5'_2	257.617	217.793	149.453	1.0	0.050980392156862744	0.050980392156862744
G	C5'_2	256.619	218.617	148.824	0.5647058823529412	0.5647058823529412	0.5647058823529412
G	C4'_2	256.603	219.995	149.45	0.5647058823529412	0.5647058823529412	0.5647058823529412
G	O4'_2	256.177	219.906	150.84	1.0	0.050980392156862744	0.050980392156862744
G	C3'_2	257.935	220.725	149.539	0.5647058823529412	0.5647058823529412	0.5647058823529412
G	O3'_2	258.343	221.317	148.31	1.0	0.050980392156862744	0.050980392156862744
G	C2'_2	257.653	221.757	150.627	0.5647058823529412	0.5647058823529412	0.5647058823529412
G	O2'_2	256.902	222.865	150.172	1.0	0.050980392156862744	0.050980392156862744
G	C1'_2	256.808	220.933	151.6	0.5647058823529412	0.5647058823529412	0.5647058823529412
G	N9_2	257.634	220.32	152.638	0.18823529411764706	0.3137254901960784	0.9725490196078431
G	C8_2	257.98	218.993	152.765	0.5647058823529412	0.5647058823529412	0.5647058823529412
G	N7_2	258.754	218.76	153.792	0.18823529411764706	0.3137254901960784	0.9725490196078431
G	C5_2	258.928	220.006	154.381	0.5647058823529412	0.5647058823529412	0.5647058823529412
G	C6_2	259.678	220.388	155.536	0.5647058823529412	0.5647058823529412	0.5647058823529412
G	O6_2	260.364	219.674	156.282	1.0	0.050980392156862744	0.050980392156862744
G	N1_2	259.573	221.756	155.786	0.18823529411764706	0.3137254901960784	0.9725490196078431
G	C2_2	258.845	222.645	155.026	0.5647058823529412	0.5647058823529412	0.5647058823529412
G	N2_2	258.853	223.925	155.438	0.18823529411764706	0.3137254901960784	0.9725490196078431
G	N3_2	258.154	222.305	153.943	0.18823529411764706	0.3137254901960784	0.9725490196078431
G	C4_2	258.238	220.98	153.684	0.5647058823529412	0.5647058823529412	0.5647058823529412
