G	P_1	235.533	187.508	236.257	1.0	0.5019607843137255	0.0
G	OP1_1	234.908	186.496	235.357	1.0	0.050980392156862744	0.050980392156862744
G	OP2_1	234.992	187.703	237.631	1.0	0.050980392156862744	0.050980392156862744
G	O5'_1	237.088	187.167	236.371	1.0	0.050980392156862744	0.050980392156862744
G	C5'_1	237.894	186.987	235.183	0.5647058823529412	0.5647058823529412	0.5647058823529412
G	C4'_1	239.335	186.687	235.55	0.5647058823529412	0.5647058823529412	0.5647058823529412
G	O4'_1	239.931	187.828	236.227	1.0	0.050980392156862744	0.050980392156862744
G	C3'_1	239.573	185.533	236.511	0.5647058823529412	0.5647058823529412	0.5647058823529412
G	O3'_1	239.523	184.27	235.845	1.0	0.050980392156862744	0.050980392156862744
G	C2'_1	240.968	185.844	237.047	0.5647058823529412	0.5647058823529412	0.5647058823529412
G	O2'_1	241.996	185.47	236.149	1.0	0.050980392156862744	0.050980392156862744
G	C1'_1	240.924	187.373	237.138	0.5647058823529412	0.5647058823529412	0.5647058823529412
G	N9_1	240.624	187.895	238.473	0.18823529411764706	0.3137254901960784	0.9725490196078431
G	C8_1	239.476	188.544	238.879	0.5647058823529412	0.5647058823529412	0.5647058823529412
G	N7_1	239.512	188.921	240.131	0.18823529411764706	0.3137254901960784	0.9725490196078431
G	C5_1	240.753	188.492	240.586	0.5647058823529412	0.5647058823529412	0.5647058823529412
G	C6_1	241.354	188.623	241.865	0.5647058823529412	0.5647058823529412	0.5647058823529412
G	O6_1	240.897	189.168	242.878	1.0	0.050980392156862744	0.050980392156862744
G	N1_1	242.622	188.044	241.896	0.18823529411764706	0.3137254901960784	0.9725490196078431
G	C2_1	243.237	187.423	240.832	0.5647058823529412	0.5647058823529412	0.5647058823529412
G	N2_1	244.473	186.938	241.056	0.18823529411764706	0.3137254901960784	0.9725490196078431
G	N3_1	242.684	187.292	239.631	0.18823529411764706	0.3137254901960784	0.9725490196078431
G	C4_1	241.452	187.849	239.579	0.5647058823529412	0.5647058823529412	0.5647058823529412
U	P_2	246.716	189.692	251.348	1.0	0.5019607843137255	0.0
U	OP1_2	248.028	189.733	252.06	1.0	0.050980392156862744	0.050980392156862744
U	OP2_2	245.86	190.908	251.312	1.0	0.050980392156862744	0.050980392156862744
U	O5'_2	246.97	189.224	249.845	1.0	0.050980392156862744	0.050980392156862744
U	C5'_2	247.776	188.064	249.554	0.5647058823529412	0.5647058823529412	0.5647058823529412
U	C4'_2	247.755	187.773	248.071	0.5647058823529412	0.5647058823529412	0.5647058823529412
U	O4'_2	246.429	187.331	247.673	1.0	0.050980392156862744	0.050980392156862744
U	C3'_2	248.055	188.952	247.155	0.5647058823529412	0.5647058823529412	0.5647058823529412
U	O3'_2	249.466	189.181	247.058	1.0	0.050980392156862744	0.050980392156862744
U	C2'_2	247.405	188.514	245.845	0.5647058823529412	0.5647058823529412	0.5647058823529412
U	O2'_2	248.198	187.596	245.12	1.0	0.050980392156862744	0.050980392156862744
U	C1'_2	246.155	187.785	246.355	0.5647058823529412	0.5647058823529412	0.5647058823529412
U	N1_2	244.912	188.58	246.366	0.18823529411764706	0.3137254901960784	0.9725490196078431
U	C2_2	244.129	188.567	245.213	0.5647058823529412	0.5647058823529412	0.5647058823529412
U	O2_2	244.448	187.957	244.204	1.0	0.050980392156862744	0.050980392156862744
U	N3_2	242.963	189.293	245.291	0.18823529411764706	0.3137254901960784	0.9725490196078431
U	C4_2	242.504	190.021	246.372	0.5647058823529412	0.5647058823529412	0.5647058823529412
U	O4_2	241.411	190.593	246.295	1.0	0.050980392156862744	0.050980392156862744
U	C5_2	243.371	190.006	247.518	0.5647058823529412	0.5647058823529412	0.5647058823529412
U	C6_2	244.518	189.305	247.478	0.5647058823529412	0.5647058823529412	0.5647058823529412
