U	P_1	205.675	148.483	189.179	1.0	0.5019607843137255	0.0
U	OP1_1	204.625	148.449	190.239	1.0	0.050980392156862744	0.050980392156862744
U	OP2_1	205.39	149.169	187.888	1.0	0.050980392156862744	0.050980392156862744
U	O5'_1	207.008	149.098	189.808	1.0	0.050980392156862744	0.050980392156862744
U	C5'_1	207.566	148.55	191.016	0.5647058823529412	0.5647058823529412	0.5647058823529412
U	C4'_1	208.996	149.001	191.191	0.5647058823529412	0.5647058823529412	0.5647058823529412
U	O4'_1	209.743	148.639	190.005	1.0	0.050980392156862744	0.050980392156862744
U	C3'_1	209.235	150.499	191.349	0.5647058823529412	0.5647058823529412	0.5647058823529412
U	O3'_1	209.085	150.877	192.727	1.0	0.050980392156862744	0.050980392156862744
U	C2'_1	210.689	150.643	190.897	0.5647058823529412	0.5647058823529412	0.5647058823529412
U	O2'_1	211.606	150.304	191.918	1.0	0.050980392156862744	0.050980392156862744
U	C1'_1	210.788	149.572	189.804	0.5647058823529412	0.5647058823529412	0.5647058823529412
U	N1_1	210.762	150.023	188.402	0.18823529411764706	0.3137254901960784	0.9725490196078431
U	C2_1	211.966	150.427	187.829	0.5647058823529412	0.5647058823529412	0.5647058823529412
U	O2_1	213.019	150.454	188.448	1.0	0.050980392156862744	0.050980392156862744
U	N3_1	211.885	150.796	186.505	0.18823529411764706	0.3137254901960784	0.9725490196078431
U	C4_1	210.751	150.804	185.711	0.5647058823529412	0.5647058823529412	0.5647058823529412
U	O4_1	210.843	151.158	184.535	1.0	0.050980392156862744	0.050980392156862744
U	C5_1	209.549	150.386	186.373	0.5647058823529412	0.5647058823529412	0.5647058823529412
U	C6_1	209.593	150.025	187.667	0.5647058823529412	0.5647058823529412	0.5647058823529412
G	P_2	220.763	155.689	182.935	1.0	0.5019607843137255	0.0
G	OP1_2	222.089	155.432	182.299	1.0	0.050980392156862744	0.050980392156862744
G	OP2_2	219.527	155.145	182.299	1.0	0.050980392156862744	0.050980392156862744
G	O5'_2	220.808	155.149	184.436	1.0	0.050980392156862744	0.050980392156862744
G	C5'_2	221.888	155.498	185.323	0.5647058823529412	0.5647058823529412	0.5647058823529412
G	C4'_2	221.727	154.792	186.652	0.5647058823529412	0.5647058823529412	0.5647058823529412
G	O4'_2	220.447	155.162	187.235	1.0	0.050980392156862744	0.050980392156862744
G	C3'_2	221.684	153.268	186.606	0.5647058823529412	0.5647058823529412	0.5647058823529412
G	O3'_2	222.978	152.673	186.565	1.0	0.050980392156862744	0.050980392156862744
G	C2'_2	220.954	152.934	187.899	0.5647058823529412	0.5647058823529412	0.5647058823529412
G	O2'_2	221.779	153.022	189.045	1.0	0.050980392156862744	0.050980392156862744
G	C1'_2	219.902	154.045	187.93	0.5647058823529412	0.5647058823529412	0.5647058823529412
G	N9_2	218.693	153.615	187.231	0.18823529411764706	0.3137254901960784	0.9725490196078431
G	C8_2	218.365	153.847	185.914	0.5647058823529412	0.5647058823529412	0.5647058823529412
G	N7_2	217.218	153.321	185.57	0.18823529411764706	0.3137254901960784	0.9725490196078431
G	C5_2	216.76	152.709	186.729	0.5647058823529412	0.5647058823529412	0.5647058823529412
G	C6_2	215.563	151.995	186.974	0.5647058823529412	0.5647058823529412	0.5647058823529412
G	O6_2	214.639	151.749	186.187	1.0	0.050980392156862744	0.050980392156862744
G	N1_2	215.492	151.552	188.293	0.18823529411764706	0.3137254901960784	0.9725490196078431
G	C2_2	216.447	151.776	189.254	0.5647058823529412	0.5647058823529412	0.5647058823529412
G	N2_2	216.183	151.287	190.474	0.18823529411764706	0.3137254901960784	0.9725490196078431
G	N3_2	217.573	152.439	189.036	0.18823529411764706	0.3137254901960784	0.9725490196078431
G	C4_2	217.66	152.877	187.763	0.5647058823529412	0.5647058823529412	0.5647058823529412
