U	P_1	177.655	294.3	213.456	1.0	0.5019607843137255	0.0
U	OP1_1	178.476	294.878	212.353	1.0	0.050980392156862744	0.050980392156862744
U	OP2_1	176.346	294.921	213.8	1.0	0.050980392156862744	0.050980392156862744
U	O5'_1	177.418	292.748	213.157	1.0	0.050980392156862744	0.050980392156862744
U	C5'_1	178.533	291.874	212.871	0.5647058823529412	0.5647058823529412	0.5647058823529412
U	C4'_1	178.172	290.426	213.143	0.5647058823529412	0.5647058823529412	0.5647058823529412
U	O4'_1	177.647	290.299	214.493	1.0	0.050980392156862744	0.050980392156862744
U	C3'_1	177.086	289.778	212.291	0.5647058823529412	0.5647058823529412	0.5647058823529412
U	O3'_1	177.592	289.344	211.024	1.0	0.050980392156862744	0.050980392156862744
U	C2'_1	176.706	288.574	213.145	0.5647058823529412	0.5647058823529412	0.5647058823529412
U	O2'_1	177.665	287.541	213.043	1.0	0.050980392156862744	0.050980392156862744
U	C1'_1	176.786	289.168	214.555	0.5647058823529412	0.5647058823529412	0.5647058823529412
U	N1_1	175.482	289.561	215.12	0.18823529411764706	0.3137254901960784	0.9725490196078431
U	C2_1	174.677	288.551	215.637	0.5647058823529412	0.5647058823529412	0.5647058823529412
U	O2_1	175.009	287.376	215.651	1.0	0.050980392156862744	0.050980392156862744
U	N3_1	173.473	288.973	216.141	0.18823529411764706	0.3137254901960784	0.9725490196078431
U	C4_1	173.0	290.27	216.194	0.5647058823529412	0.5647058823529412	0.5647058823529412
U	O4_1	171.894	290.487	216.695	1.0	0.050980392156862744	0.050980392156862744
U	C5_1	173.884	291.256	215.649	0.5647058823529412	0.5647058823529412	0.5647058823529412
U	C6_1	175.063	290.88	215.141	0.5647058823529412	0.5647058823529412	0.5647058823529412
G	P_2	167.986	280.073	220.119	1.0	0.5019607843137255	0.0
G	OP1_2	167.57	278.762	220.691	1.0	0.050980392156862744	0.050980392156862744
G	OP2_2	168.333	281.198	221.036	1.0	0.050980392156862744	0.050980392156862744
G	O5'_2	169.226	279.846	219.141	1.0	0.050980392156862744	0.050980392156862744
G	C5'_2	169.647	278.516	218.767	0.5647058823529412	0.5647058823529412	0.5647058823529412
G	C4'_2	171.005	278.558	218.096	0.5647058823529412	0.5647058823529412	0.5647058823529412
G	O4'_2	170.928	279.409	216.919	1.0	0.050980392156862744	0.050980392156862744
G	C3'_2	172.151	279.16	218.901	0.5647058823529412	0.5647058823529412	0.5647058823529412
G	O3'_2	172.729	278.224	219.814	1.0	0.050980392156862744	0.050980392156862744
G	C2'_2	173.132	279.561	217.807	0.5647058823529412	0.5647058823529412	0.5647058823529412
G	O2'_2	173.877	278.465	217.312	1.0	0.050980392156862744	0.050980392156862744
G	C1'_2	172.177	280.061	216.718	0.5647058823529412	0.5647058823529412	0.5647058823529412
G	N9_2	171.973	281.51	216.754	0.18823529411764706	0.3137254901960784	0.9725490196078431
G	C8_2	170.915	282.197	217.305	0.5647058823529412	0.5647058823529412	0.5647058823529412
G	N7_2	171.03	283.494	217.192	0.18823529411764706	0.3137254901960784	0.9725490196078431
G	C5_2	172.233	283.677	216.522	0.5647058823529412	0.5647058823529412	0.5647058823529412
G	C6_2	172.89	284.873	216.118	0.5647058823529412	0.5647058823529412	0.5647058823529412
G	O6_2	172.529	286.049	216.287	1.0	0.050980392156862744	0.050980392156862744
G	N1_2	174.088	284.602	215.461	0.18823529411764706	0.3137254901960784	0.9725490196078431
G	C2_2	174.594	283.345	215.223	0.5647058823529412	0.5647058823529412	0.5647058823529412
G	N2_2	175.769	283.288	214.565	0.18823529411764706	0.3137254901960784	0.9725490196078431
G	N3_2	173.994	282.223	215.6	0.18823529411764706	0.3137254901960784	0.9725490196078431
G	C4_2	172.826	282.463	216.239	0.5647058823529412	0.5647058823529412	0.5647058823529412
