U	P_1	221.549	236.647	219.154	1.0	0.5019607843137255	0.0
U	OP1_1	220.908	237.811	218.479	1.0	0.050980392156862744	0.050980392156862744
U	OP2_1	222.361	236.868	220.385	1.0	0.050980392156862744	0.050980392156862744
U	O5'_1	220.408	235.582	219.481	1.0	0.050980392156862744	0.050980392156862744
U	C5'_1	219.501	235.128	218.454	0.5647058823529412	0.5647058823529412	0.5647058823529412
U	C4'_1	218.778	233.881	218.909	0.5647058823529412	0.5647058823529412	0.5647058823529412
U	O4'_1	219.749	232.831	219.155	1.0	0.050980392156862744	0.050980392156862744
U	C3'_1	218.004	233.99	220.215	0.5647058823529412	0.5647058823529412	0.5647058823529412
U	O3'_1	216.706	234.548	219.989	1.0	0.050980392156862744	0.050980392156862744
U	C2'_1	217.93	232.535	220.674	0.5647058823529412	0.5647058823529412	0.5647058823529412
U	O2'_1	216.906	231.806	220.024	1.0	0.050980392156862744	0.050980392156862744
U	C1'_1	219.287	231.994	220.206	0.5647058823529412	0.5647058823529412	0.5647058823529412
U	N1_1	220.348	231.872	221.227	0.18823529411764706	0.3137254901960784	0.9725490196078431
U	C2_1	220.488	230.644	221.882	0.5647058823529412	0.5647058823529412	0.5647058823529412
U	O2_1	219.743	229.692	221.683	1.0	0.050980392156862744	0.050980392156862744
U	N3_1	221.532	230.581	222.782	0.18823529411764706	0.3137254901960784	0.9725490196078431
U	C4_1	222.428	231.593	223.1	0.5647058823529412	0.5647058823529412	0.5647058823529412
U	O4_1	223.338	231.366	223.902	1.0	0.050980392156862744	0.050980392156862744
U	C5_1	222.204	232.829	222.41	0.5647058823529412	0.5647058823529412	0.5647058823529412
U	C6_1	221.196	232.927	221.521	0.5647058823529412	0.5647058823529412	0.5647058823529412
G	P_2	221.078	221.571	229.179	1.0	0.5019607843137255	0.0
G	OP1_2	221.243	220.229	229.812	1.0	0.050980392156862744	0.050980392156862744
G	OP2_2	222.281	222.306	228.691	1.0	0.050980392156862744	0.050980392156862744
G	O5'_2	220.064	221.406	227.96	1.0	0.050980392156862744	0.050980392156862744
G	C5'_2	218.722	220.914	228.168	0.5647058823529412	0.5647058823529412	0.5647058823529412
G	C4'_2	217.87	221.175	226.941	0.5647058823529412	0.5647058823529412	0.5647058823529412
G	O4'_2	217.914	222.6	226.632	1.0	0.050980392156862744	0.050980392156862744
G	C3'_2	218.288	220.454	225.656	0.5647058823529412	0.5647058823529412	0.5647058823529412
G	O3'_2	217.12	220.192	224.859	1.0	0.050980392156862744	0.050980392156862744
G	C2'_2	219.166	221.501	224.964	0.5647058823529412	0.5647058823529412	0.5647058823529412
G	O2'_2	219.238	221.324	223.559	1.0	0.050980392156862744	0.050980392156862744
G	C1'_2	218.424	222.793	225.321	0.5647058823529412	0.5647058823529412	0.5647058823529412
G	N9_2	219.236	224.012	225.319	0.18823529411764706	0.3137254901960784	0.9725490196078431
G	C8_2	220.363	224.273	226.073	0.5647058823529412	0.5647058823529412	0.5647058823529412
G	N7_2	220.84	225.477	225.883	0.18823529411764706	0.3137254901960784	0.9725490196078431
G	C5_2	219.988	226.044	224.941	0.5647058823529412	0.5647058823529412	0.5647058823529412
G	C6_2	220.0	227.343	224.347	0.5647058823529412	0.5647058823529412	0.5647058823529412
G	O6_2	220.783	228.283	224.556	1.0	0.050980392156862744	0.050980392156862744
G	N1_2	218.963	227.493	223.429	0.18823529411764706	0.3137254901960784	0.9725490196078431
G	C2_2	218.031	226.526	223.121	0.5647058823529412	0.5647058823529412	0.5647058823529412
G	N2_2	217.109	226.857	222.197	0.18823529411764706	0.3137254901960784	0.9725490196078431
G	N3_2	218.002	225.32	223.675	0.18823529411764706	0.3137254901960784	0.9725490196078431
G	C4_2	219.002	225.149	224.569	0.5647058823529412	0.5647058823529412	0.5647058823529412
