U	P_1	235.319	234.87	175.02	1.0	0.5019607843137255	0.0
U	OP1_1	235.025	234.919	176.485	1.0	0.050980392156862744	0.050980392156862744
U	OP2_1	235.839	236.097	174.333	1.0	0.050980392156862744	0.050980392156862744
U	O5'_1	236.354	233.695	174.736	1.0	0.050980392156862744	0.050980392156862744
U	C5'_1	236.088	232.349	175.156	0.5647058823529412	0.5647058823529412	0.5647058823529412
U	C4'_1	237.156	231.436	174.616	0.5647058823529412	0.5647058823529412	0.5647058823529412
U	O4'_1	237.069	231.433	173.169	1.0	0.050980392156862744	0.050980392156862744
U	C3'_1	238.579	231.882	174.936	0.5647058823529412	0.5647058823529412	0.5647058823529412
U	O3'_1	238.998	231.332	176.187	1.0	0.050980392156862744	0.050980392156862744
U	C2'_1	239.384	231.329	173.764	0.5647058823529412	0.5647058823529412	0.5647058823529412
U	O2'_1	239.703	229.965	173.935	1.0	0.050980392156862744	0.050980392156862744
U	C1'_1	238.375	231.45	172.614	0.5647058823529412	0.5647058823529412	0.5647058823529412
U	N1_1	238.493	232.645	171.761	0.18823529411764706	0.3137254901960784	0.9725490196078431
U	C2_1	239.239	232.539	170.6	0.5647058823529412	0.5647058823529412	0.5647058823529412
U	O2_1	239.85	231.528	170.291	1.0	0.050980392156862744	0.050980392156862744
U	N3_1	239.247	233.664	169.816	0.18823529411764706	0.3137254901960784	0.9725490196078431
U	C4_1	238.613	234.865	170.07	0.5647058823529412	0.5647058823529412	0.5647058823529412
U	O4_1	238.66	235.762	169.227	1.0	0.050980392156862744	0.050980392156862744
U	C5_1	237.895	234.91	171.304	0.5647058823529412	0.5647058823529412	0.5647058823529412
U	C6_1	237.86	233.827	172.09	0.5647058823529412	0.5647058823529412	0.5647058823529412
G	P_2	246.101	234.335	161.281	1.0	0.5019607843137255	0.0
G	OP1_2	246.263	234.463	159.803	1.0	0.050980392156862744	0.050980392156862744
G	OP2_2	244.739	234.428	161.882	1.0	0.050980392156862744	0.050980392156862744
G	O5'_2	246.75	232.951	161.734	1.0	0.050980392156862744	0.050980392156862744
G	C5'_2	246.015	231.729	161.586	0.5647058823529412	0.5647058823529412	0.5647058823529412
G	C4'_2	246.289	230.794	162.743	0.5647058823529412	0.5647058823529412	0.5647058823529412
G	O4'_2	246.334	231.523	164.0	1.0	0.050980392156862744	0.050980392156862744
G	C3'_2	245.194	229.758	162.933	0.5647058823529412	0.5647058823529412	0.5647058823529412
G	O3'_2	245.364	228.655	162.046	1.0	0.050980392156862744	0.050980392156862744
G	C2'_2	245.307	229.404	164.412	0.5647058823529412	0.5647058823529412	0.5647058823529412
G	O2'_2	246.299	228.437	164.697	1.0	0.050980392156862744	0.050980392156862744
G	C1'_2	245.689	230.763	165.019	0.5647058823529412	0.5647058823529412	0.5647058823529412
G	N9_2	244.536	231.531	165.498	0.18823529411764706	0.3137254901960784	0.9725490196078431
G	C8_2	243.99	232.658	164.916	0.5647058823529412	0.5647058823529412	0.5647058823529412
G	N7_2	242.959	233.129	165.567	0.18823529411764706	0.3137254901960784	0.9725490196078431
G	C5_2	242.81	232.266	166.646	0.5647058823529412	0.5647058823529412	0.5647058823529412
G	C6_2	241.858	232.272	167.694	0.5647058823529412	0.5647058823529412	0.5647058823529412
G	O6_2	240.934	233.071	167.883	1.0	0.050980392156862744	0.050980392156862744
G	N1_2	242.059	231.214	168.581	0.18823529411764706	0.3137254901960784	0.9725490196078431
G	C2_2	243.049	230.27	168.472	0.5647058823529412	0.5647058823529412	0.5647058823529412
G	N2_2	243.074	229.322	169.427	0.18823529411764706	0.3137254901960784	0.9725490196078431
G	N3_2	243.952	230.253	167.496	0.18823529411764706	0.3137254901960784	0.9725490196078431
G	C4_2	243.774	231.274	166.623	0.5647058823529412	0.5647058823529412	0.5647058823529412
