U	P_1	169.323	194.003	251.965	1.0	0.5019607843137255	0.0
U	OP1_1	168.285	192.976	251.667	1.0	0.050980392156862744	0.050980392156862744
U	OP2_1	170.425	193.679	252.912	1.0	0.050980392156862744	0.050980392156862744
U	O5'_1	169.968	194.477	250.584	1.0	0.050980392156862744	0.050980392156862744
U	C5'_1	169.139	194.998	249.521	0.5647058823529412	0.5647058823529412	0.5647058823529412
U	C4'_1	169.993	195.637	248.448	0.5647058823529412	0.5647058823529412	0.5647058823529412
U	O4'_1	170.773	196.713	249.033	1.0	0.050980392156862744	0.050980392156862744
U	C3'_1	171.029	194.741	247.784	0.5647058823529412	0.5647058823529412	0.5647058823529412
U	O3'_1	170.435	193.98	246.727	1.0	0.050980392156862744	0.050980392156862744
U	C2'_1	172.035	195.757	247.253	0.5647058823529412	0.5647058823529412	0.5647058823529412
U	O2'_1	171.608	196.361	246.047	1.0	0.050980392156862744	0.050980392156862744
U	C1'_1	172.013	196.819	248.356	0.5647058823529412	0.5647058823529412	0.5647058823529412
U	N1_1	173.108	196.73	249.339	0.18823529411764706	0.3137254901960784	0.9725490196078431
U	C2_1	174.275	197.438	249.071	0.5647058823529412	0.5647058823529412	0.5647058823529412
U	O2_1	174.43	198.117	248.064	1.0	0.050980392156862744	0.050980392156862744
U	N3_1	175.254	197.327	250.033	0.18823529411764706	0.3137254901960784	0.9725490196078431
U	C4_1	175.188	196.602	251.21	0.5647058823529412	0.5647058823529412	0.5647058823529412
U	O4_1	176.138	196.629	251.991	1.0	0.050980392156862744	0.050980392156862744
U	C5_1	173.955	195.899	251.412	0.5647058823529412	0.5647058823529412	0.5647058823529412
U	C6_1	172.986	195.98	250.493	0.5647058823529412	0.5647058823529412	0.5647058823529412
G	P_2	187.302	196.932	254.143	1.0	0.5019607843137255	0.0
G	OP1_2	188.52	196.871	254.998	1.0	0.050980392156862744	0.050980392156862744
G	OP2_2	185.969	197.162	254.777	1.0	0.050980392156862744	0.050980392156862744
G	O5'_2	187.547	198.065	253.05	1.0	0.050980392156862744	0.050980392156862744
G	C5'_2	186.484	198.949	252.645	0.5647058823529412	0.5647058823529412	0.5647058823529412
G	C4'_2	185.868	198.468	251.35	0.5647058823529412	0.5647058823529412	0.5647058823529412
G	O4'_2	185.238	197.177	251.556	1.0	0.050980392156862744	0.050980392156862744
G	C3'_2	184.757	199.357	250.822	0.5647058823529412	0.5647058823529412	0.5647058823529412
G	O3'_2	185.324	200.403	250.04	1.0	0.050980392156862744	0.050980392156862744
G	C2'_2	183.927	198.393	249.979	0.5647058823529412	0.5647058823529412	0.5647058823529412
G	O2'_2	184.481	198.162	248.7	1.0	0.050980392156862744	0.050980392156862744
G	C1'_2	184.044	197.098	250.792	0.5647058823529412	0.5647058823529412	0.5647058823529412
G	N9_2	182.932	196.807	251.699	0.18823529411764706	0.3137254901960784	0.9725490196078431
G	C8_2	183.028	196.418	253.019	0.5647058823529412	0.5647058823529412	0.5647058823529412
G	N7_2	181.868	196.214	253.582	0.18823529411764706	0.3137254901960784	0.9725490196078431
G	C5_2	180.946	196.488	252.582	0.5647058823529412	0.5647058823529412	0.5647058823529412
G	C6_2	179.533	196.446	252.613	0.5647058823529412	0.5647058823529412	0.5647058823529412
G	O6_2	178.795	196.159	253.566	1.0	0.050980392156862744	0.050980392156862744
G	N1_2	178.983	196.789	251.379	0.18823529411764706	0.3137254901960784	0.9725490196078431
G	C2_2	179.703	197.138	250.262	0.5647058823529412	0.5647058823529412	0.5647058823529412
G	N2_2	178.982	197.432	249.163	0.18823529411764706	0.3137254901960784	0.9725490196078431
G	N3_2	181.029	197.193	250.223	0.18823529411764706	0.3137254901960784	0.9725490196078431
G	C4_2	181.581	196.855	251.41	0.5647058823529412	0.5647058823529412	0.5647058823529412
