G	P_1	143.791	208.811	226.71	1.0	0.5019607843137255	0.0
G	OP1_1	144.678	209.12	225.549	1.0	0.050980392156862744	0.050980392156862744
G	OP2_1	144.392	208.658	228.073	1.0	0.050980392156862744	0.050980392156862744
G	O5'_1	142.661	209.937	226.802	1.0	0.050980392156862744	0.050980392156862744
G	C5'_1	141.488	209.748	227.626	0.5647058823529412	0.5647058823529412	0.5647058823529412
G	C4'_1	141.66	210.435	228.968	0.5647058823529412	0.5647058823529412	0.5647058823529412
G	O4'_1	141.707	211.882	228.793	1.0	0.050980392156862744	0.050980392156862744
G	C3'_1	140.5	210.23	229.93	0.5647058823529412	0.5647058823529412	0.5647058823529412
G	O3'_1	140.58	208.974	230.6	1.0	0.050980392156862744	0.050980392156862744
G	C2'_1	140.639	211.42	230.87	0.5647058823529412	0.5647058823529412	0.5647058823529412
G	O2'_1	141.649	211.235	231.843	1.0	0.050980392156862744	0.050980392156862744
G	C1'_1	141.054	212.522	229.888	0.5647058823529412	0.5647058823529412	0.5647058823529412
G	N9_1	139.909	213.286	229.38	0.18823529411764706	0.3137254901960784	0.9725490196078431
G	C8_1	139.348	213.221	228.119	0.5647058823529412	0.5647058823529412	0.5647058823529412
G	N7_1	138.309	214.004	227.975	0.18823529411764706	0.3137254901960784	0.9725490196078431
G	C5_1	138.175	214.633	229.209	0.5647058823529412	0.5647058823529412	0.5647058823529412
G	C6_1	137.21	215.583	229.663	0.5647058823529412	0.5647058823529412	0.5647058823529412
G	O6_1	136.262	216.075	229.038	1.0	0.050980392156862744	0.050980392156862744
G	N1_1	137.433	215.949	230.992	0.18823529411764706	0.3137254901960784	0.9725490196078431
G	C2_1	138.452	215.468	231.784	0.5647058823529412	0.5647058823529412	0.5647058823529412
G	N2_1	138.51	215.944	233.038	0.18823529411764706	0.3137254901960784	0.9725490196078431
G	N3_1	139.354	214.582	231.376	0.18823529411764706	0.3137254901960784	0.9725490196078431
G	C4_1	139.157	214.209	230.087	0.5647058823529412	0.5647058823529412	0.5647058823529412
U	P_2	130.437	223.098	232.615	1.0	0.5019607843137255	0.0
U	OP1_2	130.27	224.451	233.215	1.0	0.050980392156862744	0.050980392156862744
U	OP2_2	130.336	222.931	231.138	1.0	0.050980392156862744	0.050980392156862744
U	O5'_2	131.84	222.504	233.093	1.0	0.050980392156862744	0.050980392156862744
U	C5'_2	132.258	222.607	234.47	0.5647058823529412	0.5647058823529412	0.5647058823529412
U	C4'_2	133.514	221.794	234.703	0.5647058823529412	0.5647058823529412	0.5647058823529412
U	O4'_2	133.245	220.399	234.393	1.0	0.050980392156862744	0.050980392156862744
U	C3'_2	134.725	222.14	233.844	0.5647058823529412	0.5647058823529412	0.5647058823529412
U	O3'_2	135.456	223.245	234.387	1.0	0.050980392156862744	0.050980392156862744
U	C2'_2	135.532	220.846	233.887	0.5647058823529412	0.5647058823529412	0.5647058823529412
U	O2'_2	136.275	220.696	235.079	1.0	0.050980392156862744	0.050980392156862744
U	C1'_2	134.419	219.794	233.866	0.5647058823529412	0.5647058823529412	0.5647058823529412
U	N1_2	134.126	219.25	232.526	0.18823529411764706	0.3137254901960784	0.9725490196078431
U	C2_2	134.914	218.194	232.068	0.5647058823529412	0.5647058823529412	0.5647058823529412
U	O2_2	135.824	217.707	232.725	1.0	0.050980392156862744	0.050980392156862744
U	N3_2	134.588	217.732	230.812	0.18823529411764706	0.3137254901960784	0.9725490196078431
U	C4_2	133.58	218.202	229.982	0.5647058823529412	0.5647058823529412	0.5647058823529412
U	O4_2	133.428	217.694	228.871	1.0	0.050980392156862744	0.050980392156862744
U	C5_2	132.813	219.286	230.521	0.5647058823529412	0.5647058823529412	0.5647058823529412
U	C6_2	133.102	219.763	231.741	0.5647058823529412	0.5647058823529412	0.5647058823529412
