G	P_1	247.385	131.914	162.255	1.0	0.5019607843137255	0.0
G	OP1_1	247.906	131.541	163.599	1.0	0.050980392156862744	0.050980392156862744
G	OP2_1	247.817	131.139	161.059	1.0	0.050980392156862744	0.050980392156862744
G	O5'_1	245.792	131.897	162.313	1.0	0.050980392156862744	0.050980392156862744
G	C5'_1	245.087	132.63	163.333	0.5647058823529412	0.5647058823529412	0.5647058823529412
G	C4'_1	243.599	132.638	163.051	0.5647058823529412	0.5647058823529412	0.5647058823529412
G	O4'_1	243.335	133.316	161.794	1.0	0.050980392156862744	0.050980392156862744
G	C3'_1	242.926	131.286	162.868	0.5647058823529412	0.5647058823529412	0.5647058823529412
G	O3'_1	242.655	130.651	164.116	1.0	0.050980392156862744	0.050980392156862744
G	C2'_1	241.645	131.671	162.134	0.5647058823529412	0.5647058823529412	0.5647058823529412
G	O2'_1	240.651	132.197	162.992	1.0	0.050980392156862744	0.050980392156862744
G	C1'_1	242.152	132.783	161.213	0.5647058823529412	0.5647058823529412	0.5647058823529412
G	N9_1	242.443	132.327	159.854	0.18823529411764706	0.3137254901960784	0.9725490196078431
G	C8_1	243.676	132.137	159.275	0.5647058823529412	0.5647058823529412	0.5647058823529412
G	N7_1	243.604	131.731	158.035	0.18823529411764706	0.3137254901960784	0.9725490196078431
G	C5_1	242.242	131.648	157.779	0.5647058823529412	0.5647058823529412	0.5647058823529412
G	C6_1	241.545	131.267	156.597	0.5647058823529412	0.5647058823529412	0.5647058823529412
G	O6_1	242.013	130.922	155.5	1.0	0.050980392156862744	0.050980392156862744
G	N1_1	240.163	131.318	156.78	0.18823529411764706	0.3137254901960784	0.9725490196078431
G	C2_1	239.531	131.69	157.946	0.5647058823529412	0.5647058823529412	0.5647058823529412
G	N2_1	238.184	131.675	157.927	0.18823529411764706	0.3137254901960784	0.9725490196078431
G	N3_1	240.169	132.051	159.048	0.18823529411764706	0.3137254901960784	0.9725490196078431
G	C4_1	241.511	132.008	158.894	0.5647058823529412	0.5647058823529412	0.5647058823529412
U	P_2	235.56	129.578	147.672	1.0	0.5019607843137255	0.0
U	OP1_2	234.436	130.03	146.805	1.0	0.050980392156862744	0.050980392156862744
U	OP2_2	236.96	129.84	147.254	1.0	0.050980392156862744	0.050980392156862744
U	O5'_2	235.349	130.204	149.121	1.0	0.050980392156862744	0.050980392156862744
U	C5'_2	234.149	129.936	149.87	0.5647058823529412	0.5647058823529412	0.5647058823529412
U	C4'_2	234.369	130.221	151.337	0.5647058823529412	0.5647058823529412	0.5647058823529412
U	O4'_2	235.428	129.364	151.84	1.0	0.050980392156862744	0.050980392156862744
U	C3'_2	234.835	131.626	151.685	0.5647058823529412	0.5647058823529412	0.5647058823529412
U	O3'_2	233.734	132.534	151.733	1.0	0.050980392156862744	0.050980392156862744
U	C2'_2	235.486	131.414	153.046	0.5647058823529412	0.5647058823529412	0.5647058823529412
U	O2'_2	234.541	131.296	154.089	1.0	0.050980392156862744	0.050980392156862744
U	C1'_2	236.158	130.054	152.843	0.5647058823529412	0.5647058823529412	0.5647058823529412
U	N1_2	237.571	130.136	152.435	0.18823529411764706	0.3137254901960784	0.9725490196078431
U	C2_2	238.528	130.212	153.436	0.5647058823529412	0.5647058823529412	0.5647058823529412
U	O2_2	238.251	130.212	154.623	1.0	0.050980392156862744	0.050980392156862744
U	N3_2	239.825	130.283	152.994	0.18823529411764706	0.3137254901960784	0.9725490196078431
U	C4_2	240.257	130.282	151.678	0.5647058823529412	0.5647058823529412	0.5647058823529412
U	O4_2	241.463	130.329	151.439	1.0	0.050980392156862744	0.050980392156862744
U	C5_2	239.209	130.2	150.701	0.5647058823529412	0.5647058823529412	0.5647058823529412
U	C6_2	237.936	130.134	151.103	0.5647058823529412	0.5647058823529412	0.5647058823529412
