U	P_1	210.81	174.54	156.367	1.0	0.5019607843137255	0.0
U	OP1_1	210.553	173.773	155.115	1.0	0.050980392156862744	0.050980392156862744
U	OP2_1	211.387	175.912	156.286	1.0	0.050980392156862744	0.050980392156862744
U	O5'_1	209.448	174.622	157.193	1.0	0.050980392156862744	0.050980392156862744
U	C5'_1	208.632	173.452	157.392	0.5647058823529412	0.5647058823529412	0.5647058823529412
U	C4'_1	207.487	173.759	158.329	0.5647058823529412	0.5647058823529412	0.5647058823529412
U	O4'_1	208.017	174.239	159.587	1.0	0.050980392156862744	0.050980392156862744
U	C3'_1	206.567	174.897	157.911	0.5647058823529412	0.5647058823529412	0.5647058823529412
U	O3'_1	205.603	174.434	156.964	1.0	0.050980392156862744	0.050980392156862744
U	C2'_1	205.894	175.27	159.231	0.5647058823529412	0.5647058823529412	0.5647058823529412
U	O2'_1	204.792	174.434	159.513	1.0	0.050980392156862744	0.050980392156862744
U	C1'_1	207.007	174.979	160.249	0.5647058823529412	0.5647058823529412	0.5647058823529412
U	N1_1	207.609	176.15	160.917	0.18823529411764706	0.3137254901960784	0.9725490196078431
U	C2_1	207.0	176.611	162.084	0.5647058823529412	0.5647058823529412	0.5647058823529412
U	O2_1	205.991	176.109	162.56	1.0	0.050980392156862744	0.050980392156862744
U	N3_1	207.614	177.689	162.673	0.18823529411764706	0.3137254901960784	0.9725490196078431
U	C4_1	208.74	178.353	162.235	0.5647058823529412	0.5647058823529412	0.5647058823529412
U	O4_1	209.14	179.333	162.866	1.0	0.050980392156862744	0.050980392156862744
U	C5_1	209.31	177.833	161.026	0.5647058823529412	0.5647058823529412	0.5647058823529412
U	C6_1	208.741	176.775	160.422	0.5647058823529412	0.5647058823529412	0.5647058823529412
G	P_2	203.153	184.16	172.965	1.0	0.5019607843137255	0.0
G	OP1_2	202.836	184.131	174.422	1.0	0.050980392156862744	0.050980392156862744
G	OP2_2	204.57	184.246	172.525	1.0	0.050980392156862744	0.050980392156862744
G	O5'_2	202.484	182.889	172.274	1.0	0.050980392156862744	0.050980392156862744
G	C5'_2	203.221	181.667	172.077	0.5647058823529412	0.5647058823529412	0.5647058823529412
G	C4'_2	202.456	180.743	171.154	0.5647058823529412	0.5647058823529412	0.5647058823529412
G	O4'_2	202.416	181.304	169.81	1.0	0.050980392156862744	0.050980392156862744
G	C3'_2	203.073	179.371	170.941	0.5647058823529412	0.5647058823529412	0.5647058823529412
G	O3'_2	202.772	178.488	172.022	1.0	0.050980392156862744	0.050980392156862744
G	C2'_2	202.435	178.933	169.626	0.5647058823529412	0.5647058823529412	0.5647058823529412
G	O2'_2	201.108	178.465	169.774	1.0	0.050980392156862744	0.050980392156862744
G	C1'_2	202.428	180.252	168.848	0.5647058823529412	0.5647058823529412	0.5647058823529412
G	N9_2	203.605	180.403	167.989	0.18823529411764706	0.3137254901960784	0.9725490196078431
G	C8_2	204.648	181.295	168.145	0.5647058823529412	0.5647058823529412	0.5647058823529412
G	N7_2	205.58	181.164	167.235	0.18823529411764706	0.3137254901960784	0.9725490196078431
G	C5_2	205.129	180.129	166.42	0.5647058823529412	0.5647058823529412	0.5647058823529412
G	C6_2	205.732	179.528	165.269	0.5647058823529412	0.5647058823529412	0.5647058823529412
G	O6_2	206.824	179.797	164.735	1.0	0.050980392156862744	0.050980392156862744
G	N1_2	204.931	178.513	164.741	0.18823529411764706	0.3137254901960784	0.9725490196078431
G	C2_2	203.709	178.121	165.254	0.5647058823529412	0.5647058823529412	0.5647058823529412
G	N2_2	203.082	177.134	164.593	0.18823529411764706	0.3137254901960784	0.9725490196078431
G	N3_2	203.143	178.661	166.332	0.18823529411764706	0.3137254901960784	0.9725490196078431
G	C4_2	203.903	179.654	166.86	0.5647058823529412	0.5647058823529412	0.5647058823529412
