G	P_1	199.471	317.002	170.767	1.0	0.5019607843137255	0.0
G	OP1_1	198.979	316.828	169.371	1.0	0.050980392156862744	0.050980392156862744
G	OP2_1	200.837	317.542	171.001	1.0	0.050980392156862744	0.050980392156862744
G	O5'_1	198.43	317.922	171.549	1.0	0.050980392156862744	0.050980392156862744
G	C5'_1	197.027	317.579	171.597	0.5647058823529412	0.5647058823529412	0.5647058823529412
G	C4'_1	196.273	318.539	172.497	0.5647058823529412	0.5647058823529412	0.5647058823529412
G	O4'_1	196.718	318.396	173.872	1.0	0.050980392156862744	0.050980392156862744
G	C3'_1	196.458	320.023	172.223	0.5647058823529412	0.5647058823529412	0.5647058823529412
G	O3'_1	195.659	320.449	171.119	1.0	0.050980392156862744	0.050980392156862744
G	C2'_1	196.007	320.649	173.542	0.5647058823529412	0.5647058823529412	0.5647058823529412
G	O2'_1	194.602	320.737	173.664	1.0	0.050980392156862744	0.050980392156862744
G	C1'_1	196.519	319.624	174.559	0.5647058823529412	0.5647058823529412	0.5647058823529412
G	N9_1	197.759	320.006	175.234	0.18823529411764706	0.3137254901960784	0.9725490196078431
G	C8_1	199.017	319.486	175.033	0.5647058823529412	0.5647058823529412	0.5647058823529412
G	N7_1	199.925	320.027	175.802	0.18823529411764706	0.3137254901960784	0.9725490196078431
G	C5_1	199.227	320.961	176.558	0.5647058823529412	0.5647058823529412	0.5647058823529412
G	C6_1	199.681	321.856	177.568	0.5647058823529412	0.5647058823529412	0.5647058823529412
G	O6_1	200.827	322.004	178.011	1.0	0.050980392156862744	0.050980392156862744
G	N1_1	198.64	322.63	178.071	0.18823529411764706	0.3137254901960784	0.9725490196078431
G	C2_1	197.332	322.556	177.661	0.5647058823529412	0.5647058823529412	0.5647058823529412
G	N2_1	196.472	323.384	178.271	0.18823529411764706	0.3137254901960784	0.9725490196078431
G	N3_1	196.895	321.729	176.722	0.18823529411764706	0.3137254901960784	0.9725490196078431
G	C4_1	197.889	320.965	176.217	0.5647058823529412	0.5647058823529412	0.5647058823529412
U	P_2	203.501	328.444	185.339	1.0	0.5019607843137255	0.0
U	OP1_2	203.191	329.084	186.652	1.0	0.050980392156862744	0.050980392156862744
U	OP2_2	204.531	327.371	185.271	1.0	0.050980392156862744	0.050980392156862744
U	O5'_2	202.141	327.87	184.73	1.0	0.050980392156862744	0.050980392156862744
U	C5'_2	200.948	328.68	184.682	0.5647058823529412	0.5647058823529412	0.5647058823529412
U	C4'_2	199.882	328.005	183.846	0.5647058823529412	0.5647058823529412	0.5647058823529412
U	O4'_2	200.343	327.892	182.471	1.0	0.050980392156862744	0.050980392156862744
U	C3'_2	199.515	326.579	184.231	0.5647058823529412	0.5647058823529412	0.5647058823529412
U	O3'_2	198.597	326.535	185.328	1.0	0.050980392156862744	0.050980392156862744
U	C2'_2	198.915	326.045	182.934	0.5647058823529412	0.5647058823529412	0.5647058823529412
U	O2'_2	197.584	326.473	182.719	1.0	0.050980392156862744	0.050980392156862744
U	C1'_2	199.826	326.703	181.892	0.5647058823529412	0.5647058823529412	0.5647058823529412
U	N1_2	200.95	325.843	181.487	0.18823529411764706	0.3137254901960784	0.9725490196078431
U	C2_2	200.742	324.964	180.433	0.5647058823529412	0.5647058823529412	0.5647058823529412
U	O2_2	199.685	324.893	179.821	1.0	0.050980392156862744	0.050980392156862744
U	N3_2	201.82	324.172	180.122	0.18823529411764706	0.3137254901960784	0.9725490196078431
U	C4_2	203.06	324.17	180.74	0.5647058823529412	0.5647058823529412	0.5647058823529412
U	O4_2	203.916	323.364	180.375	1.0	0.050980392156862744	0.050980392156862744
U	C5_2	203.199	325.116	181.805	0.5647058823529412	0.5647058823529412	0.5647058823529412
U	C6_2	202.167	325.899	182.134	0.5647058823529412	0.5647058823529412	0.5647058823529412
