U	P_1	151.691	247.649	266.196	1.0	0.5019607843137255	0.0
U	OP1_1	151.388	248.979	265.594	1.0	0.050980392156862744	0.050980392156862744
U	OP2_1	151.254	246.409	265.499	1.0	0.050980392156862744	0.050980392156862744
U	O5'_1	153.262	247.55	266.441	1.0	0.050980392156862744	0.050980392156862744
U	C5'_1	153.965	248.561	267.194	0.5647058823529412	0.5647058823529412	0.5647058823529412
U	C4'_1	155.399	248.143	267.415	0.5647058823529412	0.5647058823529412	0.5647058823529412
U	O4'_1	155.434	246.943	268.231	1.0	0.050980392156862744	0.050980392156862744
U	C3'_1	156.167	247.767	266.158	0.5647058823529412	0.5647058823529412	0.5647058823529412
U	O3'_1	156.682	248.93	265.51	1.0	0.050980392156862744	0.050980392156862744
U	C2'_1	157.263	246.852	266.698	0.5647058823529412	0.5647058823529412	0.5647058823529412
U	O2'_1	158.356	247.558	267.255	1.0	0.050980392156862744	0.050980392156862744
U	C1'_1	156.52	246.123	267.823	0.5647058823529412	0.5647058823529412	0.5647058823529412
U	N1_1	156.005	244.785	267.482	0.18823529411764706	0.3137254901960784	0.9725490196078431
U	C2_1	156.881	243.704	267.579	0.5647058823529412	0.5647058823529412	0.5647058823529412
U	O2_1	158.058	243.82	267.897	1.0	0.050980392156862744	0.050980392156862744
U	N3_1	156.322	242.481	267.289	0.18823529411764706	0.3137254901960784	0.9725490196078431
U	C4_1	155.013	242.227	266.916	0.5647058823529412	0.5647058823529412	0.5647058823529412
U	O4_1	154.653	241.066	266.723	1.0	0.050980392156862744	0.050980392156862744
U	C5_1	154.181	243.39	266.82	0.5647058823529412	0.5647058823529412	0.5647058823529412
U	C6_1	154.691	244.596	267.096	0.5647058823529412	0.5647058823529412	0.5647058823529412
G	P_2	164.038	232.246	267.716	1.0	0.5019607843137255	0.0
G	OP1_2	165.15	231.542	268.415	1.0	0.050980392156862744	0.050980392156862744
G	OP2_2	162.637	232.077	268.201	1.0	0.050980392156862744	0.050980392156862744
G	O5'_2	164.368	233.801	267.688	1.0	0.050980392156862744	0.050980392156862744
G	C5'_2	164.0	234.65	268.771	0.5647058823529412	0.5647058823529412	0.5647058823529412
G	C4'_2	164.472	236.054	268.499	0.5647058823529412	0.5647058823529412	0.5647058823529412
G	O4'_2	163.809	236.578	267.315	1.0	0.050980392156862744	0.050980392156862744
G	C3'_2	164.134	237.057	269.581	0.5647058823529412	0.5647058823529412	0.5647058823529412
G	O3'_2	165.061	236.953	270.656	1.0	0.050980392156862744	0.050980392156862744
G	C2'_2	164.203	238.374	268.822	0.5647058823529412	0.5647058823529412	0.5647058823529412
G	O2'_2	165.53	238.818	268.612	1.0	0.050980392156862744	0.050980392156862744
G	C1'_2	163.579	237.97	267.48	0.5647058823529412	0.5647058823529412	0.5647058823529412
G	N9_2	162.138	238.213	267.426	0.18823529411764706	0.3137254901960784	0.9725490196078431
G	C8_2	161.132	237.272	267.432	0.5647058823529412	0.5647058823529412	0.5647058823529412
G	N7_2	159.935	237.798	267.415	0.18823529411764706	0.3137254901960784	0.9725490196078431
G	C5_2	160.161	239.171	267.386	0.5647058823529412	0.5647058823529412	0.5647058823529412
G	C6_2	159.241	240.261	267.366	0.5647058823529412	0.5647058823529412	0.5647058823529412
G	O6_2	158.004	240.225	267.38	1.0	0.050980392156862744	0.050980392156862744
G	N1_2	159.901	241.488	267.33	0.18823529411764706	0.3137254901960784	0.9725490196078431
G	C2_2	161.265	241.653	267.324	0.5647058823529412	0.5647058823529412	0.5647058823529412
G	N2_2	161.709	242.92	267.288	0.18823529411764706	0.3137254901960784	0.9725490196078431
G	N3_2	162.134	240.65	267.35	0.18823529411764706	0.3137254901960784	0.9725490196078431
G	C4_2	161.516	239.445	267.379	0.5647058823529412	0.5647058823529412	0.5647058823529412
