G	P_1	214.89	168.972	232.302	1.0	0.5019607843137255	0.0
G	OP1_1	215.905	169.202	233.369	1.0	0.050980392156862744	0.050980392156862744
G	OP2_1	214.04	167.754	232.349	1.0	0.050980392156862744	0.050980392156862744
G	O5'_1	213.931	170.244	232.228	1.0	0.050980392156862744	0.050980392156862744
G	C5'_1	214.47	171.581	232.112	0.5647058823529412	0.5647058823529412	0.5647058823529412
G	C4'_1	213.383	172.552	231.694	0.5647058823529412	0.5647058823529412	0.5647058823529412
G	O4'_1	212.895	172.195	230.372	1.0	0.050980392156862744	0.050980392156862744
G	C3'_1	212.127	172.574	232.555	0.5647058823529412	0.5647058823529412	0.5647058823529412
G	O3'_1	212.287	173.379	233.724	1.0	0.050980392156862744	0.050980392156862744
G	C2'_1	211.092	173.157	231.601	0.5647058823529412	0.5647058823529412	0.5647058823529412
G	O2'_1	211.178	174.564	231.497	1.0	0.050980392156862744	0.050980392156862744
G	C1'_1	211.515	172.523	230.271	0.5647058823529412	0.5647058823529412	0.5647058823529412
G	N9_1	210.76	171.315	229.932	0.18823529411764706	0.3137254901960784	0.9725490196078431
G	C8_1	211.217	170.012	229.928	0.5647058823529412	0.5647058823529412	0.5647058823529412
G	N7_1	210.293	169.145	229.593	0.18823529411764706	0.3137254901960784	0.9725490196078431
G	C5_1	209.159	169.918	229.354	0.5647058823529412	0.5647058823529412	0.5647058823529412
G	C6_1	207.84	169.533	228.953	0.5647058823529412	0.5647058823529412	0.5647058823529412
G	O6_1	207.404	168.393	228.721	1.0	0.050980392156862744	0.050980392156862744
G	N1_1	206.999	170.639	228.829	0.18823529411764706	0.3137254901960784	0.9725490196078431
G	C2_1	207.369	171.945	229.055	0.5647058823529412	0.5647058823529412	0.5647058823529412
G	N2_1	206.408	172.873	228.876	0.18823529411764706	0.3137254901960784	0.9725490196078431
G	N3_1	208.592	172.317	229.427	0.18823529411764706	0.3137254901960784	0.9725490196078431
G	C4_1	209.428	171.261	229.555	0.5647058823529412	0.5647058823529412	0.5647058823529412
U	P_2	198.272	166.065	225.637	1.0	0.5019607843137255	0.0
U	OP1_2	197.104	166.398	224.772	1.0	0.050980392156862744	0.050980392156862744
U	OP2_2	199.227	165.012	225.203	1.0	0.050980392156862744	0.050980392156862744
U	O5'_2	199.098	167.404	225.899	1.0	0.050980392156862744	0.050980392156862744
U	C5'_2	198.46	168.562	226.477	0.5647058823529412	0.5647058823529412	0.5647058823529412
U	C4'_2	199.493	169.601	226.84	0.5647058823529412	0.5647058823529412	0.5647058823529412
U	O4'_2	200.317	169.121	227.938	1.0	0.050980392156862744	0.050980392156862744
U	C3'_2	200.491	169.928	225.74	0.5647058823529412	0.5647058823529412	0.5647058823529412
U	O3'_2	199.946	170.847	224.792	1.0	0.050980392156862744	0.050980392156862744
U	C2'_2	201.671	170.481	226.531	0.5647058823529412	0.5647058823529412	0.5647058823529412
U	O2'_2	201.47	171.817	226.948	1.0	0.050980392156862744	0.050980392156862744
U	C1'_2	201.656	169.572	227.764	0.5647058823529412	0.5647058823529412	0.5647058823529412
U	N1_2	202.542	168.396	227.67	0.18823529411764706	0.3137254901960784	0.9725490196078431
U	C2_2	203.906	168.572	227.933	0.5647058823529412	0.5647058823529412	0.5647058823529412
U	O2_2	204.395	169.654	228.214	1.0	0.050980392156862744	0.050980392156862744
U	N3_2	204.664	167.424	227.856	0.18823529411764706	0.3137254901960784	0.9725490196078431
U	C4_2	204.213	166.141	227.559	0.5647058823529412	0.5647058823529412	0.5647058823529412
U	O4_2	205.004	165.193	227.612	1.0	0.050980392156862744	0.050980392156862744
U	C5_2	202.805	166.045	227.284	0.5647058823529412	0.5647058823529412	0.5647058823529412
U	C6_2	202.038	167.146	227.342	0.5647058823529412	0.5647058823529412	0.5647058823529412
