G	P_1	208.924	140.258	238.896	1.0	0.5019607843137255	0.0
G	OP1_1	207.854	139.731	237.993	1.0	0.050980392156862744	0.050980392156862744
G	OP2_1	210.28	140.513	238.349	1.0	0.050980392156862744	0.050980392156862744
G	O5'_1	208.402	141.605	239.571	1.0	0.050980392156862744	0.050980392156862744
G	C5'_1	207.036	141.728	240.005	0.5647058823529412	0.5647058823529412	0.5647058823529412
G	C4'_1	206.697	143.178	240.256	0.5647058823529412	0.5647058823529412	0.5647058823529412
G	O4'_1	207.385	143.651	241.446	1.0	0.050980392156862744	0.050980392156862744
G	C3'_1	207.124	144.162	239.176	0.5647058823529412	0.5647058823529412	0.5647058823529412
G	O3'_1	206.231	144.163	238.06	1.0	0.050980392156862744	0.050980392156862744
G	C2'_1	207.134	145.481	239.942	0.5647058823529412	0.5647058823529412	0.5647058823529412
G	O2'_1	205.841	146.024	240.122	1.0	0.050980392156862744	0.050980392156862744
G	C1'_1	207.682	145.033	241.302	0.5647058823529412	0.5647058823529412	0.5647058823529412
G	N9_1	209.125	145.23	241.448	0.18823529411764706	0.3137254901960784	0.9725490196078431
G	C8_1	210.111	144.266	241.455	0.5647058823529412	0.5647058823529412	0.5647058823529412
G	N7_1	211.314	144.762	241.602	0.18823529411764706	0.3137254901960784	0.9725490196078431
G	C5_1	211.114	146.134	241.7	0.5647058823529412	0.5647058823529412	0.5647058823529412
G	C6_1	212.053	147.198	241.87	0.5647058823529412	0.5647058823529412	0.5647058823529412
G	O6_1	213.283	147.129	241.974	1.0	0.050980392156862744	0.050980392156862744
G	N1_1	211.42	148.437	241.914	0.18823529411764706	0.3137254901960784	0.9725490196078431
G	C2_1	210.06	148.635	241.809	0.5647058823529412	0.5647058823529412	0.5647058823529412
G	N2_1	209.636	149.912	241.868	0.18823529411764706	0.3137254901960784	0.9725490196078431
G	N3_1	209.177	147.656	241.654	0.18823529411764706	0.3137254901960784	0.9725490196078431
G	C4_1	209.769	146.442	241.608	0.5647058823529412	0.5647058823529412	0.5647058823529412
U	P_2	219.177	154.294	244.334	1.0	0.5019607843137255	0.0
U	OP1_2	219.47	155.36	245.338	1.0	0.050980392156862744	0.050980392156862744
U	OP2_2	219.689	152.911	244.558	1.0	0.050980392156862744	0.050980392156862744
U	O5'_2	217.594	154.205	244.155	1.0	0.050980392156862744	0.050980392156862744
U	C5'_2	216.817	155.374	243.83	0.5647058823529412	0.5647058823529412	0.5647058823529412
U	C4'_2	215.407	154.972	243.465	0.5647058823529412	0.5647058823529412	0.5647058823529412
U	O4'_2	215.453	154.105	242.299	1.0	0.050980392156862744	0.050980392156862744
U	C3'_2	214.655	154.153	244.508	0.5647058823529412	0.5647058823529412	0.5647058823529412
U	O3'_2	214.065	154.978	245.518	1.0	0.050980392156862744	0.050980392156862744
U	C2'_2	213.623	153.418	243.655	0.5647058823529412	0.5647058823529412	0.5647058823529412
U	O2'_2	212.517	154.219	243.284	1.0	0.050980392156862744	0.050980392156862744
U	C1'_2	214.445	153.11	242.402	0.5647058823529412	0.5647058823529412	0.5647058823529412
U	N1_2	215.089	151.784	242.424	0.18823529411764706	0.3137254901960784	0.9725490196078431
U	C2_2	214.326	150.687	242.036	0.5647058823529412	0.5647058823529412	0.5647058823529412
U	O2_2	213.156	150.775	241.704	1.0	0.050980392156862744	0.050980392156862744
U	N3_2	214.991	149.482	242.057	0.18823529411764706	0.3137254901960784	0.9725490196078431
U	C4_2	216.309	149.262	242.424	0.5647058823529412	0.5647058823529412	0.5647058823529412
U	O4_2	216.76	148.115	242.397	1.0	0.050980392156862744	0.050980392156862744
U	C5_2	217.026	150.438	242.821	0.5647058823529412	0.5647058823529412	0.5647058823529412
U	C6_2	216.41	151.627	242.809	0.5647058823529412	0.5647058823529412	0.5647058823529412
