G	P_1	262.219	235.729	168.375	1.0	0.5019607843137255	0.0
G	OP1_1	261.538	235.829	169.695	1.0	0.050980392156862744	0.050980392156862744
G	OP2_1	261.451	236.008	167.131	1.0	0.050980392156862744	0.050980392156862744
G	O5'_1	263.505	236.678	168.399	1.0	0.050980392156862744	0.050980392156862744
G	C5'_1	264.464	236.602	169.483	0.5647058823529412	0.5647058823529412	0.5647058823529412
G	C4'_1	265.741	237.34	169.123	0.5647058823529412	0.5647058823529412	0.5647058823529412
G	O4'_1	266.323	236.744	167.93	1.0	0.050980392156862744	0.050980392156862744
G	C3'_1	265.613	238.818	168.777	0.5647058823529412	0.5647058823529412	0.5647058823529412
G	O3'_1	265.596	239.636	169.948	1.0	0.050980392156862744	0.050980392156862744
G	C2'_1	266.865	239.059	167.941	0.5647058823529412	0.5647058823529412	0.5647058823529412
G	O2'_1	268.026	239.207	168.732	1.0	0.050980392156862744	0.050980392156862744
G	C1'_1	266.966	237.747	167.159	0.5647058823529412	0.5647058823529412	0.5647058823529412
G	N9_1	266.334	237.801	165.842	0.18823529411764706	0.3137254901960784	0.9725490196078431
G	C8_1	265.184	237.159	165.441	0.5647058823529412	0.5647058823529412	0.5647058823529412
G	N7_1	264.868	237.402	164.198	0.18823529411764706	0.3137254901960784	0.9725490196078431
G	C5_1	265.865	238.255	163.747	0.5647058823529412	0.5647058823529412	0.5647058823529412
G	C6_1	266.046	238.859	162.48	0.5647058823529412	0.5647058823529412	0.5647058823529412
G	O6_1	265.337	238.753	161.468	1.0	0.050980392156862744	0.050980392156862744
G	N1_1	267.188	239.66	162.451	0.18823529411764706	0.3137254901960784	0.9725490196078431
G	C2_1	268.046	239.855	163.509	0.5647058823529412	0.5647058823529412	0.5647058823529412
G	N2_1	269.1	240.663	163.289	0.18823529411764706	0.3137254901960784	0.9725490196078431
G	N3_1	267.885	239.296	164.701	0.18823529411764706	0.3137254901960784	0.9725490196078431
G	C4_1	266.78	238.512	164.748	0.5647058823529412	0.5647058823529412	0.5647058823529412
U	P_2	266.794	243.46	152.85	1.0	0.5019607843137255	0.0
U	OP1_2	267.642	244.273	151.93	1.0	0.050980392156862744	0.050980392156862744
U	OP2_2	266.521	242.034	152.529	1.0	0.050980392156862744	0.050980392156862744
U	O5'_2	267.424	243.524	154.311	1.0	0.050980392156862744	0.050980392156862744
U	C5'_2	268.239	244.635	154.727	0.5647058823529412	0.5647058823529412	0.5647058823529412
U	C4'_2	268.995	244.274	155.981	0.5647058823529412	0.5647058823529412	0.5647058823529412
U	O4'_2	268.052	244.064	157.062	1.0	0.050980392156862744	0.050980392156862744
U	C3'_2	269.784	242.976	155.902	0.5647058823529412	0.5647058823529412	0.5647058823529412
U	O3'_2	271.055	243.196	155.285	1.0	0.050980392156862744	0.050980392156862744
U	C2'_2	269.87	242.555	157.365	0.5647058823529412	0.5647058823529412	0.5647058823529412
U	O2'_2	270.867	243.248	158.088	1.0	0.050980392156862744	0.050980392156862744
U	C1'_2	268.495	242.991	157.882	0.5647058823529412	0.5647058823529412	0.5647058823529412
U	N1_2	267.473	241.931	157.85	0.18823529411764706	0.3137254901960784	0.9725490196078431
U	C2_2	267.228	241.233	159.02	0.5647058823529412	0.5647058823529412	0.5647058823529412
U	O2_2	267.833	241.445	160.061	1.0	0.050980392156862744	0.050980392156862744
U	N3_2	266.249	240.277	158.924	0.18823529411764706	0.3137254901960784	0.9725490196078431
U	C4_2	265.506	239.952	157.801	0.5647058823529412	0.5647058823529412	0.5647058823529412
U	O4_2	264.649	239.069	157.873	1.0	0.050980392156862744	0.050980392156862744
U	C5_2	265.823	240.709	156.634	0.5647058823529412	0.5647058823529412	0.5647058823529412
U	C6_2	266.774	241.647	156.693	0.5647058823529412	0.5647058823529412	0.5647058823529412
