U	P_1	224.793	187.854	225.298	1.0	0.5019607843137255	0.0
U	OP1_1	225.039	188.441	226.653	1.0	0.050980392156862744	0.050980392156862744
U	OP2_1	223.498	187.161	225.02	1.0	0.050980392156862744	0.050980392156862744
U	O5'_1	224.996	188.992	224.195	1.0	0.050980392156862744	0.050980392156862744
U	C5'_1	226.087	189.932	224.284	0.5647058823529412	0.5647058823529412	0.5647058823529412
U	C4'_1	226.2	190.726	223.001	0.5647058823529412	0.5647058823529412	0.5647058823529412
U	O4'_1	226.582	189.837	221.918	1.0	0.050980392156862744	0.050980392156862744
U	C3'_1	224.924	191.398	222.508	0.5647058823529412	0.5647058823529412	0.5647058823529412
U	O3'_1	224.714	192.655	223.159	1.0	0.050980392156862744	0.050980392156862744
U	C2'_1	225.205	191.558	221.02	0.5647058823529412	0.5647058823529412	0.5647058823529412
U	O2'_1	226.055	192.648	220.734	1.0	0.050980392156862744	0.050980392156862744
U	C1'_1	225.955	190.257	220.716	0.5647058823529412	0.5647058823529412	0.5647058823529412
U	N1_1	225.069	189.176	220.249	0.18823529411764706	0.3137254901960784	0.9725490196078431
U	C2_1	224.995	188.944	218.875	0.5647058823529412	0.5647058823529412	0.5647058823529412
U	O2_1	225.644	189.575	218.051	1.0	0.050980392156862744	0.050980392156862744
U	N3_1	224.132	187.944	218.504	0.18823529411764706	0.3137254901960784	0.9725490196078431
U	C4_1	223.352	187.158	219.339	0.5647058823529412	0.5647058823529412	0.5647058823529412
U	O4_1	222.594	186.321	218.842	1.0	0.050980392156862744	0.050980392156862744
U	C5_1	223.49	187.443	220.74	0.5647058823529412	0.5647058823529412	0.5647058823529412
U	C6_1	224.321	188.417	221.139	0.5647058823529412	0.5647058823529412	0.5647058823529412
G	P_2	221.602	189.686	206.047	1.0	0.5019607843137255	0.0
G	OP1_2	220.416	190.36	205.454	1.0	0.050980392156862744	0.050980392156862744
G	OP2_2	222.275	188.586	205.296	1.0	0.050980392156862744	0.050980392156862744
G	O5'_2	222.691	190.796	206.399	1.0	0.050980392156862744	0.050980392156862744
G	C5'_2	223.868	190.452	207.168	0.5647058823529412	0.5647058823529412	0.5647058823529412
G	C4'_2	224.101	191.458	208.278	0.5647058823529412	0.5647058823529412	0.5647058823529412
G	O4'_2	223.153	191.261	209.368	1.0	0.050980392156862744	0.050980392156862744
G	C3'_2	225.425	191.271	209.001	0.5647058823529412	0.5647058823529412	0.5647058823529412
G	O3'_2	226.49	191.815	208.223	1.0	0.050980392156862744	0.050980392156862744
G	C2'_2	225.205	192.042	210.302	0.5647058823529412	0.5647058823529412	0.5647058823529412
G	O2'_2	225.401	193.435	210.163	1.0	0.050980392156862744	0.050980392156862744
G	C1'_2	223.715	191.783	210.569	0.5647058823529412	0.5647058823529412	0.5647058823529412
G	N9_2	223.427	190.883	211.691	0.18823529411764706	0.3137254901960784	0.9725490196078431
G	C8_2	222.663	189.735	211.674	0.5647058823529412	0.5647058823529412	0.5647058823529412
G	N7_2	222.562	189.164	212.848	0.18823529411764706	0.3137254901960784	0.9725490196078431
G	C5_2	223.304	189.978	213.698	0.5647058823529412	0.5647058823529412	0.5647058823529412
G	C6_2	223.554	189.869	215.103	0.5647058823529412	0.5647058823529412	0.5647058823529412
G	O6_2	223.151	189.004	215.895	1.0	0.050980392156862744	0.050980392156862744
G	N1_2	224.359	190.906	215.564	0.18823529411764706	0.3137254901960784	0.9725490196078431
G	C2_2	224.865	191.919	214.785	0.5647058823529412	0.5647058823529412	0.5647058823529412
G	N2_2	225.621	192.839	215.423	0.18823529411764706	0.3137254901960784	0.9725490196078431
G	N3_2	224.646	192.032	213.476	0.18823529411764706	0.3137254901960784	0.9725490196078431
G	C4_2	223.858	191.036	213.003	0.5647058823529412	0.5647058823529412	0.5647058823529412
