G	P_1	201.906	175.142	115.458	1.0	0.5019607843137255	0.0
G	OP1_1	202.232	175.5	114.046	1.0	0.050980392156862744	0.050980392156862744
G	OP2_1	200.509	175.292	115.948	1.0	0.050980392156862744	0.050980392156862744
G	O5'_1	202.364	173.636	115.706	1.0	0.050980392156862744	0.050980392156862744
G	C5'_1	203.665	173.188	115.281	0.5647058823529412	0.5647058823529412	0.5647058823529412
G	C4'_1	203.97	171.828	115.865	0.5647058823529412	0.5647058823529412	0.5647058823529412
G	O4'_1	203.99	171.913	117.318	1.0	0.050980392156862744	0.050980392156862744
G	C3'_1	202.963	170.72	115.602	0.5647058823529412	0.5647058823529412	0.5647058823529412
G	O3'_1	203.077	170.149	114.305	1.0	0.050980392156862744	0.050980392156862744
G	C2'_1	203.309	169.723	116.698	0.5647058823529412	0.5647058823529412	0.5647058823529412
G	O2'_1	204.465	168.964	116.41	1.0	0.050980392156862744	0.050980392156862744
G	C1'_1	203.592	170.664	117.871	0.5647058823529412	0.5647058823529412	0.5647058823529412
G	N9_1	202.408	170.863	118.705	0.18823529411764706	0.3137254901960784	0.9725490196078431
G	C8_1	201.589	171.969	118.761	0.5647058823529412	0.5647058823529412	0.5647058823529412
G	N7_1	200.589	171.826	119.589	0.18823529411764706	0.3137254901960784	0.9725490196078431
G	C5_1	200.76	170.553	120.119	0.5647058823529412	0.5647058823529412	0.5647058823529412
G	C6_1	199.979	169.838	121.066	0.5647058823529412	0.5647058823529412	0.5647058823529412
G	O6_1	198.944	170.202	121.643	1.0	0.050980392156862744	0.050980392156862744
G	N1_1	200.511	168.574	121.319	0.18823529411764706	0.3137254901960784	0.9725490196078431
G	C2_1	201.648	168.064	120.737	0.5647058823529412	0.5647058823529412	0.5647058823529412
G	N2_1	202.009	166.824	121.114	0.18823529411764706	0.3137254901960784	0.9725490196078431
G	N3_1	202.382	168.719	119.85	0.18823529411764706	0.3137254901960784	0.9725490196078431
G	C4_1	201.882	169.948	119.59	0.5647058823529412	0.5647058823529412	0.5647058823529412
U	P_2	193.554	163.901	129.0	1.0	0.5019607843137255	0.0
U	OP1_2	193.606	162.982	130.174	1.0	0.050980392156862744	0.050980392156862744
U	OP2_2	193.293	165.35	129.211	1.0	0.050980392156862744	0.050980392156862744
U	O5'_2	194.912	163.738	128.184	1.0	0.050980392156862744	0.050980392156862744
U	C5'_2	196.058	164.56	128.472	0.5647058823529412	0.5647058823529412	0.5647058823529412
U	C4'_2	197.104	164.378	127.4	0.5647058823529412	0.5647058823529412	0.5647058823529412
U	O4'_2	196.54	164.724	126.105	1.0	0.050980392156862744	0.050980392156862744
U	C3'_2	198.338	165.258	127.509	0.5647058823529412	0.5647058823529412	0.5647058823529412
U	O3'_2	199.274	164.718	128.44	1.0	0.050980392156862744	0.050980392156862744
U	C2'_2	198.86	165.256	126.076	0.5647058823529412	0.5647058823529412	0.5647058823529412
U	O2'_2	199.56	164.073	125.75	1.0	0.050980392156862744	0.050980392156862744
U	C1'_2	197.552	165.285	125.283	0.5647058823529412	0.5647058823529412	0.5647058823529412
U	N1_2	197.136	166.633	124.857	0.18823529411764706	0.3137254901960784	0.9725490196078431
U	C2_2	197.805	167.205	123.78	0.5647058823529412	0.5647058823529412	0.5647058823529412
U	O2_2	198.708	166.642	123.178	1.0	0.050980392156862744	0.050980392156862744
U	N3_2	197.373	168.463	123.437	0.18823529411764706	0.3137254901960784	0.9725490196078431
U	C4_2	196.365	169.192	124.039	0.5647058823529412	0.5647058823529412	0.5647058823529412
U	O4_2	196.107	170.322	123.624	1.0	0.050980392156862744	0.050980392156862744
U	C5_2	195.718	168.531	125.13	0.5647058823529412	0.5647058823529412	0.5647058823529412
U	C6_2	196.118	167.309	125.496	0.5647058823529412	0.5647058823529412	0.5647058823529412
