G	P_1	219.495	137.164	241.919	1.0	0.5019607843137255	0.0
G	OP1_1	219.784	136.372	240.683	1.0	0.050980392156862744	0.050980392156862744
G	OP2_1	219.748	138.631	241.929	1.0	0.050980392156862744	0.050980392156862744
G	O5'_1	217.966	136.931	242.316	1.0	0.050980392156862744	0.050980392156862744
G	C5'_1	217.364	135.619	242.252	0.5647058823529412	0.5647058823529412	0.5647058823529412
G	C4'_1	215.976	135.646	242.859	0.5647058823529412	0.5647058823529412	0.5647058823529412
G	O4'_1	216.069	135.971	244.276	1.0	0.050980392156862744	0.050980392156862744
G	C3'_1	215.011	136.686	242.3	0.5647058823529412	0.5647058823529412	0.5647058823529412
G	O3'_1	214.396	136.245	241.08	1.0	0.050980392156862744	0.050980392156862744
G	C2'_1	214.013	136.837	243.446	0.5647058823529412	0.5647058823529412	0.5647058823529412
G	O2'_1	213.061	135.792	243.498	1.0	0.050980392156862744	0.050980392156862744
G	C1'_1	214.933	136.732	244.668	0.5647058823529412	0.5647058823529412	0.5647058823529412
G	N9_1	215.386	138.036	245.145	0.18823529411764706	0.3137254901960784	0.9725490196078431
G	C8_1	216.631	138.596	244.965	0.5647058823529412	0.5647058823529412	0.5647058823529412
G	N7_1	216.731	139.799	245.463	0.18823529411764706	0.3137254901960784	0.9725490196078431
G	C5_1	215.479	140.052	246.014	0.5647058823529412	0.5647058823529412	0.5647058823529412
G	C6_1	214.982	141.212	246.677	0.5647058823529412	0.5647058823529412	0.5647058823529412
G	O6_1	215.567	142.278	246.904	1.0	0.050980392156862744	0.050980392156862744
G	N1_1	213.659	141.044	247.083	0.18823529411764706	0.3137254901960784	0.9725490196078431
G	C2_1	212.905	139.914	246.872	0.5647058823529412	0.5647058823529412	0.5647058823529412
G	N2_1	211.648	139.947	247.349	0.18823529411764706	0.3137254901960784	0.9725490196078431
G	N3_1	213.35	138.828	246.241	0.18823529411764706	0.3137254901960784	0.9725490196078431
G	C4_1	214.639	138.967	245.843	0.5647058823529412	0.5647058823529412	0.5647058823529412
U	P_2	210.548	151.092	250.657	1.0	0.5019607843137255	0.0
U	OP1_2	209.971	151.925	251.751	1.0	0.050980392156862744	0.050980392156862744
U	OP2_2	211.997	150.727	250.693	1.0	0.050980392156862744	0.050980392156862744
U	O5'_2	209.679	149.758	250.546	1.0	0.050980392156862744	0.050980392156862744
U	C5'_2	209.94	148.624	251.402	0.5647058823529412	0.5647058823529412	0.5647058823529412
U	C4'_2	209.618	147.341	250.668	0.5647058823529412	0.5647058823529412	0.5647058823529412
U	O4'_2	210.338	147.316	249.408	1.0	0.050980392156862744	0.050980392156862744
U	C3'_2	210.026	146.046	251.36	0.5647058823529412	0.5647058823529412	0.5647058823529412
U	O3'_2	209.024	145.644	252.3	1.0	0.050980392156862744	0.050980392156862744
U	C2'_2	210.134	145.065	250.192	0.5647058823529412	0.5647058823529412	0.5647058823529412
U	O2'_2	208.886	144.529	249.795	1.0	0.050980392156862744	0.050980392156862744
U	C1'_2	210.645	145.975	249.07	0.5647058823529412	0.5647058823529412	0.5647058823529412
U	N1_2	212.071	145.877	248.72	0.18823529411764706	0.3137254901960784	0.9725490196078431
U	C2_2	212.484	144.765	248.006	0.5647058823529412	0.5647058823529412	0.5647058823529412
U	O2_2	211.735	143.842	247.71	1.0	0.050980392156862744	0.050980392156862744
U	N3_2	213.811	144.769	247.653	0.18823529411764706	0.3137254901960784	0.9725490196078431
U	C4_2	214.748	145.742	247.941	0.5647058823529412	0.5647058823529412	0.5647058823529412
U	O4_2	215.89	145.632	247.497	1.0	0.050980392156862744	0.050980392156862744
U	C5_2	214.253	146.84	248.705	0.5647058823529412	0.5647058823529412	0.5647058823529412
U	C6_2	212.966	146.868	249.064	0.5647058823529412	0.5647058823529412	0.5647058823529412
