U	P_1	164.092	173.808	180.464	1.0	0.5019607843137255	0.0
U	OP1_1	162.783	174.146	179.829	1.0	0.050980392156862744	0.050980392156862744
U	OP2_1	164.161	172.704	181.459	1.0	0.050980392156862744	0.050980392156862744
U	O5'_1	165.152	173.497	179.313	1.0	0.050980392156862744	0.050980392156862744
U	C5'_1	165.178	174.267	178.091	0.5647058823529412	0.5647058823529412	0.5647058823529412
U	C4'_1	166.259	173.748	177.168	0.5647058823529412	0.5647058823529412	0.5647058823529412
U	O4'_1	167.547	173.864	177.835	1.0	0.050980392156862744	0.050980392156862744
U	C3'_1	166.175	172.277	176.773	0.5647058823529412	0.5647058823529412	0.5647058823529412
U	O3'_1	165.267	172.056	175.689	1.0	0.050980392156862744	0.050980392156862744
U	C2'_1	167.62	171.961	176.399	0.5647058823529412	0.5647058823529412	0.5647058823529412
U	O2'_1	167.972	172.413	175.106	1.0	0.050980392156862744	0.050980392156862744
U	C1'_1	168.384	172.785	177.441	0.5647058823529412	0.5647058823529412	0.5647058823529412
U	N1_1	168.77	172.019	178.639	0.18823529411764706	0.3137254901960784	0.9725490196078431
U	C2_1	170.047	171.47	178.675	0.5647058823529412	0.5647058823529412	0.5647058823529412
U	O2_1	170.853	171.598	177.768	1.0	0.050980392156862744	0.050980392156862744
U	N3_1	170.341	170.768	179.817	0.18823529411764706	0.3137254901960784	0.9725490196078431
U	C4_1	169.515	170.563	180.907	0.5647058823529412	0.5647058823529412	0.5647058823529412
U	O4_1	169.93	169.907	181.863	1.0	0.050980392156862744	0.050980392156862744
U	C5_1	168.218	171.158	180.798	0.5647058823529412	0.5647058823529412	0.5647058823529412
U	C6_1	167.896	171.848	179.697	0.5647058823529412	0.5647058823529412	0.5647058823529412
G	P_2	180.932	166.348	179.5	1.0	0.5019607843137255	0.0
G	OP1_2	182.399	166.546	179.318	1.0	0.050980392156862744	0.050980392156862744
G	OP2_2	180.274	166.843	180.743	1.0	0.050980392156862744	0.050980392156862744
G	O5'_2	180.181	166.992	178.245	1.0	0.050980392156862744	0.050980392156862744
G	C5'_2	180.548	166.633	176.893	0.5647058823529412	0.5647058823529412	0.5647058823529412
G	C4'_2	179.525	167.151	175.898	0.5647058823529412	0.5647058823529412	0.5647058823529412
G	O4'_2	178.22	166.586	176.195	1.0	0.050980392156862744	0.050980392156862744
G	C3'_2	179.272	168.653	175.875	0.5647058823529412	0.5647058823529412	0.5647058823529412
G	O3'_2	180.264	169.336	175.105	1.0	0.050980392156862744	0.050980392156862744
G	C2'_2	177.897	168.739	175.216	0.5647058823529412	0.5647058823529412	0.5647058823529412
G	O2'_2	177.949	168.638	173.806	1.0	0.050980392156862744	0.050980392156862744
G	C1'_2	177.209	167.491	175.778	0.5647058823529412	0.5647058823529412	0.5647058823529412
G	N9_2	176.298	167.741	176.893	0.18823529411764706	0.3137254901960784	0.9725490196078431
G	C8_2	176.458	167.36	178.205	0.5647058823529412	0.5647058823529412	0.5647058823529412
G	N7_2	175.454	167.705	178.966	0.18823529411764706	0.3137254901960784	0.9725490196078431
G	C5_2	174.58	168.36	178.107	0.5647058823529412	0.5647058823529412	0.5647058823529412
G	C6_2	173.316	168.956	178.362	0.5647058823529412	0.5647058823529412	0.5647058823529412
G	O6_2	172.696	169.019	179.432	1.0	0.050980392156862744	0.050980392156862744
G	N1_2	172.772	169.516	177.211	0.18823529411764706	0.3137254901960784	0.9725490196078431
G	C2_2	173.362	169.504	175.971	0.5647058823529412	0.5647058823529412	0.5647058823529412
G	N2_2	172.678	170.099	174.981	0.18823529411764706	0.3137254901960784	0.9725490196078431
G	N3_2	174.539	168.949	175.718	0.18823529411764706	0.3137254901960784	0.9725490196078431
G	C4_2	175.087	168.398	176.825	0.5647058823529412	0.5647058823529412	0.5647058823529412
