G	P_1	178.187	233.421	199.413	1.0	0.5019607843137255	0.0
G	OP1_1	178.858	234.712	199.748	1.0	0.050980392156862744	0.050980392156862744
G	OP2_1	178.358	232.839	198.052	1.0	0.050980392156862744	0.050980392156862744
G	O5'_1	178.658	232.331	200.479	1.0	0.050980392156862744	0.050980392156862744
G	C5'_1	178.656	232.633	201.892	0.5647058823529412	0.5647058823529412	0.5647058823529412
G	C4'_1	178.943	231.386	202.71	0.5647058823529412	0.5647058823529412	0.5647058823529412
G	O4'_1	177.871	230.414	202.553	1.0	0.050980392156862744	0.050980392156862744
G	C3'_1	180.2	230.603	202.357	0.5647058823529412	0.5647058823529412	0.5647058823529412
G	O3'_1	181.368	231.204	202.908	1.0	0.050980392156862744	0.050980392156862744
G	C2'_1	179.899	229.236	202.964	0.5647058823529412	0.5647058823529412	0.5647058823529412
G	O2'_1	180.095	229.187	204.365	1.0	0.050980392156862744	0.050980392156862744
G	C1'_1	178.401	229.098	202.665	0.5647058823529412	0.5647058823529412	0.5647058823529412
G	N9_1	178.159	228.382	201.413	0.18823529411764706	0.3137254901960784	0.9725490196078431
G	C8_1	177.585	228.877	200.261	0.5647058823529412	0.5647058823529412	0.5647058823529412
G	N7_1	177.565	228.01	199.282	0.18823529411764706	0.3137254901960784	0.9725490196078431
G	C5_1	178.152	226.867	199.818	0.5647058823529412	0.5647058823529412	0.5647058823529412
G	C6_1	178.429	225.599	199.219	0.5647058823529412	0.5647058823529412	0.5647058823529412
G	O6_1	178.213	225.231	198.053	1.0	0.050980392156862744	0.050980392156862744
G	N1_1	179.024	224.723	200.128	0.18823529411764706	0.3137254901960784	0.9725490196078431
G	C2_1	179.326	225.024	201.441	0.5647058823529412	0.5647058823529412	0.5647058823529412
G	N2_1	179.897	224.037	202.163	0.18823529411764706	0.3137254901960784	0.9725490196078431
G	N3_1	179.086	226.204	202.005	0.18823529411764706	0.3137254901960784	0.9725490196078431
G	C4_1	178.502	227.07	201.142	0.5647058823529412	0.5647058823529412	0.5647058823529412
U	P_2	179.116	216.189	194.773	1.0	0.5019607843137255	0.0
U	OP1_2	178.883	214.722	194.919	1.0	0.050980392156862744	0.050980392156862744
U	OP2_2	178.123	217.018	194.033	1.0	0.050980392156862744	0.050980392156862744
U	O5'_2	179.297	216.802	196.235	1.0	0.050980392156862744	0.050980392156862744
U	C5'_2	180.313	216.298	197.127	0.5647058823529412	0.5647058823529412	0.5647058823529412
U	C4'_2	180.52	217.254	198.283	0.5647058823529412	0.5647058823529412	0.5647058823529412
U	O4'_2	180.928	218.548	197.759	1.0	0.050980392156862744	0.050980392156862744
U	C3'_2	179.285	217.567	199.119	0.5647058823529412	0.5647058823529412	0.5647058823529412
U	O3'_2	179.031	216.574	200.11	1.0	0.050980392156862744	0.050980392156862744
U	C2'_2	179.638	218.917	199.729	0.5647058823529412	0.5647058823529412	0.5647058823529412
U	O2'_2	180.522	218.812	200.828	1.0	0.050980392156862744	0.050980392156862744
U	C1'_2	180.365	219.583	198.558	0.5647058823529412	0.5647058823529412	0.5647058823529412
U	N1_2	179.481	220.405	197.712	0.18823529411764706	0.3137254901960784	0.9725490196078431
U	C2_2	179.318	221.741	198.058	0.5647058823529412	0.5647058823529412	0.5647058823529412
U	O2_2	179.847	222.246	199.032	1.0	0.050980392156862744	0.050980392156862744
U	N3_2	178.506	222.46	197.219	0.18823529411764706	0.3137254901960784	0.9725490196078431
U	C4_2	177.849	221.993	196.092	0.5647058823529412	0.5647058823529412	0.5647058823529412
U	O4_2	177.208	222.784	195.396	1.0	0.050980392156862744	0.050980392156862744
U	C5_2	178.053	220.602	195.81	0.5647058823529412	0.5647058823529412	0.5647058823529412
U	C6_2	178.84	219.875	196.608	0.5647058823529412	0.5647058823529412	0.5647058823529412
