G	P_1	207.582	207.457	229.59	1.0	0.5019607843137255	0.0
G	OP1_1	207.434	207.885	231.015	1.0	0.050980392156862744	0.050980392156862744
G	OP2_1	208.059	206.075	229.282	1.0	0.050980392156862744	0.050980392156862744
G	O5'_1	206.182	207.672	228.851	1.0	0.050980392156862744	0.050980392156862744
G	C5'_1	205.579	208.982	228.768	0.5647058823529412	0.5647058823529412	0.5647058823529412
G	C4'_1	204.406	208.958	227.815	0.5647058823529412	0.5647058823529412	0.5647058823529412
G	O4'_1	204.87	208.706	226.459	1.0	0.050980392156862744	0.050980392156862744
G	C3'_1	203.382	207.862	228.064	0.5647058823529412	0.5647058823529412	0.5647058823529412
G	O3'_1	202.476	208.233	229.103	1.0	0.050980392156862744	0.050980392156862744
G	C2'_1	202.706	207.736	226.703	0.5647058823529412	0.5647058823529412	0.5647058823529412
G	O2'_1	201.731	208.733	226.473	1.0	0.050980392156862744	0.050980392156862744
G	C1'_1	203.89	207.956	225.754	0.5647058823529412	0.5647058823529412	0.5647058823529412
G	N9_1	204.486	206.7	225.309	0.18823529411764706	0.3137254901960784	0.9725490196078431
G	C8_1	205.584	206.063	225.838	0.5647058823529412	0.5647058823529412	0.5647058823529412
G	N7_1	205.849	204.925	225.249	0.18823529411764706	0.3137254901960784	0.9725490196078431
G	C5_1	204.872	204.809	224.269	0.5647058823529412	0.5647058823529412	0.5647058823529412
G	C6_1	204.638	203.774	223.323	0.5647058823529412	0.5647058823529412	0.5647058823529412
G	O6_1	205.26	202.715	223.169	1.0	0.050980392156862744	0.050980392156862744
G	N1_1	203.545	204.065	222.508	0.18823529411764706	0.3137254901960784	0.9725490196078431
G	C2_1	202.769	205.201	222.598	0.5647058823529412	0.5647058823529412	0.5647058823529412
G	N2_1	201.765	205.312	221.708	0.18823529411764706	0.3137254901960784	0.9725490196078431
G	N3_1	202.966	206.162	223.49	0.18823529411764706	0.3137254901960784	0.9725490196078431
G	C4_1	204.029	205.903	224.284	0.5647058823529412	0.5647058823529412	0.5647058823529412
U	P_2	203.201	195.947	216.631	1.0	0.5019607843137255	0.0
U	OP1_2	202.875	195.577	215.212	1.0	0.050980392156862744	0.050980392156862744
U	OP2_2	204.622	195.924	217.086	1.0	0.050980392156862744	0.050980392156862744
U	O5'_2	202.611	197.401	216.942	1.0	0.050980392156862744	0.050980392156862744
U	C5'_2	201.31	197.804	216.445	0.5647058823529412	0.5647058823529412	0.5647058823529412
U	C4'_2	200.892	199.13	217.051	0.5647058823529412	0.5647058823529412	0.5647058823529412
U	O4'_2	200.875	198.995	218.501	1.0	0.050980392156862744	0.050980392156862744
U	C3'_2	201.785	200.351	216.805	0.5647058823529412	0.5647058823529412	0.5647058823529412
U	O3'_2	201.541	200.981	215.532	1.0	0.050980392156862744	0.050980392156862744
U	C2'_2	201.395	201.258	217.97	0.5647058823529412	0.5647058823529412	0.5647058823529412
U	O2'_2	200.172	201.943	217.765	1.0	0.050980392156862744	0.050980392156862744
U	C1'_2	201.224	200.236	219.099	0.5647058823529412	0.5647058823529412	0.5647058823529412
U	N1_2	202.462	200.066	219.879	0.18823529411764706	0.3137254901960784	0.9725490196078431
U	C2_2	202.733	201.02	220.852	0.5647058823529412	0.5647058823529412	0.5647058823529412
U	O2_2	201.977	201.951	221.095	1.0	0.050980392156862744	0.050980392156862744
U	N3_2	203.917	200.84	221.53	0.18823529411764706	0.3137254901960784	0.9725490196078431
U	C4_2	204.832	199.819	221.353	0.5647058823529412	0.5647058823529412	0.5647058823529412
U	O4_2	205.846	199.79	222.051	1.0	0.050980392156862744	0.050980392156862744
U	C5_2	204.475	198.864	220.345	0.5647058823529412	0.5647058823529412	0.5647058823529412
U	C6_2	203.333	199.016	219.657	0.5647058823529412	0.5647058823529412	0.5647058823529412
