U	P_1	191.615	127.15	203.857	1.0	0.5019607843137255	0.0
U	OP1_1	190.38	127.189	203.023	1.0	0.050980392156862744	0.050980392156862744
U	OP2_1	192.943	127.264	203.204	1.0	0.050980392156862744	0.050980392156862744
U	O5'_1	191.509	128.283	204.974	1.0	0.050980392156862744	0.050980392156862744
U	C5'_1	190.348	128.375	205.822	0.5647058823529412	0.5647058823529412	0.5647058823529412
U	C4'_1	190.585	129.36	206.951	0.5647058823529412	0.5647058823529412	0.5647058823529412
U	O4'_1	191.604	128.85	207.857	1.0	0.050980392156862744	0.050980392156862744
U	C3'_1	191.096	130.747	206.58	0.5647058823529412	0.5647058823529412	0.5647058823529412
U	O3'_1	190.051	131.593	206.092	1.0	0.050980392156862744	0.050980392156862744
U	C2'_1	191.663	131.228	207.912	0.5647058823529412	0.5647058823529412	0.5647058823529412
U	O2'_1	190.662	131.642	208.818	1.0	0.050980392156862744	0.050980392156862744
U	C1'_1	192.291	129.942	208.454	0.5647058823529412	0.5647058823529412	0.5647058823529412
U	N1_1	193.732	129.834	208.166	0.18823529411764706	0.3137254901960784	0.9725490196078431
U	C2_1	194.61	130.449	209.051	0.5647058823529412	0.5647058823529412	0.5647058823529412
U	O2_1	194.236	131.056	210.046	1.0	0.050980392156862744	0.050980392156862744
U	N3_1	195.943	130.325	208.728	0.18823529411764706	0.3137254901960784	0.9725490196078431
U	C4_1	196.481	129.663	207.634	0.5647058823529412	0.5647058823529412	0.5647058823529412
U	O4_1	197.705	129.643	207.475	1.0	0.050980392156862744	0.050980392156862744
U	C5_1	195.512	129.053	206.771	0.5647058823529412	0.5647058823529412	0.5647058823529412
U	C6_1	194.205	129.156	207.059	0.5647058823529412	0.5647058823529412	0.5647058823529412
G	P_2	199.902	135.587	218.874	1.0	0.5019607843137255	0.0
G	OP1_2	199.903	135.607	220.364	1.0	0.050980392156862744	0.050980392156862744
G	OP2_2	200.608	134.496	218.153	1.0	0.050980392156862744	0.050980392156862744
G	O5'_2	198.388	135.606	218.382	1.0	0.050980392156862744	0.050980392156862744
G	C5'_2	197.444	136.537	218.945	0.5647058823529412	0.5647058823529412	0.5647058823529412
G	C4'_2	196.069	136.308	218.362	0.5647058823529412	0.5647058823529412	0.5647058823529412
G	O4'_2	196.062	136.657	216.952	1.0	0.050980392156862744	0.050980392156862744
G	C3'_2	195.565	134.872	218.385	0.5647058823529412	0.5647058823529412	0.5647058823529412
G	O3'_2	195.05	134.514	219.664	1.0	0.050980392156862744	0.050980392156862744
G	C2'_2	194.499	134.886	217.296	0.5647058823529412	0.5647058823529412	0.5647058823529412
G	O2'_2	193.272	135.442	217.723	1.0	0.050980392156862744	0.050980392156862744
G	C1'_2	195.142	135.821	216.264	0.5647058823529412	0.5647058823529412	0.5647058823529412
G	N9_2	195.851	135.118	215.196	0.18823529411764706	0.3137254901960784	0.9725490196078431
G	C8_2	197.209	135.09	214.961	0.5647058823529412	0.5647058823529412	0.5647058823529412
G	N7_2	197.533	134.375	213.915	0.18823529411764706	0.3137254901960784	0.9725490196078431
G	C5_2	196.319	133.899	213.432	0.5647058823529412	0.5647058823529412	0.5647058823529412
G	C6_2	196.032	133.065	212.318	0.5647058823529412	0.5647058823529412	0.5647058823529412
G	O6_2	196.821	132.566	211.506	1.0	0.050980392156862744	0.050980392156862744
G	N1_2	194.665	132.826	212.193	0.18823529411764706	0.3137254901960784	0.9725490196078431
G	C2_2	193.698	133.32	213.032	0.5647058823529412	0.5647058823529412	0.5647058823529412
G	N2_2	192.433	132.973	212.745	0.18823529411764706	0.3137254901960784	0.9725490196078431
G	N3_2	193.951	134.099	214.075	0.18823529411764706	0.3137254901960784	0.9725490196078431
G	C4_2	195.272	134.347	214.212	0.5647058823529412	0.5647058823529412	0.5647058823529412
