G	P_1	254.18	125.823	225.839	1.0	0.5019607843137255	0.0
G	OP1_1	255.604	126.265	225.8	1.0	0.050980392156862744	0.050980392156862744
G	OP2_1	253.862	124.367	225.803	1.0	0.050980392156862744	0.050980392156862744
G	O5'_1	253.497	126.441	227.141	1.0	0.050980392156862744	0.050980392156862744
G	C5'_1	253.58	127.858	227.434	0.5647058823529412	0.5647058823529412	0.5647058823529412
G	C4'_1	252.522	128.243	228.448	0.5647058823529412	0.5647058823529412	0.5647058823529412
G	O4'_1	251.197	128.067	227.869	1.0	0.050980392156862744	0.050980392156862744
G	C3'_1	252.495	127.4	229.715	0.5647058823529412	0.5647058823529412	0.5647058823529412
G	O3'_1	253.469	127.841	230.664	1.0	0.050980392156862744	0.050980392156862744
G	C2'_1	251.056	127.571	230.191	0.5647058823529412	0.5647058823529412	0.5647058823529412
G	O2'_1	250.833	128.8	230.85	1.0	0.050980392156862744	0.050980392156862744
G	C1'_1	250.301	127.573	228.858	0.5647058823529412	0.5647058823529412	0.5647058823529412
G	N9_1	249.854	126.243	228.443	0.18823529411764706	0.3137254901960784	0.9725490196078431
G	C8_1	250.423	125.447	227.472	0.5647058823529412	0.5647058823529412	0.5647058823529412
G	N7_1	249.816	124.301	227.321	0.18823529411764706	0.3137254901960784	0.9725490196078431
G	C5_1	248.78	124.336	228.245	0.5647058823529412	0.5647058823529412	0.5647058823529412
G	C6_1	247.785	123.366	228.545	0.5647058823529412	0.5647058823529412	0.5647058823529412
G	O6_1	247.623	122.245	228.036	1.0	0.050980392156862744	0.050980392156862744
G	N1_1	246.925	123.808	229.552	0.18823529411764706	0.3137254901960784	0.9725490196078431
G	C2_1	247.015	125.021	230.192	0.5647058823529412	0.5647058823529412	0.5647058823529412
G	N2_1	246.092	125.263	231.136	0.18823529411764706	0.3137254901960784	0.9725490196078431
G	N3_1	247.943	125.934	229.924	0.18823529411764706	0.3137254901960784	0.9725490196078431
G	C4_1	248.786	125.53	228.946	0.5647058823529412	0.5647058823529412	0.5647058823529412
U	P_2	237.829	128.506	233.527	1.0	0.5019607843137255	0.0
U	OP1_2	236.42	128.823	233.157	1.0	0.050980392156862744	0.050980392156862744
U	OP2_2	238.51	127.351	232.886	1.0	0.050980392156862744	0.050980392156862744
U	O5'_2	238.713	129.814	233.282	1.0	0.050980392156862744	0.050980392156862744
U	C5'_2	238.433	131.04	233.991	0.5647058823529412	0.5647058823529412	0.5647058823529412
U	C4'_2	239.608	131.992	233.902	0.5647058823529412	0.5647058823529412	0.5647058823529412
U	O4'_2	240.8	131.365	234.455	1.0	0.050980392156862744	0.050980392156862744
U	C3'_2	240.043	132.429	232.508	0.5647058823529412	0.5647058823529412	0.5647058823529412
U	O3'_2	239.223	133.497	232.026	1.0	0.050980392156862744	0.050980392156862744
U	C2'_2	241.476	132.896	232.751	0.5647058823529412	0.5647058823529412	0.5647058823529412
U	O2'_2	241.544	134.197	233.298	1.0	0.050980392156862744	0.050980392156862744
U	C1'_2	241.952	131.893	233.808	0.5647058823529412	0.5647058823529412	0.5647058823529412
U	N1_2	242.764	130.79	233.264	0.18823529411764706	0.3137254901960784	0.9725490196078431
U	C2_2	244.105	131.051	232.973	0.5647058823529412	0.5647058823529412	0.5647058823529412
U	O2_2	244.632	132.139	233.16	1.0	0.050980392156862744	0.050980392156862744
U	N3_2	244.8	129.986	232.454	0.18823529411764706	0.3137254901960784	0.9725490196078431
U	C4_2	244.312	128.716	232.196	0.5647058823529412	0.5647058823529412	0.5647058823529412
U	O4_2	245.049	127.885	231.669	1.0	0.050980392156862744	0.050980392156862744
U	C5_2	242.934	128.523	232.53	0.5647058823529412	0.5647058823529412	0.5647058823529412
U	C6_2	242.225	129.538	233.04	0.5647058823529412	0.5647058823529412	0.5647058823529412
