G	P_1	171.852	129.54	188.089	1.0	0.5019607843137255	0.0
G	OP1_1	172.671	129.68	186.852	1.0	0.050980392156862744	0.050980392156862744
G	OP2_1	170.646	128.671	188.07	1.0	0.050980392156862744	0.050980392156862744
G	O5'_1	172.798	129.032	189.272	1.0	0.050980392156862744	0.050980392156862744
G	C5'_1	174.207	129.364	189.297	0.5647058823529412	0.5647058823529412	0.5647058823529412
G	C4'_1	175.004	128.264	189.978	0.5647058823529412	0.5647058823529412	0.5647058823529412
G	O4'_1	174.603	128.165	191.373	1.0	0.050980392156862744	0.050980392156862744
G	C3'_1	174.832	126.85	189.437	0.5647058823529412	0.5647058823529412	0.5647058823529412
G	O3'_1	175.653	126.59	188.3	1.0	0.050980392156862744	0.050980392156862744
G	C2'_1	175.231	125.994	190.633	0.5647058823529412	0.5647058823529412	0.5647058823529412
G	O2'_1	176.633	125.895	190.792	1.0	0.050980392156862744	0.050980392156862744
G	C1'_1	174.643	126.806	191.791	0.5647058823529412	0.5647058823529412	0.5647058823529412
G	N9_1	173.287	126.405	192.167	0.18823529411764706	0.3137254901960784	0.9725490196078431
G	C8_1	172.145	127.171	192.075	0.5647058823529412	0.5647058823529412	0.5647058823529412
G	N7_1	171.074	126.55	192.49	0.18823529411764706	0.3137254901960784	0.9725490196078431
G	C5_1	171.531	125.297	192.88	0.5647058823529412	0.5647058823529412	0.5647058823529412
G	C6_1	170.823	124.187	193.409	0.5647058823529412	0.5647058823529412	0.5647058823529412
G	O6_1	169.613	124.094	193.651	1.0	0.050980392156862744	0.050980392156862744
G	N1_1	171.669	123.11	193.66	0.18823529411764706	0.3137254901960784	0.9725490196078431
G	C2_1	173.022	123.101	193.434	0.5647058823529412	0.5647058823529412	0.5647058823529412
G	N2_1	173.665	121.963	193.749	0.18823529411764706	0.3137254901960784	0.9725490196078431
G	N3_1	173.698	124.13	192.939	0.18823529411764706	0.3137254901960784	0.9725490196078431
G	C4_1	172.895	125.188	192.687	0.5647058823529412	0.5647058823529412	0.5647058823529412
U	P_2	165.098	116.313	198.522	1.0	0.5019607843137255	0.0
U	OP1_2	164.627	115.588	199.737	1.0	0.050980392156862744	0.050980392156862744
U	OP2_2	165.13	117.803	198.523	1.0	0.050980392156862744	0.050980392156862744
U	O5'_2	166.558	115.776	198.15	1.0	0.050980392156862744	0.050980392156862744
U	C5'_2	167.741	116.296	198.804	0.5647058823529412	0.5647058823529412	0.5647058823529412
U	C4'_2	168.834	116.538	197.785	0.5647058823529412	0.5647058823529412	0.5647058823529412
U	O4'_2	168.295	117.327	196.698	1.0	0.050980392156862744	0.050980392156862744
U	C3'_2	170.044	117.321	198.277	0.5647058823529412	0.5647058823529412	0.5647058823529412
U	O3'_2	170.993	116.426	198.87	1.0	0.050980392156862744	0.050980392156862744
U	C2'_2	170.586	117.943	196.993	0.5647058823529412	0.5647058823529412	0.5647058823529412
U	O2'_2	171.408	117.048	196.273	1.0	0.050980392156862744	0.050980392156862744
U	C1'_2	169.301	118.181	196.191	0.5647058823529412	0.5647058823529412	0.5647058823529412
U	N1_2	168.762	119.55	196.105	0.18823529411764706	0.3137254901960784	0.9725490196078431
U	C2_2	169.371	120.431	195.227	0.5647058823529412	0.5647058823529412	0.5647058823529412
U	O2_2	170.364	120.146	194.576	1.0	0.050980392156862744	0.050980392156862744
U	N3_2	168.774	121.668	195.141	0.18823529411764706	0.3137254901960784	0.9725490196078431
U	C4_2	167.661	122.11	195.833	0.5647058823529412	0.5647058823529412	0.5647058823529412
U	O4_2	167.211	123.23	195.603	1.0	0.050980392156862744	0.050980392156862744
U	C5_2	167.105	121.153	196.74	0.5647058823529412	0.5647058823529412	0.5647058823529412
U	C6_2	167.662	119.939	196.846	0.5647058823529412	0.5647058823529412	0.5647058823529412
