U	P_1	266.114	238.628	222.327	1.0	0.5019607843137255	0.0
U	OP1_1	266.312	237.366	223.095	1.0	0.050980392156862744	0.050980392156862744
U	OP2_1	264.959	238.743	221.395	1.0	0.050980392156862744	0.050980392156862744
U	O5'_1	266.032	239.838	223.368	1.0	0.050980392156862744	0.050980392156862744
U	C5'_1	266.995	239.971	224.433	0.5647058823529412	0.5647058823529412	0.5647058823529412
U	C4'_1	266.874	241.33	225.079	0.5647058823529412	0.5647058823529412	0.5647058823529412
U	O4'_1	267.142	242.352	224.082	1.0	0.050980392156862744	0.050980392156862744
U	C3'_1	265.496	241.678	225.629	0.5647058823529412	0.5647058823529412	0.5647058823529412
U	O3'_1	265.326	241.146	226.95	1.0	0.050980392156862744	0.050980392156862744
U	C2'_1	265.511	243.206	225.601	0.5647058823529412	0.5647058823529412	0.5647058823529412
U	O2'_1	266.185	243.799	226.693	1.0	0.050980392156862744	0.050980392156862744
U	C1'_1	266.311	243.478	224.322	0.5647058823529412	0.5647058823529412	0.5647058823529412
U	N1_1	265.475	243.707	223.134	0.18823529411764706	0.3137254901960784	0.9725490196078431
U	C2_1	265.032	244.999	222.897	0.5647058823529412	0.5647058823529412	0.5647058823529412
U	O2_1	265.299	245.937	223.631	1.0	0.050980392156862744	0.050980392156862744
U	N3_1	264.267	245.148	221.768	0.18823529411764706	0.3137254901960784	0.9725490196078431
U	C4_1	263.903	244.159	220.871	0.5647058823529412	0.5647058823529412	0.5647058823529412
U	O4_1	263.203	244.45	219.898	1.0	0.050980392156862744	0.050980392156862744
U	C5_1	264.396	242.854	221.188	0.5647058823529412	0.5647058823529412	0.5647058823529412
U	C6_1	265.144	242.676	222.281	0.5647058823529412	0.5647058823529412	0.5647058823529412
G	P_2	261.503	255.239	220.129	1.0	0.5019607843137255	0.0
G	OP1_2	261.736	256.668	219.78	1.0	0.050980392156862744	0.050980392156862744
G	OP2_2	262.039	254.17	219.243	1.0	0.050980392156862744	0.050980392156862744
G	O5'_2	262.071	254.987	221.598	1.0	0.050980392156862744	0.050980392156862744
G	C5'_2	261.851	255.938	222.664	0.5647058823529412	0.5647058823529412	0.5647058823529412
G	C4'_2	262.474	255.434	223.946	0.5647058823529412	0.5647058823529412	0.5647058823529412
G	O4'_2	261.824	254.191	224.332	1.0	0.050980392156862744	0.050980392156862744
G	C3'_2	263.955	255.081	223.862	0.5647058823529412	0.5647058823529412	0.5647058823529412
G	O3'_2	264.791	256.231	224.045	1.0	0.050980392156862744	0.050980392156862744
G	C2'_2	264.109	254.059	224.985	0.5647058823529412	0.5647058823529412	0.5647058823529412
G	O2'_2	264.193	254.658	226.265	1.0	0.050980392156862744	0.050980392156862744
G	C1'_2	262.783	253.296	224.881	0.5647058823529412	0.5647058823529412	0.5647058823529412
G	N9_2	262.833	252.103	224.032	0.18823529411764706	0.3137254901960784	0.9725490196078431
G	C8_2	262.289	251.966	222.774	0.5647058823529412	0.5647058823529412	0.5647058823529412
G	N7_2	262.47	250.778	222.262	0.18823529411764706	0.3137254901960784	0.9725490196078431
G	C5_2	263.182	250.087	223.232	0.5647058823529412	0.5647058823529412	0.5647058823529412
G	C6_2	263.657	248.756	223.235	0.5647058823529412	0.5647058823529412	0.5647058823529412
G	O6_2	263.535	247.897	222.354	1.0	0.050980392156862744	0.050980392156862744
G	N1_2	264.33	248.453	224.415	0.18823529411764706	0.3137254901960784	0.9725490196078431
G	C2_2	264.523	249.322	225.462	0.5647058823529412	0.5647058823529412	0.5647058823529412
G	N2_2	265.202	248.836	226.52	0.18823529411764706	0.3137254901960784	0.9725490196078431
G	N3_2	264.082	250.575	225.472	0.18823529411764706	0.3137254901960784	0.9725490196078431
G	C4_2	263.421	250.887	224.331	0.5647058823529412	0.5647058823529412	0.5647058823529412
