G	P_1	149.23	168.396	166.14	1.0	0.5019607843137255	0.0
G	OP1_1	149.284	169.031	167.492	1.0	0.050980392156862744	0.050980392156862744
G	OP2_1	147.946	167.815	165.654	1.0	0.050980392156862744	0.050980392156862744
G	O5'_1	149.75	169.447	165.054	1.0	0.050980392156862744	0.050980392156862744
G	C5'_1	150.692	170.481	165.413	0.5647058823529412	0.5647058823529412	0.5647058823529412
G	C4'_1	150.728	171.567	164.354	0.5647058823529412	0.5647058823529412	0.5647058823529412
G	O4'_1	151.283	171.038	163.117	1.0	0.050980392156862744	0.050980392156862744
G	C3'_1	149.402	172.171	163.911	0.5647058823529412	0.5647058823529412	0.5647058823529412
G	O3'_1	148.866	173.12	164.835	1.0	0.050980392156862744	0.050980392156862744
G	C2'_1	149.787	172.807	162.58	0.5647058823529412	0.5647058823529412	0.5647058823529412
G	O2'_1	150.481	174.032	162.721	1.0	0.050980392156862744	0.050980392156862744
G	C1'_1	150.73	171.744	162.01	0.5647058823529412	0.5647058823529412	0.5647058823529412
G	N9_1	150.008	170.805	161.152	0.18823529411764706	0.3137254901960784	0.9725490196078431
G	C8_1	149.559	169.545	161.476	0.5647058823529412	0.5647058823529412	0.5647058823529412
G	N7_1	148.904	168.968	160.505	0.18823529411764706	0.3137254901960784	0.9725490196078431
G	C5_1	148.928	169.897	159.472	0.5647058823529412	0.5647058823529412	0.5647058823529412
G	C6_1	148.368	169.836	158.164	0.5647058823529412	0.5647058823529412	0.5647058823529412
G	O6_1	147.716	168.919	157.645	1.0	0.050980392156862744	0.050980392156862744
G	N1_1	148.63	170.999	157.44	0.18823529411764706	0.3137254901960784	0.9725490196078431
G	C2_1	149.336	172.082	157.909	0.5647058823529412	0.5647058823529412	0.5647058823529412
G	N2_1	149.486	173.108	157.056	0.18823529411764706	0.3137254901960784	0.9725490196078431
G	N3_1	149.858	172.152	159.126	0.18823529411764706	0.3137254901960784	0.9725490196078431
G	C4_1	149.616	171.032	159.849	0.5647058823529412	0.5647058823529412	0.5647058823529412
U	P_2	142.634	169.285	148.573	1.0	0.5019607843137255	0.0
U	OP1_2	142.572	169.813	147.174	1.0	0.050980392156862744	0.050980392156862744
U	OP2_2	142.963	167.85	148.8	1.0	0.050980392156862744	0.050980392156862744
U	O5'_2	143.675	170.168	149.404	1.0	0.050980392156862744	0.050980392156862744
U	C5'_2	143.538	171.604	149.482	0.5647058823529412	0.5647058823529412	0.5647058823529412
U	C4'_2	144.598	172.192	150.39	0.5647058823529412	0.5647058823529412	0.5647058823529412
U	O4'_2	144.418	171.7	151.743	1.0	0.050980392156862744	0.050980392156862744
U	C3'_2	146.05	171.87	150.064	0.5647058823529412	0.5647058823529412	0.5647058823529412
U	O3'_2	146.536	172.736	149.034	1.0	0.050980392156862744	0.050980392156862744
U	C2'_2	146.746	172.121	151.401	0.5647058823529412	0.5647058823529412	0.5647058823529412
U	O2'_2	147.012	173.49	151.632	1.0	0.050980392156862744	0.050980392156862744
U	C1'_2	145.677	171.657	152.396	0.5647058823529412	0.5647058823529412	0.5647058823529412
U	N1_2	145.87	170.316	152.972	0.18823529411764706	0.3137254901960784	0.9725490196078431
U	C2_2	146.465	170.237	154.227	0.5647058823529412	0.5647058823529412	0.5647058823529412
U	O2_2	146.871	171.218	154.838	1.0	0.050980392156862744	0.050980392156862744
U	N3_2	146.566	168.963	154.736	0.18823529411764706	0.3137254901960784	0.9725490196078431
U	C4_2	146.154	167.786	154.133	0.5647058823529412	0.5647058823529412	0.5647058823529412
U	O4_2	146.267	166.722	154.747	1.0	0.050980392156862744	0.050980392156862744
U	C5_2	145.576	167.948	152.831	0.5647058823529412	0.5647058823529412	0.5647058823529412
U	C6_2	145.458	169.175	152.307	0.5647058823529412	0.5647058823529412	0.5647058823529412
