G	P_1	152.965	208.297	135.707	1.0	0.5019607843137255	0.0
G	OP1_1	153.813	209.263	134.951	1.0	0.050980392156862744	0.050980392156862744
G	OP2_1	151.623	207.925	135.175	1.0	0.050980392156862744	0.050980392156862744
G	O5'_1	153.807	206.96	135.913	1.0	0.050980392156862744	0.050980392156862744
G	C5'_1	153.932	205.99	134.855	0.5647058823529412	0.5647058823529412	0.5647058823529412
G	C4'_1	155.11	206.328	133.967	0.5647058823529412	0.5647058823529412	0.5647058823529412
G	O4'_1	156.157	206.948	134.755	1.0	0.050980392156862744	0.050980392156862744
G	C3'_1	155.767	205.13	133.298	0.5647058823529412	0.5647058823529412	0.5647058823529412
G	O3'_1	155.097	204.755	132.089	1.0	0.050980392156862744	0.050980392156862744
G	C2'_1	157.196	205.62	133.075	0.5647058823529412	0.5647058823529412	0.5647058823529412
G	O2'_1	157.341	206.43	131.924	1.0	0.050980392156862744	0.050980392156862744
G	C1'_1	157.423	206.472	134.33	0.5647058823529412	0.5647058823529412	0.5647058823529412
G	N9_1	158.027	205.764	135.458	0.18823529411764706	0.3137254901960784	0.9725490196078431
G	C8_1	157.367	205.062	136.441	0.5647058823529412	0.5647058823529412	0.5647058823529412
G	N7_1	158.168	204.557	137.34	0.18823529411764706	0.3137254901960784	0.9725490196078431
G	C5_1	159.437	204.942	136.926	0.5647058823529412	0.5647058823529412	0.5647058823529412
G	C6_1	160.708	204.692	137.508	0.5647058823529412	0.5647058823529412	0.5647058823529412
G	O6_1	160.973	204.059	138.539	1.0	0.050980392156862744	0.050980392156862744
G	N1_1	161.735	205.268	136.762	0.18823529411764706	0.3137254901960784	0.9725490196078431
G	C2_1	161.563	205.99	135.603	0.5647058823529412	0.5647058823529412	0.5647058823529412
G	N2_1	162.681	206.459	135.03	0.18823529411764706	0.3137254901960784	0.9725490196078431
G	N3_1	160.383	206.232	135.05	0.18823529411764706	0.3137254901960784	0.9725490196078431
G	C4_1	159.37	205.683	135.761	0.5647058823529412	0.5647058823529412	0.5647058823529412
U	P_2	149.075	196.976	139.943	1.0	0.5019607843137255	0.0
U	OP1_2	149.774	195.848	140.616	1.0	0.050980392156862744	0.050980392156862744
U	OP2_2	147.85	197.556	140.564	1.0	0.050980392156862744	0.050980392156862744
U	O5'_2	150.133	198.151	139.725	1.0	0.050980392156862744	0.050980392156862744
U	C5'_2	149.952	199.445	140.344	0.5647058823529412	0.5647058823529412	0.5647058823529412
U	C4'_2	150.96	199.654	141.457	0.5647058823529412	0.5647058823529412	0.5647058823529412
U	O4'_2	152.294	199.334	140.979	1.0	0.050980392156862744	0.050980392156862744
U	C3'_2	151.057	201.094	141.954	0.5647058823529412	0.5647058823529412	0.5647058823529412
U	O3'_2	150.061	201.397	142.944	1.0	0.050980392156862744	0.050980392156862744
U	C2'_2	152.478	201.161	142.512	0.5647058823529412	0.5647058823529412	0.5647058823529412
U	O2'_2	152.589	200.653	143.83	1.0	0.050980392156862744	0.050980392156862744
U	C1'_2	153.234	200.243	141.538	0.5647058823529412	0.5647058823529412	0.5647058823529412
U	N1_2	153.936	200.919	140.43	0.18823529411764706	0.3137254901960784	0.9725490196078431
U	C2_2	155.331	200.978	140.472	0.5647058823529412	0.5647058823529412	0.5647058823529412
U	O2_2	155.992	200.529	141.4	1.0	0.050980392156862744	0.050980392156862744
U	N3_2	155.914	201.585	139.385	0.18823529411764706	0.3137254901960784	0.9725490196078431
U	C4_2	155.272	202.128	138.288	0.5647058823529412	0.5647058823529412	0.5647058823529412
U	O4_2	155.944	202.577	137.359	1.0	0.050980392156862744	0.050980392156862744
U	C5_2	153.842	202.048	138.326	0.5647058823529412	0.5647058823529412	0.5647058823529412
U	C6_2	153.238	201.464	139.366	0.5647058823529412	0.5647058823529412	0.5647058823529412
