U	P_1	243.629	121.903	180.595	1.0	0.5019607843137255	0.0
U	OP1_1	244.068	121.357	179.279	1.0	0.050980392156862744	0.050980392156862744
U	OP2_1	242.492	121.266	181.314	1.0	0.050980392156862744	0.050980392156862744
U	O5'_1	244.885	121.924	181.577	1.0	0.050980392156862744	0.050980392156862744
U	C5'_1	246.116	122.561	181.187	0.5647058823529412	0.5647058823529412	0.5647058823529412
U	C4'_1	247.002	122.773	182.391	0.5647058823529412	0.5647058823529412	0.5647058823529412
U	O4'_1	246.336	123.659	183.331	1.0	0.050980392156862744	0.050980392156862744
U	C3'_1	247.315	121.535	183.218	0.5647058823529412	0.5647058823529412	0.5647058823529412
U	O3'_1	248.376	120.77	182.65	1.0	0.050980392156862744	0.050980392156862744
U	C2'_1	247.68	122.142	184.569	0.5647058823529412	0.5647058823529412	0.5647058823529412
U	O2'_1	248.975	122.714	184.589	1.0	0.050980392156862744	0.050980392156862744
U	C1'_1	246.657	123.273	184.662	0.5647058823529412	0.5647058823529412	0.5647058823529412
U	N1_1	245.416	122.871	185.344	0.18823529411764706	0.3137254901960784	0.9725490196078431
U	C2_1	245.337	123.078	186.717	0.5647058823529412	0.5647058823529412	0.5647058823529412
U	O2_1	246.261	123.536	187.38	1.0	0.050980392156862744	0.050980392156862744
U	N3_1	244.134	122.72	187.286	0.18823529411764706	0.3137254901960784	0.9725490196078431
U	C4_1	243.03	122.177	186.64	0.5647058823529412	0.5647058823529412	0.5647058823529412
U	O4_1	242.008	121.94	187.285	1.0	0.050980392156862744	0.050980392156862744
U	C5_1	243.198	121.973	185.231	0.5647058823529412	0.5647058823529412	0.5647058823529412
U	C6_1	244.353	122.314	184.646	0.5647058823529412	0.5647058823529412	0.5647058823529412
G	P_2	244.065	124.134	199.712	1.0	0.5019607843137255	0.0
G	OP1_2	244.241	124.82	201.022	1.0	0.050980392156862744	0.050980392156862744
G	OP2_2	243.032	124.625	198.756	1.0	0.050980392156862744	0.050980392156862744
G	O5'_2	245.474	124.117	198.964	1.0	0.050980392156862744	0.050980392156862744
G	C5'_2	245.877	125.21	198.116	0.5647058823529412	0.5647058823529412	0.5647058823529412
G	C4'_2	247.095	124.824	197.302	0.5647058823529412	0.5647058823529412	0.5647058823529412
G	O4'_2	246.82	123.619	196.534	1.0	0.050980392156862744	0.050980392156862744
G	C3'_2	247.5	125.844	196.253	0.5647058823529412	0.5647058823529412	0.5647058823529412
G	O3'_2	248.26	126.902	196.835	1.0	0.050980392156862744	0.050980392156862744
G	C2'_2	248.282	125.0	195.25	0.5647058823529412	0.5647058823529412	0.5647058823529412
G	O2'_2	249.623	124.757	195.616	1.0	0.050980392156862744	0.050980392156862744
G	C1'_2	247.501	123.682	195.288	0.5647058823529412	0.5647058823529412	0.5647058823529412
G	N9_2	246.526	123.525	194.208	0.18823529411764706	0.3137254901960784	0.9725490196078431
G	C8_2	245.165	123.354	194.329	0.5647058823529412	0.5647058823529412	0.5647058823529412
G	N7_2	244.557	123.225	193.178	0.18823529411764706	0.3137254901960784	0.9725490196078431
G	C5_2	245.576	123.318	192.236	0.5647058823529412	0.5647058823529412	0.5647058823529412
G	C6_2	245.529	123.245	190.815	0.5647058823529412	0.5647058823529412	0.5647058823529412
G	O6_2	244.544	123.079	190.084	1.0	0.050980392156862744	0.050980392156862744
G	N1_2	246.795	123.385	190.255	0.18823529411764706	0.3137254901960784	0.9725490196078431
G	C2_2	247.956	123.572	190.965	0.5647058823529412	0.5647058823529412	0.5647058823529412
G	N2_2	249.081	123.682	190.239	0.18823529411764706	0.3137254901960784	0.9725490196078431
G	N3_2	248.014	123.644	192.287	0.18823529411764706	0.3137254901960784	0.9725490196078431
G	C4_2	246.797	123.508	192.853	0.5647058823529412	0.5647058823529412	0.5647058823529412
