G	P_1	109.457	224.43	199.214	1.0	0.5019607843137255	0.0
G	OP1_1	108.459	225.191	200.021	1.0	0.050980392156862744	0.050980392156862744
G	OP2_1	110.717	223.964	199.856	1.0	0.050980392156862744	0.050980392156862744
G	O5'_1	108.735	223.162	198.571	1.0	0.050980392156862744	0.050980392156862744
G	C5'_1	107.38	223.238	198.081	0.5647058823529412	0.5647058823529412	0.5647058823529412
G	C4'_1	106.972	221.912	197.485	0.5647058823529412	0.5647058823529412	0.5647058823529412
G	O4'_1	107.757	221.662	196.288	1.0	0.050980392156862744	0.050980392156862744
G	C3'_1	107.238	220.71	198.379	0.5647058823529412	0.5647058823529412	0.5647058823529412
G	O3'_1	106.175	220.516	199.317	1.0	0.050980392156862744	0.050980392156862744
G	C2'_1	107.379	219.573	197.372	0.5647058823529412	0.5647058823529412	0.5647058823529412
G	O2'_1	106.137	219.069	196.922	1.0	0.050980392156862744	0.050980392156862744
G	C1'_1	108.092	220.284	196.214	0.5647058823529412	0.5647058823529412	0.5647058823529412
G	N9_1	109.548	220.172	196.256	0.18823529411764706	0.3137254901960784	0.9725490196078431
G	C8_1	110.436	221.09	196.777	0.5647058823529412	0.5647058823529412	0.5647058823529412
G	N7_1	111.686	220.72	196.665	0.18823529411764706	0.3137254901960784	0.9725490196078431
G	C5_1	111.626	219.484	196.028	0.5647058823529412	0.5647058823529412	0.5647058823529412
G	C6_1	112.672	218.598	195.632	0.5647058823529412	0.5647058823529412	0.5647058823529412
G	O6_1	113.896	218.738	195.77	1.0	0.050980392156862744	0.050980392156862744
G	N1_1	112.165	217.454	195.016	0.18823529411764706	0.3137254901960784	0.9725490196078431
G	C2_1	110.827	217.194	194.806	0.5647058823529412	0.5647058823529412	0.5647058823529412
G	N2_1	110.54	216.037	194.185	0.18823529411764706	0.3137254901960784	0.9725490196078431
G	N3_1	109.843	218.009	195.172	0.18823529411764706	0.3137254901960784	0.9725490196078431
G	C4_1	110.312	219.127	195.772	0.5647058823529412	0.5647058823529412	0.5647058823529412
U	P_2	120.611	212.256	192.827	1.0	0.5019607843137255	0.0
U	OP1_2	121.31	211.432	191.792	1.0	0.050980392156862744	0.050980392156862744
U	OP2_2	121.184	213.575	193.216	1.0	0.050980392156862744	0.050980392156862744
U	O5'_2	119.093	212.476	192.362	1.0	0.050980392156862744	0.050980392156862744
U	C5'_2	118.296	211.377	191.845	0.5647058823529412	0.5647058823529412	0.5647058823529412
U	C4'_2	116.825	211.759	191.781	0.5647058823529412	0.5647058823529412	0.5647058823529412
U	O4'_2	116.381	212.16	193.105	1.0	0.050980392156862744	0.050980392156862744
U	C3'_2	116.433	212.928	190.876	0.5647058823529412	0.5647058823529412	0.5647058823529412
U	O3'_2	116.219	212.486	189.523	1.0	0.050980392156862744	0.050980392156862744
U	C2'_2	115.113	213.392	191.495	0.5647058823529412	0.5647058823529412	0.5647058823529412
U	O2'_2	114.01	212.609	191.083	1.0	0.050980392156862744	0.050980392156862744
U	C1'_2	115.361	213.144	192.99	0.5647058823529412	0.5647058823529412	0.5647058823529412
U	N1_2	115.742	214.328	193.787	0.18823529411764706	0.3137254901960784	0.9725490196078431
U	C2_2	114.716	215.089	194.347	0.5647058823529412	0.5647058823529412	0.5647058823529412
U	O2_2	113.534	214.818	194.201	1.0	0.050980392156862744	0.050980392156862744
U	N3_2	115.134	216.174	195.082	0.18823529411764706	0.3137254901960784	0.9725490196078431
U	C4_2	116.442	216.572	195.315	0.5647058823529412	0.5647058823529412	0.5647058823529412
U	O4_2	116.655	217.589	195.983	1.0	0.050980392156862744	0.050980392156862744
U	C5_2	117.442	215.739	194.709	0.5647058823529412	0.5647058823529412	0.5647058823529412
U	C6_2	117.07	214.676	193.982	0.5647058823529412	0.5647058823529412	0.5647058823529412
