U	P_1	241.731	246.855	173.043	1.0	0.5019607843137255	0.0
U	OP1_1	240.46	246.244	173.537	1.0	0.050980392156862744	0.050980392156862744
U	OP2_1	241.674	248.032	172.136	1.0	0.050980392156862744	0.050980392156862744
U	O5'_1	242.627	247.231	174.308	1.0	0.050980392156862744	0.050980392156862744
U	C5'_1	243.006	246.227	175.274	0.5647058823529412	0.5647058823529412	0.5647058823529412
U	C4'_1	244.167	246.717	176.108	0.5647058823529412	0.5647058823529412	0.5647058823529412
U	O4'_1	245.318	246.923	175.254	1.0	0.050980392156862744	0.050980392156862744
U	C3'_1	243.963	248.047	176.822	0.5647058823529412	0.5647058823529412	0.5647058823529412
U	O3'_1	243.31	247.804	178.075	1.0	0.050980392156862744	0.050980392156862744
U	C2'_1	245.393	248.545	177.011	0.5647058823529412	0.5647058823529412	0.5647058823529412
U	O2'_1	246.01	247.979	178.141	1.0	0.050980392156862744	0.050980392156862744
U	C1'_1	246.089	247.997	175.758	0.5647058823529412	0.5647058823529412	0.5647058823529412
U	N1_1	246.347	248.943	174.661	0.18823529411764706	0.3137254901960784	0.9725490196078431
U	C2_1	247.574	249.601	174.65	0.5647058823529412	0.5647058823529412	0.5647058823529412
U	O2_1	248.418	249.45	175.523	1.0	0.050980392156862744	0.050980392156862744
U	N3_1	247.769	250.442	173.578	0.18823529411764706	0.3137254901960784	0.9725490196078431
U	C4_1	246.881	250.694	172.541	0.5647058823529412	0.5647058823529412	0.5647058823529412
U	O4_1	247.202	251.483	171.648	1.0	0.050980392156862744	0.050980392156862744
U	C5_1	245.637	249.989	172.633	0.5647058823529412	0.5647058823529412	0.5647058823529412
U	C6_1	245.417	249.159	173.663	0.5647058823529412	0.5647058823529412	0.5647058823529412
G	P_2	257.018	255.968	173.843	1.0	0.5019607843137255	0.0
G	OP1_2	258.46	256.275	173.632	1.0	0.050980392156862744	0.050980392156862744
G	OP2_2	256.199	255.461	172.707	1.0	0.050980392156862744	0.050980392156862744
G	O5'_2	256.908	254.933	175.047	1.0	0.050980392156862744	0.050980392156862744
G	C5'_2	257.61	255.156	176.286	0.5647058823529412	0.5647058823529412	0.5647058823529412
G	C4'_2	257.12	254.188	177.339	0.5647058823529412	0.5647058823529412	0.5647058823529412
G	O4'_2	255.717	254.456	177.622	1.0	0.050980392156862744	0.050980392156862744
G	C3'_2	257.152	252.718	176.944	0.5647058823529412	0.5647058823529412	0.5647058823529412
G	O3'_2	258.446	252.148	177.14	1.0	0.050980392156862744	0.050980392156862744
G	C2'_2	256.088	252.115	177.854	0.5647058823529412	0.5647058823529412	0.5647058823529412
G	O2'_2	256.551	251.885	179.172	1.0	0.050980392156862744	0.050980392156862744
G	C1'_2	255.038	253.233	177.868	0.5647058823529412	0.5647058823529412	0.5647058823529412
G	N9_2	253.996	253.07	176.855	0.18823529411764706	0.3137254901960784	0.9725490196078431
G	C8_2	253.976	253.602	175.584	0.5647058823529412	0.5647058823529412	0.5647058823529412
G	N7_2	252.914	253.265	174.9	0.18823529411764706	0.3137254901960784	0.9725490196078431
G	C5_2	252.183	252.467	175.772	0.5647058823529412	0.5647058823529412	0.5647058823529412
G	C6_2	250.942	251.804	175.586	0.5647058823529412	0.5647058823529412	0.5647058823529412
G	O6_2	250.22	251.785	174.579	1.0	0.050980392156862744	0.050980392156862744
G	N1_2	250.559	251.106	176.73	0.18823529411764706	0.3137254901960784	0.9725490196078431
G	C2_2	251.28	251.046	177.898	0.5647058823529412	0.5647058823529412	0.5647058823529412
G	N2_2	250.743	250.321	178.894	0.18823529411764706	0.3137254901960784	0.9725490196078431
G	N3_2	252.444	251.653	178.082	0.18823529411764706	0.3137254901960784	0.9725490196078431
G	C4_2	252.833	252.341	176.985	0.5647058823529412	0.5647058823529412	0.5647058823529412
