G	P_1	234.011	226.904	263.38	1.0	0.5019607843137255	0.0
G	OP1_1	234.338	225.649	262.655	1.0	0.050980392156862744	0.050980392156862744
G	OP2_1	233.279	226.837	264.678	1.0	0.050980392156862744	0.050980392156862744
G	O5'_1	235.369	227.708	263.603	1.0	0.050980392156862744	0.050980392156862744
G	C5'_1	236.234	227.42	264.723	0.5647058823529412	0.5647058823529412	0.5647058823529412
G	C4'_1	237.095	228.62	265.036	0.5647058823529412	0.5647058823529412	0.5647058823529412
G	O4'_1	236.254	229.802	265.123	1.0	0.050980392156862744	0.050980392156862744
G	C3'_1	237.839	228.561	266.364	0.5647058823529412	0.5647058823529412	0.5647058823529412
G	O3'_1	239.089	227.879	266.234	1.0	0.050980392156862744	0.050980392156862744
G	C2'_1	237.999	230.038	266.722	0.5647058823529412	0.5647058823529412	0.5647058823529412
G	O2'_1	239.079	230.67	266.058	1.0	0.050980392156862744	0.050980392156862744
G	C1'_1	236.678	230.618	266.202	0.5647058823529412	0.5647058823529412	0.5647058823529412
G	N9_1	235.593	230.652	267.18	0.18823529411764706	0.3137254901960784	0.9725490196078431
G	C8_1	234.344	230.091	267.036	0.5647058823529412	0.5647058823529412	0.5647058823529412
G	N7_1	233.568	230.288	268.066	0.18823529411764706	0.3137254901960784	0.9725490196078431
G	C5_1	234.349	231.02	268.95	0.5647058823529412	0.5647058823529412	0.5647058823529412
G	C6_1	234.041	231.53	270.237	0.5647058823529412	0.5647058823529412	0.5647058823529412
G	O6_1	232.982	231.43	270.87	1.0	0.050980392156862744	0.050980392156862744
G	N1_1	235.118	232.219	270.789	0.18823529411764706	0.3137254901960784	0.9725490196078431
G	C2_1	236.338	232.396	270.182	0.5647058823529412	0.5647058823529412	0.5647058823529412
G	N2_1	237.253	233.094	270.883	0.18823529411764706	0.3137254901960784	0.9725490196078431
G	N3_1	236.641	231.925	268.977	0.18823529411764706	0.3137254901960784	0.9725490196078431
G	C4_1	235.604	231.254	268.421	0.5647058823529412	0.5647058823529412	0.5647058823529412
U	P_2	230.319	234.716	279.984	1.0	0.5019607843137255	0.0
U	OP1_2	230.581	235.711	281.064	1.0	0.050980392156862744	0.050980392156862744
U	OP2_2	228.974	234.66	279.348	1.0	0.050980392156862744	0.050980392156862744
U	O5'_2	231.406	234.924	278.835	1.0	0.050980392156862744	0.050980392156862744
U	C5'_2	232.811	234.98	279.151	0.5647058823529412	0.5647058823529412	0.5647058823529412
U	C4'_2	233.646	234.868	277.897	0.5647058823529412	0.5647058823529412	0.5647058823529412
U	O4'_2	233.404	233.587	277.261	1.0	0.050980392156862744	0.050980392156862744
U	C3'_2	233.379	235.877	276.788	0.5647058823529412	0.5647058823529412	0.5647058823529412
U	O3'_2	234.017	237.129	277.048	1.0	0.050980392156862744	0.050980392156862744
U	C2'_2	233.98	235.174	275.577	0.5647058823529412	0.5647058823529412	0.5647058823529412
U	O2'_2	235.388	235.277	275.523	1.0	0.050980392156862744	0.050980392156862744
U	C1'_2	233.609	233.716	275.861	0.5647058823529412	0.5647058823529412	0.5647058823529412
U	N1_2	232.407	233.259	275.147	0.18823529411764706	0.3137254901960784	0.9725490196078431
U	C2_2	232.586	232.69	273.89	0.5647058823529412	0.5647058823529412	0.5647058823529412
U	O2_2	233.684	232.556	273.368	1.0	0.050980392156862744	0.050980392156862744
U	N3_2	231.431	232.283	273.272	0.18823529411764706	0.3137254901960784	0.9725490196078431
U	C4_2	230.144	232.38	273.765	0.5647058823529412	0.5647058823529412	0.5647058823529412
U	O4_2	229.207	231.954	273.09	1.0	0.050980392156862744	0.050980392156862744
U	C5_2	230.041	232.975	275.065	0.5647058823529412	0.5647058823529412	0.5647058823529412
U	C6_2	231.148	233.386	275.695	0.5647058823529412	0.5647058823529412	0.5647058823529412
