G	P_1	216.764	128.699	245.6	1.0	0.5019607843137255	0.0
G	OP1_1	215.852	129.815	245.221	1.0	0.050980392156862744	0.050980392156862744
G	OP2_1	216.282	127.295	245.506	1.0	0.050980392156862744	0.050980392156862744
G	O5'_1	218.099	128.822	244.731	1.0	0.050980392156862744	0.050980392156862744
G	C5'_1	218.795	130.083	244.608	0.5647058823529412	0.5647058823529412	0.5647058823529412
G	C4'_1	219.992	129.943	243.689	0.5647058823529412	0.5647058823529412	0.5647058823529412
G	O4'_1	220.955	129.027	244.276	1.0	0.050980392156862744	0.050980392156862744
G	C3'_1	219.735	129.368	242.302	0.5647058823529412	0.5647058823529412	0.5647058823529412
G	O3'_1	219.28	130.365	241.394	1.0	0.050980392156862744	0.050980392156862744
G	C2'_1	221.111	128.852	241.9	0.5647058823529412	0.5647058823529412	0.5647058823529412
G	O2'_1	221.957	129.88	241.425	1.0	0.050980392156862744	0.050980392156862744
G	C1'_1	221.647	128.34	243.241	0.5647058823529412	0.5647058823529412	0.5647058823529412
G	N9_1	221.494	126.9	243.44	0.18823529411764706	0.3137254901960784	0.9725490196078431
G	C8_1	220.64	126.26	244.306	0.5647058823529412	0.5647058823529412	0.5647058823529412
G	N7_1	220.758	124.959	244.276	0.18823529411764706	0.3137254901960784	0.9725490196078431
G	C5_1	221.741	124.724	243.325	0.5647058823529412	0.5647058823529412	0.5647058823529412
G	C6_1	222.291	123.507	242.859	0.5647058823529412	0.5647058823529412	0.5647058823529412
G	O6_1	222.01	122.354	243.207	1.0	0.050980392156862744	0.050980392156862744
G	N1_1	223.264	123.723	241.887	0.18823529411764706	0.3137254901960784	0.9725490196078431
G	C2_1	223.657	124.955	241.424	0.5647058823529412	0.5647058823529412	0.5647058823529412
G	N2_1	224.614	124.96	240.489	0.18823529411764706	0.3137254901960784	0.9725490196078431
G	N3_1	223.15	126.1	241.849	0.18823529411764706	0.3137254901960784	0.9725490196078431
G	C4_1	222.203	125.911	242.795	0.5647058823529412	0.5647058823529412	0.5647058823529412
U	P_2	226.781	114.384	240.687	1.0	0.5019607843137255	0.0
U	OP1_2	228.066	113.662	240.451	1.0	0.050980392156862744	0.050980392156862744
U	OP2_2	226.055	114.187	241.969	1.0	0.050980392156862744	0.050980392156862744
U	O5'_2	227.045	115.946	240.498	1.0	0.050980392156862744	0.050980392156862744
U	C5'_2	227.74	116.451	239.335	0.5647058823529412	0.5647058823529412	0.5647058823529412
U	C4'_2	227.546	117.947	239.214	0.5647058823529412	0.5647058823529412	0.5647058823529412
U	O4'_2	226.13	118.23	239.075	1.0	0.050980392156862744	0.050980392156862744
U	C3'_2	227.997	118.774	240.411	0.5647058823529412	0.5647058823529412	0.5647058823529412
U	O3'_2	229.394	119.083	240.311	1.0	0.050980392156862744	0.050980392156862744
U	C2'_2	227.121	120.017	240.303	0.5647058823529412	0.5647058823529412	0.5647058823529412
U	O2'_2	227.609	120.945	239.361	1.0	0.050980392156862744	0.050980392156862744
U	C1'_2	225.813	119.425	239.768	0.5647058823529412	0.5647058823529412	0.5647058823529412
U	N1_2	224.801	119.116	240.793	0.18823529411764706	0.3137254901960784	0.9725490196078431
U	C2_2	223.883	120.104	241.117	0.5647058823529412	0.5647058823529412	0.5647058823529412
U	O2_2	223.88	121.208	240.594	1.0	0.050980392156862744	0.050980392156862744
U	N3_2	222.967	119.747	242.075	0.18823529411764706	0.3137254901960784	0.9725490196078431
U	C4_2	222.878	118.532	242.73	0.5647058823529412	0.5647058823529412	0.5647058823529412
U	O4_2	222.013	118.373	243.59	1.0	0.050980392156862744	0.050980392156862744
U	C5_2	223.854	117.569	242.339	0.5647058823529412	0.5647058823529412	0.5647058823529412
U	C6_2	224.76	117.886	241.409	0.5647058823529412	0.5647058823529412	0.5647058823529412
