G	P_1	196.351	152.88	254.183	1.0	0.5019607843137255	0.0
G	OP1_1	197.523	153.249	253.338	1.0	0.050980392156862744	0.050980392156862744
G	OP2_1	196.296	153.334	255.6	1.0	0.050980392156862744	0.050980392156862744
G	O5'_1	195.018	153.374	253.459	1.0	0.050980392156862744	0.050980392156862744
G	C5'_1	194.756	153.024	252.087	0.5647058823529412	0.5647058823529412	0.5647058823529412
G	C4'_1	193.594	153.826	251.544	0.5647058823529412	0.5647058823529412	0.5647058823529412
G	O4'_1	192.347	153.387	252.147	1.0	0.050980392156862744	0.050980392156862744
G	C3'_1	193.609	155.321	251.815	0.5647058823529412	0.5647058823529412	0.5647058823529412
G	O3'_1	194.496	156.019	250.945	1.0	0.050980392156862744	0.050980392156862744
G	C2'_1	192.149	155.695	251.587	0.5647058823529412	0.5647058823529412	0.5647058823529412
G	O2'_1	191.817	155.813	250.216	1.0	0.050980392156862744	0.050980392156862744
G	C1'_1	191.431	154.475	252.177	0.5647058823529412	0.5647058823529412	0.5647058823529412
G	N9_1	190.971	154.686	253.548	0.18823529411764706	0.3137254901960784	0.9725490196078431
G	C8_1	191.545	154.216	254.709	0.5647058823529412	0.5647058823529412	0.5647058823529412
G	N7_1	190.904	154.586	255.786	0.18823529411764706	0.3137254901960784	0.9725490196078431
G	C5_1	189.843	155.349	255.311	0.5647058823529412	0.5647058823529412	0.5647058823529412
G	C6_1	188.809	156.026	256.014	0.5647058823529412	0.5647058823529412	0.5647058823529412
G	O6_1	188.624	156.094	257.237	1.0	0.050980392156862744	0.050980392156862744
G	N1_1	187.937	156.672	255.141	0.18823529411764706	0.3137254901960784	0.9725490196078431
G	C2_1	188.047	156.677	253.771	0.5647058823529412	0.5647058823529412	0.5647058823529412
G	N2_1	187.106	157.359	253.104	0.18823529411764706	0.3137254901960784	0.9725490196078431
G	N3_1	189.008	156.057	253.104	0.18823529411764706	0.3137254901960784	0.9725490196078431
G	C4_1	189.865	155.416	253.931	0.5647058823529412	0.5647058823529412	0.5647058823529412
U	P_2	180.554	160.686	261.389	1.0	0.5019607843137255	0.0
U	OP1_2	179.162	161.216	261.393	1.0	0.050980392156862744	0.050980392156862744
U	OP2_2	180.908	159.542	262.277	1.0	0.050980392156862744	0.050980392156862744
U	O5'_2	180.933	160.284	259.893	1.0	0.050980392156862744	0.050980392156862744
U	C5'_2	180.817	161.239	258.815	0.5647058823529412	0.5647058823529412	0.5647058823529412
U	C4'_2	181.657	160.808	257.633	0.5647058823529412	0.5647058823529412	0.5647058823529412
U	O4'_2	183.063	160.826	257.996	1.0	0.050980392156862744	0.050980392156862744
U	C3'_2	181.421	159.396	257.124	0.5647058823529412	0.5647058823529412	0.5647058823529412
U	O3'_2	180.279	159.351	256.269	1.0	0.050980392156862744	0.050980392156862744
U	C2'_2	182.726	159.086	256.394	0.5647058823529412	0.5647058823529412	0.5647058823529412
U	O2'_2	182.777	159.632	255.09	1.0	0.050980392156862744	0.050980392156862744
U	C1'_2	183.748	159.807	257.282	0.5647058823529412	0.5647058823529412	0.5647058823529412
U	N1_2	184.466	158.947	258.238	0.18823529411764706	0.3137254901960784	0.9725490196078431
U	C2_2	185.63	158.327	257.794	0.5647058823529412	0.5647058823529412	0.5647058823529412
U	O2_2	186.066	158.46	256.66	1.0	0.050980392156862744	0.050980392156862744
U	N3_2	186.263	157.547	258.732	0.18823529411764706	0.3137254901960784	0.9725490196078431
U	C4_2	185.869	157.325	260.041	0.5647058823529412	0.5647058823529412	0.5647058823529412
U	O4_2	186.557	156.604	260.764	1.0	0.050980392156862744	0.050980392156862744
U	C5_2	184.657	157.993	260.426	0.5647058823529412	0.5647058823529412	0.5647058823529412
U	C6_2	184.011	158.761	259.533	0.5647058823529412	0.5647058823529412	0.5647058823529412
