G	P_1	176.274	299.218	185.002	1.0	0.5019607843137255	0.0
G	OP1_1	176.383	299.976	186.276	1.0	0.050980392156862744	0.050980392156862744
G	OP2_1	176.483	299.922	183.711	1.0	0.050980392156862744	0.050980392156862744
G	O5'_1	177.271	297.977	185.064	1.0	0.050980392156862744	0.050980392156862744
G	C5'_1	177.294	297.115	186.218	0.5647058823529412	0.5647058823529412	0.5647058823529412
G	C4'_1	178.149	295.893	185.96	0.5647058823529412	0.5647058823529412	0.5647058823529412
G	O4'_1	177.568	295.084	184.903	1.0	0.050980392156862744	0.050980392156862744
G	C3'_1	179.571	296.124	185.48	0.5647058823529412	0.5647058823529412	0.5647058823529412
G	O3'_1	180.433	296.488	186.551	1.0	0.050980392156862744	0.050980392156862744
G	C2'_1	179.928	294.759	184.902	0.5647058823529412	0.5647058823529412	0.5647058823529412
G	O2'_1	180.274	293.816	185.895	1.0	0.050980392156862744	0.050980392156862744
G	C1'_1	178.599	294.345	184.262	0.5647058823529412	0.5647058823529412	0.5647058823529412
G	N9_1	178.561	294.609	182.826	0.18823529411764706	0.3137254901960784	0.9725490196078431
G	C8_1	177.874	295.606	182.168	0.5647058823529412	0.5647058823529412	0.5647058823529412
G	N7_1	178.073	295.599	180.876	0.18823529411764706	0.3137254901960784	0.9725490196078431
G	C5_1	178.936	294.528	180.665	0.5647058823529412	0.5647058823529412	0.5647058823529412
G	C6_1	179.515	294.025	179.46	0.5647058823529412	0.5647058823529412	0.5647058823529412
G	O6_1	179.379	294.446	178.298	1.0	0.050980392156862744	0.050980392156862744
G	N1_1	180.326	292.918	179.707	0.18823529411764706	0.3137254901960784	0.9725490196078431
G	C2_1	180.556	292.365	180.947	0.5647058823529412	0.5647058823529412	0.5647058823529412
G	N2_1	181.361	291.292	180.98	0.18823529411764706	0.3137254901960784	0.9725490196078431
G	N3_1	180.031	292.827	182.072	0.18823529411764706	0.3137254901960784	0.9725490196078431
G	C4_1	179.237	293.901	181.859	0.5647058823529412	0.5647058823529412	0.5647058823529412
U	P_2	183.973	289.641	169.957	1.0	0.5019607843137255	0.0
U	OP1_2	184.176	288.282	169.38	1.0	0.050980392156862744	0.050980392156862744
U	OP2_2	183.012	290.576	169.313	1.0	0.050980392156862744	0.050980392156862744
U	O5'_2	183.564	289.508	171.495	1.0	0.050980392156862744	0.050980392156862744
U	C5'_2	184.339	288.691	172.394	0.5647058823529412	0.5647058823529412	0.5647058823529412
U	C4'_2	183.748	288.706	173.791	0.5647058823529412	0.5647058823529412	0.5647058823529412
U	O4'_2	183.904	290.017	174.391	1.0	0.050980392156862744	0.050980392156862744
U	C3'_2	182.251	288.46	173.928	0.5647058823529412	0.5647058823529412	0.5647058823529412
U	O3'_2	181.914	287.081	173.808	1.0	0.050980392156862744	0.050980392156862744
U	C2'_2	181.983	288.968	175.342	0.5647058823529412	0.5647058823529412	0.5647058823529412
U	O2'_2	182.341	288.034	176.342	1.0	0.050980392156862744	0.050980392156862744
U	C1'_2	182.929	290.171	175.416	0.5647058823529412	0.5647058823529412	0.5647058823529412
U	N1_2	182.228	291.454	175.244	0.18823529411764706	0.3137254901960784	0.9725490196078431
U	C2_2	181.857	292.136	176.397	0.5647058823529412	0.5647058823529412	0.5647058823529412
U	O2_2	182.13	291.74	177.523	1.0	0.050980392156862744	0.050980392156862744
U	N3_2	181.161	293.298	176.181	0.18823529411764706	0.3137254901960784	0.9725490196078431
U	C4_2	180.814	293.844	174.961	0.5647058823529412	0.5647058823529412	0.5647058823529412
U	O4_2	180.135	294.872	174.936	1.0	0.050980392156862744	0.050980392156862744
U	C5_2	181.255	293.097	173.819	0.5647058823529412	0.5647058823529412	0.5647058823529412
U	C6_2	181.929	291.958	173.993	0.5647058823529412	0.5647058823529412	0.5647058823529412
