G	P_1	152.798	158.002	275.19	1.0	0.5019607843137255	0.0
G	OP1_1	152.558	159.475	275.293	1.0	0.050980392156862744	0.050980392156862744
G	OP2_1	151.793	157.14	274.505	1.0	0.050980392156862744	0.050980392156862744
G	O5'_1	154.213	157.772	274.483	1.0	0.050980392156862744	0.050980392156862744
G	C5'_1	155.375	158.554	274.859	0.5647058823529412	0.5647058823529412	0.5647058823529412
G	C4'_1	156.654	157.785	274.57	0.5647058823529412	0.5647058823529412	0.5647058823529412
G	O4'_1	156.554	156.464	275.17	1.0	0.050980392156862744	0.050980392156862744
G	C3'_1	157.0	157.494	273.111	0.5647058823529412	0.5647058823529412	0.5647058823529412
G	O3'_1	157.637	158.612	272.473	1.0	0.050980392156862744	0.050980392156862744
G	C2'_1	157.945	156.303	273.244	0.5647058823529412	0.5647058823529412	0.5647058823529412
G	O2'_1	159.253	156.671	273.639	1.0	0.050980392156862744	0.050980392156862744
G	C1'_1	157.286	155.528	274.389	0.5647058823529412	0.5647058823529412	0.5647058823529412
G	N9_1	156.377	154.474	273.934	0.18823529411764706	0.3137254901960784	0.9725490196078431
G	C8_1	155.035	154.592	273.643	0.5647058823529412	0.5647058823529412	0.5647058823529412
G	N7_1	154.493	153.47	273.247	0.18823529411764706	0.3137254901960784	0.9725490196078431
G	C5_1	155.537	152.55	273.279	0.5647058823529412	0.5647058823529412	0.5647058823529412
G	C6_1	155.557	151.162	272.952	0.5647058823529412	0.5647058823529412	0.5647058823529412
G	O6_1	154.625	150.449	272.553	1.0	0.050980392156862744	0.050980392156862744
G	N1_1	156.828	150.614	273.131	0.18823529411764706	0.3137254901960784	0.9725490196078431
G	C2_1	157.936	151.307	273.566	0.5647058823529412	0.5647058823529412	0.5647058823529412
G	N2_1	159.071	150.596	273.678	0.18823529411764706	0.3137254901960784	0.9725490196078431
G	N3_1	157.931	152.597	273.868	0.18823529411764706	0.3137254901960784	0.9725490196078431
G	C4_1	156.708	153.152	273.704	0.5647058823529412	0.5647058823529412	0.5647058823529412
U	P_2	160.609	141.724	269.252	1.0	0.5019607843137255	0.0
U	OP1_2	161.899	140.998	269.463	1.0	0.050980392156862744	0.050980392156862744
U	OP2_2	159.334	140.958	269.223	1.0	0.050980392156862744	0.050980392156862744
U	O5'_2	160.475	142.872	270.357	1.0	0.050980392156862744	0.050980392156862744
U	C5'_2	161.471	143.913	270.462	0.5647058823529412	0.5647058823529412	0.5647058823529412
U	C4'_2	160.944	145.088	271.261	0.5647058823529412	0.5647058823529412	0.5647058823529412
U	O4'_2	159.722	145.585	270.655	1.0	0.050980392156862744	0.050980392156862744
U	C3'_2	160.518	144.844	272.703	0.5647058823529412	0.5647058823529412	0.5647058823529412
U	O3'_2	161.638	144.798	273.586	1.0	0.050980392156862744	0.050980392156862744
U	C2'_2	159.669	146.082	272.986	0.5647058823529412	0.5647058823529412	0.5647058823529412
U	O2'_2	160.45	147.23	273.264	1.0	0.050980392156862744	0.050980392156862744
U	C1'_2	158.972	146.287	271.636	0.5647058823529412	0.5647058823529412	0.5647058823529412
U	N1_2	157.57	145.836	271.603	0.18823529411764706	0.3137254901960784	0.9725490196078431
U	C2_2	156.619	146.656	272.203	0.5647058823529412	0.5647058823529412	0.5647058823529412
U	O2_2	156.898	147.718	272.741	1.0	0.050980392156862744	0.050980392156862744
U	N3_2	155.33	146.183	272.149	0.18823529411764706	0.3137254901960784	0.9725490196078431
U	C4_2	154.898	145.006	271.569	0.5647058823529412	0.5647058823529412	0.5647058823529412
U	O4_2	153.701	144.717	271.613	1.0	0.050980392156862744	0.050980392156862744
U	C5_2	155.934	144.219	270.964	0.5647058823529412	0.5647058823529412	0.5647058823529412
U	C6_2	157.201	144.647	271.002	0.5647058823529412	0.5647058823529412	0.5647058823529412
