G	P_1	139.13	241.585	243.923	1.0	0.5019607843137255	0.0
G	OP1_1	137.765	241.675	243.325	1.0	0.050980392156862744	0.050980392156862744
G	OP2_1	140.311	241.467	243.029	1.0	0.050980392156862744	0.050980392156862744
G	O5'_1	139.335	242.851	244.87	1.0	0.050980392156862744	0.050980392156862744
G	C5'_1	138.271	243.296	245.738	0.5647058823529412	0.5647058823529412	0.5647058823529412
G	C4'_1	138.562	244.682	246.272	0.5647058823529412	0.5647058823529412	0.5647058823529412
G	O4'_1	139.676	244.633	247.2	1.0	0.050980392156862744	0.050980392156862744
G	C3'_1	138.972	245.74	245.256	0.5647058823529412	0.5647058823529412	0.5647058823529412
G	O3'_1	137.836	246.294	244.585	1.0	0.050980392156862744	0.050980392156862744
G	C2'_1	139.684	246.77	246.13	0.5647058823529412	0.5647058823529412	0.5647058823529412
G	O2'_1	138.789	247.639	246.797	1.0	0.050980392156862744	0.050980392156862744
G	C1'_1	140.367	245.873	247.17	0.5647058823529412	0.5647058823529412	0.5647058823529412
G	N9_1	141.788	245.619	246.948	0.18823529411764706	0.3137254901960784	0.9725490196078431
G	C8_1	142.371	244.447	246.518	0.5647058823529412	0.5647058823529412	0.5647058823529412
G	N7_1	143.675	244.511	246.468	0.18823529411764706	0.3137254901960784	0.9725490196078431
G	C5_1	143.973	245.806	246.879	0.5647058823529412	0.5647058823529412	0.5647058823529412
G	C6_1	145.231	246.456	247.041	0.5647058823529412	0.5647058823529412	0.5647058823529412
G	O6_1	146.365	245.999	246.854	1.0	0.050980392156862744	0.050980392156862744
G	N1_1	145.076	247.769	247.474	0.18823529411764706	0.3137254901960784	0.9725490196078431
G	C2_1	143.871	248.382	247.726	0.5647058823529412	0.5647058823529412	0.5647058823529412
G	N2_1	143.932	249.663	248.138	0.18823529411764706	0.3137254901960784	0.9725490196078431
G	N3_1	142.692	247.787	247.586	0.18823529411764706	0.3137254901960784	0.9725490196078431
G	C4_1	142.819	246.508	247.164	0.5647058823529412	0.5647058823529412	0.5647058823529412
U	P_2	149.998	242.89	248.29	1.0	0.5019607843137255	0.0
U	OP1_2	150.476	241.484	248.228	1.0	0.050980392156862744	0.050980392156862744
U	OP2_2	148.675	243.193	248.895	1.0	0.050980392156862744	0.050980392156862744
U	O5'_2	151.108	243.761	249.038	1.0	0.050980392156862744	0.050980392156862744
U	C5'_2	152.457	243.827	248.527	0.5647058823529412	0.5647058823529412	0.5647058823529412
U	C4'_2	153.268	244.87	249.271	0.5647058823529412	0.5647058823529412	0.5647058823529412
U	O4'_2	152.72	246.192	249.011	1.0	0.050980392156862744	0.050980392156862744
U	C3'_2	153.339	244.725	250.788	0.5647058823529412	0.5647058823529412	0.5647058823529412
U	O3'_2	154.635	245.107	251.241	1.0	0.050980392156862744	0.050980392156862744
U	C2'_2	152.268	245.701	251.271	0.5647058823529412	0.5647058823529412	0.5647058823529412
U	O2'_2	152.501	246.187	252.58	1.0	0.050980392156862744	0.050980392156862744
U	C1'_2	152.378	246.822	250.234	0.5647058823529412	0.5647058823529412	0.5647058823529412
U	N1_2	151.123	247.569	250.03	0.18823529411764706	0.3137254901960784	0.9725490196078431
U	C2_2	150.948	248.762	250.725	0.5647058823529412	0.5647058823529412	0.5647058823529412
U	O2_2	151.782	249.218	251.495	1.0	0.050980392156862744	0.050980392156862744
U	N3_2	149.759	249.4	250.48	0.18823529411764706	0.3137254901960784	0.9725490196078431
U	C4_2	148.747	248.984	249.632	0.5647058823529412	0.5647058823529412	0.5647058823529412
U	O4_2	147.726	249.666	249.528	1.0	0.050980392156862744	0.050980392156862744
U	C5_2	149.001	247.751	248.954	0.5647058823529412	0.5647058823529412	0.5647058823529412
U	C6_2	150.148	247.102	249.17	0.5647058823529412	0.5647058823529412	0.5647058823529412
