G	P_1	257.856	256.173	189.852	1.0	0.5019607843137255	0.0
G	OP1_1	258.34	255.53	191.103	1.0	0.050980392156862744	0.050980392156862744
G	OP2_1	256.501	256.792	189.821	1.0	0.050980392156862744	0.050980392156862744
G	O5'_1	258.915	257.289	189.433	1.0	0.050980392156862744	0.050980392156862744
G	C5'_1	260.329	257.005	189.41	0.5647058823529412	0.5647058823529412	0.5647058823529412
G	C4'_1	261.08	258.147	188.766	0.5647058823529412	0.5647058823529412	0.5647058823529412
G	O4'_1	260.697	258.25	187.367	1.0	0.050980392156862744	0.050980392156862744
G	C3'_1	260.785	259.526	189.336	0.5647058823529412	0.5647058823529412	0.5647058823529412
G	O3'_1	261.551	259.792	190.507	1.0	0.050980392156862744	0.050980392156862744
G	C2'_1	261.144	260.443	188.175	0.5647058823529412	0.5647058823529412	0.5647058823529412
G	O2'_1	262.534	260.658	188.054	1.0	0.050980392156862744	0.050980392156862744
G	C1'_1	260.662	259.617	186.981	0.5647058823529412	0.5647058823529412	0.5647058823529412
G	N9_1	259.301	259.94	186.566	0.18823529411764706	0.3137254901960784	0.9725490196078431
G	C8_1	258.143	259.302	186.947	0.5647058823529412	0.5647058823529412	0.5647058823529412
G	N7_1	257.072	259.808	186.398	0.18823529411764706	0.3137254901960784	0.9725490196078431
G	C5_1	257.55	260.845	185.607	0.5647058823529412	0.5647058823529412	0.5647058823529412
G	C6_1	256.852	261.757	184.764	0.5647058823529412	0.5647058823529412	0.5647058823529412
G	O6_1	255.637	261.826	184.542	1.0	0.050980392156862744	0.050980392156862744
G	N1_1	257.724	262.65	184.144	0.18823529411764706	0.3137254901960784	0.9725490196078431
G	C2_1	259.093	262.665	184.311	0.5647058823529412	0.5647058823529412	0.5647058823529412
G	N2_1	259.763	263.604	183.619	0.18823529411764706	0.3137254901960784	0.9725490196078431
G	N3_1	259.756	261.819	185.096	0.18823529411764706	0.3137254901960784	0.9725490196078431
G	C4_1	258.926	260.943	185.706	0.5647058823529412	0.5647058823529412	0.5647058823529412
U	P_2	250.521	267.429	178.205	1.0	0.5019607843137255	0.0
U	OP1_2	250.372	268.139	176.9	1.0	0.050980392156862744	0.050980392156862744
U	OP2_2	249.662	266.254	178.5	1.0	0.050980392156862744	0.050980392156862744
U	O5'_2	252.046	266.986	178.356	1.0	0.050980392156862744	0.050980392156862744
U	C5'_2	253.115	267.947	178.217	0.5647058823529412	0.5647058823529412	0.5647058823529412
U	C4'_2	254.41	267.368	178.736	0.5647058823529412	0.5647058823529412	0.5647058823529412
U	O4'_2	254.297	267.11	180.159	1.0	0.050980392156862744	0.050980392156862744
U	C3'_2	254.83	266.03	178.148	0.5647058823529412	0.5647058823529412	0.5647058823529412
U	O3'_2	255.469	266.208	176.886	1.0	0.050980392156862744	0.050980392156862744
U	C2'_2	255.769	265.492	179.221	0.5647058823529412	0.5647058823529412	0.5647058823529412
U	O2'_2	257.052	266.082	179.171	1.0	0.050980392156862744	0.050980392156862744
U	C1'_2	255.069	265.968	180.497	0.5647058823529412	0.5647058823529412	0.5647058823529412
U	N1_2	254.184	264.964	181.108	0.18823529411764706	0.3137254901960784	0.9725490196078431
U	C2_2	254.686	264.208	182.16	0.5647058823529412	0.5647058823529412	0.5647058823529412
U	O2_2	255.829	264.322	182.584	1.0	0.050980392156862744	0.050980392156862744
U	N3_2	253.799	263.309	182.696	0.18823529411764706	0.3137254901960784	0.9725490196078431
U	C4_2	252.496	263.087	182.297	0.5647058823529412	0.5647058823529412	0.5647058823529412
U	O4_2	251.812	262.263	182.903	1.0	0.050980392156862744	0.050980392156862744
U	C5_2	252.058	263.893	181.203	0.5647058823529412	0.5647058823529412	0.5647058823529412
U	C6_2	252.893	264.78	180.66	0.5647058823529412	0.5647058823529412	0.5647058823529412
