U	P_1	169.828	150.362	252.232	1.0	0.5019607843137255	0.0
U	OP1_1	169.871	151.715	251.605	1.0	0.050980392156862744	0.050980392156862744
U	OP2_1	171.086	149.572	252.362	1.0	0.050980392156862744	0.050980392156862744
U	O5'_1	169.168	150.509	253.679	1.0	0.050980392156862744	0.050980392156862744
U	C5'_1	169.976	150.791	254.841	0.5647058823529412	0.5647058823529412	0.5647058823529412
U	C4'_1	169.49	149.987	256.029	0.5647058823529412	0.5647058823529412	0.5647058823529412
U	O4'_1	169.186	148.629	255.613	1.0	0.050980392156862744	0.050980392156862744
U	C3'_1	170.516	149.849	257.146	0.5647058823529412	0.5647058823529412	0.5647058823529412
U	O3'_1	170.458	150.948	258.053	1.0	0.050980392156862744	0.050980392156862744
U	C2'_1	170.155	148.513	257.784	0.5647058823529412	0.5647058823529412	0.5647058823529412
U	O2'_1	169.083	148.607	258.703	1.0	0.050980392156862744	0.050980392156862744
U	C1'_1	169.712	147.709	256.555	0.5647058823529412	0.5647058823529412	0.5647058823529412
U	N1_1	170.777	146.943	255.885	0.18823529411764706	0.3137254901960784	0.9725490196078431
U	C2_1	171.175	145.739	256.447	0.5647058823529412	0.5647058823529412	0.5647058823529412
U	O2_1	170.704	145.294	257.483	1.0	0.050980392156862744	0.050980392156862744
U	N3_1	172.15	145.072	255.741	0.18823529411764706	0.3137254901960784	0.9725490196078431
U	C4_1	172.755	145.477	254.558	0.5647058823529412	0.5647058823529412	0.5647058823529412
U	O4_1	173.59	144.747	254.025	1.0	0.050980392156862744	0.050980392156862744
U	C5_1	172.297	146.736	254.052	0.5647058823529412	0.5647058823529412	0.5647058823529412
U	C6_1	171.356	147.407	254.713	0.5647058823529412	0.5647058823529412	0.5647058823529412
G	P_2	171.507	137.128	266.189	1.0	0.5019607843137255	0.0
G	OP1_2	170.856	136.563	267.408	1.0	0.050980392156862744	0.050980392156862744
G	OP2_2	171.53	136.324	264.935	1.0	0.050980392156862744	0.050980392156862744
G	O5'_2	170.841	138.544	265.87	1.0	0.050980392156862744	0.050980392156862744
G	C5'_2	170.575	139.487	266.931	0.5647058823529412	0.5647058823529412	0.5647058823529412
G	C4'_2	170.1	140.816	266.371	0.5647058823529412	0.5647058823529412	0.5647058823529412
G	O4'_2	171.192	141.535	265.733	1.0	0.050980392156862744	0.050980392156862744
G	C3'_2	169.027	140.79	265.293	0.5647058823529412	0.5647058823529412	0.5647058823529412
G	O3'_2	167.729	140.534	265.822	1.0	0.050980392156862744	0.050980392156862744
G	C2'_2	169.144	142.201	264.718	0.5647058823529412	0.5647058823529412	0.5647058823529412
G	O2'_2	168.531	143.195	265.519	1.0	0.050980392156862744	0.050980392156862744
G	C1'_2	170.661	142.408	264.739	0.5647058823529412	0.5647058823529412	0.5647058823529412
G	N9_2	171.264	142.093	263.446	0.18823529411764706	0.3137254901960784	0.9725490196078431
G	C8_2	171.994	140.977	263.109	0.5647058823529412	0.5647058823529412	0.5647058823529412
G	N7_2	172.378	140.974	261.862	0.18823529411764706	0.3137254901960784	0.9725490196078431
G	C5_2	171.878	142.162	261.342	0.5647058823529412	0.5647058823529412	0.5647058823529412
G	C6_2	171.974	142.709	260.032	0.5647058823529412	0.5647058823529412	0.5647058823529412
G	O6_2	172.543	142.235	259.038	1.0	0.050980392156862744	0.050980392156862744
G	N1_2	171.32	143.936	259.939	0.18823529411764706	0.3137254901960784	0.9725490196078431
G	C2_2	170.657	144.56	260.97	0.5647058823529412	0.5647058823529412	0.5647058823529412
G	N2_2	170.088	145.741	260.684	0.18823529411764706	0.3137254901960784	0.9725490196078431
G	N3_2	170.56	144.061	262.195	0.18823529411764706	0.3137254901960784	0.9725490196078431
G	C4_2	171.19	142.867	262.307	0.5647058823529412	0.5647058823529412	0.5647058823529412
