U	P_1	211.107	103.82	201.017	1.0	0.5019607843137255	0.0
U	OP1_1	211.084	103.271	202.403	1.0	0.050980392156862744	0.050980392156862744
U	OP2_1	210.072	103.387	200.039	1.0	0.050980392156862744	0.050980392156862744
U	O5'_1	211.049	105.409	201.113	1.0	0.050980392156862744	0.050980392156862744
U	C5'_1	211.991	106.15	201.911	0.5647058823529412	0.5647058823529412	0.5647058823529412
U	C4'_1	211.86	107.627	201.617	0.5647058823529412	0.5647058823529412	0.5647058823529412
U	O4'_1	212.201	107.859	200.225	1.0	0.050980392156862744	0.050980392156862744
U	C3'_1	210.455	108.203	201.78	0.5647058823529412	0.5647058823529412	0.5647058823529412
U	O3'_1	210.221	108.59	203.142	1.0	0.050980392156862744	0.050980392156862744
U	C2'_1	210.463	109.387	200.816	0.5647058823529412	0.5647058823529412	0.5647058823529412
U	O2'_1	211.066	110.538	201.363	1.0	0.050980392156862744	0.050980392156862744
U	C1'_1	211.354	108.859	199.686	0.5647058823529412	0.5647058823529412	0.5647058823529412
U	N1_1	210.643	108.294	198.529	0.18823529411764706	0.3137254901960784	0.9725490196078431
U	C2_1	210.495	109.1	197.415	0.5647058823529412	0.5647058823529412	0.5647058823529412
U	O2_1	210.898	110.249	197.37	1.0	0.050980392156862744	0.050980392156862744
U	N3_1	209.856	108.509	196.354	0.18823529411764706	0.3137254901960784	0.9725490196078431
U	C4_1	209.353	107.225	196.297	0.5647058823529412	0.5647058823529412	0.5647058823529412
U	O4_1	208.805	106.838	195.265	1.0	0.050980392156862744	0.050980392156862744
U	C5_1	209.532	106.459	197.492	0.5647058823529412	0.5647058823529412	0.5647058823529412
U	C6_1	210.154	107.006	198.541	0.5647058823529412	0.5647058823529412	0.5647058823529412
G	P_2	206.671	114.819	187.773	1.0	0.5019607843137255	0.0
G	OP1_2	206.954	115.798	186.68	1.0	0.050980392156862744	0.050980392156862744
G	OP2_2	207.24	113.444	187.693	1.0	0.050980392156862744	0.050980392156862744
G	O5'_2	207.13	115.459	189.158	1.0	0.050980392156862744	0.050980392156862744
G	C5'_2	206.752	116.804	189.519	0.5647058823529412	0.5647058823529412	0.5647058823529412
G	C4'_2	207.374	117.178	190.845	0.5647058823529412	0.5647058823529412	0.5647058823529412
G	O4'_2	206.817	116.338	191.892	1.0	0.050980392156862744	0.050980392156862744
G	C3'_2	208.879	116.958	190.937	0.5647058823529412	0.5647058823529412	0.5647058823529412
G	O3'_2	209.598	118.069	190.396	1.0	0.050980392156862744	0.050980392156862744
G	C2'_2	209.098	116.779	192.436	0.5647058823529412	0.5647058823529412	0.5647058823529412
G	O2'_2	209.144	118.005	193.138	1.0	0.050980392156862744	0.050980392156862744
G	C1'_2	207.825	116.029	192.841	0.5647058823529412	0.5647058823529412	0.5647058823529412
G	N9_2	207.95	114.574	192.927	0.18823529411764706	0.3137254901960784	0.9725490196078431
G	C8_2	207.476	113.645	192.027	0.5647058823529412	0.5647058823529412	0.5647058823529412
G	N7_2	207.683	112.41	192.404	0.18823529411764706	0.3137254901960784	0.9725490196078431
G	C5_2	208.347	112.526	193.619	0.5647058823529412	0.5647058823529412	0.5647058823529412
G	C6_2	208.816	111.525	194.508	0.5647058823529412	0.5647058823529412	0.5647058823529412
G	O6_2	208.729	110.294	194.397	1.0	0.050980392156862744	0.050980392156862744
G	N1_2	209.434	112.083	195.624	0.18823529411764706	0.3137254901960784	0.9725490196078431
G	C2_2	209.582	113.43	195.855	0.5647058823529412	0.5647058823529412	0.5647058823529412
G	N2_2	210.214	113.775	196.988	0.18823529411764706	0.3137254901960784	0.9725490196078431
G	N3_2	209.143	114.373	195.037	0.18823529411764706	0.3137254901960784	0.9725490196078431
G	C4_2	208.537	113.855	193.949	0.5647058823529412	0.5647058823529412	0.5647058823529412
