U	P_1	198.816	220.814	200.575	1.0	0.5019607843137255	0.0
U	OP1_1	197.36	220.634	200.876	1.0	0.050980392156862744	0.050980392156862744
U	OP2_1	199.708	221.435	201.596	1.0	0.050980392156862744	0.050980392156862744
U	O5'_1	199.43	219.393	200.184	1.0	0.050980392156862744	0.050980392156862744
U	C5'_1	198.681	218.463	199.378	0.5647058823529412	0.5647058823529412	0.5647058823529412
U	C4'_1	199.511	217.233	199.072	0.5647058823529412	0.5647058823529412	0.5647058823529412
U	O4'_1	200.7	217.62	198.334	1.0	0.050980392156862744	0.050980392156862744
U	C3'_1	200.05	216.434	200.252	0.5647058823529412	0.5647058823529412	0.5647058823529412
U	O3'_1	199.046	215.558	200.783	1.0	0.050980392156862744	0.050980392156862744
U	C2'_1	201.212	215.677	199.614	0.5647058823529412	0.5647058823529412	0.5647058823529412
U	O2'_1	200.798	214.555	198.863	1.0	0.050980392156862744	0.050980392156862744
U	C1'_1	201.757	216.726	198.642	0.5647058823529412	0.5647058823529412	0.5647058823529412
U	N1_1	202.882	217.49	199.196	0.18823529411764706	0.3137254901960784	0.9725490196078431
U	C2_1	204.153	216.937	199.081	0.5647058823529412	0.5647058823529412	0.5647058823529412
U	O2_1	204.365	215.873	198.519	1.0	0.050980392156862744	0.050980392156862744
U	N3_1	205.162	217.685	199.65	0.18823529411764706	0.3137254901960784	0.9725490196078431
U	C4_1	205.031	218.905	200.301	0.5647058823529412	0.5647058823529412	0.5647058823529412
U	O4_1	206.028	219.436	200.795	1.0	0.050980392156862744	0.050980392156862744
U	C5_1	203.694	219.415	200.356	0.5647058823529412	0.5647058823529412	0.5647058823529412
U	C6_1	202.69	218.709	199.817	0.5647058823529412	0.5647058823529412	0.5647058823529412
G	P_2	214.518	210.806	197.887	1.0	0.5019607843137255	0.0
G	OP1_2	215.27	209.989	196.887	1.0	0.050980392156862744	0.050980392156862744
G	OP2_2	214.622	212.288	197.847	1.0	0.050980392156862744	0.050980392156862744
G	O5'_2	212.973	210.423	197.804	1.0	0.050980392156862744	0.050980392156862744
G	C5'_2	212.561	209.054	197.617	0.5647058823529412	0.5647058823529412	0.5647058823529412
G	C4'_2	211.112	208.99	197.185	0.5647058823529412	0.5647058823529412	0.5647058823529412
G	O4'_2	210.239	209.297	198.305	1.0	0.050980392156862744	0.050980392156862744
G	C3'_2	210.688	209.968	196.099	0.5647058823529412	0.5647058823529412	0.5647058823529412
G	O3'_2	211.049	209.532	194.793	1.0	0.050980392156862744	0.050980392156862744
G	C2'_2	209.182	210.042	196.312	0.5647058823529412	0.5647058823529412	0.5647058823529412
G	O2'_2	208.493	208.927	195.786	1.0	0.050980392156862744	0.050980392156862744
G	C1'_2	209.1	210.007	197.839	0.5647058823529412	0.5647058823529412	0.5647058823529412
G	N9_2	209.135	211.342	198.428	0.18823529411764706	0.3137254901960784	0.9725490196078431
G	C8_2	210.218	211.959	199.012	0.5647058823529412	0.5647058823529412	0.5647058823529412
G	N7_2	209.953	213.161	199.448	0.18823529411764706	0.3137254901960784	0.9725490196078431
G	C5_2	208.613	213.353	199.136	0.5647058823529412	0.5647058823529412	0.5647058823529412
G	C6_2	207.768	214.477	199.365	0.5647058823529412	0.5647058823529412	0.5647058823529412
G	O6_2	208.052	215.558	199.906	1.0	0.050980392156862744	0.050980392156862744
G	N1_2	206.477	214.252	198.888	0.18823529411764706	0.3137254901960784	0.9725490196078431
G	C2_2	206.054	213.099	198.264	0.5647058823529412	0.5647058823529412	0.5647058823529412
G	N2_2	204.768	213.073	197.86	0.18823529411764706	0.3137254901960784	0.9725490196078431
G	N3_2	206.836	212.042	198.046	0.18823529411764706	0.3137254901960784	0.9725490196078431
G	C4_2	208.091	212.239	198.505	0.5647058823529412	0.5647058823529412	0.5647058823529412
