U	P_1	14.092	-9.085	-4.281	1.0	0.5019607843137255	0.0
U	OP1_1	14.669	-10.256	-3.565	1.0	0.050980392156862744	0.050980392156862744
U	OP2_1	14.31	-7.716	-3.741	1.0	0.050980392156862744	0.050980392156862744
U	O5'_1	14.608	-9.113	-5.791	1.0	0.050980392156862744	0.050980392156862744
U	C5'_1	14.778	-10.347	-6.497	0.5647058823529412	0.5647058823529412	0.5647058823529412
U	C4'_1	15.497	-10.114	-7.815	0.5647058823529412	0.5647058823529412	0.5647058823529412
U	O4'_1	14.682	-9.266	-8.666	1.0	0.050980392156862744	0.050980392156862744
U	C3'_1	16.846	-9.41	-7.733	0.5647058823529412	0.5647058823529412	0.5647058823529412
U	O3'_1	17.887	-10.363	-7.505	1.0	0.050980392156862744	0.050980392156862744
U	C2'_1	16.974	-8.767	-9.111	0.5647058823529412	0.5647058823529412	0.5647058823529412
U	O2'_1	17.474	-9.656	-10.088	1.0	0.050980392156862744	0.050980392156862744
U	C1'_1	15.518	-8.422	-9.439	0.5647058823529412	0.5647058823529412	0.5647058823529412
U	N1_1	15.133	-7.022	-9.194	0.18823529411764706	0.3137254901960784	0.9725490196078431
U	C2_1	15.654	-6.046	-10.032	0.5647058823529412	0.5647058823529412	0.5647058823529412
U	O2_1	16.427	-6.291	-10.946	1.0	0.050980392156862744	0.050980392156862744
U	N3_1	15.236	-4.768	-9.759	0.18823529411764706	0.3137254901960784	0.9725490196078431
U	C4_1	14.374	-4.369	-8.757	0.5647058823529412	0.5647058823529412	0.5647058823529412
U	O4_1	14.09	-3.175	-8.641	1.0	0.050980392156862744	0.050980392156862744
U	C5_1	13.886	-5.43	-7.932	0.5647058823529412	0.5647058823529412	0.5647058823529412
U	C6_1	14.272	-6.686	-8.171	0.5647058823529412	0.5647058823529412	0.5647058823529412
A	P_2	15.818	4.375	-17.146	1.0	0.5019607843137255	0.0
A	OP1_2	15.649	4.891	-18.529	1.0	0.050980392156862744	0.050980392156862744
A	OP2_2	14.696	4.495	-16.177	1.0	0.050980392156862744	0.050980392156862744
A	O5'_2	16.245	2.841	-17.229	1.0	0.050980392156862744	0.050980392156862744
A	C5'_2	17.404	2.445	-17.959	0.5647058823529412	0.5647058823529412	0.5647058823529412
A	C4'_2	17.747	1.001	-17.671	0.5647058823529412	0.5647058823529412	0.5647058823529412
A	O4'_2	18.051	0.829	-16.258	1.0	0.050980392156862744	0.050980392156862744
A	C3'_2	16.636	-0.004	-17.918	0.5647058823529412	0.5647058823529412	0.5647058823529412
A	O3'_2	16.513	-0.329	-19.296	1.0	0.050980392156862744	0.050980392156862744
A	C2'_2	17.088	-1.182	-17.065	0.5647058823529412	0.5647058823529412	0.5647058823529412
A	O2'_2	18.117	-1.956	-17.652	1.0	0.050980392156862744	0.050980392156862744
A	C1'_2	17.612	-0.455	-15.826	0.5647058823529412	0.5647058823529412	0.5647058823529412
A	N9_2	16.554	-0.283	-14.825	0.18823529411764706	0.3137254901960784	0.9725490196078431
A	C8_2	15.73	0.803	-14.625	0.5647058823529412	0.5647058823529412	0.5647058823529412
A	N7_2	14.85	0.63	-13.668	0.18823529411764706	0.3137254901960784	0.9725490196078431
A	C5_2	15.116	-0.65	-13.199	0.5647058823529412	0.5647058823529412	0.5647058823529412
A	C6_2	14.526	-1.428	-12.187	0.5647058823529412	0.5647058823529412	0.5647058823529412
A	N6_2	13.506	-1.013	-11.433	0.18823529411764706	0.3137254901960784	0.9725490196078431
A	N1_2	15.026	-2.666	-11.973	0.18823529411764706	0.3137254901960784	0.9725490196078431
A	C2_2	16.047	-3.084	-12.73	0.5647058823529412	0.5647058823529412	0.5647058823529412
A	N3_2	16.686	-2.449	-13.709	0.18823529411764706	0.3137254901960784	0.9725490196078431
A	C4_2	16.166	-1.222	-13.897	0.5647058823529412	0.5647058823529412	0.5647058823529412
