A	P_1	78.662	20.144	43.238	1.0	0.5019607843137255	0.0
A	OP1_1	79.108	20.433	44.628	1.0	0.050980392156862744	0.050980392156862744
A	OP2_1	78.06	21.228	42.419	1.0	0.050980392156862744	0.050980392156862744
A	O5'_1	79.863	19.504	42.412	1.0	0.050980392156862744	0.050980392156862744
A	C5'_1	80.547	18.355	42.908	0.5647058823529412	0.5647058823529412	0.5647058823529412
A	C4'_1	81.44	17.768	41.842	0.5647058823529412	0.5647058823529412	0.5647058823529412
A	O4'_1	80.624	17.22	40.769	1.0	0.050980392156862744	0.050980392156862744
A	C3'_1	82.368	18.746	41.138	0.5647058823529412	0.5647058823529412	0.5647058823529412
A	O3'_1	83.544	19.044	41.889	1.0	0.050980392156862744	0.050980392156862744
A	C2'_1	82.663	18.01	39.837	0.5647058823529412	0.5647058823529412	0.5647058823529412
A	O2'_1	83.652	17.006	39.977	1.0	0.050980392156862744	0.050980392156862744
A	C1'_1	81.289	17.403	39.526	0.5647058823529412	0.5647058823529412	0.5647058823529412
A	N9_1	80.476	18.301	38.702	0.18823529411764706	0.3137254901960784	0.9725490196078431
A	C8_1	79.799	19.429	39.106	0.5647058823529412	0.5647058823529412	0.5647058823529412
A	N7_1	79.179	20.052	38.132	0.18823529411764706	0.3137254901960784	0.9725490196078431
A	C5_1	79.457	19.279	37.012	0.5647058823529412	0.5647058823529412	0.5647058823529412
A	C6_1	79.086	19.403	35.656	0.5647058823529412	0.5647058823529412	0.5647058823529412
A	N6_1	78.325	20.394	35.183	0.18823529411764706	0.3137254901960784	0.9725490196078431
A	N1_1	79.529	18.462	34.794	0.18823529411764706	0.3137254901960784	0.9725490196078431
A	C2_1	80.294	17.47	35.269	0.5647058823529412	0.5647058823529412	0.5647058823529412
A	N3_1	80.71	17.245	36.517	0.18823529411764706	0.3137254901960784	0.9725490196078431
A	C4_1	80.252	18.195	37.349	0.5647058823529412	0.5647058823529412	0.5647058823529412
U	P_2	78.704	19.011	24.9	1.0	0.5019607843137255	0.0
U	OP1_2	78.609	18.301	23.597	1.0	0.050980392156862744	0.050980392156862744
U	OP2_2	77.466	19.304	25.667	1.0	0.050980392156862744	0.050980392156862744
U	O5'_2	79.679	18.184	25.841	1.0	0.050980392156862744	0.050980392156862744
U	C5'_2	81.0	17.866	25.419	0.5647058823529412	0.5647058823529412	0.5647058823529412
U	C4'_2	81.777	17.281	26.565	0.5647058823529412	0.5647058823529412	0.5647058823529412
U	O4'_2	82.108	18.312	27.525	1.0	0.050980392156862744	0.050980392156862744
U	C3'_2	81.0	16.255	27.361	0.5647058823529412	0.5647058823529412	0.5647058823529412
U	O3'_2	81.064	15.0	26.697	1.0	0.050980392156862744	0.050980392156862744
U	C2'_2	81.701	16.285	28.713	0.5647058823529412	0.5647058823529412	0.5647058823529412
U	O2'_2	82.864	15.49	28.75	1.0	0.050980392156862744	0.050980392156862744
U	C1'_2	82.079	17.767	28.833	0.5647058823529412	0.5647058823529412	0.5647058823529412
U	N1_2	81.159	18.571	29.656	0.18823529411764706	0.3137254901960784	0.9725490196078431
U	C2_2	81.443	18.694	31.01	0.5647058823529412	0.5647058823529412	0.5647058823529412
U	O2_2	82.413	18.175	31.536	1.0	0.050980392156862744	0.050980392156862744
U	N3_2	80.546	19.449	31.725	0.18823529411764706	0.3137254901960784	0.9725490196078431
U	C4_2	79.418	20.08	31.244	0.5647058823529412	0.5647058823529412	0.5647058823529412
U	O4_2	78.705	20.72	32.02	1.0	0.050980392156862744	0.050980392156862744
U	C5_2	79.193	19.912	29.839	0.5647058823529412	0.5647058823529412	0.5647058823529412
U	C6_2	80.048	19.183	29.112	0.5647058823529412	0.5647058823529412	0.5647058823529412
