A	P_1	84.24	20.49	41.731	1.0	0.5019607843137255	0.0
A	OP1_1	85.355	20.583	42.71	1.0	0.050980392156862744	0.050980392156862744
A	OP2_1	83.17	21.525	41.744	1.0	0.050980392156862744	0.050980392156862744
A	O5'_1	84.86	20.445	40.263	1.0	0.050980392156862744	0.050980392156862744
A	C5'_1	85.918	19.543	39.95	0.5647058823529412	0.5647058823529412	0.5647058823529412
A	C4'_1	86.251	19.602	38.476	0.5647058823529412	0.5647058823529412	0.5647058823529412
A	O4'_1	85.106	19.138	37.705	1.0	0.050980392156862744	0.050980392156862744
A	C3'_1	86.547	20.978	37.888	0.5647058823529412	0.5647058823529412	0.5647058823529412
A	O3'_1	87.87	21.448	38.122	1.0	0.050980392156862744	0.050980392156862744
A	C2'_1	86.279	20.739	36.41	0.5647058823529412	0.5647058823529412	0.5647058823529412
A	O2'_1	87.332	20.06	35.749	1.0	0.050980392156862744	0.050980392156862744
A	C1'_1	85.019	19.873	36.489	0.5647058823529412	0.5647058823529412	0.5647058823529412
A	N9_1	83.834	20.732	36.548	0.18823529411764706	0.3137254901960784	0.9725490196078431
A	C8_1	83.287	21.35	37.649	0.5647058823529412	0.5647058823529412	0.5647058823529412
A	N7_1	82.261	22.114	37.37	0.18823529411764706	0.3137254901960784	0.9725490196078431
A	C5_1	82.11	21.979	35.996	0.5647058823529412	0.5647058823529412	0.5647058823529412
A	C6_1	81.198	22.539	35.087	0.5647058823529412	0.5647058823529412	0.5647058823529412
A	N6_1	80.226	23.384	35.441	0.18823529411764706	0.3137254901960784	0.9725490196078431
A	N1_1	81.32	22.2	33.784	0.18823529411764706	0.3137254901960784	0.9725490196078431
A	C2_1	82.297	21.356	33.432	0.5647058823529412	0.5647058823529412	0.5647058823529412
A	N3_1	83.213	20.764	34.192	0.18823529411764706	0.3137254901960784	0.9725490196078431
A	C4_1	83.064	21.122	35.479	0.5647058823529412	0.5647058823529412	0.5647058823529412
U	P_2	76.189	24.013	25.228	1.0	0.5019607843137255	0.0
U	OP1_2	75.728	23.512	23.905	1.0	0.050980392156862744	0.050980392156862744
U	OP2_2	75.335	23.812	26.427	1.0	0.050980392156862744	0.050980392156862744
U	O5'_2	77.609	23.37	25.533	1.0	0.050980392156862744	0.050980392156862744
U	C5'_2	78.65	23.424	24.572	0.5647058823529412	0.5647058823529412	0.5647058823529412
U	C4'_2	79.863	22.719	25.101	0.5647058823529412	0.5647058823529412	0.5647058823529412
U	O4'_2	80.43	23.474	26.2	1.0	0.050980392156862744	0.050980392156862744
U	C3'_2	79.567	21.357	25.698	0.5647058823529412	0.5647058823529412	0.5647058823529412
U	O3'_2	79.503	20.385	24.661	1.0	0.050980392156862744	0.050980392156862744
U	C2'_2	80.744	21.152	26.643	0.5647058823529412	0.5647058823529412	0.5647058823529412
U	O2'_2	81.9	20.674	25.989	1.0	0.050980392156862744	0.050980392156862744
U	C1'_2	80.994	22.579	27.142	0.5647058823529412	0.5647058823529412	0.5647058823529412
U	N1_2	80.438	22.87	28.475	0.18823529411764706	0.3137254901960784	0.9725490196078431
U	C2_2	81.18	22.481	29.582	0.5647058823529412	0.5647058823529412	0.5647058823529412
U	O2_2	82.243	21.895	29.497	1.0	0.050980392156862744	0.050980392156862744
U	N3_2	80.625	22.802	30.797	0.18823529411764706	0.3137254901960784	0.9725490196078431
U	C4_2	79.431	23.448	31.02	0.5647058823529412	0.5647058823529412	0.5647058823529412
U	O4_2	79.069	23.666	32.178	1.0	0.050980392156862744	0.050980392156862744
U	C5_2	78.716	23.807	29.832	0.5647058823529412	0.5647058823529412	0.5647058823529412
U	C6_2	79.23	23.513	28.63	0.5647058823529412	0.5647058823529412	0.5647058823529412
