A	P_1	69.332	21.005	23.248	1.0	0.5019607843137255	0.0
A	OP1_1	69.747	22.369	22.836	1.0	0.050980392156862744	0.050980392156862744
A	OP2_1	70.172	20.236	24.196	1.0	0.050980392156862744	0.050980392156862744
A	O5'_1	67.886	21.096	23.898	1.0	0.050980392156862744	0.050980392156862744
A	C5'_1	66.948	22.077	23.474	0.5647058823529412	0.5647058823529412	0.5647058823529412
A	C4'_1	65.752	22.061	24.385	0.5647058823529412	0.5647058823529412	0.5647058823529412
A	O4'_1	65.09	20.775	24.253	1.0	0.050980392156862744	0.050980392156862744
A	C3'_1	66.077	22.166	25.865	0.5647058823529412	0.5647058823529412	0.5647058823529412
A	O3'_1	66.196	23.528	26.263	1.0	0.050980392156862744	0.050980392156862744
A	C2'_1	64.86	21.51	26.491	0.5647058823529412	0.5647058823529412	0.5647058823529412
A	O2'_1	63.755	22.384	26.453	1.0	0.050980392156862744	0.050980392156862744
A	C1'_1	64.596	20.366	25.512	0.5647058823529412	0.5647058823529412	0.5647058823529412
A	N9_1	65.219	19.088	25.866	0.18823529411764706	0.3137254901960784	0.9725490196078431
A	C8_1	66.25	18.447	25.23	0.5647058823529412	0.5647058823529412	0.5647058823529412
A	N7_1	66.563	17.291	25.761	0.18823529411764706	0.3137254901960784	0.9725490196078431
A	C5_1	65.684	17.164	26.822	0.5647058823529412	0.5647058823529412	0.5647058823529412
A	C6_1	65.501	16.156	27.777	0.5647058823529412	0.5647058823529412	0.5647058823529412
A	N6_1	66.222	15.04	27.823	0.18823529411764706	0.3137254901960784	0.9725490196078431
A	N1_1	64.539	16.335	28.7	0.18823529411764706	0.3137254901960784	0.9725490196078431
A	C2_1	63.817	17.458	28.66	0.5647058823529412	0.5647058823529412	0.5647058823529412
A	N3_1	63.895	18.48	27.816	0.18823529411764706	0.3137254901960784	0.9725490196078431
A	C4_1	64.858	18.267	26.907	0.5647058823529412	0.5647058823529412	0.5647058823529412
U	P_2	63.47	9.56	35.403	1.0	0.5019607843137255	0.0
U	OP1_2	62.458	8.829	36.21	1.0	0.050980392156862744	0.050980392156862744
U	OP2_2	63.871	9.037	34.078	1.0	0.050980392156862744	0.050980392156862744
U	O5'_2	62.993	11.062	35.19	1.0	0.050980392156862744	0.050980392156862744
U	C5'_2	62.588	11.854	36.305	0.5647058823529412	0.5647058823529412	0.5647058823529412
U	C4'_2	62.023	13.163	35.832	0.5647058823529412	0.5647058823529412	0.5647058823529412
U	O4'_2	63.104	14.011	35.378	1.0	0.050980392156862744	0.050980392156862744
U	C3'_2	61.114	13.055	34.623	0.5647058823529412	0.5647058823529412	0.5647058823529412
U	O3'_2	59.79	12.708	34.973	1.0	0.050980392156862744	0.050980392156862744
U	C2'_2	61.214	14.447	34.032	0.5647058823529412	0.5647058823529412	0.5647058823529412
U	O2'_2	60.479	15.395	34.773	1.0	0.050980392156862744	0.050980392156862744
U	C1'_2	62.702	14.718	34.214	0.5647058823529412	0.5647058823529412	0.5647058823529412
U	N1_2	63.492	14.234	33.073	0.18823529411764706	0.3137254901960784	0.9725490196078431
U	C2_2	63.447	14.974	31.914	0.5647058823529412	0.5647058823529412	0.5647058823529412
U	O2_2	62.782	15.983	31.808	1.0	0.050980392156862744	0.050980392156862744
U	N3_2	64.206	14.487	30.885	0.18823529411764706	0.3137254901960784	0.9725490196078431
U	C4_2	64.989	13.355	30.9	0.5647058823529412	0.5647058823529412	0.5647058823529412
U	O4_2	65.629	13.05	29.894	1.0	0.050980392156862744	0.050980392156862744
U	C5_2	64.978	12.637	32.134	0.5647058823529412	0.5647058823529412	0.5647058823529412
U	C6_2	64.249	13.088	33.151	0.5647058823529412	0.5647058823529412	0.5647058823529412
