A	P_1	26.814	25.428	5.406	1.0	0.5019607843137255	0.0
A	OP1_1	27.562	26.714	5.441	1.0	0.050980392156862744	0.050980392156862744
A	OP2_1	27.209	24.326	6.323	1.0	0.050980392156862744	0.050980392156862744
A	O5'_1	25.273	25.743	5.667	1.0	0.050980392156862744	0.050980392156862744
A	C5'_1	24.624	26.822	5.001	0.5647058823529412	0.5647058823529412	0.5647058823529412
A	C4'_1	23.285	27.099	5.637	0.5647058823529412	0.5647058823529412	0.5647058823529412
A	O4'_1	22.446	25.924	5.502	1.0	0.050980392156862744	0.050980392156862744
A	C3'_1	23.307	27.367	7.133	0.5647058823529412	0.5647058823529412	0.5647058823529412
A	O3'_1	23.591	28.733	7.403	1.0	0.050980392156862744	0.050980392156862744
A	C2'_1	21.885	27.009	7.541	0.5647058823529412	0.5647058823529412	0.5647058823529412
A	O2'_1	20.961	28.04	7.258	1.0	0.050980392156862744	0.050980392156862744
A	C1'_1	21.611	25.801	6.643	0.5647058823529412	0.5647058823529412	0.5647058823529412
A	N9_1	21.894	24.52	7.291	0.18823529411764706	0.3137254901960784	0.9725490196078431
A	C8_1	23.015	23.731	7.165	0.5647058823529412	0.5647058823529412	0.5647058823529412
A	N7_1	22.968	22.632	7.877	0.18823529411764706	0.3137254901960784	0.9725490196078431
A	C5_1	21.737	22.699	8.517	0.5647058823529412	0.5647058823529412	0.5647058823529412
A	C6_1	21.089	21.833	9.417	0.5647058823529412	0.5647058823529412	0.5647058823529412
A	N6_1	21.613	20.683	9.844	0.18823529411764706	0.3137254901960784	0.9725490196078431
A	N1_1	19.867	22.195	9.869	0.18823529411764706	0.3137254901960784	0.9725490196078431
A	C2_1	19.341	23.348	9.441	0.5647058823529412	0.5647058823529412	0.5647058823529412
A	N3_1	19.851	24.245	8.598	0.18823529411764706	0.3137254901960784	0.9725490196078431
A	C4_1	21.066	23.856	8.167	0.5647058823529412	0.5647058823529412	0.5647058823529412
U	P_2	16.015	15.47	15.961	1.0	0.5019607843137255	0.0
U	OP1_2	14.716	14.915	16.42	1.0	0.050980392156862744	0.050980392156862744
U	OP2_2	16.953	14.608	15.193	1.0	0.050980392156862744	0.050980392156862744
U	O5'_2	15.741	16.809	15.129	1.0	0.050980392156862744	0.050980392156862744
U	C5'_2	14.69	17.704	15.508	0.5647058823529412	0.5647058823529412	0.5647058823529412
U	C4'_2	14.632	18.91	14.586	0.5647058823529412	0.5647058823529412	0.5647058823529412
U	O4'_2	15.826	19.723	14.745	1.0	0.050980392156862744	0.050980392156862744
U	C3'_2	14.564	18.65	13.088	0.5647058823529412	0.5647058823529412	0.5647058823529412
U	O3'_2	13.254	18.324	12.64	1.0	0.050980392156862744	0.050980392156862744
U	C2'_2	15.044	19.98	12.519	0.5647058823529412	0.5647058823529412	0.5647058823529412
U	O2'_2	14.055	20.996	12.517	1.0	0.050980392156862744	0.050980392156862744
U	C1'_2	16.167	20.323	13.499	0.5647058823529412	0.5647058823529412	0.5647058823529412
U	N1_2	17.453	19.766	13.047	0.18823529411764706	0.3137254901960784	0.9725490196078431
U	C2_2	18.217	20.516	12.161	0.5647058823529412	0.5647058823529412	0.5647058823529412
U	O2_2	17.89	21.625	11.76	1.0	0.050980392156862744	0.050980392156862744
U	N3_2	19.383	19.916	11.76	0.18823529411764706	0.3137254901960784	0.9725490196078431
U	C4_2	19.857	18.679	12.145	0.5647058823529412	0.5647058823529412	0.5647058823529412
U	O4_2	20.925	18.276	11.69	1.0	0.050980392156862744	0.050980392156862744
U	C5_2	19.023	17.976	13.067	0.5647058823529412	0.5647058823529412	0.5647058823529412
U	C6_2	17.882	18.526	13.476	0.5647058823529412	0.5647058823529412	0.5647058823529412
