U	P_1	68.998	22.786	38.717	1.0	0.5019607843137255	0.0
U	OP1_1	68.611	23.732	39.786	1.0	0.050980392156862744	0.050980392156862744
U	OP2_1	69.805	23.261	37.57	1.0	0.050980392156862744	0.050980392156862744
U	O5'_1	69.717	21.532	39.375	1.0	0.050980392156862744	0.050980392156862744
U	C5'_1	69.191	20.941	40.554	0.5647058823529412	0.5647058823529412	0.5647058823529412
U	C4'_1	69.919	19.663	40.868	0.5647058823529412	0.5647058823529412	0.5647058823529412
U	O4'_1	69.682	18.7	39.809	1.0	0.050980392156862744	0.050980392156862744
U	C3'_1	71.427	19.777	40.937	0.5647058823529412	0.5647058823529412	0.5647058823529412
U	O3'_1	71.821	20.282	42.211	1.0	0.050980392156862744	0.050980392156862744
U	C2'_1	71.853	18.337	40.674	0.5647058823529412	0.5647058823529412	0.5647058823529412
U	O2'_1	71.669	17.492	41.793	1.0	0.050980392156862744	0.050980392156862744
U	C1'_1	70.852	17.927	39.593	0.5647058823529412	0.5647058823529412	0.5647058823529412
U	N1_1	71.309	18.17	38.215	0.18823529411764706	0.3137254901960784	0.9725490196078431
U	C2_1	72.021	17.171	37.57	0.5647058823529412	0.5647058823529412	0.5647058823529412
U	O2_1	72.297	16.113	38.092	1.0	0.050980392156862744	0.050980392156862744
U	N3_1	72.398	17.467	36.287	0.18823529411764706	0.3137254901960784	0.9725490196078431
U	C4_1	72.148	18.64	35.599	0.5647058823529412	0.5647058823529412	0.5647058823529412
U	O4_1	72.564	18.772	34.446	1.0	0.050980392156862744	0.050980392156862744
U	C5_1	71.418	19.619	36.333	0.5647058823529412	0.5647058823529412	0.5647058823529412
U	C6_1	71.034	19.36	37.579	0.5647058823529412	0.5647058823529412	0.5647058823529412
A	P_2	78.699	9.645	30.056	1.0	0.5019607843137255	0.0
A	OP1_2	79.034	8.263	29.606	1.0	0.050980392156862744	0.050980392156862744
A	OP2_2	77.829	10.503	29.202	1.0	0.050980392156862744	0.050980392156862744
A	O5'_2	78.069	9.562	31.519	1.0	0.050980392156862744	0.050980392156862744
A	C5'_2	78.796	8.958	32.589	0.5647058823529412	0.5647058823529412	0.5647058823529412
A	C4'_2	78.118	9.227	33.912	0.5647058823529412	0.5647058823529412	0.5647058823529412
A	O4'_2	78.332	10.601	34.34	1.0	0.050980392156862744	0.050980392156862744
A	C3'_2	76.612	9.078	33.912	0.5647058823529412	0.5647058823529412	0.5647058823529412
A	O3'_2	76.227	7.714	33.976	1.0	0.050980392156862744	0.050980392156862744
A	C2'_2	76.224	9.88	35.146	0.5647058823529412	0.5647058823529412	0.5647058823529412
A	O2'_2	76.481	9.185	36.347	1.0	0.050980392156862744	0.050980392156862744
A	C1'_2	77.184	11.065	35.043	0.5647058823529412	0.5647058823529412	0.5647058823529412
A	N9_2	76.613	12.2	34.311	0.18823529411764706	0.3137254901960784	0.9725490196078431
A	C8_2	76.768	12.495	32.977	0.5647058823529412	0.5647058823529412	0.5647058823529412
A	N7_2	76.145	13.585	32.599	0.18823529411764706	0.3137254901960784	0.9725490196078431
A	C5_2	75.536	14.04	33.759	0.5647058823529412	0.5647058823529412	0.5647058823529412
A	C6_2	74.726	15.159	34.021	0.5647058823529412	0.5647058823529412	0.5647058823529412
A	N6_2	74.386	16.059	33.095	0.18823529411764706	0.3137254901960784	0.9725490196078431
A	N1_2	74.274	15.325	35.283	0.18823529411764706	0.3137254901960784	0.9725490196078431
A	C2_2	74.621	14.422	36.209	0.5647058823529412	0.5647058823529412	0.5647058823529412
A	N3_2	75.381	13.332	36.086	0.18823529411764706	0.3137254901960784	0.9725490196078431
A	C4_2	75.812	13.195	34.821	0.5647058823529412	0.5647058823529412	0.5647058823529412
