A	P_1	-36.337	21.756	-25.445	1.0	0.5019607843137255	0.0
A	OP1_1	-36.493	23.224	-25.361	1.0	0.050980392156862744	0.050980392156862744
A	OP2_1	-34.998	21.154	-25.64	1.0	0.050980392156862744	0.050980392156862744
A	O5'_1	-36.938	21.196	-24.085	1.0	0.050980392156862744	0.050980392156862744
A	C5'_1	-38.159	21.697	-23.538	0.5647058823529412	0.5647058823529412	0.5647058823529412
A	C4'_1	-38.553	20.859	-22.348	0.5647058823529412	0.5647058823529412	0.5647058823529412
A	O4'_1	-38.582	19.455	-22.728	1.0	0.050980392156862744	0.050980392156862744
A	C3'_1	-37.599	20.893	-21.161	0.5647058823529412	0.5647058823529412	0.5647058823529412
A	O3'_1	-37.79	22.034	-20.336	1.0	0.050980392156862744	0.050980392156862744
A	C2'_1	-37.97	19.602	-20.459	0.5647058823529412	0.5647058823529412	0.5647058823529412
A	O2'_1	-39.181	19.694	-19.741	1.0	0.050980392156862744	0.050980392156862744
A	C1'_1	-38.108	18.661	-21.653	0.5647058823529412	0.5647058823529412	0.5647058823529412
A	N9_1	-36.862	18.008	-22.069	0.18823529411764706	0.3137254901960784	0.9725490196078431
A	C8_1	-36.07	18.307	-23.15	0.5647058823529412	0.5647058823529412	0.5647058823529412
A	N7_1	-35.028	17.523	-23.275	0.18823529411764706	0.3137254901960784	0.9725490196078431
A	C5_1	-35.143	16.643	-22.211	0.5647058823529412	0.5647058823529412	0.5647058823529412
A	C6_1	-34.348	15.565	-21.786	0.5647058823529412	0.5647058823529412	0.5647058823529412
A	N6_1	-33.237	15.174	-22.415	0.18823529411764706	0.3137254901960784	0.9725490196078431
A	N1_1	-34.733	14.899	-20.675	0.18823529411764706	0.3137254901960784	0.9725490196078431
A	C2_1	-35.845	15.298	-20.042	0.5647058823529412	0.5647058823529412	0.5647058823529412
A	N3_1	-36.677	16.294	-20.347	0.18823529411764706	0.3137254901960784	0.9725490196078431
A	C4_1	-36.266	16.932	-21.457	0.5647058823529412	0.5647058823529412	0.5647058823529412
U	P_2	-30.461	6.515	-17.274	1.0	0.5019607843137255	0.0
U	OP1_2	-30.59	5.328	-16.396	1.0	0.050980392156862744	0.050980392156862744
U	OP2_2	-30.454	6.327	-18.751	1.0	0.050980392156862744	0.050980392156862744
U	O5'_2	-31.628	7.55	-16.946	1.0	0.050980392156862744	0.050980392156862744
U	C5'_2	-32.179	7.636	-15.619	0.5647058823529412	0.5647058823529412	0.5647058823529412
U	C4'_2	-33.139	8.792	-15.499	0.5647058823529412	0.5647058823529412	0.5647058823529412
U	O4'_2	-32.527	10.01	-15.993	1.0	0.050980392156862744	0.050980392156862744
U	C3'_2	-34.428	8.709	-16.3	0.5647058823529412	0.5647058823529412	0.5647058823529412
U	O3'_2	-35.316	7.768	-15.713	1.0	0.050980392156862744	0.050980392156862744
U	C2'_2	-34.871	10.165	-16.262	0.5647058823529412	0.5647058823529412	0.5647058823529412
U	O2'_2	-35.386	10.622	-15.025	1.0	0.050980392156862744	0.050980392156862744
U	C1'_2	-33.537	10.874	-16.492	0.5647058823529412	0.5647058823529412	0.5647058823529412
U	N1_2	-33.232	11.195	-17.898	0.18823529411764706	0.3137254901960784	0.9725490196078431
U	C2_2	-33.816	12.329	-18.437	0.5647058823529412	0.5647058823529412	0.5647058823529412
U	O2_2	-34.584	13.037	-17.813	1.0	0.050980392156862744	0.050980392156862744
U	N3_2	-33.475	12.59	-19.744	0.18823529411764706	0.3137254901960784	0.9725490196078431
U	C4_2	-32.607	11.872	-20.539	0.5647058823529412	0.5647058823529412	0.5647058823529412
U	O4_2	-32.387	12.246	-21.69	1.0	0.050980392156862744	0.050980392156862744
U	C5_2	-32.046	10.715	-19.911	0.5647058823529412	0.5647058823529412	0.5647058823529412
U	C6_2	-32.373	10.421	-18.646	0.5647058823529412	0.5647058823529412	0.5647058823529412
