A	P_1	235.866	120.164	160.948	1.0	0.5019607843137255	0.0
A	OP1_1	234.819	119.386	161.672	1.0	0.050980392156862744	0.050980392156862744
A	OP2_1	237.278	120.124	161.426	1.0	0.050980392156862744	0.050980392156862744
A	O5'_1	235.834	119.738	159.41	1.0	0.050980392156862744	0.050980392156862744
A	C5'_1	236.701	118.707	158.894	0.5647058823529412	0.5647058823529412	0.5647058823529412
A	C4'_1	236.757	118.791	157.386	0.5647058823529412	0.5647058823529412	0.5647058823529412
A	O4'_1	237.333	120.065	156.986	1.0	0.050980392156862744	0.050980392156862744
A	C3'_1	237.639	117.769	156.692	0.5647058823529412	0.5647058823529412	0.5647058823529412
A	O3'_1	236.969	116.517	156.563	1.0	0.050980392156862744	0.050980392156862744
A	C2'_1	237.906	118.435	155.344	0.5647058823529412	0.5647058823529412	0.5647058823529412
A	O2'_1	236.838	118.306	154.424	1.0	0.050980392156862744	0.050980392156862744
A	C1'_1	238.028	119.906	155.755	0.5647058823529412	0.5647058823529412	0.5647058823529412
A	N9_1	239.41	120.372	155.918	0.18823529411764706	0.3137254901960784	0.9725490196078431
A	C8_1	240.033	120.825	157.059	0.5647058823529412	0.5647058823529412	0.5647058823529412
A	N7_1	241.28	121.189	156.874	0.18823529411764706	0.3137254901960784	0.9725490196078431
A	C5_1	241.497	120.96	155.521	0.5647058823529412	0.5647058823529412	0.5647058823529412
A	C6_1	242.627	121.141	154.698	0.5647058823529412	0.5647058823529412	0.5647058823529412
A	N6_1	243.798	121.614	155.138	0.18823529411764706	0.3137254901960784	0.9725490196078431
A	N1_1	242.512	120.813	153.391	0.18823529411764706	0.3137254901960784	0.9725490196078431
A	C2_1	241.34	120.331	152.952	0.5647058823529412	0.5647058823529412	0.5647058823529412
A	N3_1	240.211	120.112	153.626	0.18823529411764706	0.3137254901960784	0.9725490196078431
A	C4_1	240.356	120.452	154.92	0.5647058823529412	0.5647058823529412	0.5647058823529412
U	P_2	250.993	126.013	145.225	1.0	0.5019607843137255	0.0
U	OP1_2	250.172	126.853	144.306	1.0	0.050980392156862744	0.050980392156862744
U	OP2_2	252.426	126.363	145.452	1.0	0.050980392156862744	0.050980392156862744
U	O5'_2	250.259	125.941	146.643	1.0	0.050980392156862744	0.050980392156862744
U	C5'_2	248.83	126.121	146.757	0.5647058823529412	0.5647058823529412	0.5647058823529412
U	C4'_2	248.113	124.796	146.604	0.5647058823529412	0.5647058823529412	0.5647058823529412
U	O4'_2	248.449	123.909	147.708	1.0	0.050980392156862744	0.050980392156862744
U	C3'_2	246.599	124.865	146.695	0.5647058823529412	0.5647058823529412	0.5647058823529412
U	O3'_2	246.016	125.35	145.49	1.0	0.050980392156862744	0.050980392156862744
U	C2'_2	246.236	123.411	146.977	0.5647058823529412	0.5647058823529412	0.5647058823529412
U	O2'_2	246.266	122.603	145.818	1.0	0.050980392156862744	0.050980392156862744
U	C1'_2	247.376	122.994	147.914	0.5647058823529412	0.5647058823529412	0.5647058823529412
U	N1_2	247.03	122.946	149.35	0.18823529411764706	0.3137254901960784	0.9725490196078431
U	C2_2	246.005	122.086	149.747	0.5647058823529412	0.5647058823529412	0.5647058823529412
U	O2_2	245.367	121.395	148.963	1.0	0.050980392156862744	0.050980392156862744
U	N3_2	245.756	122.068	151.101	0.18823529411764706	0.3137254901960784	0.9725490196078431
U	C4_2	246.399	122.801	152.078	0.5647058823529412	0.5647058823529412	0.5647058823529412
U	O4_2	246.078	122.651	153.257	1.0	0.050980392156862744	0.050980392156862744
U	C5_2	247.429	123.671	151.594	0.5647058823529412	0.5647058823529412	0.5647058823529412
U	C6_2	247.704	123.715	150.286	0.5647058823529412	0.5647058823529412	0.5647058823529412
