U	P_1	165.778	168.604	252.737	1.0	0.5019607843137255	0.0
U	OP1_1	164.86	167.832	253.62	1.0	0.050980392156862744	0.050980392156862744
U	OP2_1	167.184	168.144	252.561	1.0	0.050980392156862744	0.050980392156862744
U	O5'_1	165.095	168.721	251.302	1.0	0.050980392156862744	0.050980392156862744
U	C5'_1	163.834	169.399	251.152	0.5647058823529412	0.5647058823529412	0.5647058823529412
U	C4'_1	163.836	170.26	249.906	0.5647058823529412	0.5647058823529412	0.5647058823529412
U	O4'_1	165.006	171.11	249.909	1.0	0.050980392156862744	0.050980392156862744
U	C3'_1	163.967	169.545	248.57	0.5647058823529412	0.5647058823529412	0.5647058823529412
U	O3'_1	162.685	169.0	248.224	1.0	0.050980392156862744	0.050980392156862744
U	C2'_1	164.406	170.683	247.641	0.5647058823529412	0.5647058823529412	0.5647058823529412
U	O2'_1	163.316	171.457	247.179	1.0	0.050980392156862744	0.050980392156862744
U	C1'_1	165.236	171.562	248.588	0.5647058823529412	0.5647058823529412	0.5647058823529412
U	N1_1	166.687	171.642	248.347	0.18823529411764706	0.3137254901960784	0.9725490196078431
U	C2_1	167.173	172.793	247.729	0.5647058823529412	0.5647058823529412	0.5647058823529412
U	O2_1	166.45	173.709	247.359	1.0	0.050980392156862744	0.050980392156862744
U	N3_1	168.537	172.831	247.563	0.18823529411764706	0.3137254901960784	0.9725490196078431
U	C4_1	169.448	171.859	247.937	0.5647058823529412	0.5647058823529412	0.5647058823529412
U	O4_1	170.651	172.053	247.75	1.0	0.050980392156862744	0.050980392156862744
U	C5_1	168.869	170.697	248.553	0.5647058823529412	0.5647058823529412	0.5647058823529412
U	C6_1	167.542	170.63	248.731	0.5647058823529412	0.5647058823529412	0.5647058823529412
A	P_2	173.261	176.78	246.8	1.0	0.5019607843137255	0.0
A	OP1_2	174.726	176.792	247.071	1.0	0.050980392156862744	0.050980392156862744
A	OP2_2	172.319	176.344	247.866	1.0	0.050980392156862744	0.050980392156862744
A	O5'_2	172.84	178.245	246.333	1.0	0.050980392156862744	0.050980392156862744
A	C5'_2	173.454	178.859	245.178	0.5647058823529412	0.5647058823529412	0.5647058823529412
A	C4'_2	172.394	179.356	244.218	0.5647058823529412	0.5647058823529412	0.5647058823529412
A	O4'_2	171.643	178.231	243.689	1.0	0.050980392156862744	0.050980392156862744
A	C3'_2	171.327	180.272	244.804	0.5647058823529412	0.5647058823529412	0.5647058823529412
A	O3'_2	171.799	181.623	244.886	1.0	0.050980392156862744	0.050980392156862744
A	C2'_2	170.187	180.123	243.798	0.5647058823529412	0.5647058823529412	0.5647058823529412
A	O2'_2	170.36	180.921	242.647	1.0	0.050980392156862744	0.050980392156862744
A	C1'_2	170.317	178.646	243.395	0.5647058823529412	0.5647058823529412	0.5647058823529412
A	N9_2	169.371	177.724	244.037	0.18823529411764706	0.3137254901960784	0.9725490196078431
A	C8_2	169.648	176.639	244.841	0.5647058823529412	0.5647058823529412	0.5647058823529412
A	N7_2	168.578	176.011	245.272	0.18823529411764706	0.3137254901960784	0.9725490196078431
A	C5_2	167.526	176.728	244.717	0.5647058823529412	0.5647058823529412	0.5647058823529412
A	C6_2	166.135	176.575	244.803	0.5647058823529412	0.5647058823529412	0.5647058823529412
A	N6_2	165.541	175.617	245.517	0.18823529411764706	0.3137254901960784	0.9725490196078431
A	N1_2	165.362	177.452	244.125	0.18823529411764706	0.3137254901960784	0.9725490196078431
A	C2_2	165.96	178.418	243.418	0.5647058823529412	0.5647058823529412	0.5647058823529412
A	N3_2	167.259	178.67	243.265	0.18823529411764706	0.3137254901960784	0.9725490196078431
A	C4_2	167.998	177.778	243.948	0.5647058823529412	0.5647058823529412	0.5647058823529412
