A	P_1	179.098	141.618	198.279	1.0	0.5019607843137255	0.0
A	OP1_1	178.388	142.316	199.387	1.0	0.050980392156862744	0.050980392156862744
A	OP2_1	180.031	140.505	198.594	1.0	0.050980392156862744	0.050980392156862744
A	O5'_1	178.016	141.063	197.241	1.0	0.050980392156862744	0.050980392156862744
A	C5'_1	176.914	141.884	196.79	0.5647058823529412	0.5647058823529412	0.5647058823529412
A	C4'_1	176.09	141.143	195.754	0.5647058823529412	0.5647058823529412	0.5647058823529412
A	O4'_1	176.933	140.818	194.612	1.0	0.050980392156862744	0.050980392156862744
A	C3'_1	175.508	139.801	196.183	0.5647058823529412	0.5647058823529412	0.5647058823529412
A	O3'_1	174.286	139.958	196.9	1.0	0.050980392156862744	0.050980392156862744
A	C2'_1	175.321	139.077	194.85	0.5647058823529412	0.5647058823529412	0.5647058823529412
A	O2'_1	174.158	139.477	194.15	1.0	0.050980392156862744	0.050980392156862744
A	C1'_1	176.551	139.557	194.074	0.5647058823529412	0.5647058823529412	0.5647058823529412
A	N9_1	177.702	138.656	194.163	0.18823529411764706	0.3137254901960784	0.9725490196078431
A	C8_1	178.761	138.724	195.043	0.5647058823529412	0.5647058823529412	0.5647058823529412
A	N7_1	179.663	137.789	194.858	0.18823529411764706	0.3137254901960784	0.9725490196078431
A	C5_1	179.161	137.05	193.793	0.5647058823529412	0.5647058823529412	0.5647058823529412
A	C6_1	179.654	135.921	193.113	0.5647058823529412	0.5647058823529412	0.5647058823529412
A	N6_1	180.807	135.319	193.422	0.18823529411764706	0.3137254901960784	0.9725490196078431
A	N1_1	178.913	135.425	192.094	0.18823529411764706	0.3137254901960784	0.9725490196078431
A	C2_1	177.754	136.031	191.791	0.5647058823529412	0.5647058823529412	0.5647058823529412
A	N3_1	177.187	137.1	192.356	0.18823529411764706	0.3137254901960784	0.9725490196078431
A	C4_1	177.951	137.568	193.36	0.5647058823529412	0.5647058823529412	0.5647058823529412
U	P_2	181.299	127.391	186.588	1.0	0.5019607843137255	0.0
U	OP1_2	180.944	126.572	185.394	1.0	0.050980392156862744	0.050980392156862744
U	OP2_2	182.552	128.186	186.588	1.0	0.050980392156862744	0.050980392156862744
U	O5'_2	180.078	128.368	186.891	1.0	0.050980392156862744	0.050980392156862744
U	C5'_2	178.741	127.853	187.006	0.5647058823529412	0.5647058823529412	0.5647058823529412
U	C4'_2	177.76	128.973	187.273	0.5647058823529412	0.5647058823529412	0.5647058823529412
U	O4'_2	178.127	129.637	188.516	1.0	0.050980392156862744	0.050980392156862744
U	C3'_2	177.653	130.071	186.215	0.5647058823529412	0.5647058823529412	0.5647058823529412
U	O3'_2	176.3	130.538	186.144	1.0	0.050980392156862744	0.050980392156862744
U	C2'_2	178.567	131.159	186.775	0.5647058823529412	0.5647058823529412	0.5647058823529412
U	O2'_2	178.227	132.46	186.33	1.0	0.050980392156862744	0.050980392156862744
U	C1'_2	178.32	131.017	188.277	0.5647058823529412	0.5647058823529412	0.5647058823529412
U	N1_2	179.416	131.486	189.14	0.18823529411764706	0.3137254901960784	0.9725490196078431
U	C2_2	179.156	132.561	189.973	0.5647058823529412	0.5647058823529412	0.5647058823529412
U	O2_2	178.078	133.138	190.0	1.0	0.050980392156862744	0.050980392156862744
U	N3_2	180.205	132.94	190.775	0.18823529411764706	0.3137254901960784	0.9725490196078431
U	C4_2	181.463	132.372	190.824	0.5647058823529412	0.5647058823529412	0.5647058823529412
U	O4_2	182.297	132.82	191.613	1.0	0.050980392156862744	0.050980392156862744
U	C5_2	181.658	131.273	189.926	0.5647058823529412	0.5647058823529412	0.5647058823529412
U	C6_2	180.656	130.879	189.134	0.5647058823529412	0.5647058823529412	0.5647058823529412
