A	P_1	200.188	306.445	175.283	1.0	0.5019607843137255	0.0
A	OP1_1	199.681	305.655	174.13	1.0	0.050980392156862744	0.050980392156862744
A	OP2_1	200.171	305.847	176.649	1.0	0.050980392156862744	0.050980392156862744
A	O5'_1	201.688	306.875	174.961	1.0	0.050980392156862744	0.050980392156862744
A	C5'_1	202.436	307.678	175.894	0.5647058823529412	0.5647058823529412	0.5647058823529412
A	C4'_1	203.81	307.084	176.115	0.5647058823529412	0.5647058823529412	0.5647058823529412
A	O4'_1	203.676	305.736	176.642	1.0	0.050980392156862744	0.050980392156862744
A	C3'_1	204.674	306.924	174.873	0.5647058823529412	0.5647058823529412	0.5647058823529412
A	O3'_1	205.35	308.138	174.554	1.0	0.050980392156862744	0.050980392156862744
A	C2'_1	205.622	305.805	175.285	0.5647058823529412	0.5647058823529412	0.5647058823529412
A	O2'_1	206.653	306.235	176.148	1.0	0.050980392156862744	0.050980392156862744
A	C1'_1	204.677	304.9	176.077	0.5647058823529412	0.5647058823529412	0.5647058823529412
A	N9_1	204.006	303.909	175.235	0.18823529411764706	0.3137254901960784	0.9725490196078431
A	C8_1	202.659	303.818	174.96	0.5647058823529412	0.5647058823529412	0.5647058823529412
A	N7_1	202.346	302.821	174.17	0.18823529411764706	0.3137254901960784	0.9725490196078431
A	C5_1	203.565	302.216	173.901	0.5647058823529412	0.5647058823529412	0.5647058823529412
A	C6_1	203.907	301.102	173.125	0.5647058823529412	0.5647058823529412	0.5647058823529412
A	N6_1	203.015	300.38	172.446	0.18823529411764706	0.3137254901960784	0.9725490196078431
A	N1_1	205.209	300.752	173.067	0.18823529411764706	0.3137254901960784	0.9725490196078431
A	C2_1	206.1	301.485	173.746	0.5647058823529412	0.5647058823529412	0.5647058823529412
A	N3_1	205.902	302.555	174.513	0.18823529411764706	0.3137254901960784	0.9725490196078431
A	C4_1	204.597	302.872	174.551	0.5647058823529412	0.5647058823529412	0.5647058823529412
U	P_2	207.033	291.537	170.43	1.0	0.5019607843137255	0.0
U	OP1_2	207.614	290.292	171.008	1.0	0.050980392156862744	0.050980392156862744
U	OP2_2	205.569	291.775	170.52	1.0	0.050980392156862744	0.050980392156862744
U	O5'_2	207.776	292.779	171.094	1.0	0.050980392156862744	0.050980392156862744
U	C5'_2	209.216	292.855	171.115	0.5647058823529412	0.5647058823529412	0.5647058823529412
U	C4'_2	209.661	294.186	171.672	0.5647058823529412	0.5647058823529412	0.5647058823529412
U	O4'_2	209.19	295.249	170.801	1.0	0.050980392156862744	0.050980392156862744
U	C3'_2	209.103	294.552	173.038	0.5647058823529412	0.5647058823529412	0.5647058823529412
U	O3'_2	209.844	293.949	174.092	1.0	0.050980392156862744	0.050980392156862744
U	C2'_2	209.227	296.068	173.033	0.5647058823529412	0.5647058823529412	0.5647058823529412
U	O2'_2	210.544	296.509	173.288	1.0	0.050980392156862744	0.050980392156862744
U	C1'_2	208.869	296.389	171.58	0.5647058823529412	0.5647058823529412	0.5647058823529412
U	N1_2	207.444	296.708	171.394	0.18823529411764706	0.3137254901960784	0.9725490196078431
U	C2_2	207.051	298.023	171.599	0.5647058823529412	0.5647058823529412	0.5647058823529412
U	O2_2	207.833	298.912	171.907	1.0	0.050980392156862744	0.050980392156862744
U	N3_2	205.71	298.258	171.428	0.18823529411764706	0.3137254901960784	0.9725490196078431
U	C4_2	204.742	297.339	171.078	0.5647058823529412	0.5647058823529412	0.5647058823529412
U	O4_2	203.569	297.698	171.008	1.0	0.050980392156862744	0.050980392156862744
U	C5_2	205.224	296.007	170.876	0.5647058823529412	0.5647058823529412	0.5647058823529412
U	C6_2	206.525	295.742	171.037	0.5647058823529412	0.5647058823529412	0.5647058823529412
