A	P_1	260.792	177.071	188.86	1.0	0.5019607843137255	0.0
A	OP1_1	261.783	177.981	189.514	1.0	0.050980392156862744	0.050980392156862744
A	OP2_1	259.342	177.434	188.87	1.0	0.050980392156862744	0.050980392156862744
A	O5'_1	261.249	176.842	187.345	1.0	0.050980392156862744	0.050980392156862744
A	C5'_1	262.614	176.476	187.029	0.5647058823529412	0.5647058823529412	0.5647058823529412
A	C4'_1	262.743	176.131	185.559	0.5647058823529412	0.5647058823529412	0.5647058823529412
A	O4'_1	261.887	174.995	185.252	1.0	0.050980392156862744	0.050980392156862744
A	C3'_1	262.31	177.213	184.575	0.5647058823529412	0.5647058823529412	0.5647058823529412
A	O3'_1	263.368	178.147	184.345	1.0	0.050980392156862744	0.050980392156862744
A	C2'_1	261.967	176.402	183.329	0.5647058823529412	0.5647058823529412	0.5647058823529412
A	O2'_1	263.114	176.011	182.597	1.0	0.050980392156862744	0.050980392156862744
A	C1'_1	261.329	175.154	183.954	0.5647058823529412	0.5647058823529412	0.5647058823529412
A	N9_1	259.873	175.245	184.095	0.18823529411764706	0.3137254901960784	0.9725490196078431
A	C8_1	259.155	175.62	185.208	0.5647058823529412	0.5647058823529412	0.5647058823529412
A	N7_1	257.854	175.61	185.028	0.18823529411764706	0.3137254901960784	0.9725490196078431
A	C5_1	257.703	175.203	183.71	0.5647058823529412	0.5647058823529412	0.5647058823529412
A	C6_1	256.562	175.006	182.906	0.5647058823529412	0.5647058823529412	0.5647058823529412
A	N6_1	255.31	175.208	183.331	0.18823529411764706	0.3137254901960784	0.9725490196078431
A	N1_1	256.755	174.591	181.634	0.18823529411764706	0.3137254901960784	0.9725490196078431
A	C2_1	258.014	174.4	181.206	0.5647058823529412	0.5647058823529412	0.5647058823529412
A	N3_1	259.165	174.562	181.862	0.18823529411764706	0.3137254901960784	0.9725490196078431
A	C4_1	258.938	174.969	183.124	0.5647058823529412	0.5647058823529412	0.5647058823529412
U	P_2	249.188	172.537	176.068	1.0	0.5019607843137255	0.0
U	OP1_2	248.657	171.486	175.156	1.0	0.050980392156862744	0.050980392156862744
U	OP2_2	248.992	172.408	177.539	1.0	0.050980392156862744	0.050980392156862744
U	O5'_2	250.75	172.651	175.805	1.0	0.050980392156862744	0.050980392156862744
U	C5'_2	251.257	172.749	174.471	0.5647058823529412	0.5647058823529412	0.5647058823529412
U	C4'_2	252.76	172.804	174.503	0.5647058823529412	0.5647058823529412	0.5647058823529412
U	O4'_2	253.185	174.034	175.153	1.0	0.050980392156862744	0.050980392156862744
U	C3'_2	253.408	171.698	175.322	0.5647058823529412	0.5647058823529412	0.5647058823529412
U	O3'_2	253.52	170.503	174.551	1.0	0.050980392156862744	0.050980392156862744
U	C2'_2	254.748	172.32	175.7	0.5647058823529412	0.5647058823529412	0.5647058823529412
U	O2'_2	255.688	172.284	174.645	1.0	0.050980392156862744	0.050980392156862744
U	C1'_2	254.338	173.779	175.945	0.5647058823529412	0.5647058823529412	0.5647058823529412
U	N1_2	254.009	174.059	177.352	0.18823529411764706	0.3137254901960784	0.9725490196078431
U	C2_2	255.062	174.327	178.213	0.5647058823529412	0.5647058823529412	0.5647058823529412
U	O2_2	256.23	174.366	177.845	1.0	0.050980392156862744	0.050980392156862744
U	N3_2	254.697	174.548	179.519	0.18823529411764706	0.3137254901960784	0.9725490196078431
U	C4_2	253.415	174.538	180.04	0.5647058823529412	0.5647058823529412	0.5647058823529412
U	O4_2	253.255	174.698	181.25	1.0	0.050980392156862744	0.050980392156862744
U	C5_2	252.38	174.278	179.085	0.5647058823529412	0.5647058823529412	0.5647058823529412
U	C6_2	252.704	174.048	177.806	0.5647058823529412	0.5647058823529412	0.5647058823529412
