U	P_1	238.603	268.073	213.674	1.0	0.5019607843137255	0.0
U	OP1_1	238.604	269.421	214.318	1.0	0.050980392156862744	0.050980392156862744
U	OP2_1	239.642	267.083	214.05	1.0	0.050980392156862744	0.050980392156862744
U	O5'_1	237.163	267.414	213.881	1.0	0.050980392156862744	0.050980392156862744
U	C5'_1	235.96	268.196	213.724	0.5647058823529412	0.5647058823529412	0.5647058823529412
U	C4'_1	234.746	267.395	214.148	0.5647058823529412	0.5647058823529412	0.5647058823529412
U	O4'_1	234.539	266.285	213.234	1.0	0.050980392156862744	0.050980392156862744
U	C3'_1	234.802	266.739	215.522	0.5647058823529412	0.5647058823529412	0.5647058823529412
U	O3'_1	234.487	267.669	216.557	1.0	0.050980392156862744	0.050980392156862744
U	C2'_1	233.76	265.631	215.396	0.5647058823529412	0.5647058823529412	0.5647058823529412
U	O2'_1	232.434	266.088	215.568	1.0	0.050980392156862744	0.050980392156862744
U	C1'_1	233.957	265.195	213.939	0.5647058823529412	0.5647058823529412	0.5647058823529412
U	N1_1	234.806	264.004	213.757	0.18823529411764706	0.3137254901960784	0.9725490196078431
U	C2_1	234.173	262.792	213.494	0.5647058823529412	0.5647058823529412	0.5647058823529412
U	O2_1	232.955	262.673	213.428	1.0	0.050980392156862744	0.050980392156862744
U	N3_1	235.02	261.725	213.314	0.18823529411764706	0.3137254901960784	0.9725490196078431
U	C4_1	236.405	261.737	213.372	0.5647058823529412	0.5647058823529412	0.5647058823529412
U	O4_1	237.026	260.69	213.179	1.0	0.050980392156862744	0.050980392156862744
U	C5_1	236.984	263.017	213.656	0.5647058823529412	0.5647058823529412	0.5647058823529412
U	C6_1	236.189	264.08	213.835	0.5647058823529412	0.5647058823529412	0.5647058823529412
A	P_2	229.906	251.189	211.676	1.0	0.5019607843137255	0.0
A	OP1_2	228.721	250.483	211.107	1.0	0.050980392156862744	0.050980392156862744
A	OP2_2	231.108	251.405	210.826	1.0	0.050980392156862744	0.050980392156862744
A	O5'_2	229.424	252.607	212.23	1.0	0.050980392156862744	0.050980392156862744
A	C5'_2	228.151	252.757	212.895	0.5647058823529412	0.5647058823529412	0.5647058823529412
A	C4'_2	227.867	254.221	213.16	0.5647058823529412	0.5647058823529412	0.5647058823529412
A	O4'_2	228.863	254.747	214.076	1.0	0.050980392156862744	0.050980392156862744
A	C3'_2	227.944	255.144	211.952	0.5647058823529412	0.5647058823529412	0.5647058823529412
A	O3'_2	226.729	255.136	211.205	1.0	0.050980392156862744	0.050980392156862744
A	C2'_2	228.229	256.5	212.59	0.5647058823529412	0.5647058823529412	0.5647058823529412
A	O2'_2	227.073	257.123	213.11	1.0	0.050980392156862744	0.050980392156862744
A	C1'_2	229.143	256.101	213.751	0.5647058823529412	0.5647058823529412	0.5647058823529412
A	N9_2	230.57	256.221	213.456	0.18823529411764706	0.3137254901960784	0.9725490196078431
A	C8_2	231.427	255.241	213.003	0.5647058823529412	0.5647058823529412	0.5647058823529412
A	N7_2	232.667	255.646	212.863	0.18823529411764706	0.3137254901960784	0.9725490196078431
A	C5_2	232.627	256.984	213.24	0.5647058823529412	0.5647058823529412	0.5647058823529412
A	C6_2	233.626	257.974	213.323	0.5647058823529412	0.5647058823529412	0.5647058823529412
A	N6_2	234.915	257.75	213.033	0.18823529411764706	0.3137254901960784	0.9725490196078431
A	N1_2	233.252	259.212	213.725	0.18823529411764706	0.3137254901960784	0.9725490196078431
A	C2_2	231.96	259.427	214.027	0.5647058823529412	0.5647058823529412	0.5647058823529412
A	N3_2	230.932	258.573	214.001	0.18823529411764706	0.3137254901960784	0.9725490196078431
A	C4_2	231.339	257.355	213.596	0.5647058823529412	0.5647058823529412	0.5647058823529412
