A	P_1	250.529	201.385	265.77	1.0	0.5019607843137255	0.0
A	OP1_1	251.097	202.4	264.834	1.0	0.050980392156862744	0.050980392156862744
A	OP2_1	249.223	201.647	266.435	1.0	0.050980392156862744	0.050980392156862744
A	O5'_1	250.406	200.004	264.984	1.0	0.050980392156862744	0.050980392156862744
A	C5'_1	249.342	199.79	264.037	0.5647058823529412	0.5647058823529412	0.5647058823529412
A	C4'_1	248.597	198.517	264.367	0.5647058823529412	0.5647058823529412	0.5647058823529412
A	O4'_1	248.151	198.562	265.745	1.0	0.050980392156862744	0.050980392156862744
A	C3'_1	247.32	198.296	263.571	0.5647058823529412	0.5647058823529412	0.5647058823529412
A	O3'_1	247.612	197.687	262.31	1.0	0.050980392156862744	0.050980392156862744
A	C2'_1	246.526	197.353	264.473	0.5647058823529412	0.5647058823529412	0.5647058823529412
A	O2'_1	246.913	196.0	264.328	1.0	0.050980392156862744	0.050980392156862744
A	C1'_1	246.943	197.83	265.869	0.5647058823529412	0.5647058823529412	0.5647058823529412
A	N9_1	245.971	198.632	266.618	0.18823529411764706	0.3137254901960784	0.9725490196078431
A	C8_1	246.115	199.923	267.074	0.5647058823529412	0.5647058823529412	0.5647058823529412
A	N7_1	245.089	200.359	267.766	0.18823529411764706	0.3137254901960784	0.9725490196078431
A	C5_1	244.203	199.29	267.756	0.5647058823529412	0.5647058823529412	0.5647058823529412
A	C6_1	242.926	199.12	268.318	0.5647058823529412	0.5647058823529412	0.5647058823529412
A	N6_1	242.307	200.061	269.034	0.18823529411764706	0.3137254901960784	0.9725490196078431
A	N1_1	242.301	197.937	268.119	0.18823529411764706	0.3137254901960784	0.9725490196078431
A	C2_1	242.929	196.996	267.403	0.5647058823529412	0.5647058823529412	0.5647058823529412
A	N3_1	244.133	197.035	266.825	0.18823529411764706	0.3137254901960784	0.9725490196078431
A	C4_1	244.726	198.224	267.042	0.5647058823529412	0.5647058823529412	0.5647058823529412
U	P_2	244.539	209.182	273.325	1.0	0.5019607843137255	0.0
U	OP1_2	244.688	210.342	274.253	1.0	0.050980392156862744	0.050980392156862744
U	OP2_2	245.744	208.608	272.671	1.0	0.050980392156862744	0.050980392156862744
U	O5'_2	243.766	208.023	274.101	1.0	0.050980392156862744	0.050980392156862744
U	C5'_2	244.408	206.769	274.412	0.5647058823529412	0.5647058823529412	0.5647058823529412
U	C4'_2	243.55	205.624	273.926	0.5647058823529412	0.5647058823529412	0.5647058823529412
U	O4'_2	243.385	205.742	272.489	1.0	0.050980392156862744	0.050980392156862744
U	C3'_2	244.098	204.218	274.133	0.5647058823529412	0.5647058823529412	0.5647058823529412
U	O3'_2	243.791	203.73	275.442	1.0	0.050980392156862744	0.050980392156862744
U	C2'_2	243.369	203.43	273.052	0.5647058823529412	0.5647058823529412	0.5647058823529412
U	O2'_2	242.044	203.108	273.424	1.0	0.050980392156862744	0.050980392156862744
U	C1'_2	243.331	204.448	271.909	0.5647058823529412	0.5647058823529412	0.5647058823529412
U	N1_2	244.435	204.314	270.943	0.18823529411764706	0.3137254901960784	0.9725490196078431
U	C2_2	244.286	203.393	269.91	0.5647058823529412	0.5647058823529412	0.5647058823529412
U	O2_2	243.295	202.695	269.778	1.0	0.050980392156862744	0.050980392156862744
U	N3_2	245.346	203.325	269.04	0.18823529411764706	0.3137254901960784	0.9725490196078431
U	C4_2	246.518	204.064	269.091	0.5647058823529412	0.5647058823529412	0.5647058823529412
U	O4_2	247.385	203.885	268.23	1.0	0.050980392156862744	0.050980392156862744
U	C5_2	246.598	204.986	270.184	0.5647058823529412	0.5647058823529412	0.5647058823529412
U	C6_2	245.581	205.078	271.051	0.5647058823529412	0.5647058823529412	0.5647058823529412
