A	P_1	202.812	206.936	208.284	1.0	0.5019607843137255	0.0
A	OP1_1	202.268	205.643	208.815	1.0	0.050980392156862744	0.050980392156862744
A	OP2_1	201.934	208.149	208.268	1.0	0.050980392156862744	0.050980392156862744
A	O5'_1	204.139	207.289	209.097	1.0	0.050980392156862744	0.050980392156862744
A	C5'_1	205.112	206.271	209.385	0.5647058823529412	0.5647058823529412	0.5647058823529412
A	C4'_1	206.389	206.889	209.905	0.5647058823529412	0.5647058823529412	0.5647058823529412
A	O4'_1	206.94	207.779	208.896	1.0	0.050980392156862744	0.050980392156862744
A	C3'_1	206.273	207.765	211.143	0.5647058823529412	0.5647058823529412	0.5647058823529412
A	O3'_1	206.223	206.993	212.351	1.0	0.050980392156862744	0.050980392156862744
A	C2'_1	207.541	208.61	211.038	0.5647058823529412	0.5647058823529412	0.5647058823529412
A	O2'_1	208.706	207.908	211.429	1.0	0.050980392156862744	0.050980392156862744
A	C1'_1	207.607	208.864	209.528	0.5647058823529412	0.5647058823529412	0.5647058823529412
A	N9_1	206.948	210.113	209.125	0.18823529411764706	0.3137254901960784	0.9725490196078431
A	C8_1	205.636	210.297	208.726	0.5647058823529412	0.5647058823529412	0.5647058823529412
A	N7_1	205.334	211.547	208.449	0.18823529411764706	0.3137254901960784	0.9725490196078431
A	C5_1	206.522	212.236	208.673	0.5647058823529412	0.5647058823529412	0.5647058823529412
A	C6_1	206.864	213.607	208.564	0.5647058823529412	0.5647058823529412	0.5647058823529412
A	N6_1	205.998	214.56	208.198	0.18823529411764706	0.3137254901960784	0.9725490196078431
A	N1_1	208.141	213.962	208.856	0.18823529411764706	0.3137254901960784	0.9725490196078431
A	C2_1	209.006	213.002	209.239	0.5647058823529412	0.5647058823529412	0.5647058823529412
A	N3_1	208.804	211.686	209.384	0.18823529411764706	0.3137254901960784	0.9725490196078431
A	C4_1	207.529	211.364	209.083	0.5647058823529412	0.5647058823529412	0.5647058823529412
U	P_2	211.109	223.441	210.006	1.0	0.5019607843137255	0.0
U	OP1_2	212.175	224.476	209.859	1.0	0.050980392156862744	0.050980392156862744
U	OP2_2	210.063	223.305	208.952	1.0	0.050980392156862744	0.050980392156862744
U	O5'_2	211.804	222.018	210.208	1.0	0.050980392156862744	0.050980392156862744
U	C5'_2	212.766	221.803	211.266	0.5647058823529412	0.5647058823529412	0.5647058823529412
U	C4'_2	213.119	220.332	211.374	0.5647058823529412	0.5647058823529412	0.5647058823529412
U	O4'_2	211.969	219.578	211.847	1.0	0.050980392156862744	0.050980392156862744
U	C3'_2	213.515	219.635	210.079	0.5647058823529412	0.5647058823529412	0.5647058823529412
U	O3'_2	214.88	219.888	209.746	1.0	0.050980392156862744	0.050980392156862744
U	C2'_2	213.249	218.171	210.41	0.5647058823529412	0.5647058823529412	0.5647058823529412
U	O2'_2	214.272	217.593	211.194	1.0	0.050980392156862744	0.050980392156862744
U	C1'_2	211.979	218.281	211.26	0.5647058823529412	0.5647058823529412	0.5647058823529412
U	N1_2	210.725	218.086	210.511	0.18823529411764706	0.3137254901960784	0.9725490196078431
U	C2_2	210.201	216.799	210.454	0.5647058823529412	0.5647058823529412	0.5647058823529412
U	O2_2	210.74	215.836	210.98	1.0	0.050980392156862744	0.050980392156862744
U	N3_2	209.024	216.684	209.755	0.18823529411764706	0.3137254901960784	0.9725490196078431
U	C4_2	208.333	217.699	209.116	0.5647058823529412	0.5647058823529412	0.5647058823529412
U	O4_2	207.293	217.434	208.511	1.0	0.050980392156862744	0.050980392156862744
U	C5_2	208.937	218.995	209.216	0.5647058823529412	0.5647058823529412	0.5647058823529412
U	C6_2	210.083	219.14	209.889	0.5647058823529412	0.5647058823529412	0.5647058823529412
