U	P_1	240.077	224.727	153.86	1.0	0.5019607843137255	0.0
U	OP1_1	241.507	224.616	153.441	1.0	0.050980392156862744	0.050980392156862744
U	OP2_1	239.612	224.008	155.076	1.0	0.050980392156862744	0.050980392156862744
U	O5'_1	239.728	226.275	154.019	1.0	0.050980392156862744	0.050980392156862744
U	C5'_1	239.961	227.198	152.934	0.5647058823529412	0.5647058823529412	0.5647058823529412
U	C4'_1	239.333	228.539	153.239	0.5647058823529412	0.5647058823529412	0.5647058823529412
U	O4'_1	237.895	228.399	153.327	1.0	0.050980392156862744	0.050980392156862744
U	C3'_1	239.735	229.188	154.553	0.5647058823529412	0.5647058823529412	0.5647058823529412
U	O3'_1	240.981	229.862	154.374	1.0	0.050980392156862744	0.050980392156862744
U	C2'_1	238.567	230.134	154.828	0.5647058823529412	0.5647058823529412	0.5647058823529412
U	O2'_1	238.662	231.345	154.108	1.0	0.050980392156862744	0.050980392156862744
U	C1'_1	237.386	229.333	154.266	0.5647058823529412	0.5647058823529412	0.5647058823529412
U	N1_1	236.569	228.605	155.25	0.18823529411764706	0.3137254901960784	0.9725490196078431
U	C2_1	235.47	229.266	155.793	0.5647058823529412	0.5647058823529412	0.5647058823529412
U	O2_1	235.171	230.419	155.498	1.0	0.050980392156862744	0.050980392156862744
U	N3_1	234.734	228.523	156.689	0.18823529411764706	0.3137254901960784	0.9725490196078431
U	C4_1	234.978	227.221	157.09	0.5647058823529412	0.5647058823529412	0.5647058823529412
U	O4_1	234.231	226.695	157.915	1.0	0.050980392156862744	0.050980392156862744
U	C5_1	236.13	226.61	156.493	0.5647058823529412	0.5647058823529412	0.5647058823529412
U	C6_1	236.87	227.303	155.618	0.5647058823529412	0.5647058823529412	0.5647058823529412
A	P_2	224.833	232.42	161.4	1.0	0.5019607843137255	0.0
A	OP1_2	223.846	233.537	161.501	1.0	0.050980392156862744	0.050980392156862744
A	OP2_2	224.635	231.361	160.373	1.0	0.050980392156862744	0.050980392156862744
A	O5'_2	226.288	233.048	161.187	1.0	0.050980392156862744	0.050980392156862744
A	C5'_2	226.598	234.4	161.621	0.5647058823529412	0.5647058823529412	0.5647058823529412
A	C4'_2	227.838	234.914	160.915	0.5647058823529412	0.5647058823529412	0.5647058823529412
A	O4'_2	229.006	234.175	161.365	1.0	0.050980392156862744	0.050980392156862744
A	C3'_2	227.847	234.769	159.399	0.5647058823529412	0.5647058823529412	0.5647058823529412
A	O3'_2	227.148	235.849	158.774	1.0	0.050980392156862744	0.050980392156862744
A	C2'_2	229.338	234.766	159.074	0.5647058823529412	0.5647058823529412	0.5647058823529412
A	O2'_2	229.891	236.069	159.026	1.0	0.050980392156862744	0.050980392156862744
A	C1'_2	229.917	234.021	160.286	0.5647058823529412	0.5647058823529412	0.5647058823529412
A	N9_2	230.166	232.587	160.09	0.18823529411764706	0.3137254901960784	0.9725490196078431
A	C8_2	229.468	231.529	160.636	0.5647058823529412	0.5647058823529412	0.5647058823529412
A	N7_2	229.957	230.35	160.319	0.18823529411764706	0.3137254901960784	0.9725490196078431
A	C5_2	231.041	230.644	159.499	0.5647058823529412	0.5647058823529412	0.5647058823529412
A	C6_2	231.986	229.821	158.842	0.5647058823529412	0.5647058823529412	0.5647058823529412
A	N6_2	231.983	228.486	158.914	0.18823529411764706	0.3137254901960784	0.9725490196078431
A	N1_2	232.944	230.428	158.104	0.18823529411764706	0.3137254901960784	0.9725490196078431
A	C2_2	232.946	231.77	158.036	0.5647058823529412	0.5647058823529412	0.5647058823529412
A	N3_2	232.114	232.651	158.607	0.18823529411764706	0.3137254901960784	0.9725490196078431
A	C4_2	231.175	232.018	159.337	0.5647058823529412	0.5647058823529412	0.5647058823529412
