A	P_1	223.535	148.01	225.715	1.0	0.5019607843137255	0.0
A	OP1_1	224.43	148.643	224.702	1.0	0.050980392156862744	0.050980392156862744
A	OP2_1	222.248	147.404	225.28	1.0	0.050980392156862744	0.050980392156862744
A	O5'_1	224.371	146.897	226.493	1.0	0.050980392156862744	0.050980392156862744
A	C5'_1	225.646	147.215	227.089	0.5647058823529412	0.5647058823529412	0.5647058823529412
A	C4'_1	226.221	145.999	227.779	0.5647058823529412	0.5647058823529412	0.5647058823529412
A	O4'_1	225.353	145.599	228.872	1.0	0.050980392156862744	0.050980392156862744
A	C3'_1	226.345	144.745	226.929	0.5647058823529412	0.5647058823529412	0.5647058823529412
A	O3'_1	227.522	144.784	226.12	1.0	0.050980392156862744	0.050980392156862744
A	C2'_1	226.38	143.64	227.982	0.5647058823529412	0.5647058823529412	0.5647058823529412
A	O2'_1	227.65	143.496	228.592	1.0	0.050980392156862744	0.050980392156862744
A	C1'_1	225.405	144.188	229.03	0.5647058823529412	0.5647058823529412	0.5647058823529412
A	N9_1	224.041	143.656	228.959	0.18823529411764706	0.3137254901960784	0.9725490196078431
A	C8_1	222.908	144.284	228.491	0.5647058823529412	0.5647058823529412	0.5647058823529412
A	N7_1	221.818	143.561	228.597	0.18823529411764706	0.3137254901960784	0.9725490196078431
A	C5_1	222.261	142.371	229.161	0.5647058823529412	0.5647058823529412	0.5647058823529412
A	C6_1	221.587	141.193	229.527	0.5647058823529412	0.5647058823529412	0.5647058823529412
A	N6_1	220.269	141.024	229.373	0.18823529411764706	0.3137254901960784	0.9725490196078431
A	N1_1	222.319	140.186	230.061	0.18823529411764706	0.3137254901960784	0.9725490196078431
A	C2_1	223.643	140.366	230.21	0.5647058823529412	0.5647058823529412	0.5647058823529412
A	N3_1	224.391	141.431	229.908	0.18823529411764706	0.3137254901960784	0.9725490196078431
A	C4_1	223.631	142.411	229.382	0.5647058823529412	0.5647058823529412	0.5647058823529412
U	P_2	217.077	133.724	235.697	1.0	0.5019607843137255	0.0
U	OP1_2	217.22	133.024	237.009	1.0	0.050980392156862744	0.050980392156862744
U	OP2_2	216.527	135.11	235.659	1.0	0.050980392156862744	0.050980392156862744
U	O5'_2	218.498	133.74	234.973	1.0	0.050980392156862744	0.050980392156862744
U	C5'_2	219.461	132.699	235.206	0.5647058823529412	0.5647058823529412	0.5647058823529412
U	C4'_2	220.833	133.163	234.792	0.5647058823529412	0.5647058823529412	0.5647058823529412
U	O4'_2	220.861	133.354	233.351	1.0	0.050980392156862744	0.050980392156862744
U	C3'_2	221.259	134.509	235.358	0.5647058823529412	0.5647058823529412	0.5647058823529412
U	O3'_2	221.76	134.401	236.69	1.0	0.050980392156862744	0.050980392156862744
U	C2'_2	222.306	134.961	234.348	0.5647058823529412	0.5647058823529412	0.5647058823529412
U	O2'_2	223.566	134.348	234.532	1.0	0.050980392156862744	0.050980392156862744
U	C1'_2	221.684	134.47	233.035	0.5647058823529412	0.5647058823529412	0.5647058823529412
U	N1_2	220.855	135.498	232.381	0.18823529411764706	0.3137254901960784	0.9725490196078431
U	C2_2	221.476	136.375	231.496	0.5647058823529412	0.5647058823529412	0.5647058823529412
U	O2_2	222.665	136.309	231.214	1.0	0.050980392156862744	0.050980392156862744
U	N3_2	220.646	137.328	230.96	0.18823529411764706	0.3137254901960784	0.9725490196078431
U	C4_2	219.292	137.489	231.206	0.5647058823529412	0.5647058823529412	0.5647058823529412
U	O4_2	218.687	138.417	230.668	1.0	0.050980392156862744	0.050980392156862744
U	C5_2	218.727	136.542	232.107	0.5647058823529412	0.5647058823529412	0.5647058823529412
U	C6_2	219.503	135.601	232.65	0.5647058823529412	0.5647058823529412	0.5647058823529412
