U	P_1	121.635	201.287	166.354	1.0	0.5019607843137255	0.0
U	OP1_1	123.017	201.583	165.866	1.0	0.050980392156862744	0.050980392156862744
U	OP2_1	120.633	202.383	166.42	1.0	0.050980392156862744	0.050980392156862744
U	O5'_1	121.026	200.103	165.472	1.0	0.050980392156862744	0.050980392156862744
U	C5'_1	121.83	198.96	165.102	0.5647058823529412	0.5647058823529412	0.5647058823529412
U	C4'_1	121.016	197.989	164.274	0.5647058823529412	0.5647058823529412	0.5647058823529412
U	O4'_1	119.948	197.43	165.084	1.0	0.050980392156862744	0.050980392156862744
U	C3'_1	120.3	198.571	163.063	0.5647058823529412	0.5647058823529412	0.5647058823529412
U	O3'_1	121.171	198.683	161.94	1.0	0.050980392156862744	0.050980392156862744
U	C2'_1	119.177	197.566	162.832	0.5647058823529412	0.5647058823529412	0.5647058823529412
U	O2'_1	119.602	196.401	162.152	1.0	0.050980392156862744	0.050980392156862744
U	C1'_1	118.805	197.195	164.271	0.5647058823529412	0.5647058823529412	0.5647058823529412
U	N1_1	117.668	197.953	164.818	0.18823529411764706	0.3137254901960784	0.9725490196078431
U	C2_1	116.387	197.467	164.574	0.5647058823529412	0.5647058823529412	0.5647058823529412
U	O2_1	116.172	196.459	163.919	1.0	0.050980392156862744	0.050980392156862744
U	N3_1	115.375	198.21	165.129	0.18823529411764706	0.3137254901960784	0.9725490196078431
U	C4_1	115.504	199.361	165.886	0.5647058823529412	0.5647058823529412	0.5647058823529412
U	O4_1	114.496	199.9	166.341	1.0	0.050980392156862744	0.050980392156862744
U	C5_1	116.847	199.803	166.086	0.5647058823529412	0.5647058823529412	0.5647058823529412
U	C6_1	117.86	199.104	165.557	0.5647058823529412	0.5647058823529412	0.5647058823529412
A	P_2	103.995	197.577	166.155	1.0	0.5019607843137255	0.0
A	OP1_2	102.676	196.899	166.299	1.0	0.050980392156862744	0.050980392156862744
A	OP2_2	104.651	198.16	167.353	1.0	0.050980392156862744	0.050980392156862744
A	O5'_2	105.015	196.549	165.491	1.0	0.050980392156862744	0.050980392156862744
A	C5'_2	104.584	195.629	164.468	0.5647058823529412	0.5647058823529412	0.5647058823529412
A	C4'_2	105.767	194.852	163.937	0.5647058823529412	0.5647058823529412	0.5647058823529412
A	O4'_2	106.688	195.767	163.282	1.0	0.050980392156862744	0.050980392156862744
A	C3'_2	106.608	194.15	164.993	0.5647058823529412	0.5647058823529412	0.5647058823529412
A	O3'_2	106.055	192.876	165.334	1.0	0.050980392156862744	0.050980392156862744
A	C2'_2	107.972	194.052	164.315	0.5647058823529412	0.5647058823529412	0.5647058823529412
A	O2'_2	108.043	192.989	163.383	1.0	0.050980392156862744	0.050980392156862744
A	C1'_2	108.028	195.381	163.555	0.5647058823529412	0.5647058823529412	0.5647058823529412
A	N9_2	108.671	196.48	164.278	0.18823529411764706	0.3137254901960784	0.9725490196078431
A	C8_2	108.055	197.45	165.036	0.5647058823529412	0.5647058823529412	0.5647058823529412
A	N7_2	108.882	198.34	165.528	0.18823529411764706	0.3137254901960784	0.9725490196078431
A	C5_2	110.126	197.925	165.076	0.5647058823529412	0.5647058823529412	0.5647058823529412
A	C6_2	111.411	198.452	165.252	0.5647058823529412	0.5647058823529412	0.5647058823529412
A	N6_2	111.658	199.563	165.943	0.18823529411764706	0.3137254901960784	0.9725490196078431
A	N1_2	112.444	197.797	164.683	0.18823529411764706	0.3137254901960784	0.9725490196078431
A	C2_2	112.188	196.688	163.978	0.5647058823529412	0.5647058823529412	0.5647058823529412
A	N3_2	111.019	196.095	163.733	0.18823529411764706	0.3137254901960784	0.9725490196078431
A	C4_2	110.014	196.772	164.316	0.5647058823529412	0.5647058823529412	0.5647058823529412
