A	P_1	248.474	119.191	182.958	1.0	0.5019607843137255	0.0
A	OP1_1	249.567	118.64	182.101	1.0	0.050980392156862744	0.050980392156862744
A	OP2_1	247.106	118.608	182.866	1.0	0.050980392156862744	0.050980392156862744
A	O5'_1	248.95	119.125	184.483	1.0	0.050980392156862744	0.050980392156862744
A	C5'_1	250.312	119.45	184.849	0.5647058823529412	0.5647058823529412	0.5647058823529412
A	C4'_1	250.487	119.415	186.354	0.5647058823529412	0.5647058823529412	0.5647058823529412
A	O4'_1	249.737	120.493	186.982	1.0	0.050980392156862744	0.050980392156862744
A	C3'_1	249.993	118.177	187.086	0.5647058823529412	0.5647058823529412	0.5647058823529412
A	O3'_1	250.878	117.069	186.966	1.0	0.050980392156862744	0.050980392156862744
A	C2'_1	249.888	118.685	188.519	0.5647058823529412	0.5647058823529412	0.5647058823529412
A	O2'_1	251.138	118.773	189.173	1.0	0.050980392156862744	0.050980392156862744
A	C1'_1	249.34	120.097	188.294	0.5647058823529412	0.5647058823529412	0.5647058823529412
A	N9_1	247.876	120.127	188.377	0.18823529411764706	0.3137254901960784	0.9725490196078431
A	C8_1	246.967	120.174	187.342	0.5647058823529412	0.5647058823529412	0.5647058823529412
A	N7_1	245.716	120.142	187.735	0.18823529411764706	0.3137254901960784	0.9725490196078431
A	C5_1	245.802	120.076	189.12	0.5647058823529412	0.5647058823529412	0.5647058823529412
A	C6_1	244.822	120.0	190.12	0.5647058823529412	0.5647058823529412	0.5647058823529412
A	N6_1	243.512	119.961	189.866	0.18823529411764706	0.3137254901960784	0.9725490196078431
A	N1_1	245.237	119.957	191.404	0.18823529411764706	0.3137254901960784	0.9725490196078431
A	C2_1	246.551	119.973	191.654	0.5647058823529412	0.5647058823529412	0.5647058823529412
A	N3_1	247.571	120.03	190.799	0.18823529411764706	0.3137254901960784	0.9725490196078431
A	C4_1	247.124	120.081	189.532	0.5647058823529412	0.5647058823529412	0.5647058823529412
U	P_2	238.952	120.922	199.034	1.0	0.5019607843137255	0.0
U	OP1_2	238.627	121.303	200.439	1.0	0.050980392156862744	0.050980392156862744
U	OP2_2	238.344	121.678	197.911	1.0	0.050980392156862744	0.050980392156862744
U	O5'_2	240.535	120.954	198.876	1.0	0.050980392156862744	0.050980392156862744
U	C5'_2	241.377	120.421	199.908	0.5647058823529412	0.5647058823529412	0.5647058823529412
U	C4'_2	242.817	120.407	199.457	0.5647058823529412	0.5647058823529412	0.5647058823529412
U	O4'_2	242.969	119.489	198.345	1.0	0.050980392156862744	0.050980392156862744
U	C3'_2	243.371	121.722	198.93	0.5647058823529412	0.5647058823529412	0.5647058823529412
U	O3'_2	243.769	122.579	200.001	1.0	0.050980392156862744	0.050980392156862744
U	C2'_2	244.546	121.257	198.077	0.5647058823529412	0.5647058823529412	0.5647058823529412
U	O2'_2	245.688	120.933	198.847	1.0	0.050980392156862744	0.050980392156862744
U	C1'_2	243.979	119.97	197.469	0.5647058823529412	0.5647058823529412	0.5647058823529412
U	N1_2	243.398	120.133	196.127	0.18823529411764706	0.3137254901960784	0.9725490196078431
U	C2_2	244.203	119.841	195.04	0.5647058823529412	0.5647058823529412	0.5647058823529412
U	O2_2	245.363	119.478	195.147	1.0	0.050980392156862744	0.050980392156862744
U	N3_2	243.596	119.988	193.817	0.18823529411764706	0.3137254901960784	0.9725490196078431
U	C4_2	242.296	120.393	193.575	0.5647058823529412	0.5647058823529412	0.5647058823529412
U	O4_2	241.89	120.462	192.416	1.0	0.050980392156862744	0.050980392156862744
U	C5_2	241.532	120.686	194.751	0.5647058823529412	0.5647058823529412	0.5647058823529412
U	C6_2	242.094	120.551	195.954	0.5647058823529412	0.5647058823529412	0.5647058823529412
