U	P_1	276.81	145.907	225.892	1.0	0.5019607843137255	0.0
U	OP1_1	276.228	146.562	224.684	1.0	0.050980392156862744	0.050980392156862744
U	OP2_1	277.886	144.895	225.73	1.0	0.050980392156862744	0.050980392156862744
U	O5'_1	277.329	147.048	226.88	1.0	0.050980392156862744	0.050980392156862744
U	C5'_1	276.53	148.224	227.134	0.5647058823529412	0.5647058823529412	0.5647058823529412
U	C4'_1	277.226	149.148	228.11	0.5647058823529412	0.5647058823529412	0.5647058823529412
U	O4'_1	277.24	148.561	229.435	1.0	0.050980392156862744	0.050980392156862744
U	C3'_1	278.694	149.458	227.855	0.5647058823529412	0.5647058823529412	0.5647058823529412
U	O3'_1	278.859	150.437	226.83	1.0	0.050980392156862744	0.050980392156862744
U	C2'_1	279.132	149.995	229.214	0.5647058823529412	0.5647058823529412	0.5647058823529412
U	O2'_1	278.75	151.34	229.414	1.0	0.050980392156862744	0.050980392156862744
U	C1'_1	278.32	149.114	230.17	0.5647058823529412	0.5647058823529412	0.5647058823529412
U	N1_1	279.092	148.027	230.794	0.18823529411764706	0.3137254901960784	0.9725490196078431
U	C2_1	279.563	148.234	232.085	0.5647058823529412	0.5647058823529412	0.5647058823529412
U	O2_1	279.36	149.264	232.714	1.0	0.050980392156862744	0.050980392156862744
U	N3_1	280.281	147.189	232.615	0.18823529411764706	0.3137254901960784	0.9725490196078431
U	C4_1	280.572	145.983	232.002	0.5647058823529412	0.5647058823529412	0.5647058823529412
U	O4_1	281.248	145.151	232.604	1.0	0.050980392156862744	0.050980392156862744
U	C5_1	280.05	145.844	230.671	0.5647058823529412	0.5647058823529412	0.5647058823529412
U	C6_1	279.346	146.844	230.128	0.5647058823529412	0.5647058823529412	0.5647058823529412
A	P_2	286.445	146.94	242.919	1.0	0.5019607843137255	0.0
A	OP1_2	286.366	147.29	244.367	1.0	0.050980392156862744	0.050980392156862744
A	OP2_2	286.021	145.589	242.465	1.0	0.050980392156862744	0.050980392156862744
A	O5'_2	285.611	148.021	242.098	1.0	0.050980392156862744	0.050980392156862744
A	C5'_2	285.7	149.424	242.417	0.5647058823529412	0.5647058823529412	0.5647058823529412
A	C4'_2	284.659	150.198	241.645	0.5647058823529412	0.5647058823529412	0.5647058823529412
A	O4'_2	285.0	150.211	240.232	1.0	0.050980392156862744	0.050980392156862744
A	C3'_2	283.256	149.615	241.687	0.5647058823529412	0.5647058823529412	0.5647058823529412
A	O3'_2	282.578	149.954	242.896	1.0	0.050980392156862744	0.050980392156862744
A	C2'_2	282.627	150.205	240.43	0.5647058823529412	0.5647058823529412	0.5647058823529412
A	O2'_2	282.212	151.544	240.592	1.0	0.050980392156862744	0.050980392156862744
A	C1'_2	283.81	150.159	239.455	0.5647058823529412	0.5647058823529412	0.5647058823529412
A	N9_2	283.849	148.946	238.628	0.18823529411764706	0.3137254901960784	0.9725490196078431
A	C8_2	284.597	147.808	238.834	0.5647058823529412	0.5647058823529412	0.5647058823529412
A	N7_2	284.41	146.879	237.926	0.18823529411764706	0.3137254901960784	0.9725490196078431
A	C5_2	283.482	147.441	237.06	0.5647058823529412	0.5647058823529412	0.5647058823529412
A	C6_2	282.866	146.956	235.892	0.5647058823529412	0.5647058823529412	0.5647058823529412
A	N6_2	283.102	145.748	235.379	0.18823529411764706	0.3137254901960784	0.9725490196078431
A	N1_2	281.985	147.764	235.266	0.18823529411764706	0.3137254901960784	0.9725490196078431
A	C2_2	281.745	148.975	235.786	0.5647058823529412	0.5647058823529412	0.5647058823529412
A	N3_2	282.258	149.543	236.875	0.18823529411764706	0.3137254901960784	0.9725490196078431
A	C4_2	283.13	148.715	237.476	0.5647058823529412	0.5647058823529412	0.5647058823529412
