A	P_1	265.4	207.435	223.865	1.0	0.5019607843137255	0.0
A	OP1_1	265.433	208.933	223.907	1.0	0.050980392156862744	0.050980392156862744
A	OP2_1	264.18	206.742	223.353	1.0	0.050980392156862744	0.050980392156862744
A	O5'_1	266.637	206.942	222.987	1.0	0.050980392156862744	0.050980392156862744
A	C5'_1	267.961	207.445	223.23	0.5647058823529412	0.5647058823529412	0.5647058823529412
A	C4'_1	268.879	207.076	222.088	0.5647058823529412	0.5647058823529412	0.5647058823529412
A	O4'_1	269.076	205.634	222.055	1.0	0.050980392156862744	0.050980392156862744
A	C3'_1	268.374	207.417	220.693	0.5647058823529412	0.5647058823529412	0.5647058823529412
A	O3'_1	268.608	208.792	220.38	1.0	0.050980392156862744	0.050980392156862744
A	C2'_1	269.182	206.459	219.819	0.5647058823529412	0.5647058823529412	0.5647058823529412
A	O2'_1	270.498	206.911	219.565	1.0	0.050980392156862744	0.050980392156862744
A	C1'_1	269.252	205.21	220.71	0.5647058823529412	0.5647058823529412	0.5647058823529412
A	N9_1	268.256	204.174	220.415	0.18823529411764706	0.3137254901960784	0.9725490196078431
A	C8_1	267.399	203.573	221.308	0.5647058823529412	0.5647058823529412	0.5647058823529412
A	N7_1	266.617	202.669	220.766	0.18823529411764706	0.3137254901960784	0.9725490196078431
A	C5_1	266.98	202.671	219.425	0.5647058823529412	0.5647058823529412	0.5647058823529412
A	C6_1	266.522	201.927	218.318	0.5647058823529412	0.5647058823529412	0.5647058823529412
A	N6_1	265.555	201.011	218.396	0.18823529411764706	0.3137254901960784	0.9725490196078431
A	N1_1	267.096	202.162	217.118	0.18823529411764706	0.3137254901960784	0.9725490196078431
A	C2_1	268.061	203.086	217.042	0.5647058823529412	0.5647058823529412	0.5647058823529412
A	N3_1	268.579	203.851	218.007	0.18823529411764706	0.3137254901960784	0.9725490196078431
A	C4_1	267.99	203.593	219.191	0.5647058823529412	0.5647058823529412	0.5647058823529412
U	P_2	271.209	198.93	211.551	1.0	0.5019607843137255	0.0
U	OP1_2	271.046	197.562	210.972	1.0	0.050980392156862744	0.050980392156862744
U	OP2_2	272.399	199.746	211.178	1.0	0.050980392156862744	0.050980392156862744
U	O5'_2	269.903	199.777	211.2	1.0	0.050980392156862744	0.050980392156862744
U	C5'_2	269.579	200.129	209.841	0.5647058823529412	0.5647058823529412	0.5647058823529412
U	C4'_2	268.33	200.979	209.813	0.5647058823529412	0.5647058823529412	0.5647058823529412
U	O4'_2	267.296	200.278	210.545	1.0	0.050980392156862744	0.050980392156862744
U	C3'_2	268.405	202.311	210.553	0.5647058823529412	0.5647058823529412	0.5647058823529412
U	O3'_2	268.995	203.324	209.729	1.0	0.050980392156862744	0.050980392156862744
U	C2'_2	266.929	202.622	210.809	0.5647058823529412	0.5647058823529412	0.5647058823529412
U	O2'_2	266.301	203.23	209.702	1.0	0.050980392156862744	0.050980392156862744
U	C1'_2	266.335	201.217	210.979	0.5647058823529412	0.5647058823529412	0.5647058823529412
U	N1_2	265.846	200.836	212.314	0.18823529411764706	0.3137254901960784	0.9725490196078431
U	C2_2	266.623	201.114	213.438	0.5647058823529412	0.5647058823529412	0.5647058823529412
U	O2_2	267.73	201.625	213.379	1.0	0.050980392156862744	0.050980392156862744
U	N3_2	266.045	200.761	214.636	0.18823529411764706	0.3137254901960784	0.9725490196078431
U	C4_2	264.806	200.164	214.824	0.5647058823529412	0.5647058823529412	0.5647058823529412
U	O4_2	264.393	199.962	215.971	1.0	0.050980392156862744	0.050980392156862744
U	C5_2	264.086	199.885	213.615	0.5647058823529412	0.5647058823529412	0.5647058823529412
U	C6_2	264.617	200.22	212.435	0.5647058823529412	0.5647058823529412	0.5647058823529412
