A	P_1	216.063	229.708	134.083	1.0	0.5019607843137255	0.0
A	OP1_1	217.461	229.908	133.608	1.0	0.050980392156862744	0.050980392156862744
A	OP2_1	215.706	228.449	134.794	1.0	0.050980392156862744	0.050980392156862744
A	O5'_1	215.671	230.943	135.018	1.0	0.050980392156862744	0.050980392156862744
A	C5'_1	215.854	232.305	134.566	0.5647058823529412	0.5647058823529412	0.5647058823529412
A	C4'_1	215.179	233.278	135.515	0.5647058823529412	0.5647058823529412	0.5647058823529412
A	O4'_1	213.751	233.0	135.564	1.0	0.050980392156862744	0.050980392156862744
A	C3'_1	215.6	233.221	136.978	0.5647058823529412	0.5647058823529412	0.5647058823529412
A	O3'_1	216.818	233.919	137.238	1.0	0.050980392156862744	0.050980392156862744
A	C2'_1	214.415	233.877	137.674	0.5647058823529412	0.5647058823529412	0.5647058823529412
A	O2'_1	214.427	235.289	137.572	1.0	0.050980392156862744	0.050980392156862744
A	C1'_1	213.249	233.316	136.859	0.5647058823529412	0.5647058823529412	0.5647058823529412
A	N9_1	212.675	232.107	137.46	0.18823529411764706	0.3137254901960784	0.9725490196078431
A	C8_1	212.793	230.795	137.045	0.5647058823529412	0.5647058823529412	0.5647058823529412
A	N7_1	212.142	229.942	137.8	0.18823529411764706	0.3137254901960784	0.9725490196078431
A	C5_1	211.556	230.739	138.777	0.5647058823529412	0.5647058823529412	0.5647058823529412
A	C6_1	210.726	230.435	139.873	0.5647058823529412	0.5647058823529412	0.5647058823529412
A	N6_1	210.331	229.195	140.175	0.18823529411764706	0.3137254901960784	0.9725490196078431
A	N1_1	210.31	231.461	140.655	0.18823529411764706	0.3137254901960784	0.9725490196078431
A	C2_1	210.71	232.705	140.346	0.5647058823529412	0.5647058823529412	0.5647058823529412
A	N3_1	211.489	233.117	139.342	0.18823529411764706	0.3137254901960784	0.9725490196078431
A	C4_1	211.881	232.073	138.585	0.5647058823529412	0.5647058823529412	0.5647058823529412
U	P_2	203.253	230.581	147.665	1.0	0.5019607843137255	0.0
U	OP1_2	202.059	231.21	148.299	1.0	0.050980392156862744	0.050980392156862744
U	OP2_2	203.066	229.581	146.577	1.0	0.050980392156862744	0.050980392156862744
U	O5'_2	204.198	231.742	147.119	1.0	0.050980392156862744	0.050980392156862744
U	C5'_2	204.508	232.889	147.936	0.5647058823529412	0.5647058823529412	0.5647058823529412
U	C4'_2	205.394	233.848	147.173	0.5647058823529412	0.5647058823529412	0.5647058823529412
U	O4'_2	206.692	233.241	146.94	1.0	0.050980392156862744	0.050980392156862744
U	C3'_2	204.901	234.228	145.783	0.5647058823529412	0.5647058823529412	0.5647058823529412
U	O3'_2	203.923	235.267	145.841	1.0	0.050980392156862744	0.050980392156862744
U	C2'_2	206.189	234.652	145.086	0.5647058823529412	0.5647058823529412	0.5647058823529412
U	O2'_2	206.595	235.966	145.422	1.0	0.050980392156862744	0.050980392156862744
U	C1'_2	207.189	233.65	145.673	0.5647058823529412	0.5647058823529412	0.5647058823529412
U	N1_2	207.395	232.45	144.841	0.18823529411764706	0.3137254901960784	0.9725490196078431
U	C2_2	208.361	232.506	143.838	0.5647058823529412	0.5647058823529412	0.5647058823529412
U	O2_2	209.039	233.501	143.61	1.0	0.050980392156862744	0.050980392156862744
U	N3_2	208.499	231.348	143.111	0.18823529411764706	0.3137254901960784	0.9725490196078431
U	C4_2	207.79	230.17	143.276	0.5647058823529412	0.5647058823529412	0.5647058823529412
U	O4_2	208.036	229.213	142.543	1.0	0.050980392156862744	0.050980392156862744
U	C5_2	206.817	230.192	144.322	0.5647058823529412	0.5647058823529412	0.5647058823529412
U	C6_2	206.655	231.299	145.049	0.5647058823529412	0.5647058823529412	0.5647058823529412
