A	P_1	271.743	227.03	246.989	1.0	0.5019607843137255	0.0
A	OP1_1	271.29	228.091	247.93	1.0	0.050980392156862744	0.050980392156862744
A	OP2_1	272.844	226.11	247.391	1.0	0.050980392156862744	0.050980392156862744
A	O5'_1	270.484	226.156	246.546	1.0	0.050980392156862744	0.050980392156862744
A	C5'_1	269.949	225.114	247.391	0.5647058823529412	0.5647058823529412	0.5647058823529412
A	C4'_1	268.697	224.537	246.763	0.5647058823529412	0.5647058823529412	0.5647058823529412
A	O4'_1	269.04	223.802	245.551	1.0	0.050980392156862744	0.050980392156862744
A	C3'_1	267.941	223.498	247.575	0.5647058823529412	0.5647058823529412	0.5647058823529412
A	O3'_1	267.152	224.106	248.602	1.0	0.050980392156862744	0.050980392156862744
A	C2'_1	267.083	222.834	246.499	0.5647058823529412	0.5647058823529412	0.5647058823529412
A	O2'_1	265.949	223.597	246.132	1.0	0.050980392156862744	0.050980392156862744
A	C1'_1	268.056	222.8	245.316	0.5647058823529412	0.5647058823529412	0.5647058823529412
A	N9_1	268.709	221.496	245.159	0.18823529411764706	0.3137254901960784	0.9725490196078431
A	C8_1	269.979	221.107	245.525	0.5647058823529412	0.5647058823529412	0.5647058823529412
A	N7_1	270.244	219.848	245.259	0.18823529411764706	0.3137254901960784	0.9725490196078431
A	C5_1	269.073	219.374	244.678	0.5647058823529412	0.5647058823529412	0.5647058823529412
A	C6_1	268.704	218.105	244.178	0.5647058823529412	0.5647058823529412	0.5647058823529412
A	N6_1	269.51	217.038	244.192	0.18823529411764706	0.3137254901960784	0.9725490196078431
A	N1_1	267.463	217.97	243.661	0.18823529411764706	0.3137254901960784	0.9725490196078431
A	C2_1	266.651	219.037	243.656	0.5647058823529412	0.5647058823529412	0.5647058823529412
A	N3_1	266.879	220.275	244.096	0.18823529411764706	0.3137254901960784	0.9725490196078431
A	C4_1	268.123	220.38	244.602	0.5647058823529412	0.5647058823529412	0.5647058823529412
U	P_2	265.751	209.124	240.024	1.0	0.5019607843137255	0.0
U	OP1_2	265.118	208.034	239.224	1.0	0.050980392156862744	0.050980392156862744
U	OP2_2	267.028	209.732	239.553	1.0	0.050980392156862744	0.050980392156862744
U	O5'_2	264.683	210.304	240.189	1.0	0.050980392156862744	0.050980392156862744
U	C5'_2	263.325	210.04	240.621	0.5647058823529412	0.5647058823529412	0.5647058823529412
U	C4'_2	262.593	211.342	240.914	0.5647058823529412	0.5647058823529412	0.5647058823529412
U	O4'_2	263.354	212.082	241.91	1.0	0.050980392156862744	0.050980392156862744
U	C3'_2	262.378	212.302	239.742	0.5647058823529412	0.5647058823529412	0.5647058823529412
U	O3'_2	261.159	213.041	239.915	1.0	0.050980392156862744	0.050980392156862744
U	C2'_2	263.593	213.222	239.848	0.5647058823529412	0.5647058823529412	0.5647058823529412
U	O2'_2	263.365	214.498	239.286	1.0	0.050980392156862744	0.050980392156862744
U	C1'_2	263.788	213.313	241.365	0.5647058823529412	0.5647058823529412	0.5647058823529412
U	N1_2	265.184	213.529	241.788	0.18823529411764706	0.3137254901960784	0.9725490196078431
U	C2_2	265.529	214.783	242.286	0.5647058823529412	0.5647058823529412	0.5647058823529412
U	O2_2	264.731	215.71	242.376	1.0	0.050980392156862744	0.050980392156862744
U	N3_2	266.845	214.912	242.675	0.18823529411764706	0.3137254901960784	0.9725490196078431
U	C4_2	267.83	213.946	242.617	0.5647058823529412	0.5647058823529412	0.5647058823529412
U	O4_2	268.973	214.226	242.989	1.0	0.050980392156862744	0.050980392156862744
U	C5_2	267.402	212.683	242.089	0.5647058823529412	0.5647058823529412	0.5647058823529412
U	C6_2	266.129	212.521	241.701	0.5647058823529412	0.5647058823529412	0.5647058823529412
