U	P_1	193.088	192.986	202.152	1.0	0.5019607843137255	0.0
U	OP1_1	191.607	192.887	202.309	1.0	0.050980392156862744	0.050980392156862744
U	OP2_1	193.958	192.945	203.359	1.0	0.050980392156862744	0.050980392156862744
U	O5'_1	193.571	191.833	201.166	1.0	0.050980392156862744	0.050980392156862744
U	C5'_1	193.01	191.706	199.844	0.5647058823529412	0.5647058823529412	0.5647058823529412
U	C4'_1	193.698	190.589	199.09	0.5647058823529412	0.5647058823529412	0.5647058823529412
U	O4'_1	195.063	190.972	198.768	1.0	0.050980392156862744	0.050980392156862744
U	C3'_1	193.849	189.281	199.852	0.5647058823529412	0.5647058823529412	0.5647058823529412
U	O3'_1	192.656	188.513	199.802	1.0	0.050980392156862744	0.050980392156862744
U	C2'_1	195.014	188.619	199.128	0.5647058823529412	0.5647058823529412	0.5647058823529412
U	O2'_1	194.632	188.031	197.898	1.0	0.050980392156862744	0.050980392156862744
U	C1'_1	195.903	189.829	198.833	0.5647058823529412	0.5647058823529412	0.5647058823529412
U	N1_1	196.95	190.08	199.836	0.18823529411764706	0.3137254901960784	0.9725490196078431
U	C2_1	198.254	189.745	199.501	0.5647058823529412	0.5647058823529412	0.5647058823529412
U	O2_1	198.552	189.205	198.444	1.0	0.050980392156862744	0.050980392156862744
U	N3_1	199.198	190.059	200.454	0.18823529411764706	0.3137254901960784	0.9725490196078431
U	C4_1	198.976	190.652	201.693	0.5647058823529412	0.5647058823529412	0.5647058823529412
U	O4_1	199.939	190.9	202.431	1.0	0.050980392156862744	0.050980392156862744
U	C5_1	197.596	190.939	201.979	0.5647058823529412	0.5647058823529412	0.5647058823529412
U	C6_1	196.653	190.648	201.063	0.5647058823529412	0.5647058823529412	0.5647058823529412
A	P_2	209.434	184.782	199.183	1.0	0.5019607843137255	0.0
A	OP1_2	210.448	184.266	198.216	1.0	0.050980392156862744	0.050980392156862744
A	OP2_2	209.529	186.19	199.671	1.0	0.050980392156862744	0.050980392156862744
A	O5'_2	207.988	184.555	198.544	1.0	0.050980392156862744	0.050980392156862744
A	C5'_2	207.635	183.286	197.95	0.5647058823529412	0.5647058823529412	0.5647058823529412
A	C4'_2	206.234	183.335	197.375	0.5647058823529412	0.5647058823529412	0.5647058823529412
A	O4'_2	205.267	183.471	198.449	1.0	0.050980392156862744	0.050980392156862744
A	C3'_2	205.91	184.488	196.434	0.5647058823529412	0.5647058823529412	0.5647058823529412
A	O3'_2	206.37	184.249	195.104	1.0	0.050980392156862744	0.050980392156862744
A	C2'_2	204.389	184.55	196.516	0.5647058823529412	0.5647058823529412	0.5647058823529412
A	O2'_2	203.753	183.558	195.733	1.0	0.050980392156862744	0.050980392156862744
A	C1'_2	204.163	184.246	197.999	0.5647058823529412	0.5647058823529412	0.5647058823529412
A	N9_2	204.071	185.445	198.835	0.18823529411764706	0.3137254901960784	0.9725490196078431
A	C8_2	205.016	185.965	199.696	0.5647058823529412	0.5647058823529412	0.5647058823529412
A	N7_2	204.619	187.042	200.332	0.18823529411764706	0.3137254901960784	0.9725490196078431
A	C5_2	203.331	187.253	199.858	0.5647058823529412	0.5647058823529412	0.5647058823529412
A	C6_2	202.363	188.24	200.147	0.5647058823529412	0.5647058823529412	0.5647058823529412
A	N6_2	202.555	189.235	201.024	0.18823529411764706	0.3137254901960784	0.9725490196078431
A	N1_2	201.175	188.168	199.495	0.18823529411764706	0.3137254901960784	0.9725490196078431
A	C2_2	200.984	187.168	198.613	0.5647058823529412	0.5647058823529412	0.5647058823529412
A	N3_2	201.818	186.181	198.259	0.18823529411764706	0.3137254901960784	0.9725490196078431
A	C4_2	202.984	186.282	198.926	0.5647058823529412	0.5647058823529412	0.5647058823529412
