U	P_1	251.179	175.917	252.723	1.0	0.5019607843137255	0.0
U	OP1_1	250.285	176.851	253.459	1.0	0.050980392156862744	0.050980392156862744
U	OP2_1	252.101	175.026	253.477	1.0	0.050980392156862744	0.050980392156862744
U	O5'_1	250.289	175.004	251.768	1.0	0.050980392156862744	0.050980392156862744
U	C5'_1	249.279	175.584	250.924	0.5647058823529412	0.5647058823529412	0.5647058823529412
U	C4'_1	248.704	174.538	249.998	0.5647058823529412	0.5647058823529412	0.5647058823529412
U	O4'_1	249.744	174.06	249.104	1.0	0.050980392156862744	0.050980392156862744
U	C3'_1	248.17	173.28	250.665	0.5647058823529412	0.5647058823529412	0.5647058823529412
U	O3'_1	246.837	173.479	251.144	1.0	0.050980392156862744	0.050980392156862744
U	C2'_1	248.239	172.263	249.532	0.5647058823529412	0.5647058823529412	0.5647058823529412
U	O2'_1	247.169	172.383	248.618	1.0	0.050980392156862744	0.050980392156862744
U	C1'_1	249.535	172.682	248.83	0.5647058823529412	0.5647058823529412	0.5647058823529412
U	N1_1	250.729	171.925	249.244	0.18823529411764706	0.3137254901960784	0.9725490196078431
U	C2_1	250.935	170.674	248.669	0.5647058823529412	0.5647058823529412	0.5647058823529412
U	O2_1	250.17	170.185	247.853	1.0	0.050980392156862744	0.050980392156862744
U	N3_1	252.069	170.024	249.091	0.18823529411764706	0.3137254901960784	0.9725490196078431
U	C4_1	252.998	170.479	250.007	0.5647058823529412	0.5647058823529412	0.5647058823529412
U	O4_1	253.958	169.764	250.294	1.0	0.050980392156862744	0.050980392156862744
U	C5_1	252.722	171.773	250.553	0.5647058823529412	0.5647058823529412	0.5647058823529412
U	C6_1	251.624	172.435	250.167	0.5647058823529412	0.5647058823529412	0.5647058823529412
A	P_2	256.188	159.125	246.72	1.0	0.5019607843137255	0.0
A	OP1_2	256.459	158.014	245.764	1.0	0.050980392156862744	0.050980392156862744
A	OP2_2	257.256	160.124	247.008	1.0	0.050980392156862744	0.050980392156862744
A	O5'_2	254.892	159.904	246.208	1.0	0.050980392156862744	0.050980392156862744
A	C5'_2	253.659	159.2	245.939	0.5647058823529412	0.5647058823529412	0.5647058823529412
A	C4'_2	252.517	160.18	245.779	0.5647058823529412	0.5647058823529412	0.5647058823529412
A	O4'_2	252.363	160.945	247.003	1.0	0.050980392156862744	0.050980392156862744
A	C3'_2	252.685	161.235	244.694	0.5647058823529412	0.5647058823529412	0.5647058823529412
A	O3'_2	252.313	160.709	243.416	1.0	0.050980392156862744	0.050980392156862744
A	C2'_2	251.758	162.352	245.173	0.5647058823529412	0.5647058823529412	0.5647058823529412
A	O2'_2	250.394	162.131	244.871	1.0	0.050980392156862744	0.050980392156862744
A	C1'_2	251.934	162.263	246.69	0.5647058823529412	0.5647058823529412	0.5647058823529412
A	N9_2	252.878	163.218	247.278	0.18823529411764706	0.3137254901960784	0.9725490196078431
A	C8_2	254.163	162.983	247.716	0.5647058823529412	0.5647058823529412	0.5647058823529412
A	N7_2	254.737	164.032	248.261	0.18823529411764706	0.3137254901960784	0.9725490196078431
A	C5_2	253.773	165.027	248.167	0.5647058823529412	0.5647058823529412	0.5647058823529412
A	C6_2	253.761	166.375	248.58	0.5647058823529412	0.5647058823529412	0.5647058823529412
A	N6_2	254.779	166.965	249.213	0.18823529411764706	0.3137254901960784	0.9725490196078431
A	N1_2	252.648	167.101	248.324	0.18823529411764706	0.3137254901960784	0.9725490196078431
A	C2_2	251.618	166.5	247.704	0.5647058823529412	0.5647058823529412	0.5647058823529412
A	N3_2	251.506	165.238	247.278	0.18823529411764706	0.3137254901960784	0.9725490196078431
A	C4_2	252.63	164.547	247.543	0.5647058823529412	0.5647058823529412	0.5647058823529412
