A	P_1	124.386	278.917	178.641	1.0	0.5019607843137255	0.0
A	OP1_1	124.39	278.851	180.127	1.0	0.050980392156862744	0.050980392156862744
A	OP2_1	124.706	277.695	177.854	1.0	0.050980392156862744	0.050980392156862744
A	O5'_1	122.964	279.461	178.161	1.0	0.050980392156862744	0.050980392156862744
A	C5'_1	122.418	280.693	178.684	0.5647058823529412	0.5647058823529412	0.5647058823529412
A	C4'_1	121.369	281.247	177.743	0.5647058823529412	0.5647058823529412	0.5647058823529412
A	O4'_1	121.978	281.532	176.453	1.0	0.050980392156862744	0.050980392156862744
A	C3'_1	120.209	280.324	177.4	0.5647058823529412	0.5647058823529412	0.5647058823529412
A	O3'_1	119.201	280.32	178.41	1.0	0.050980392156862744	0.050980392156862744
A	C2'_1	119.71	280.908	176.082	0.5647058823529412	0.5647058823529412	0.5647058823529412
A	O2'_1	118.909	282.06	176.249	1.0	0.050980392156862744	0.050980392156862744
A	C1'_1	121.027	281.317	175.417	0.5647058823529412	0.5647058823529412	0.5647058823529412
A	N9_1	121.556	280.321	174.48	0.18823529411764706	0.3137254901960784	0.9725490196078431
A	C8_1	122.684	279.539	174.601	0.5647058823529412	0.5647058823529412	0.5647058823529412
A	N7_1	122.894	278.749	173.576	0.18823529411764706	0.3137254901960784	0.9725490196078431
A	C5_1	121.834	279.024	172.722	0.5647058823529412	0.5647058823529412	0.5647058823529412
A	C6_1	121.479	278.511	171.463	0.5647058823529412	0.5647058823529412	0.5647058823529412
A	N6_1	122.186	277.575	170.822	0.18823529411764706	0.3137254901960784	0.9725490196078431
A	N1_1	120.36	278.995	170.88	0.18823529411764706	0.3137254901960784	0.9725490196078431
A	C2_1	119.652	279.929	171.529	0.5647058823529412	0.5647058823529412	0.5647058823529412
A	N3_1	119.881	280.489	172.716	0.18823529411764706	0.3137254901960784	0.9725490196078431
A	C4_1	121.001	279.987	173.267	0.5647058823529412	0.5647058823529412	0.5647058823529412
U	P_2	118.017	276.792	161.568	1.0	0.5019607843137255	0.0
U	OP1_2	117.517	277.445	160.322	1.0	0.050980392156862744	0.050980392156862744
U	OP2_2	119.48	276.627	161.771	1.0	0.050980392156862744	0.050980392156862744
U	O5'_2	117.437	277.591	162.82	1.0	0.050980392156862744	0.050980392156862744
U	C5'_2	116.072	278.057	162.837	0.5647058823529412	0.5647058823529412	0.5647058823529412
U	C4'_2	115.847	278.962	164.024	0.5647058823529412	0.5647058823529412	0.5647058823529412
U	O4'_2	116.011	278.192	165.245	1.0	0.050980392156862744	0.050980392156862744
U	C3'_2	116.842	280.106	164.171	0.5647058823529412	0.5647058823529412	0.5647058823529412
U	O3'_2	116.499	281.222	163.35	1.0	0.050980392156862744	0.050980392156862744
U	C2'_2	116.762	280.414	165.661	0.5647058823529412	0.5647058823529412	0.5647058823529412
U	O2'_2	115.631	281.186	166.012	1.0	0.050980392156862744	0.050980392156862744
U	C1'_2	116.609	279.007	166.245	0.5647058823529412	0.5647058823529412	0.5647058823529412
U	N1_2	117.883	278.391	166.655	0.18823529411764706	0.3137254901960784	0.9725490196078431
U	C2_2	118.291	278.564	167.975	0.5647058823529412	0.5647058823529412	0.5647058823529412
U	O2_2	117.652	279.214	168.793	1.0	0.050980392156862744	0.050980392156862744
U	N3_2	119.476	277.946	168.294	0.18823529411764706	0.3137254901960784	0.9725490196078431
U	C4_2	120.277	277.195	167.455	0.5647058823529412	0.5647058823529412	0.5647058823529412
U	O4_2	121.305	276.682	167.903	1.0	0.050980392156862744	0.050980392156862744
U	C5_2	119.797	277.077	166.112	0.5647058823529412	0.5647058823529412	0.5647058823529412
U	C6_2	118.648	277.661	165.765	0.5647058823529412	0.5647058823529412	0.5647058823529412
