U	P_1	276.926	210.409	210.127	1.0	0.5019607843137255	0.0
U	OP1_1	277.301	211.81	209.775	1.0	0.050980392156862744	0.050980392156862744
U	OP2_1	275.95	209.679	209.278	1.0	0.050980392156862744	0.050980392156862744
U	O5'_1	278.258	209.537	210.226	1.0	0.050980392156862744	0.050980392156862744
U	C5'_1	279.389	210.02	210.975	0.5647058823529412	0.5647058823529412	0.5647058823529412
U	C4'_1	280.515	209.009	210.966	0.5647058823529412	0.5647058823529412	0.5647058823529412
U	O4'_1	280.176	207.846	211.768	1.0	0.050980392156862744	0.050980392156862744
U	C3'_1	280.919	208.411	209.628	0.5647058823529412	0.5647058823529412	0.5647058823529412
U	O3'_1	281.707	209.311	208.866	1.0	0.050980392156862744	0.050980392156862744
U	C2'_1	281.706	207.177	210.063	0.5647058823529412	0.5647058823529412	0.5647058823529412
U	O2'_1	283.026	207.469	210.48	1.0	0.050980392156862744	0.050980392156862744
U	C1'_1	280.896	206.718	211.281	0.5647058823529412	0.5647058823529412	0.5647058823529412
U	N1_1	279.947	205.636	210.97	0.18823529411764706	0.3137254901960784	0.9725490196078431
U	C2_1	280.416	204.323	211.036	0.5647058823529412	0.5647058823529412	0.5647058823529412
U	O2_1	281.565	204.035	211.35	1.0	0.050980392156862744	0.050980392156862744
U	N3_1	279.484	203.365	210.724	0.18823529411764706	0.3137254901960784	0.9725490196078431
U	C4_1	278.158	203.573	210.37	0.5647058823529412	0.5647058823529412	0.5647058823529412
U	O4_1	277.442	202.604	210.117	1.0	0.050980392156862744	0.050980392156862744
U	C5_1	277.751	204.948	210.334	0.5647058823529412	0.5647058823529412	0.5647058823529412
U	C6_1	278.637	205.907	210.622	0.5647058823529412	0.5647058823529412	0.5647058823529412
A	P_2	280.677	191.671	209.276	1.0	0.5019607843137255	0.0
A	OP1_2	281.372	190.404	209.657	1.0	0.050980392156862744	0.050980392156862744
A	OP2_2	279.25	191.864	209.653	1.0	0.050980392156862744	0.050980392156862744
A	O5'_2	281.518	192.903	209.846	1.0	0.050980392156862744	0.050980392156862744
A	C5'_2	282.953	192.81	210.013	0.5647058823529412	0.5647058823529412	0.5647058823529412
A	C4'_2	283.532	194.146	210.439	0.5647058823529412	0.5647058823529412	0.5647058823529412
A	O4'_2	283.251	195.15	209.423	1.0	0.050980392156862744	0.050980392156862744
A	C3'_2	282.987	194.77	211.716	0.5647058823529412	0.5647058823529412	0.5647058823529412
A	O3'_2	283.571	194.21	212.89	1.0	0.050980392156862744	0.050980392156862744
A	C2'_2	283.357	196.238	211.536	0.5647058823529412	0.5647058823529412	0.5647058823529412
A	O2'_2	284.712	196.529	211.822	1.0	0.050980392156862744	0.050980392156862744
A	C1'_2	283.106	196.425	210.039	0.5647058823529412	0.5647058823529412	0.5647058823529412
A	N9_2	281.751	196.914	209.792	0.18823529411764706	0.3137254901960784	0.9725490196078431
A	C8_2	280.641	196.211	209.379	0.5647058823529412	0.5647058823529412	0.5647058823529412
A	N7_2	279.557	196.943	209.294	0.18823529411764706	0.3137254901960784	0.9725490196078431
A	C5_2	279.982	198.211	209.667	0.5647058823529412	0.5647058823529412	0.5647058823529412
A	C6_2	279.304	199.434	209.794	0.5647058823529412	0.5647058823529412	0.5647058823529412
A	N6_2	277.999	199.576	209.561	0.18823529411764706	0.3137254901960784	0.9725490196078431
A	N1_2	280.02	200.518	210.181	0.18823529411764706	0.3137254901960784	0.9725490196078431
A	C2_2	281.327	200.367	210.433	0.5647058823529412	0.5647058823529412	0.5647058823529412
A	N3_2	282.075	199.264	210.361	0.18823529411764706	0.3137254901960784	0.9725490196078431
A	C4_2	281.333	198.211	209.966	0.5647058823529412	0.5647058823529412	0.5647058823529412
