U	P_1	198.744	150.689	187.032	1.0	0.5019607843137255	0.0
U	OP1_1	200.105	150.182	186.68	1.0	0.050980392156862744	0.050980392156862744
U	OP2_1	197.592	150.389	186.134	1.0	0.050980392156862744	0.050980392156862744
U	O5'_1	198.369	150.155	188.487	1.0	0.050980392156862744	0.050980392156862744
U	C5'_1	199.017	148.988	189.047	0.5647058823529412	0.5647058823529412	0.5647058823529412
U	C4'_1	197.988	147.933	189.382	0.5647058823529412	0.5647058823529412	0.5647058823529412
U	O4'_1	196.962	148.524	190.225	1.0	0.050980392156862744	0.050980392156862744
U	C3'_1	197.216	147.365	188.199	0.5647058823529412	0.5647058823529412	0.5647058823529412
U	O3'_1	197.949	146.306	187.575	1.0	0.050980392156862744	0.050980392156862744
U	C2'_1	195.936	146.859	188.857	0.5647058823529412	0.5647058823529412	0.5647058823529412
U	O2'_1	196.091	145.589	189.469	1.0	0.050980392156862744	0.050980392156862744
U	C1'_1	195.707	147.926	189.935	0.5647058823529412	0.5647058823529412	0.5647058823529412
U	N1_1	194.751	148.978	189.544	0.18823529411764706	0.3137254901960784	0.9725490196078431
U	C2_1	193.435	148.856	189.985	0.5647058823529412	0.5647058823529412	0.5647058823529412
U	O2_1	193.043	147.923	190.678	1.0	0.050980392156862744	0.050980392156862744
U	N3_1	192.594	149.869	189.585	0.18823529411764706	0.3137254901960784	0.9725490196078431
U	C4_1	192.92	150.967	188.811	0.5647058823529412	0.5647058823529412	0.5647058823529412
U	O4_1	192.05	151.792	188.533	1.0	0.050980392156862744	0.050980392156862744
U	C5_1	194.293	151.02	188.397	0.5647058823529412	0.5647058823529412	0.5647058823529412
U	C6_1	195.137	150.05	188.766	0.5647058823529412	0.5647058823529412	0.5647058823529412
A	P_2	181.174	150.25	187.588	1.0	0.5019607843137255	0.0
A	OP1_2	179.889	149.959	188.287	1.0	0.050980392156862744	0.050980392156862744
A	OP2_2	181.89	151.524	187.867	1.0	0.050980392156862744	0.050980392156862744
A	O5'_2	182.184	149.055	187.886	1.0	0.050980392156862744	0.050980392156862744
A	C5'_2	181.801	147.682	187.674	0.5647058823529412	0.5647058823529412	0.5647058823529412
A	C4'_2	182.878	146.766	188.203	0.5647058823529412	0.5647058823529412	0.5647058823529412
A	O4'_2	184.098	146.981	187.446	1.0	0.050980392156862744	0.050980392156862744
A	C3'_2	183.276	147.023	189.653	0.5647058823529412	0.5647058823529412	0.5647058823529412
A	O3'_2	182.407	146.342	190.56	1.0	0.050980392156862744	0.050980392156862744
A	C2'_2	184.713	146.515	189.705	0.5647058823529412	0.5647058823529412	0.5647058823529412
A	O2'_2	184.807	145.113	189.877	1.0	0.050980392156862744	0.050980392156862744
A	C1'_2	185.221	146.901	188.312	0.5647058823529412	0.5647058823529412	0.5647058823529412
A	N9_2	185.932	148.18	188.264	0.18823529411764706	0.3137254901960784	0.9725490196078431
A	C8_2	185.469	149.405	187.828	0.5647058823529412	0.5647058823529412	0.5647058823529412
A	N7_2	186.371	150.359	187.87	0.18823529411764706	0.3137254901960784	0.9725490196078431
A	C5_2	187.5	149.727	188.378	0.5647058823529412	0.5647058823529412	0.5647058823529412
A	C6_2	188.803	150.193	188.656	0.5647058823529412	0.5647058823529412	0.5647058823529412
A	N6_2	189.198	151.452	188.436	0.18823529411764706	0.3137254901960784	0.9725490196078431
A	N1_2	189.695	149.309	189.168	0.18823529411764706	0.3137254901960784	0.9725490196078431
A	C2_2	189.292	148.04	189.379	0.5647058823529412	0.5647058823529412	0.5647058823529412
A	N3_2	188.098	147.481	189.146	0.18823529411764706	0.3137254901960784	0.9725490196078431
A	C4_2	187.24	148.388	188.638	0.5647058823529412	0.5647058823529412	0.5647058823529412
