U	P_1	283.566	134.117	244.327	1.0	0.5019607843137255	0.0
U	OP1_1	285.019	133.927	244.054	1.0	0.050980392156862744	0.050980392156862744
U	OP2_1	282.928	135.43	244.027	1.0	0.050980392156862744	0.050980392156862744
U	O5'_1	282.763	132.984	243.54	1.0	0.050980392156862744	0.050980392156862744
U	C5'_1	283.148	131.595	243.633	0.5647058823529412	0.5647058823529412	0.5647058823529412
U	C4'_1	282.116	130.717	242.96	0.5647058823529412	0.5647058823529412	0.5647058823529412
U	O4'_1	280.84	130.867	243.643	1.0	0.050980392156862744	0.050980392156862744
U	C3'_1	281.801	131.046	241.505	0.5647058823529412	0.5647058823529412	0.5647058823529412
U	O3'_1	282.755	130.481	240.596	1.0	0.050980392156862744	0.050980392156862744
U	C2'_1	280.405	130.452	241.338	0.5647058823529412	0.5647058823529412	0.5647058823529412
U	O2'_1	280.406	129.05	241.148	1.0	0.050980392156862744	0.050980392156862744
U	C1'_1	279.779	130.774	242.7	0.5647058823529412	0.5647058823529412	0.5647058823529412
U	N1_1	279.034	132.044	242.698	0.18823529411764706	0.3137254901960784	0.9725490196078431
U	C2_1	277.699	132.01	242.317	0.5647058823529412	0.5647058823529412	0.5647058823529412
U	O2_1	277.121	130.979	241.997	1.0	0.050980392156862744	0.050980392156862744
U	N3_1	277.068	133.228	242.326	0.18823529411764706	0.3137254901960784	0.9725490196078431
U	C4_1	277.62	134.45	242.669	0.5647058823529412	0.5647058823529412	0.5647058823529412
U	O4_1	276.924	135.464	242.607	1.0	0.050980392156862744	0.050980392156862744
U	C5_1	278.994	134.402	243.057	0.5647058823529412	0.5647058823529412	0.5647058823529412
U	C6_1	279.639	133.234	243.057	0.5647058823529412	0.5647058823529412	0.5647058823529412
A	P_2	265.941	135.629	238.763	1.0	0.5019607843137255	0.0
A	OP1_2	264.56	135.093	238.585	1.0	0.050980392156862744	0.050980392156862744
A	OP2_2	266.271	136.419	239.982	1.0	0.050980392156862744	0.050980392156862744
A	O5'_2	266.957	134.407	238.687	1.0	0.050980392156862744	0.050980392156862744
A	C5'_2	266.898	133.468	237.6	0.5647058823529412	0.5647058823529412	0.5647058823529412
A	C4'_2	268.035	132.484	237.707	0.5647058823529412	0.5647058823529412	0.5647058823529412
A	O4'_2	269.3	133.177	237.536	1.0	0.050980392156862744	0.050980392156862744
A	C3'_2	268.167	131.792	239.053	0.5647058823529412	0.5647058823529412	0.5647058823529412
A	O3'_2	267.274	130.684	239.129	1.0	0.050980392156862744	0.050980392156862744
A	C2'_2	269.633	131.376	239.062	0.5647058823529412	0.5647058823529412	0.5647058823529412
A	O2'_2	269.878	130.204	238.31	1.0	0.050980392156862744	0.050980392156862744
A	C1'_2	270.289	132.559	238.344	0.5647058823529412	0.5647058823529412	0.5647058823529412
A	N9_2	270.879	133.573	239.219	0.18823529411764706	0.3137254901960784	0.9725490196078431
A	C8_2	270.354	134.787	239.6	0.5647058823529412	0.5647058823529412	0.5647058823529412
A	N7_2	271.157	135.496	240.359	0.18823529411764706	0.3137254901960784	0.9725490196078431
A	C5_2	272.282	134.693	240.496	0.5647058823529412	0.5647058823529412	0.5647058823529412
A	C6_2	273.499	134.877	241.178	0.5647058823529412	0.5647058823529412	0.5647058823529412
A	N6_2	273.8	135.979	241.87	0.18823529411764706	0.3137254901960784	0.9725490196078431
A	N1_2	274.41	133.878	241.12	0.18823529411764706	0.3137254901960784	0.9725490196078431
A	C2_2	274.11	132.775	240.419	0.5647058823529412	0.5647058823529412	0.5647058823529412
A	N3_2	273.005	132.486	239.733	0.18823529411764706	0.3137254901960784	0.9725490196078431
A	C4_2	272.119	133.5	239.811	0.5647058823529412	0.5647058823529412	0.5647058823529412
