A	P_1	178.189	224.479	239.189	1.0	0.5019607843137255	0.0
A	OP1_1	179.048	224.246	240.396	1.0	0.050980392156862744	0.050980392156862744
A	OP2_1	178.8	224.416	237.831	1.0	0.050980392156862744	0.050980392156862744
A	O5'_1	176.964	223.455	239.223	1.0	0.050980392156862744	0.050980392156862744
A	C5'_1	176.144	223.322	240.401	0.5647058823529412	0.5647058823529412	0.5647058823529412
A	C4'_1	174.898	222.524	240.09	0.5647058823529412	0.5647058823529412	0.5647058823529412
A	O4'_1	174.01	223.289	239.232	1.0	0.050980392156862744	0.050980392156862744
A	C3'_1	175.09	221.222	239.329	0.5647058823529412	0.5647058823529412	0.5647058823529412
A	O3'_1	175.534	220.17	240.186	1.0	0.050980392156862744	0.050980392156862744
A	C2'_1	173.686	220.971	238.787	0.5647058823529412	0.5647058823529412	0.5647058823529412
A	O2'_1	172.807	220.42	239.748	1.0	0.050980392156862744	0.050980392156862744
A	C1'_1	173.23	222.395	238.45	0.5647058823529412	0.5647058823529412	0.5647058823529412
A	N9_1	173.393	222.734	237.038	0.18823529411764706	0.3137254901960784	0.9725490196078431
A	C8_1	174.332	223.555	236.452	0.5647058823529412	0.5647058823529412	0.5647058823529412
A	N7_1	174.207	223.653	235.146	0.18823529411764706	0.3137254901960784	0.9725490196078431
A	C5_1	173.112	222.845	234.851	0.5647058823529412	0.5647058823529412	0.5647058823529412
A	C6_1	172.471	222.522	233.638	0.5647058823529412	0.5647058823529412	0.5647058823529412
A	N6_1	172.856	222.996	232.451	0.18823529411764706	0.3137254901960784	0.9725490196078431
A	N1_1	171.41	221.684	233.69	0.18823529411764706	0.3137254901960784	0.9725490196078431
A	C2_1	171.028	221.208	234.882	0.5647058823529412	0.5647058823529412	0.5647058823529412
A	N3_1	171.549	221.436	236.093	0.18823529411764706	0.3137254901960784	0.9725490196078431
A	C4_1	172.601	222.273	236.007	0.5647058823529412	0.5647058823529412	0.5647058823529412
U	P_2	177.854	231.015	229.392	1.0	0.5019607843137255	0.0
U	OP1_2	178.741	231.602	228.347	1.0	0.050980392156862744	0.050980392156862744
U	OP2_2	177.323	231.888	230.482	1.0	0.050980392156862744	0.050980392156862744
U	O5'_2	176.612	230.333	228.663	1.0	0.050980392156862744	0.050980392156862744
U	C5'_2	176.801	229.506	227.499	0.5647058823529412	0.5647058823529412	0.5647058823529412
U	C4'_2	176.11	228.17	227.679	0.5647058823529412	0.5647058823529412	0.5647058823529412
U	O4'_2	176.746	227.449	228.757	1.0	0.050980392156862744	0.050980392156862744
U	C3'_2	174.647	228.195	228.107	0.5647058823529412	0.5647058823529412	0.5647058823529412
U	O3'_2	173.822	228.408	226.958	1.0	0.050980392156862744	0.050980392156862744
U	C2'_2	174.449	226.787	228.679	0.5647058823529412	0.5647058823529412	0.5647058823529412
U	O2'_2	174.145	225.838	227.674	1.0	0.050980392156862744	0.050980392156862744
U	C1'_2	175.845	226.471	229.242	0.5647058823529412	0.5647058823529412	0.5647058823529412
U	N1_2	176.017	226.334	230.7	0.18823529411764706	0.3137254901960784	0.9725490196078431
U	C2_2	175.295	225.342	231.359	0.5647058823529412	0.5647058823529412	0.5647058823529412
U	O2_2	174.467	224.634	230.8	1.0	0.050980392156862744	0.050980392156862744
U	N3_2	175.58	225.217	232.702	0.18823529411764706	0.3137254901960784	0.9725490196078431
U	C4_2	176.479	225.972	233.441	0.5647058823529412	0.5647058823529412	0.5647058823529412
U	O4_2	176.676	225.693	234.624	1.0	0.050980392156862744	0.050980392156862744
U	C5_2	177.148	226.996	232.702	0.5647058823529412	0.5647058823529412	0.5647058823529412
U	C6_2	176.901	227.142	231.395	0.5647058823529412	0.5647058823529412	0.5647058823529412
