U	P_1	216.659	115.403	227.522	1.0	0.5019607843137255	0.0
U	OP1_1	216.774	114.449	226.378	1.0	0.050980392156862744	0.050980392156862744
U	OP2_1	215.863	116.648	227.359	1.0	0.050980392156862744	0.050980392156862744
U	O5'_1	216.089	114.614	228.783	1.0	0.050980392156862744	0.050980392156862744
U	C5'_1	216.433	113.231	229.023	0.5647058823529412	0.5647058823529412	0.5647058823529412
U	C4'_1	215.524	112.654	230.083	0.5647058823529412	0.5647058823529412	0.5647058823529412
U	O4'_1	215.794	113.305	231.352	1.0	0.050980392156862744	0.050980392156862744
U	C3'_1	214.038	112.879	229.838	0.5647058823529412	0.5647058823529412	0.5647058823529412
U	O3'_1	213.503	111.876	228.977	1.0	0.050980392156862744	0.050980392156862744
U	C2'_1	213.456	112.846	231.246	0.5647058823529412	0.5647058823529412	0.5647058823529412
U	O2'_1	213.266	111.537	231.74	1.0	0.050980392156862744	0.050980392156862744
U	C1'_1	214.576	113.514	232.051	0.5647058823529412	0.5647058823529412	0.5647058823529412
U	N1_1	214.414	114.961	232.28	0.18823529411764706	0.3137254901960784	0.9725490196078431
U	C2_1	213.706	115.369	233.402	0.5647058823529412	0.5647058823529412	0.5647058823529412
U	O2_1	213.184	114.585	234.187	1.0	0.050980392156862744	0.050980392156862744
U	N3_1	213.632	116.73	233.573	0.18823529411764706	0.3137254901960784	0.9725490196078431
U	C4_1	214.175	117.7	232.761	0.5647058823529412	0.5647058823529412	0.5647058823529412
U	O4_1	214.042	118.883	233.064	1.0	0.050980392156862744	0.050980392156862744
U	C5_1	214.878	117.203	231.621	0.5647058823529412	0.5647058823529412	0.5647058823529412
U	C6_1	214.966	115.888	231.421	0.5647058823529412	0.5647058823529412	0.5647058823529412
A	P_2	208.991	122.678	241.532	1.0	0.5019607843137255	0.0
A	OP1_2	208.84	123.027	242.972	1.0	0.050980392156862744	0.050980392156862744
A	OP2_2	210.187	123.15	240.785	1.0	0.050980392156862744	0.050980392156862744
A	O5'_2	208.915	121.093	241.392	1.0	0.050980392156862744	0.050980392156862744
A	C5'_2	207.858	120.335	242.026	0.5647058823529412	0.5647058823529412	0.5647058823529412
A	C4'_2	207.77	118.959	241.404	0.5647058823529412	0.5647058823529412	0.5647058823529412
A	O4'_2	207.549	119.115	239.977	1.0	0.050980392156862744	0.050980392156862744
A	C3'_2	209.037	118.117	241.504	0.5647058823529412	0.5647058823529412	0.5647058823529412
A	O3'_2	209.108	117.402	242.74	1.0	0.050980392156862744	0.050980392156862744
A	C2'_2	208.917	117.197	240.296	0.5647058823529412	0.5647058823529412	0.5647058823529412
A	O2'_2	208.033	116.114	240.503	1.0	0.050980392156862744	0.050980392156862744
A	C1'_2	208.304	118.147	239.266	0.5647058823529412	0.5647058823529412	0.5647058823529412
A	N9_2	209.3	118.853	238.45	0.18823529411764706	0.3137254901960784	0.9725490196078431
A	C8_2	209.646	120.187	238.495	0.5647058823529412	0.5647058823529412	0.5647058823529412
A	N7_2	210.559	120.528	237.618	0.18823529411764706	0.3137254901960784	0.9725490196078431
A	C5_2	210.841	119.341	236.952	0.5647058823529412	0.5647058823529412	0.5647058823529412
A	C6_2	211.726	119.032	235.902	0.5647058823529412	0.5647058823529412	0.5647058823529412
A	N6_2	212.525	119.932	235.321	0.18823529411764706	0.3137254901960784	0.9725490196078431
A	N1_2	211.764	117.752	235.468	0.18823529411764706	0.3137254901960784	0.9725490196078431
A	C2_2	210.966	116.85	236.057	0.5647058823529412	0.5647058823529412	0.5647058823529412
A	N3_2	210.094	117.017	237.053	0.18823529411764706	0.3137254901960784	0.9725490196078431
A	C4_2	210.078	118.3	237.459	0.5647058823529412	0.5647058823529412	0.5647058823529412
