U	P_1	116.679	172.896	183.036	1.0	0.5019607843137255	0.0
U	OP1_1	117.253	173.789	181.996	1.0	0.050980392156862744	0.050980392156862744
U	OP2_1	115.388	173.254	183.678	1.0	0.050980392156862744	0.050980392156862744
U	O5'_1	116.537	171.43	182.429	1.0	0.050980392156862744	0.050980392156862744
U	C5'_1	117.649	170.787	181.774	0.5647058823529412	0.5647058823529412	0.5647058823529412
U	C4'_1	117.305	169.351	181.452	0.5647058823529412	0.5647058823529412	0.5647058823529412
U	O4'_1	117.152	168.604	182.687	1.0	0.050980392156862744	0.050980392156862744
U	C3'_1	115.988	169.14	180.722	0.5647058823529412	0.5647058823529412	0.5647058823529412
U	O3'_1	116.122	169.349	179.323	1.0	0.050980392156862744	0.050980392156862744
U	C2'_1	115.652	167.699	181.076	0.5647058823529412	0.5647058823529412	0.5647058823529412
U	O2'_1	116.38	166.761	180.307	1.0	0.050980392156862744	0.050980392156862744
U	C1'_1	116.123	167.639	182.532	0.5647058823529412	0.5647058823529412	0.5647058823529412
U	N1_1	115.05	167.939	183.491	0.18823529411764706	0.3137254901960784	0.9725490196078431
U	C2_1	114.316	166.874	183.98	0.5647058823529412	0.5647058823529412	0.5647058823529412
U	O2_1	114.543	165.712	183.673	1.0	0.050980392156862744	0.050980392156862744
U	N3_1	113.311	167.219	184.846	0.18823529411764706	0.3137254901960784	0.9725490196078431
U	C4_1	112.975	168.491	185.27	0.5647058823529412	0.5647058823529412	0.5647058823529412
U	O4_1	112.002	168.64	186.01	1.0	0.050980392156862744	0.050980392156862744
U	C5_1	113.789	169.536	184.733	0.5647058823529412	0.5647058823529412	0.5647058823529412
U	C6_1	114.774	169.232	183.883	0.5647058823529412	0.5647058823529412	0.5647058823529412
A	P_2	106.094	158.706	188.364	1.0	0.5019607843137255	0.0
A	OP1_2	105.971	157.357	188.993	1.0	0.050980392156862744	0.050980392156862744
A	OP2_2	106.08	159.918	189.228	1.0	0.050980392156862744	0.050980392156862744
A	O5'_2	107.42	158.744	187.477	1.0	0.050980392156862744	0.050980392156862744
A	C5'_2	107.684	157.711	186.504	0.5647058823529412	0.5647058823529412	0.5647058823529412
A	C4'_2	108.81	158.124	185.574	0.5647058823529412	0.5647058823529412	0.5647058823529412
A	O4'_2	108.406	159.271	184.773	1.0	0.050980392156862744	0.050980392156862744
A	C3'_2	110.113	158.578	186.216	0.5647058823529412	0.5647058823529412	0.5647058823529412
A	O3'_2	110.917	157.486	186.654	1.0	0.050980392156862744	0.050980392156862744
A	C2'_2	110.763	159.353	185.078	0.5647058823529412	0.5647058823529412	0.5647058823529412
A	O2'_2	111.343	158.512	184.102	1.0	0.050980392156862744	0.050980392156862744
A	C1'_2	109.549	160.063	184.472	0.5647058823529412	0.5647058823529412	0.5647058823529412
A	N9_2	109.367	161.397	185.05	0.18823529411764706	0.3137254901960784	0.9725490196078431
A	C8_2	108.375	161.843	185.896	0.5647058823529412	0.5647058823529412	0.5647058823529412
A	N7_2	108.525	163.09	186.276	0.18823529411764706	0.3137254901960784	0.9725490196078431
A	C5_2	109.689	163.498	185.634	0.5647058823529412	0.5647058823529412	0.5647058823529412
A	C6_2	110.394	164.715	185.636	0.5647058823529412	0.5647058823529412	0.5647058823529412
A	N6_2	110.022	165.785	186.345	0.18823529411764706	0.3137254901960784	0.9725490196078431
A	N1_2	111.513	164.794	184.881	0.18823529411764706	0.3137254901960784	0.9725490196078431
A	C2_2	111.896	163.713	184.183	0.5647058823529412	0.5647058823529412	0.5647058823529412
A	N3_2	111.321	162.513	184.104	0.18823529411764706	0.3137254901960784	0.9725490196078431
A	C4_2	110.208	162.471	184.862	0.5647058823529412	0.5647058823529412	0.5647058823529412
