A	P_1	246.747	180.535	146.002	1.0	0.5019607843137255	0.0
A	OP1_1	246.704	179.115	146.446	1.0	0.050980392156862744	0.050980392156862744
A	OP2_1	246.346	180.881	144.614	1.0	0.050980392156862744	0.050980392156862744
A	O5'_1	245.847	181.397	146.998	1.0	0.050980392156862744	0.050980392156862744
A	C5'_1	244.689	180.82	147.635	0.5647058823529412	0.5647058823529412	0.5647058823529412
A	C4'_1	244.8	180.966	149.133	0.5647058823529412	0.5647058823529412	0.5647058823529412
A	O4'_1	244.699	182.373	149.5	1.0	0.050980392156862744	0.050980392156862744
A	C3'_1	243.736	180.232	149.941	0.5647058823529412	0.5647058823529412	0.5647058823529412
A	O3'_1	244.343	179.704	151.127	1.0	0.050980392156862744	0.050980392156862744
A	C2'_1	242.714	181.334	150.228	0.5647058823529412	0.5647058823529412	0.5647058823529412
A	O2'_1	241.946	181.091	151.393	1.0	0.050980392156862744	0.050980392156862744
A	C1'_1	243.617	182.559	150.397	0.5647058823529412	0.5647058823529412	0.5647058823529412
A	N9_1	242.987	183.85	150.09	0.18823529411764706	0.3137254901960784	0.9725490196078431
A	C8_1	242.31	184.215	148.945	0.5647058823529412	0.5647058823529412	0.5647058823529412
A	N7_1	241.888	185.46	148.953	0.18823529411764706	0.3137254901960784	0.9725490196078431
A	C5_1	242.308	185.949	150.184	0.5647058823529412	0.5647058823529412	0.5647058823529412
A	C6_1	242.183	187.215	150.795	0.5647058823529412	0.5647058823529412	0.5647058823529412
A	N6_1	241.593	188.264	150.212	0.18823529411764706	0.3137254901960784	0.9725490196078431
A	N1_1	242.703	187.37	152.036	0.18823529411764706	0.3137254901960784	0.9725490196078431
A	C2_1	243.321	186.324	152.606	0.5647058823529412	0.5647058823529412	0.5647058823529412
A	N3_1	243.514	185.092	152.128	0.18823529411764706	0.3137254901960784	0.9725490196078431
A	C4_1	242.977	184.967	150.9	0.5647058823529412	0.5647058823529412	0.5647058823529412
U	P_2	237.572	189.181	140.584	1.0	0.5019607843137255	0.0
U	OP1_2	237.476	190.322	139.63	1.0	0.050980392156862744	0.050980392156862744
U	OP2_2	238.297	187.945	140.181	1.0	0.050980392156862744	0.050980392156862744
U	O5'_2	238.214	189.709	141.948	1.0	0.050980392156862744	0.050980392156862744
U	C5'_2	237.646	190.84	142.643	0.5647058823529412	0.5647058823529412	0.5647058823529412
U	C4'_2	238.19	190.928	144.053	0.5647058823529412	0.5647058823529412	0.5647058823529412
U	O4'_2	237.874	189.706	144.776	1.0	0.050980392156862744	0.050980392156862744
U	C3'_2	239.7	191.069	144.212	0.5647058823529412	0.5647058823529412	0.5647058823529412
U	O3'_2	240.122	192.426	144.033	1.0	0.050980392156862744	0.050980392156862744
U	C2'_2	239.912	190.584	145.645	0.5647058823529412	0.5647058823529412	0.5647058823529412
U	O2'_2	239.579	191.561	146.613	1.0	0.050980392156862744	0.050980392156862744
U	C1'_2	238.893	189.444	145.731	0.5647058823529412	0.5647058823529412	0.5647058823529412
U	N1_2	239.472	188.115	145.467	0.18823529411764706	0.3137254901960784	0.9725490196078431
U	C2_2	240.085	187.453	146.531	0.5647058823529412	0.5647058823529412	0.5647058823529412
U	O2_2	240.161	187.923	147.658	1.0	0.050980392156862744	0.050980392156862744
U	N3_2	240.611	186.222	146.222	0.18823529411764706	0.3137254901960784	0.9725490196078431
U	C4_2	240.594	185.594	144.99	0.5647058823529412	0.5647058823529412	0.5647058823529412
U	O4_2	241.161	184.506	144.859	1.0	0.050980392156862744	0.050980392156862744
U	C5_2	239.941	186.335	143.945	0.5647058823529412	0.5647058823529412	0.5647058823529412
U	C6_2	239.418	187.538	144.211	0.5647058823529412	0.5647058823529412	0.5647058823529412
