U	P_1	207.645	143.339	149.999	1.0	0.5019607843137255	0.0
U	OP1_1	208.553	143.208	151.176	1.0	0.050980392156862744	0.050980392156862744
U	OP2_1	206.969	144.637	149.735	1.0	0.050980392156862744	0.050980392156862744
U	O5'_1	208.458	142.938	148.69	1.0	0.050980392156862744	0.050980392156862744
U	C5'_1	209.435	141.884	148.721	0.5647058823529412	0.5647058823529412	0.5647058823529412
U	C4'_1	210.139	141.793	147.392	0.5647058823529412	0.5647058823529412	0.5647058823529412
U	O4'_1	209.185	141.382	146.375	1.0	0.050980392156862744	0.050980392156862744
U	C3'_1	210.696	143.102	146.859	0.5647058823529412	0.5647058823529412	0.5647058823529412
U	O3'_1	211.946	143.437	147.448	1.0	0.050980392156862744	0.050980392156862744
U	C2'_1	210.778	142.827	145.364	0.5647058823529412	0.5647058823529412	0.5647058823529412
U	O2'_1	211.888	142.028	145.001	1.0	0.050980392156862744	0.050980392156862744
U	C1'_1	209.492	142.025	145.145	0.5647058823529412	0.5647058823529412	0.5647058823529412
U	N1_1	208.353	142.873	144.754	0.18823529411764706	0.3137254901960784	0.9725490196078431
U	C2_1	208.11	143.041	143.397	0.5647058823529412	0.5647058823529412	0.5647058823529412
U	O2_1	208.777	142.496	142.527	1.0	0.050980392156862744	0.050980392156862744
U	N3_1	207.056	143.871	143.101	0.18823529411764706	0.3137254901960784	0.9725490196078431
U	C4_1	206.236	144.53	143.998	0.5647058823529412	0.5647058823529412	0.5647058823529412
U	O4_1	205.359	145.283	143.574	1.0	0.050980392156862744	0.050980392156862744
U	C5_1	206.537	144.29	145.373	0.5647058823529412	0.5647058823529412	0.5647058823529412
U	C6_1	207.56	143.491	145.698	0.5647058823529412	0.5647058823529412	0.5647058823529412
A	P_2	204.172	147.391	132.251	1.0	0.5019607843137255	0.0
A	OP1_2	204.109	146.998	130.818	1.0	0.050980392156862744	0.050980392156862744
A	OP2_2	202.979	147.199	133.121	1.0	0.050980392156862744	0.050980392156862744
A	O5'_2	205.411	146.641	132.917	1.0	0.050980392156862744	0.050980392156862744
A	C5'_2	206.648	146.454	132.192	0.5647058823529412	0.5647058823529412	0.5647058823529412
A	C4'_2	207.576	145.54	132.964	0.5647058823529412	0.5647058823529412	0.5647058823529412
A	O4'_2	208.018	146.203	134.178	1.0	0.050980392156862744	0.050980392156862744
A	C3'_2	206.959	144.236	133.452	0.5647058823529412	0.5647058823529412	0.5647058823529412
A	O3'_2	206.943	143.235	132.431	1.0	0.050980392156862744	0.050980392156862744
A	C2'_2	207.858	143.867	134.626	0.5647058823529412	0.5647058823529412	0.5647058823529412
A	O2'_2	209.076	143.27	134.228	1.0	0.050980392156862744	0.050980392156862744
A	C1'_2	208.155	145.246	135.22	0.5647058823529412	0.5647058823529412	0.5647058823529412
A	N9_2	207.26	145.624	136.315	0.18823529411764706	0.3137254901960784	0.9725490196078431
A	C8_2	206.154	146.439	136.261	0.5647058823529412	0.5647058823529412	0.5647058823529412
A	N7_2	205.574	146.622	137.424	0.18823529411764706	0.3137254901960784	0.9725490196078431
A	C5_2	206.347	145.872	138.303	0.5647058823529412	0.5647058823529412	0.5647058823529412
A	C6_2	206.263	145.658	139.694	0.5647058823529412	0.5647058823529412	0.5647058823529412
A	N6_2	205.324	146.208	140.469	0.18823529411764706	0.3137254901960784	0.9725490196078431
A	N1_2	207.188	144.853	140.266	0.18823529411764706	0.3137254901960784	0.9725490196078431
A	C2_2	208.129	144.306	139.485	0.5647058823529412	0.5647058823529412	0.5647058823529412
A	N3_2	208.315	144.433	138.169	0.18823529411764706	0.3137254901960784	0.9725490196078431
A	C4_2	207.38	145.24	137.631	0.5647058823529412	0.5647058823529412	0.5647058823529412
