A	P_1	213.428	251.218	202.778	1.0	0.5019607843137255	0.0
A	OP1_1	214.092	251.674	204.033	1.0	0.050980392156862744	0.050980392156862744
A	OP2_1	212.392	252.081	202.144	1.0	0.050980392156862744	0.050980392156862744
A	O5'_1	214.562	250.893	201.703	1.0	0.050980392156862744	0.050980392156862744
A	C5'_1	214.619	251.565	200.421	0.5647058823529412	0.5647058823529412	0.5647058823529412
A	C4'_1	214.847	250.551	199.319	0.5647058823529412	0.5647058823529412	0.5647058823529412
A	O4'_1	213.64	249.756	199.156	1.0	0.050980392156862744	0.050980392156862744
A	C3'_1	215.12	251.088	197.921	0.5647058823529412	0.5647058823529412	0.5647058823529412
A	O3'_1	216.492	251.444	197.749	1.0	0.050980392156862744	0.050980392156862744
A	C2'_1	214.723	249.904	197.044	0.5647058823529412	0.5647058823529412	0.5647058823529412
A	O2'_1	215.697	248.882	196.984	1.0	0.050980392156862744	0.050980392156862744
A	C1'_1	213.498	249.376	197.794	0.5647058823529412	0.5647058823529412	0.5647058823529412
A	N9_1	212.252	249.939	197.275	0.18823529411764706	0.3137254901960784	0.9725490196078431
A	C8_1	211.409	250.858	197.861	0.5647058823529412	0.5647058823529412	0.5647058823529412
A	N7_1	210.377	251.178	197.118	0.18823529411764706	0.3137254901960784	0.9725490196078431
A	C5_1	210.549	250.42	195.966	0.5647058823529412	0.5647058823529412	0.5647058823529412
A	C6_1	209.795	250.313	194.784	0.5647058823529412	0.5647058823529412	0.5647058823529412
A	N6_1	208.677	251.01	194.559	0.18823529411764706	0.3137254901960784	0.9725490196078431
A	N1_1	210.235	249.461	193.828	0.18823529411764706	0.3137254901960784	0.9725490196078431
A	C2_1	211.365	248.776	194.053	0.5647058823529412	0.5647058823529412	0.5647058823529412
A	N3_1	212.164	248.794	195.122	0.18823529411764706	0.3137254901960784	0.9725490196078431
A	C4_1	211.693	249.646	196.053	0.5647058823529412	0.5647058823529412	0.5647058823529412
U	P_2	205.505	249.152	184.809	1.0	0.5019607843137255	0.0
U	OP1_2	205.006	248.118	183.856	1.0	0.050980392156862744	0.050980392156862744
U	OP2_2	204.629	249.616	185.912	1.0	0.050980392156862744	0.050980392156862744
U	O5'_2	206.873	248.625	185.443	1.0	0.050980392156862744	0.050980392156862744
U	C5'_2	207.986	248.254	184.597	0.5647058823529412	0.5647058823529412	0.5647058823529412
U	C4'_2	209.148	247.743	185.423	0.5647058823529412	0.5647058823529412	0.5647058823529412
U	O4'_2	209.716	248.815	186.226	1.0	0.050980392156862744	0.050980392156862744
U	C3'_2	208.849	246.66	186.447	0.5647058823529412	0.5647058823529412	0.5647058823529412
U	O3'_2	208.7	245.371	185.868	1.0	0.050980392156862744	0.050980392156862744
U	C2'_2	210.062	246.753	187.363	0.5647058823529412	0.5647058823529412	0.5647058823529412
U	O2'_2	211.219	246.146	186.822	1.0	0.050980392156862744	0.050980392156862744
U	C1'_2	210.268	248.267	187.42	0.5647058823529412	0.5647058823529412	0.5647058823529412
U	N1_2	209.603	248.875	188.586	0.18823529411764706	0.3137254901960784	0.9725490196078431
U	C2_2	210.309	248.915	189.784	0.5647058823529412	0.5647058823529412	0.5647058823529412
U	O2_2	211.439	248.466	189.909	1.0	0.050980392156862744	0.050980392156862744
U	N3_2	209.637	249.502	190.83	0.18823529411764706	0.3137254901960784	0.9725490196078431
U	C4_2	208.364	250.043	190.804	0.5647058823529412	0.5647058823529412	0.5647058823529412
U	O4_2	207.918	250.582	191.814	1.0	0.050980392156862744	0.050980392156862744
U	C5_2	207.699	249.954	189.537	0.5647058823529412	0.5647058823529412	0.5647058823529412
U	C6_2	208.324	249.389	188.5	0.5647058823529412	0.5647058823529412	0.5647058823529412
