U	P_1	227.241	236.764	209.076	1.0	0.5019607843137255	0.0
U	OP1_1	227.464	235.962	210.315	1.0	0.050980392156862744	0.050980392156862744
U	OP2_1	225.931	236.682	208.376	1.0	0.050980392156862744	0.050980392156862744
U	O5'_1	227.526	238.295	209.417	1.0	0.050980392156862744	0.050980392156862744
U	C5'_1	228.67	238.682	210.212	0.5647058823529412	0.5647058823529412	0.5647058823529412
U	C4'_1	228.763	240.188	210.293	0.5647058823529412	0.5647058823529412	0.5647058823529412
U	O4'_1	229.052	240.723	208.974	1.0	0.050980392156862744	0.050980392156862744
U	C3'_1	227.488	240.903	210.72	0.5647058823529412	0.5647058823529412	0.5647058823529412
U	O3'_1	227.336	240.915	212.138	1.0	0.050980392156862744	0.050980392156862744
U	C2'_1	227.679	242.296	210.129	0.5647058823529412	0.5647058823529412	0.5647058823529412
U	O2'_1	228.524	243.124	210.906	1.0	0.050980392156862744	0.050980392156862744
U	C1'_1	228.381	241.965	208.807	0.5647058823529412	0.5647058823529412	0.5647058823529412
U	N1_1	227.474	241.863	207.649	0.18823529411764706	0.3137254901960784	0.9725490196078431
U	C2_1	227.235	243.021	206.908	0.5647058823529412	0.5647058823529412	0.5647058823529412
U	O2_1	227.724	244.114	207.189	1.0	0.050980392156862744	0.050980392156862744
U	N3_1	226.4	242.848	205.829	0.18823529411764706	0.3137254901960784	0.9725490196078431
U	C4_1	225.789	241.672	205.426	0.5647058823529412	0.5647058823529412	0.5647058823529412
U	O4_1	225.059	241.682	204.435	1.0	0.050980392156862744	0.050980392156862744
U	C5_1	226.076	240.533	206.245	0.5647058823529412	0.5647058823529412	0.5647058823529412
U	C6_1	226.885	240.663	207.301	0.5647058823529412	0.5647058823529412	0.5647058823529412
A	P_2	222.908	250.757	198.206	1.0	0.5019607843137255	0.0
A	OP1_2	223.045	251.912	197.273	1.0	0.050980392156862744	0.050980392156862744
A	OP2_2	223.136	249.377	197.702	1.0	0.050980392156862744	0.050980392156862744
A	O5'_2	223.87	251.007	199.452	1.0	0.050980392156862744	0.050980392156862744
A	C5'_2	223.804	252.24	200.207	0.5647058823529412	0.5647058823529412	0.5647058823529412
A	C4'_2	224.65	252.135	201.457	0.5647058823529412	0.5647058823529412	0.5647058823529412
A	O4'_2	224.07	251.17	202.375	1.0	0.050980392156862744	0.050980392156862744
A	C3'_2	226.075	251.655	201.245	0.5647058823529412	0.5647058823529412	0.5647058823529412
A	O3'_2	226.904	252.74	200.827	1.0	0.050980392156862744	0.050980392156862744
A	C2'_2	226.439	251.094	202.618	0.5647058823529412	0.5647058823529412	0.5647058823529412
A	O2'_2	226.79	252.098	203.548	1.0	0.050980392156862744	0.050980392156862744
A	C1'_2	225.106	250.475	203.055	0.5647058823529412	0.5647058823529412	0.5647058823529412
A	N9_2	224.95	249.042	202.781	0.18823529411764706	0.3137254901960784	0.9725490196078431
A	C8_2	224.273	248.458	201.731	0.5647058823529412	0.5647058823529412	0.5647058823529412
A	N7_2	224.248	247.146	201.777	0.18823529411764706	0.3137254901960784	0.9725490196078431
A	C5_2	224.966	246.838	202.928	0.5647058823529412	0.5647058823529412	0.5647058823529412
A	C6_2	225.285	245.607	203.546	0.5647058823529412	0.5647058823529412	0.5647058823529412
A	N6_2	224.894	244.418	203.069	0.18823529411764706	0.3137254901960784	0.9725490196078431
A	N1_2	226.022	245.646	204.681	0.18823529411764706	0.3137254901960784	0.9725490196078431
A	C2_2	226.4	246.843	205.16	0.5647058823529412	0.5647058823529412	0.5647058823529412
A	N3_2	226.155	248.068	204.677	0.18823529411764706	0.3137254901960784	0.9725490196078431
A	C4_2	225.423	247.996	203.547	0.5647058823529412	0.5647058823529412	0.5647058823529412
