U	P_1	157.969	200.242	113.489	1.0	0.5019607843137255	0.0
U	OP1_1	157.839	201.719	113.655	1.0	0.050980392156862744	0.050980392156862744
U	OP2_1	158.636	199.438	114.552	1.0	0.050980392156862744	0.050980392156862744
U	O5'_1	156.518	199.632	113.243	1.0	0.050980392156862744	0.050980392156862744
U	C5'_1	155.62	200.212	112.273	0.5647058823529412	0.5647058823529412	0.5647058823529412
U	C4'_1	154.257	199.57	112.378	0.5647058823529412	0.5647058823529412	0.5647058823529412
U	O4'_1	154.35	198.17	112.003	1.0	0.050980392156862744	0.050980392156862744
U	C3'_1	153.66	199.56	113.778	0.5647058823529412	0.5647058823529412	0.5647058823529412
U	O3'_1	153.014	200.804	114.057	1.0	0.050980392156862744	0.050980392156862744
U	C2'_1	152.708	198.367	113.726	0.5647058823529412	0.5647058823529412	0.5647058823529412
U	O2'_1	151.472	198.663	113.106	1.0	0.050980392156862744	0.050980392156862744
U	C1'_1	153.486	197.398	112.827	0.5647058823529412	0.5647058823529412	0.5647058823529412
U	N1_1	154.301	196.402	113.544	0.18823529411764706	0.3137254901960784	0.9725490196078431
U	C2_1	153.774	195.125	113.71	0.5647058823529412	0.5647058823529412	0.5647058823529412
U	O2_1	152.658	194.807	113.326	1.0	0.050980392156862744	0.050980392156862744
U	N3_1	154.611	194.239	114.344	0.18823529411764706	0.3137254901960784	0.9725490196078431
U	C4_1	155.886	194.489	114.826	0.5647058823529412	0.5647058823529412	0.5647058823529412
U	O4_1	156.527	193.573	115.34	1.0	0.050980392156862744	0.050980392156862744
U	C5_1	156.347	195.831	114.639	0.5647058823529412	0.5647058823529412	0.5647058823529412
U	C6_1	155.561	196.72	114.023	0.5647058823529412	0.5647058823529412	0.5647058823529412
A	P_2	154.152	183.484	116.999	1.0	0.5019607843137255	0.0
A	OP1_2	153.824	182.033	117.115	1.0	0.050980392156862744	0.050980392156862744
A	OP2_2	155.562	183.897	116.761	1.0	0.050980392156862744	0.050980392156862744
A	O5'_2	153.241	184.104	115.843	1.0	0.050980392156862744	0.050980392156862744
A	C5'_2	151.844	183.748	115.716	0.5647058823529412	0.5647058823529412	0.5647058823529412
A	C4'_2	151.11	184.778	114.881	0.5647058823529412	0.5647058823529412	0.5647058823529412
A	O4'_2	151.299	186.089	115.482	1.0	0.050980392156862744	0.050980392156862744
A	C3'_2	151.588	184.959	113.444	0.5647058823529412	0.5647058823529412	0.5647058823529412
A	O3'_2	151.03	183.981	112.562	1.0	0.050980392156862744	0.050980392156862744
A	C2'_2	151.135	186.382	113.127	0.5647058823529412	0.5647058823529412	0.5647058823529412
A	O2'_2	149.758	186.485	112.82	1.0	0.050980392156862744	0.050980392156862744
A	C1'_2	151.402	187.078	114.464	0.5647058823529412	0.5647058823529412	0.5647058823529412
A	N9_2	152.733	187.686	114.545	0.18823529411764706	0.3137254901960784	0.9725490196078431
A	C8_2	153.943	187.054	114.732	0.5647058823529412	0.5647058823529412	0.5647058823529412
A	N7_2	154.965	187.873	114.775	0.18823529411764706	0.3137254901960784	0.9725490196078431
A	C5_2	154.396	189.128	114.6	0.5647058823529412	0.5647058823529412	0.5647058823529412
A	C6_2	154.951	190.421	114.555	0.5647058823529412	0.5647058823529412	0.5647058823529412
A	N6_2	156.26	190.669	114.684	0.18823529411764706	0.3137254901960784	0.9725490196078431
A	N1_2	154.107	191.462	114.369	0.18823529411764706	0.3137254901960784	0.9725490196078431
A	C2_2	152.798	191.21	114.236	0.5647058823529412	0.5647058823529412	0.5647058823529412
A	N3_2	152.156	190.042	114.264	0.18823529411764706	0.3137254901960784	0.9725490196078431
A	C4_2	153.024	189.028	114.454	0.5647058823529412	0.5647058823529412	0.5647058823529412
