U	P_1	169.76	163.791	154.421	1.0	0.5019607843137255	0.0
U	OP1_1	169.576	165.207	154.854	1.0	0.050980392156862744	0.050980392156862744
U	OP2_1	168.84	162.741	154.936	1.0	0.050980392156862744	0.050980392156862744
U	O5'_1	169.724	163.739	152.828	1.0	0.050980392156862744	0.050980392156862744
U	C5'_1	170.519	164.649	152.04	0.5647058823529412	0.5647058823529412	0.5647058823529412
U	C4'_1	170.364	164.34	150.571	0.5647058823529412	0.5647058823529412	0.5647058823529412
U	O4'_1	171.004	163.073	150.271	1.0	0.050980392156862744	0.050980392156862744
U	C3'_1	168.933	164.164	150.08	0.5647058823529412	0.5647058823529412	0.5647058823529412
U	O3'_1	168.283	165.414	149.837	1.0	0.050980392156862744	0.050980392156862744
U	C2'_1	169.133	163.332	148.82	0.5647058823529412	0.5647058823529412	0.5647058823529412
U	O2'_1	169.562	164.098	147.713	1.0	0.050980392156862744	0.050980392156862744
U	C1'_1	170.269	162.401	149.259	0.5647058823529412	0.5647058823529412	0.5647058823529412
U	N1_1	169.79	161.118	149.799	0.18823529411764706	0.3137254901960784	0.9725490196078431
U	C2_1	169.695	160.041	148.924	0.5647058823529412	0.5647058823529412	0.5647058823529412
U	O2_1	169.987	160.112	147.737	1.0	0.050980392156862744	0.050980392156862744
U	N3_1	169.242	158.876	149.493	0.18823529411764706	0.3137254901960784	0.9725490196078431
U	C4_1	168.879	158.678	150.815	0.5647058823529412	0.5647058823529412	0.5647058823529412
U	O4_1	168.463	157.574	151.167	1.0	0.050980392156862744	0.050980392156862744
U	C5_1	169.005	159.835	151.653	0.5647058823529412	0.5647058823529412	0.5647058823529412
U	C6_1	169.443	160.983	151.132	0.5647058823529412	0.5647058823529412	0.5647058823529412
A	P_2	167.203	148.892	143.563	1.0	0.5019607843137255	0.0
A	OP1_2	167.809	147.871	142.662	1.0	0.050980392156862744	0.050980392156862744
A	OP2_2	167.191	148.656	145.033	1.0	0.050980392156862744	0.050980392156862744
A	O5'_2	167.925	150.288	143.286	1.0	0.050980392156862744	0.050980392156862744
A	C5'_2	168.094	150.777	141.94	0.5647058823529412	0.5647058823529412	0.5647058823529412
A	C4'_2	168.307	152.276	141.937	0.5647058823529412	0.5647058823529412	0.5647058823529412
A	O4'_2	167.2	152.924	142.624	1.0	0.050980392156862744	0.050980392156862744
A	C3'_2	169.528	152.808	142.671	0.5647058823529412	0.5647058823529412	0.5647058823529412
A	O3'_2	170.727	152.695	141.914	1.0	0.050980392156862744	0.050980392156862744
A	C2'_2	169.139	154.262	142.897	0.5647058823529412	0.5647058823529412	0.5647058823529412
A	O2'_2	169.258	155.057	141.733	1.0	0.050980392156862744	0.050980392156862744
A	C1'_2	167.66	154.114	143.253	0.5647058823529412	0.5647058823529412	0.5647058823529412
A	N9_2	167.461	153.995	144.699	0.18823529411764706	0.3137254901960784	0.9725490196078431
A	C8_2	167.043	152.906	145.429	0.5647058823529412	0.5647058823529412	0.5647058823529412
A	N7_2	166.984	153.128	146.72	0.18823529411764706	0.3137254901960784	0.9725490196078431
A	C5_2	167.381	154.451	146.85	0.5647058823529412	0.5647058823529412	0.5647058823529412
A	C6_2	167.532	155.291	147.971	0.5647058823529412	0.5647058823529412	0.5647058823529412
A	N6_2	167.289	154.902	149.226	0.18823529411764706	0.3137254901960784	0.9725490196078431
A	N1_2	167.947	156.557	147.756	0.18823529411764706	0.3137254901960784	0.9725490196078431
A	C2_2	168.192	156.943	146.5	0.5647058823529412	0.5647058823529412	0.5647058823529412
A	N3_2	168.093	156.25	145.368	0.18823529411764706	0.3137254901960784	0.9725490196078431
A	C4_2	167.677	154.997	145.615	0.5647058823529412	0.5647058823529412	0.5647058823529412
