A	P_1	228.539	147.905	121.992	1.0	0.5019607843137255	0.0
A	OP1_1	229.136	146.604	121.568	1.0	0.050980392156862744	0.050980392156862744
A	OP2_1	227.884	148.015	123.326	1.0	0.050980392156862744	0.050980392156862744
A	O5'_1	229.68	149.012	121.892	1.0	0.050980392156862744	0.050980392156862744
A	C5'_1	230.495	149.349	123.032	0.5647058823529412	0.5647058823529412	0.5647058823529412
A	C4'_1	231.259	150.623	122.758	0.5647058823529412	0.5647058823529412	0.5647058823529412
A	O4'_1	230.327	151.678	122.4	1.0	0.050980392156862744	0.050980392156862744
A	C3'_1	232.043	151.198	123.924	0.5647058823529412	0.5647058823529412	0.5647058823529412
A	O3'_1	233.307	150.556	124.07	1.0	0.050980392156862744	0.050980392156862744
A	C2'_1	232.177	152.66	123.523	0.5647058823529412	0.5647058823529412	0.5647058823529412
A	O2'_1	233.186	152.876	122.558	1.0	0.050980392156862744	0.050980392156862744
A	C1'_1	230.811	152.924	122.878	0.5647058823529412	0.5647058823529412	0.5647058823529412
A	N9_1	229.813	153.49	123.792	0.18823529411764706	0.3137254901960784	0.9725490196078431
A	C8_1	228.601	152.947	124.157	0.5647058823529412	0.5647058823529412	0.5647058823529412
A	N7_1	227.922	153.687	125.0	0.18823529411764706	0.3137254901960784	0.9725490196078431
A	C5_1	228.738	154.793	125.208	0.5647058823529412	0.5647058823529412	0.5647058823529412
A	C6_1	228.586	155.939	126.006	0.5647058823529412	0.5647058823529412	0.5647058823529412
A	N6_1	227.524	156.165	126.782	0.18823529411764706	0.3137254901960784	0.9725490196078431
A	N1_1	229.577	156.855	125.984	0.18823529411764706	0.3137254901960784	0.9725490196078431
A	C2_1	230.649	156.619	125.217	0.5647058823529412	0.5647058823529412	0.5647058823529412
A	N3_1	230.91	155.58	124.428	0.18823529411764706	0.3137254901960784	0.9725490196078431
A	C4_1	229.902	154.69	124.466	0.5647058823529412	0.5647058823529412	0.5647058823529412
U	P_2	227.168	164.978	131.751	1.0	0.5019607843137255	0.0
U	OP1_2	227.361	166.452	131.866	1.0	0.050980392156862744	0.050980392156862744
U	OP2_2	225.897	164.449	131.193	1.0	0.050980392156862744	0.050980392156862744
U	O5'_2	228.373	164.378	130.89	1.0	0.050980392156862744	0.050980392156862744
U	C5'_2	229.738	164.796	131.117	0.5647058823529412	0.5647058823529412	0.5647058823529412
U	C4'_2	230.675	164.115	130.14	0.5647058823529412	0.5647058823529412	0.5647058823529412
U	O4'_2	230.671	162.679	130.376	1.0	0.050980392156862744	0.050980392156862744
U	C3'_2	230.318	164.248	128.665	0.5647058823529412	0.5647058823529412	0.5647058823529412
U	O3'_2	230.757	165.486	128.113	1.0	0.050980392156862744	0.050980392156862744
U	C2'_2	231.038	163.05	128.053	0.5647058823529412	0.5647058823529412	0.5647058823529412
U	O2'_2	232.426	163.258	127.88	1.0	0.050980392156862744	0.050980392156862744
U	C1'_2	230.829	161.993	129.14	0.5647058823529412	0.5647058823529412	0.5647058823529412
U	N1_2	229.639	161.158	128.9	0.18823529411764706	0.3137254901960784	0.9725490196078431
U	C2_2	229.799	160.029	128.108	0.5647058823529412	0.5647058823529412	0.5647058823529412
U	O2_2	230.866	159.722	127.602	1.0	0.050980392156862744	0.050980392156862744
U	N3_2	228.663	159.279	127.931	0.18823529411764706	0.3137254901960784	0.9725490196078431
U	C4_2	227.404	159.534	128.449	0.5647058823529412	0.5647058823529412	0.5647058823529412
U	O4_2	226.485	158.743	128.218	1.0	0.050980392156862744	0.050980392156862744
U	C5_2	227.313	160.723	129.25	0.5647058823529412	0.5647058823529412	0.5647058823529412
U	C6_2	228.404	161.476	129.443	0.5647058823529412	0.5647058823529412	0.5647058823529412
