A	P_1	258.374	239.631	204.942	1.0	0.5019607843137255	0.0
A	OP1_1	259.279	239.328	206.091	1.0	0.050980392156862744	0.050980392156862744
A	OP2_1	257.624	240.921	204.918	1.0	0.050980392156862744	0.050980392156862744
A	O5'_1	259.222	239.528	203.593	1.0	0.050980392156862744	0.050980392156862744
A	C5'_1	260.005	238.353	203.295	0.5647058823529412	0.5647058823529412	0.5647058823529412
A	C4'_1	260.458	238.374	201.851	0.5647058823529412	0.5647058823529412	0.5647058823529412
A	O4'_1	259.302	238.346	200.973	1.0	0.050980392156862744	0.050980392156862744
A	C3'_1	261.235	239.603	201.408	0.5647058823529412	0.5647058823529412	0.5647058823529412
A	O3'_1	262.613	239.481	201.752	1.0	0.050980392156862744	0.050980392156862744
A	C2'_1	261.018	239.6	199.897	0.5647058823529412	0.5647058823529412	0.5647058823529412
A	O2'_1	261.865	238.695	199.219	1.0	0.050980392156862744	0.050980392156862744
A	C1'_1	259.58	239.086	199.794	0.5647058823529412	0.5647058823529412	0.5647058823529412
A	N9_1	258.561	240.129	199.643	0.18823529411764706	0.3137254901960784	0.9725490196078431
A	C8_1	257.578	240.486	200.539	0.5647058823529412	0.5647058823529412	0.5647058823529412
A	N7_1	256.786	241.438	200.106	0.18823529411764706	0.3137254901960784	0.9725490196078431
A	C5_1	257.284	241.739	198.845	0.5647058823529412	0.5647058823529412	0.5647058823529412
A	C6_1	256.878	242.663	197.869	0.5647058823529412	0.5647058823529412	0.5647058823529412
A	N6_1	255.839	243.487	198.023	0.18823529411764706	0.3137254901960784	0.9725490196078431
A	N1_1	257.583	242.715	196.716	0.18823529411764706	0.3137254901960784	0.9725490196078431
A	C2_1	258.63	241.887	196.568	0.5647058823529412	0.5647058823529412	0.5647058823529412
A	N3_1	259.111	240.971	197.415	0.18823529411764706	0.3137254901960784	0.9725490196078431
A	C4_1	258.383	240.946	198.548	0.5647058823529412	0.5647058823529412	0.5647058823529412
U	P_2	255.175	249.879	188.597	1.0	0.5019607843137255	0.0
U	OP1_2	254.993	250.198	187.151	1.0	0.050980392156862744	0.050980392156862744
U	OP2_2	253.99	249.535	189.429	1.0	0.050980392156862744	0.050980392156862744
U	O5'_2	256.24	248.699	188.713	1.0	0.050980392156862744	0.050980392156862744
U	C5'_2	255.82	247.324	188.652	0.5647058823529412	0.5647058823529412	0.5647058823529412
U	C4'_2	256.965	246.407	188.999	0.5647058823529412	0.5647058823529412	0.5647058823529412
U	O4'_2	257.54	246.802	190.275	1.0	0.050980392156862744	0.050980392156862744
U	C3'_2	256.569	244.954	189.205	0.5647058823529412	0.5647058823529412	0.5647058823529412
U	O3'_2	256.445	244.256	187.966	1.0	0.050980392156862744	0.050980392156862744
U	C2'_2	257.696	244.434	190.09	0.5647058823529412	0.5647058823529412	0.5647058823529412
U	O2'_2	258.878	244.143	189.373	1.0	0.050980392156862744	0.050980392156862744
U	C1'_2	257.946	245.645	190.996	0.5647058823529412	0.5647058823529412	0.5647058823529412
U	N1_2	257.213	245.599	192.275	0.18823529411764706	0.3137254901960784	0.9725490196078431
U	C2_2	257.763	244.851	193.316	0.5647058823529412	0.5647058823529412	0.5647058823529412
U	O2_2	258.823	244.251	193.219	1.0	0.050980392156862744	0.050980392156862744
U	N3_2	257.019	244.836	194.475	0.18823529411764706	0.3137254901960784	0.9725490196078431
U	C4_2	255.811	245.478	194.703	0.5647058823529412	0.5647058823529412	0.5647058823529412
U	O4_2	255.251	245.344	195.79	1.0	0.050980392156862744	0.050980392156862744
U	C5_2	255.314	246.235	193.591	0.5647058823529412	0.5647058823529412	0.5647058823529412
U	C6_2	256.012	246.269	192.445	0.5647058823529412	0.5647058823529412	0.5647058823529412
