U	P_1	266.875	201.893	120.044	1.0	0.5019607843137255	0.0
U	OP1_1	266.835	203.167	120.82	1.0	0.050980392156862744	0.050980392156862744
U	OP2_1	267.436	200.671	120.677	1.0	0.050980392156862744	0.050980392156862744
U	O5'_1	265.394	201.566	119.549	1.0	0.050980392156862744	0.050980392156862744
U	C5'_1	264.549	202.604	119.008	0.5647058823529412	0.5647058823529412	0.5647058823529412
U	C4'_1	263.372	202.002	118.27	0.5647058823529412	0.5647058823529412	0.5647058823529412
U	O4'_1	263.857	201.205	117.154	1.0	0.050980392156862744	0.050980392156862744
U	C3'_1	262.489	201.031	119.045	0.5647058823529412	0.5647058823529412	0.5647058823529412
U	O3'_1	261.543	201.696	119.887	1.0	0.050980392156862744	0.050980392156862744
U	C2'_1	261.81	200.259	117.919	0.5647058823529412	0.5647058823529412	0.5647058823529412
U	O2'_1	260.753	200.978	117.312	1.0	0.050980392156862744	0.050980392156862744
U	C1'_1	262.959	200.128	116.918	0.5647058823529412	0.5647058823529412	0.5647058823529412
U	N1_1	263.683	198.853	117.044	0.18823529411764706	0.3137254901960784	0.9725490196078431
U	C2_1	263.189	197.768	116.336	0.5647058823529412	0.5647058823529412	0.5647058823529412
U	O2_1	262.196	197.83	115.625	1.0	0.050980392156862744	0.050980392156862744
U	N3_1	263.901	196.604	116.491	0.18823529411764706	0.3137254901960784	0.9725490196078431
U	C4_1	265.03	196.415	117.264	0.5647058823529412	0.5647058823529412	0.5647058823529412
U	O4_1	265.557	195.304	117.299	1.0	0.050980392156862744	0.050980392156862744
U	C5_1	265.479	197.581	117.965	0.5647058823529412	0.5647058823529412	0.5647058823529412
U	C6_1	264.808	198.73	117.835	0.5647058823529412	0.5647058823529412	0.5647058823529412
A	P_2	262.851	185.703	112.259	1.0	0.5019607843137255	0.0
A	OP1_2	262.539	184.815	111.103	1.0	0.050980392156862744	0.050980392156862744
A	OP2_2	264.249	186.155	112.476	1.0	0.050980392156862744	0.050980392156862744
A	O5'_2	261.921	186.991	112.154	1.0	0.050980392156862744	0.050980392156862744
A	C5'_2	260.497	186.862	111.98	0.5647058823529412	0.5647058823529412	0.5647058823529412
A	C4'_2	259.836	188.217	112.058	0.5647058823529412	0.5647058823529412	0.5647058823529412
A	O4'_2	259.975	188.757	113.399	1.0	0.050980392156862744	0.050980392156862744
A	C3'_2	260.433	189.287	111.157	0.5647058823529412	0.5647058823529412	0.5647058823529412
A	O3'_2	259.922	189.177	109.827	1.0	0.050980392156862744	0.050980392156862744
A	C2'_2	260.016	190.576	111.861	0.5647058823529412	0.5647058823529412	0.5647058823529412
A	O2'_2	258.678	190.942	111.592	1.0	0.050980392156862744	0.050980392156862744
A	C1'_2	260.135	190.167	113.334	0.5647058823529412	0.5647058823529412	0.5647058823529412
A	N9_2	261.412	190.514	113.963	0.18823529411764706	0.3137254901960784	0.9725490196078431
A	C8_2	262.497	189.689	114.171	0.5647058823529412	0.5647058823529412	0.5647058823529412
A	N7_2	263.499	190.277	114.78	0.18823529411764706	0.3137254901960784	0.9725490196078431
A	C5_2	263.051	191.576	114.982	0.5647058823529412	0.5647058823529412	0.5647058823529412
A	C6_2	263.652	192.696	115.579	0.5647058823529412	0.5647058823529412	0.5647058823529412
A	N6_2	264.88	192.683	116.103	0.18823529411764706	0.3137254901960784	0.9725490196078431
A	N1_2	262.941	193.844	115.62	0.18823529411764706	0.3137254901960784	0.9725490196078431
A	C2_2	261.708	193.854	115.089	0.5647058823529412	0.5647058823529412	0.5647058823529412
A	N3_2	261.033	192.864	114.504	0.18823529411764706	0.3137254901960784	0.9725490196078431
A	C4_2	261.769	191.738	114.482	0.5647058823529412	0.5647058823529412	0.5647058823529412
