A	P_1	292.213	240.052	214.709	1.0	0.5019607843137255	0.0
A	OP1_1	293.427	240.877	214.445	1.0	0.050980392156862744	0.050980392156862744
A	OP2_1	291.382	239.57	213.565	1.0	0.050980392156862744	0.050980392156862744
A	O5'_1	292.649	238.8	215.599	1.0	0.050980392156862744	0.050980392156862744
A	C5'_1	293.021	237.541	214.992	0.5647058823529412	0.5647058823529412	0.5647058823529412
A	C4'_1	292.605	236.388	215.883	0.5647058823529412	0.5647058823529412	0.5647058823529412
A	O4'_1	291.207	236.544	216.256	1.0	0.050980392156862744	0.050980392156862744
A	C3'_1	292.677	235.006	215.248	0.5647058823529412	0.5647058823529412	0.5647058823529412
A	O3'_1	293.995	234.455	215.311	1.0	0.050980392156862744	0.050980392156862744
A	C2'_1	291.661	234.217	216.068	0.5647058823529412	0.5647058823529412	0.5647058823529412
A	O2'_1	292.156	233.795	217.323	1.0	0.050980392156862744	0.050980392156862744
A	C1'_1	290.574	235.274	216.294	0.5647058823529412	0.5647058823529412	0.5647058823529412
A	N9_1	289.505	235.267	215.289	0.18823529411764706	0.3137254901960784	0.9725490196078431
A	C8_1	289.022	236.335	214.561	0.5647058823529412	0.5647058823529412	0.5647058823529412
A	N7_1	288.049	236.02	213.74	0.18823529411764706	0.3137254901960784	0.9725490196078431
A	C5_1	287.879	234.654	213.934	0.5647058823529412	0.5647058823529412	0.5647058823529412
A	C6_1	286.997	233.72	213.358	0.5647058823529412	0.5647058823529412	0.5647058823529412
A	N6_1	286.087	234.034	212.43	0.18823529411764706	0.3137254901960784	0.9725490196078431
A	N1_1	287.084	232.436	213.774	0.18823529411764706	0.3137254901960784	0.9725490196078431
A	C2_1	288.002	232.122	214.702	0.5647058823529412	0.5647058823529412	0.5647058823529412
A	N3_1	288.883	232.907	215.318	0.18823529411764706	0.3137254901960784	0.9725490196078431
A	C4_1	288.769	234.177	214.885	0.5647058823529412	0.5647058823529412	0.5647058823529412
U	P_2	281.981	224.81	216.913	1.0	0.5019607843137255	0.0
U	OP1_2	281.308	224.054	218.008	1.0	0.050980392156862744	0.050980392156862744
U	OP2_2	281.539	226.194	216.598	1.0	0.050980392156862744	0.050980392156862744
U	O5'_2	283.546	224.854	217.225	1.0	0.050980392156862744	0.050980392156862744
U	C5'_2	284.258	223.67	217.645	0.5647058823529412	0.5647058823529412	0.5647058823529412
U	C4'_2	285.716	223.99	217.886	0.5647058823529412	0.5647058823529412	0.5647058823529412
U	O4'_2	286.324	224.428	216.641	1.0	0.050980392156862744	0.050980392156862744
U	C3'_2	285.99	225.127	218.859	0.5647058823529412	0.5647058823529412	0.5647058823529412
U	O3'_2	285.945	224.682	220.216	1.0	0.050980392156862744	0.050980392156862744
U	C2'_2	287.375	225.595	218.428	0.5647058823529412	0.5647058823529412	0.5647058823529412
U	O2'_2	288.418	224.766	218.901	1.0	0.050980392156862744	0.050980392156862744
U	C1'_2	287.275	225.452	216.907	0.5647058823529412	0.5647058823529412	0.5647058823529412
U	N1_2	286.833	226.683	216.229	0.18823529411764706	0.3137254901960784	0.9725490196078431
U	C2_2	287.803	227.594	215.822	0.5647058823529412	0.5647058823529412	0.5647058823529412
U	O2_2	289.002	227.431	216.013	1.0	0.050980392156862744	0.050980392156862744
U	N3_2	287.312	228.708	215.185	0.18823529411764706	0.3137254901960784	0.9725490196078431
U	C4_2	285.982	229.004	214.924	0.5647058823529412	0.5647058823529412	0.5647058823529412
U	O4_2	285.696	230.048	214.34	1.0	0.050980392156862744	0.050980392156862744
U	C5_2	285.048	228.021	215.378	0.5647058823529412	0.5647058823529412	0.5647058823529412
U	C6_2	285.491	226.925	216.0	0.5647058823529412	0.5647058823529412	0.5647058823529412
