U	P_1	198.562	317.683	201.866	1.0	0.5019607843137255	0.0
U	OP1_1	198.415	319.138	202.164	1.0	0.050980392156862744	0.050980392156862744
U	OP2_1	198.414	317.198	200.463	1.0	0.050980392156862744	0.050980392156862744
U	O5'_1	199.982	317.201	202.411	1.0	0.050980392156862744	0.050980392156862744
U	C5'_1	200.336	317.364	203.801	0.5647058823529412	0.5647058823529412	0.5647058823529412
U	C4'_1	201.594	316.591	204.116	0.5647058823529412	0.5647058823529412	0.5647058823529412
U	O4'_1	201.369	315.177	203.862	1.0	0.050980392156862744	0.050980392156862744
U	C3'_1	202.814	316.932	203.273	0.5647058823529412	0.5647058823529412	0.5647058823529412
U	O3'_1	203.489	318.084	203.78	1.0	0.050980392156862744	0.050980392156862744
U	C2'_1	203.655	315.663	203.387	0.5647058823529412	0.5647058823529412	0.5647058823529412
U	O2'_1	204.387	315.588	204.595	1.0	0.050980392156862744	0.050980392156862744
U	C1'_1	202.571	314.58	203.394	0.5647058823529412	0.5647058823529412	0.5647058823529412
U	N1_1	202.315	313.955	202.085	0.18823529411764706	0.3137254901960784	0.9725490196078431
U	C2_1	203.094	312.862	201.726	0.5647058823529412	0.5647058823529412	0.5647058823529412
U	O2_1	203.985	312.414	202.433	1.0	0.050980392156862744	0.050980392156862744
U	N3_1	202.789	312.315	200.503	0.18823529411764706	0.3137254901960784	0.9725490196078431
U	C4_1	201.813	312.737	199.62	0.5647058823529412	0.5647058823529412	0.5647058823529412
U	O4_1	201.653	312.131	198.562	1.0	0.050980392156862744	0.050980392156862744
U	C5_1	201.057	313.871	200.059	0.5647058823529412	0.5647058823529412	0.5647058823529412
U	C6_1	201.328	314.43	201.242	0.5647058823529412	0.5647058823529412	0.5647058823529412
A	P_2	207.855	302.96	194.762	1.0	0.5019607843137255	0.0
A	OP1_2	208.595	301.685	194.961	1.0	0.050980392156862744	0.050980392156862744
A	OP2_2	206.396	302.925	194.473	1.0	0.050980392156862744	0.050980392156862744
A	O5'_2	208.085	303.881	196.042	1.0	0.050980392156862744	0.050980392156862744
A	C5'_2	209.409	304.081	196.578	0.5647058823529412	0.5647058823529412	0.5647058823529412
A	C4'_2	209.365	305.011	197.772	0.5647058823529412	0.5647058823529412	0.5647058823529412
A	O4'_2	208.991	306.349	197.352	1.0	0.050980392156862744	0.050980392156862744
A	C3'_2	208.355	304.668	198.855	0.5647058823529412	0.5647058823529412	0.5647058823529412
A	O3'_2	208.847	303.634	199.711	1.0	0.050980392156862744	0.050980392156862744
A	C2'_2	208.189	306.004	199.571	0.5647058823529412	0.5647058823529412	0.5647058823529412
A	O2'_2	209.239	306.287	200.474	1.0	0.050980392156862744	0.050980392156862744
A	C1'_2	208.277	306.988	198.4	0.5647058823529412	0.5647058823529412	0.5647058823529412
A	N9_2	206.97	307.406	197.891	0.18823529411764706	0.3137254901960784	0.9725490196078431
A	C8_2	206.284	306.932	196.795	0.5647058823529412	0.5647058823529412	0.5647058823529412
A	N7_2	205.126	307.519	196.602	0.18823529411764706	0.3137254901960784	0.9725490196078431
A	C5_2	205.04	308.438	197.642	0.5647058823529412	0.5647058823529412	0.5647058823529412
A	C6_2	204.049	309.371	198.002	0.5647058823529412	0.5647058823529412	0.5647058823529412
A	N6_2	202.91	309.538	197.325	0.18823529411764706	0.3137254901960784	0.9725490196078431
A	N1_2	204.272	310.133	199.094	0.18823529411764706	0.3137254901960784	0.9725490196078431
A	C2_2	205.416	309.963	199.773	0.5647058823529412	0.5647058823529412	0.5647058823529412
A	N3_2	206.423	309.122	199.534	0.18823529411764706	0.3137254901960784	0.9725490196078431
A	C4_2	206.169	308.38	198.442	0.5647058823529412	0.5647058823529412	0.5647058823529412
