A	P_1	143.152	255.418	178.881	1.0	0.5019607843137255	0.0
A	OP1_1	144.033	254.278	178.505	1.0	0.050980392156862744	0.050980392156862744
A	OP2_1	141.773	255.501	178.304	1.0	0.050980392156862744	0.050980392156862744
A	O5'_1	143.015	255.435	180.468	1.0	0.050980392156862744	0.050980392156862744
A	C5'_1	144.184	255.418	181.303	0.5647058823529412	0.5647058823529412	0.5647058823529412
A	C4'_1	143.788	255.607	182.745	0.5647058823529412	0.5647058823529412	0.5647058823529412
A	O4'_1	143.17	256.911	182.889	1.0	0.050980392156862744	0.050980392156862744
A	C3'_1	142.737	254.64	183.275	0.5647058823529412	0.5647058823529412	0.5647058823529412
A	O3'_1	143.307	253.402	183.693	1.0	0.050980392156862744	0.050980392156862744
A	C2'_1	142.141	255.427	184.431	0.5647058823529412	0.5647058823529412	0.5647058823529412
A	O2'_1	142.966	255.414	185.58	1.0	0.050980392156862744	0.050980392156862744
A	C1'_1	142.121	256.839	183.839	0.5647058823529412	0.5647058823529412	0.5647058823529412
A	N9_1	140.862	257.124	183.15	0.18823529411764706	0.3137254901960784	0.9725490196078431
A	C8_1	140.612	257.086	181.794	0.5647058823529412	0.5647058823529412	0.5647058823529412
A	N7_1	139.367	257.361	181.48	0.18823529411764706	0.3137254901960784	0.9725490196078431
A	C5_1	138.755	257.598	182.707	0.5647058823529412	0.5647058823529412	0.5647058823529412
A	C6_1	137.434	257.934	183.055	0.5647058823529412	0.5647058823529412	0.5647058823529412
A	N6_1	136.455	258.069	182.158	0.18823529411764706	0.3137254901960784	0.9725490196078431
A	N1_1	137.153	258.12	184.366	0.18823529411764706	0.3137254901960784	0.9725490196078431
A	C2_1	138.138	257.962	185.26	0.5647058823529412	0.5647058823529412	0.5647058823529412
A	N3_1	139.42	257.636	185.057	0.18823529411764706	0.3137254901960784	0.9725490196078431
A	C4_1	139.666	257.468	183.743	0.5647058823529412	0.5647058823529412	0.5647058823529412
U	P_2	128.236	261.4	186.372	1.0	0.5019607843137255	0.0
U	OP1_2	127.51	262.214	187.389	1.0	0.050980392156862744	0.050980392156862744
U	OP2_2	128.658	262.034	185.096	1.0	0.050980392156862744	0.050980392156862744
U	O5'_2	129.535	260.782	187.06	1.0	0.050980392156862744	0.050980392156862744
U	C5'_2	129.487	260.274	188.408	0.5647058823529412	0.5647058823529412	0.5647058823529412
U	C4'_2	130.875	259.913	188.885	0.5647058823529412	0.5647058823529412	0.5647058823529412
U	O4'_2	131.379	258.8	188.104	1.0	0.050980392156862744	0.050980392156862744
U	C3'_2	131.93	260.996	188.729	0.5647058823529412	0.5647058823529412	0.5647058823529412
U	O3'_2	131.899	261.92	189.809	1.0	0.050980392156862744	0.050980392156862744
U	C2'_2	133.217	260.189	188.694	0.5647058823529412	0.5647058823529412	0.5647058823529412
U	O2'_2	133.632	259.754	189.974	1.0	0.050980392156862744	0.050980392156862744
U	C1'_2	132.772	258.969	187.886	0.5647058823529412	0.5647058823529412	0.5647058823529412
U	N1_2	132.999	259.118	186.44	0.18823529411764706	0.3137254901960784	0.9725490196078431
U	C2_2	134.256	258.798	185.937	0.5647058823529412	0.5647058823529412	0.5647058823529412
U	O2_2	135.188	258.432	186.645	1.0	0.050980392156862744	0.050980392156862744
U	N3_2	134.377	258.93	184.575	0.18823529411764706	0.3137254901960784	0.9725490196078431
U	C4_2	133.397	259.343	183.685	0.5647058823529412	0.5647058823529412	0.5647058823529412
U	O4_2	133.65	259.384	182.48	1.0	0.050980392156862744	0.050980392156862744
U	C5_2	132.142	259.67	184.284	0.5647058823529412	0.5647058823529412	0.5647058823529412
U	C6_2	131.988	259.552	185.603	0.5647058823529412	0.5647058823529412	0.5647058823529412
