A	P_1	262.62	170.741	160.49	1.0	0.5019607843137255	0.0
A	OP1_1	261.999	169.469	160.971	1.0	0.050980392156862744	0.050980392156862744
A	OP2_1	262.924	171.826	161.465	1.0	0.050980392156862744	0.050980392156862744
A	O5'_1	263.968	170.37	159.735	1.0	0.050980392156862744	0.050980392156862744
A	C5'_1	264.001	169.292	158.787	0.5647058823529412	0.5647058823529412	0.5647058823529412
A	C4'_1	265.38	169.181	158.189	0.5647058823529412	0.5647058823529412	0.5647058823529412
A	O4'_1	265.639	170.33	157.337	1.0	0.050980392156862744	0.050980392156862744
A	C3'_1	266.519	169.195	159.199	0.5647058823529412	0.5647058823529412	0.5647058823529412
A	O3'_1	266.72	167.909	159.786	1.0	0.050980392156862744	0.050980392156862744
A	C2'_1	267.689	169.676	158.349	0.5647058823529412	0.5647058823529412	0.5647058823529412
A	O2'_1	268.221	168.661	157.518	1.0	0.050980392156862744	0.050980392156862744
A	C1'_1	266.999	170.724	157.469	0.5647058823529412	0.5647058823529412	0.5647058823529412
A	N9_1	267.025	172.065	158.057	0.18823529411764706	0.3137254901960784	0.9725490196078431
A	C8_1	266.069	172.654	158.856	0.5647058823529412	0.5647058823529412	0.5647058823529412
A	N7_1	266.38	173.868	159.245	0.18823529411764706	0.3137254901960784	0.9725490196078431
A	C5_1	267.62	174.097	158.664	0.5647058823529412	0.5647058823529412	0.5647058823529412
A	C6_1	268.489	175.201	158.703	0.5647058823529412	0.5647058823529412	0.5647058823529412
A	N6_1	268.229	176.32	159.389	0.18823529411764706	0.3137254901960784	0.9725490196078431
A	N1_1	269.649	175.113	158.011	0.18823529411764706	0.3137254901960784	0.9725490196078431
A	C2_1	269.908	173.984	157.333	0.5647058823529412	0.5647058823529412	0.5647058823529412
A	N3_1	269.172	172.875	157.227	0.18823529411764706	0.3137254901960784	0.9725490196078431
A	C4_1	268.027	172.997	157.924	0.5647058823529412	0.5647058823529412	0.5647058823529412
U	P_2	275.703	182.664	156.507	1.0	0.5019607843137255	0.0
U	OP1_2	276.499	183.525	155.586	1.0	0.050980392156862744	0.050980392156862744
U	OP2_2	274.327	183.077	156.89	1.0	0.050980392156862744	0.050980392156862744
U	O5'_2	275.632	181.193	155.892	1.0	0.050980392156862744	0.050980392156862744
U	C5'_2	276.824	180.529	155.404	0.5647058823529412	0.5647058823529412	0.5647058823529412
U	C4'_2	276.521	179.091	155.037	0.5647058823529412	0.5647058823529412	0.5647058823529412
U	O4'_2	276.128	178.356	156.227	1.0	0.050980392156862744	0.050980392156862744
U	C3'_2	275.365	178.876	154.073	0.5647058823529412	0.5647058823529412	0.5647058823529412
U	O3'_2	275.756	179.063	152.718	1.0	0.050980392156862744	0.050980392156862744
U	C2'_2	274.956	177.439	154.371	0.5647058823529412	0.5647058823529412	0.5647058823529412
U	O2'_2	275.809	176.484	153.777	1.0	0.050980392156862744	0.050980392156862744
U	C1'_2	275.14	177.392	155.889	0.5647058823529412	0.5647058823529412	0.5647058823529412
U	N1_2	273.905	177.709	156.626	0.18823529411764706	0.3137254901960784	0.9725490196078431
U	C2_2	273.04	176.663	156.917	0.5647058823529412	0.5647058823529412	0.5647058823529412
U	O2_2	273.252	175.504	156.581	1.0	0.050980392156862744	0.050980392156862744
U	N3_2	271.912	177.026	157.616	0.18823529411764706	0.3137254901960784	0.9725490196078431
U	C4_2	271.565	178.301	158.039	0.5647058823529412	0.5647058823529412	0.5647058823529412
U	O4_2	270.511	178.468	158.654	1.0	0.050980392156862744	0.050980392156862744
U	C5_2	272.51	179.324	157.697	0.5647058823529412	0.5647058823529412	0.5647058823529412
U	C6_2	273.614	179.003	157.019	0.5647058823529412	0.5647058823529412	0.5647058823529412
