U	P_1	193.857	329.59	188.838	1.0	0.5019607843137255	0.0
U	OP1_1	194.816	329.14	189.888	1.0	0.050980392156862744	0.050980392156862744
U	OP2_1	192.855	330.642	189.161	1.0	0.050980392156862744	0.050980392156862744
U	O5'_1	194.695	330.076	187.574	1.0	0.050980392156862744	0.050980392156862744
U	C5'_1	195.713	329.239	186.992	0.5647058823529412	0.5647058823529412	0.5647058823529412
U	C4'_1	195.99	329.667	185.57	0.5647058823529412	0.5647058823529412	0.5647058823529412
U	O4'_1	194.766	329.556	184.794	1.0	0.050980392156862744	0.050980392156862744
U	C3'_1	196.421	331.115	185.375	0.5647058823529412	0.5647058823529412	0.5647058823529412
U	O3'_1	197.816	331.286	185.606	1.0	0.050980392156862744	0.050980392156862744
U	C2'_1	196.04	331.374	183.923	0.5647058823529412	0.5647058823529412	0.5647058823529412
U	O2'_1	196.98	330.848	183.008	1.0	0.050980392156862744	0.050980392156862744
U	C1'_1	194.733	330.583	183.813	0.5647058823529412	0.5647058823529412	0.5647058823529412
U	N1_1	193.528	331.401	184.027	0.18823529411764706	0.3137254901960784	0.9725490196078431
U	C2_1	192.77	331.737	182.911	0.5647058823529412	0.5647058823529412	0.5647058823529412
U	O2_1	193.051	331.371	181.777	1.0	0.050980392156862744	0.050980392156862744
U	N3_1	191.67	332.516	183.177	0.18823529411764706	0.3137254901960784	0.9725490196078431
U	C4_1	191.256	332.983	184.412	0.5647058823529412	0.5647058823529412	0.5647058823529412
U	O4_1	190.258	333.703	184.479	1.0	0.050980392156862744	0.050980392156862744
U	C5_1	192.082	332.585	185.514	0.5647058823529412	0.5647058823529412	0.5647058823529412
U	C6_1	193.161	331.828	185.291	0.5647058823529412	0.5647058823529412	0.5647058823529412
A	P_2	187.466	330.77	175.233	1.0	0.5019607843137255	0.0
A	OP1_2	186.655	329.99	174.25	1.0	0.050980392156862744	0.050980392156862744
A	OP2_2	187.407	330.412	176.676	1.0	0.050980392156862744	0.050980392156862744
A	O5'_2	188.99	330.723	174.761	1.0	0.050980392156862744	0.050980392156862744
A	C5'_2	189.337	330.618	173.359	0.5647058823529412	0.5647058823529412	0.5647058823529412
A	C4'_2	190.589	329.78	173.184	0.5647058823529412	0.5647058823529412	0.5647058823529412
A	O4'_2	191.696	330.411	173.886	1.0	0.050980392156862744	0.050980392156862744
A	C3'_2	190.549	328.369	173.757	0.5647058823529412	0.5647058823529412	0.5647058823529412
A	O3'_2	189.911	327.449	172.875	1.0	0.050980392156862744	0.050980392156862744
A	C2'_2	192.029	328.055	173.933	0.5647058823529412	0.5647058823529412	0.5647058823529412
A	O2'_2	192.662	327.696	172.721	1.0	0.050980392156862744	0.050980392156862744
A	C1'_2	192.564	329.411	174.402	0.5647058823529412	0.5647058823529412	0.5647058823529412
A	N9_2	192.612	329.538	175.862	0.18823529411764706	0.3137254901960784	0.9725490196078431
A	C8_2	191.898	330.402	176.664	0.5647058823529412	0.5647058823529412	0.5647058823529412
A	N7_2	192.16	330.272	177.943	0.18823529411764706	0.3137254901960784	0.9725490196078431
A	C5_2	193.11	329.26	177.99	0.5647058823529412	0.5647058823529412	0.5647058823529412
A	C6_2	193.793	328.65	179.06	0.5647058823529412	0.5647058823529412	0.5647058823529412
A	N6_2	193.613	328.982	180.341	0.18823529411764706	0.3137254901960784	0.9725490196078431
A	N1_2	194.675	327.671	178.766	0.18823529411764706	0.3137254901960784	0.9725490196078431
A	C2_2	194.851	327.331	177.482	0.5647058823529412	0.5647058823529412	0.5647058823529412
A	N3_2	194.268	327.826	176.391	0.18823529411764706	0.3137254901960784	0.9725490196078431
A	C4_2	193.398	328.799	176.716	0.5647058823529412	0.5647058823529412	0.5647058823529412
