A	P_1	249.544	161.813	270.33	1.0	0.5019607843137255	0.0
A	OP1_1	249.362	161.023	271.581	1.0	0.050980392156862744	0.050980392156862744
A	OP2_1	248.345	162.258	269.565	1.0	0.050980392156862744	0.050980392156862744
A	O5'_1	250.413	163.105	270.679	1.0	0.050980392156862744	0.050980392156862744
A	C5'_1	251.63	163.0	271.45	0.5647058823529412	0.5647058823529412	0.5647058823529412
A	C4'_1	252.379	164.314	271.429	0.5647058823529412	0.5647058823529412	0.5647058823529412
A	O4'_1	252.684	164.653	270.047	1.0	0.050980392156862744	0.050980392156862744
A	C3'_1	251.618	165.53	271.946	0.5647058823529412	0.5647058823529412	0.5647058823529412
A	O3'_1	251.652	165.649	273.37	1.0	0.050980392156862744	0.050980392156862744
A	C2'_1	252.335	166.677	271.245	0.5647058823529412	0.5647058823529412	0.5647058823529412
A	O2'_1	253.562	167.022	271.859	1.0	0.050980392156862744	0.050980392156862744
A	C1'_1	252.595	166.061	269.868	0.5647058823529412	0.5647058823529412	0.5647058823529412
A	N9_1	251.518	166.339	268.912	0.18823529411764706	0.3137254901960784	0.9725490196078431
A	C8_1	250.502	165.501	268.505	0.5647058823529412	0.5647058823529412	0.5647058823529412
A	N7_1	249.682	166.047	267.639	0.18823529411764706	0.3137254901960784	0.9725490196078431
A	C5_1	250.188	167.328	267.463	0.5647058823529412	0.5647058823529412	0.5647058823529412
A	C6_1	249.767	168.404	266.667	0.5647058823529412	0.5647058823529412	0.5647058823529412
A	N6_1	248.696	168.359	265.872	0.18823529411764706	0.3137254901960784	0.9725490196078431
A	N1_1	250.493	169.543	266.715	0.18823529411764706	0.3137254901960784	0.9725490196078431
A	C2_1	251.566	169.587	267.518	0.5647058823529412	0.5647058823529412	0.5647058823529412
A	N3_1	252.062	168.642	268.313	0.18823529411764706	0.3137254901960784	0.9725490196078431
A	C4_1	251.319	167.523	268.237	0.5647058823529412	0.5647058823529412	0.5647058823529412
U	P_2	247.633	177.171	260.884	1.0	0.5019607843137255	0.0
U	OP1_2	248.333	178.225	260.093	1.0	0.050980392156862744	0.050980392156862744
U	OP2_2	247.233	175.903	260.221	1.0	0.050980392156862744	0.050980392156862744
U	O5'_2	248.546	176.802	262.137	1.0	0.050980392156862744	0.050980392156862744
U	C5'_2	249.085	177.827	262.995	0.5647058823529412	0.5647058823529412	0.5647058823529412
U	C4'_2	249.987	177.213	264.04	0.5647058823529412	0.5647058823529412	0.5647058823529412
U	O4'_2	249.211	176.323	264.882	1.0	0.050980392156862744	0.050980392156862744
U	C3'_2	251.113	176.34	263.509	0.5647058823529412	0.5647058823529412	0.5647058823529412
U	O3'_2	252.234	177.128	263.118	1.0	0.050980392156862744	0.050980392156862744
U	C2'_2	251.419	175.435	264.697	0.5647058823529412	0.5647058823529412	0.5647058823529412
U	O2'_2	252.232	176.054	265.674	1.0	0.050980392156862744	0.050980392156862744
U	C1'_2	250.018	175.224	265.281	0.5647058823529412	0.5647058823529412	0.5647058823529412
U	N1_2	249.351	173.971	264.884	0.18823529411764706	0.3137254901960784	0.9725490196078431
U	C2_2	249.669	172.817	265.591	0.5647058823529412	0.5647058823529412	0.5647058823529412
U	O2_2	250.492	172.796	266.498	1.0	0.050980392156862744	0.050980392156862744
U	N3_2	248.985	171.693	265.196	0.18823529411764706	0.3137254901960784	0.9725490196078431
U	C4_2	248.041	171.6	264.188	0.5647058823529412	0.5647058823529412	0.5647058823529412
U	O4_2	247.494	170.519	263.973	1.0	0.050980392156862744	0.050980392156862744
U	C5_2	247.778	172.824	263.496	0.5647058823529412	0.5647058823529412	0.5647058823529412
U	C6_2	248.426	173.939	263.855	0.5647058823529412	0.5647058823529412	0.5647058823529412
