U	P_1	69.623	201.141	227.212	1.0	0.5019607843137255	0.0
U	OP1_1	68.237	201.511	227.628	1.0	0.050980392156862744	0.050980392156862744
U	OP2_1	70.05	199.716	227.266	1.0	0.050980392156862744	0.050980392156862744
U	O5'_1	69.871	201.687	225.735	1.0	0.050980392156862744	0.050980392156862744
U	C5'_1	69.572	203.056	225.395	0.5647058823529412	0.5647058823529412	0.5647058823529412
U	C4'_1	69.982	203.346	223.969	0.5647058823529412	0.5647058823529412	0.5647058823529412
U	O4'_1	71.426	203.295	223.855	1.0	0.050980392156862744	0.050980392156862744
U	C3'_1	69.488	202.364	222.918	0.5647058823529412	0.5647058823529412	0.5647058823529412
U	O3'_1	68.153	202.679	222.527	1.0	0.050980392156862744	0.050980392156862744
U	C2'_1	70.483	202.575	221.781	0.5647058823529412	0.5647058823529412	0.5647058823529412
U	O2'_1	70.169	203.703	220.988	1.0	0.050980392156862744	0.050980392156862744
U	C1'_1	71.778	202.857	222.553	0.5647058823529412	0.5647058823529412	0.5647058823529412
U	N1_1	72.73	201.74	222.664	0.18823529411764706	0.3137254901960784	0.9725490196078431
U	C2_1	73.664	201.584	221.646	0.5647058823529412	0.5647058823529412	0.5647058823529412
U	O2_1	73.704	202.305	220.66	1.0	0.050980392156862744	0.050980392156862744
U	N3_1	74.551	200.553	221.828	0.18823529411764706	0.3137254901960784	0.9725490196078431
U	C4_1	74.602	199.676	222.892	0.5647058823529412	0.5647058823529412	0.5647058823529412
U	O4_1	75.486	198.823	222.926	1.0	0.050980392156862744	0.050980392156862744
U	C5_1	73.599	199.887	223.893	0.5647058823529412	0.5647058823529412	0.5647058823529412
U	C6_1	72.717	200.883	223.749	0.5647058823529412	0.5647058823529412	0.5647058823529412
A	P_2	82.685	197.387	214.464	1.0	0.5019607843137255	0.0
A	OP1_2	83.698	197.127	213.4	1.0	0.050980392156862744	0.050980392156862744
A	OP2_2	82.97	196.972	215.863	1.0	0.050980392156862744	0.050980392156862744
A	O5'_2	82.377	198.95	214.462	1.0	0.050980392156862744	0.050980392156862744
A	C5'_2	81.789	199.583	213.309	0.5647058823529412	0.5647058823529412	0.5647058823529412
A	C4'_2	80.665	200.501	213.733	0.5647058823529412	0.5647058823529412	0.5647058823529412
A	O4'_2	79.699	199.755	214.517	1.0	0.050980392156862744	0.050980392156862744
A	C3'_2	81.049	201.658	214.64	0.5647058823529412	0.5647058823529412	0.5647058823529412
A	O3'_2	81.557	202.738	213.863	1.0	0.050980392156862744	0.050980392156862744
A	C2'_2	79.724	202.002	215.312	0.5647058823529412	0.5647058823529412	0.5647058823529412
A	O2'_2	78.874	202.766	214.479	1.0	0.050980392156862744	0.050980392156862744
A	C1'_2	79.099	200.617	215.472	0.5647058823529412	0.5647058823529412	0.5647058823529412
A	N9_2	79.218	200.01	216.8	0.18823529411764706	0.3137254901960784	0.9725490196078431
A	C8_2	80.24	199.238	217.306	0.5647058823529412	0.5647058823529412	0.5647058823529412
A	N7_2	80.01	198.787	218.52	0.18823529411764706	0.3137254901960784	0.9725490196078431
A	C5_2	78.763	199.31	218.84	0.5647058823529412	0.5647058823529412	0.5647058823529412
A	C6_2	77.947	199.189	219.985	0.5647058823529412	0.5647058823529412	0.5647058823529412
A	N6_2	78.28	198.467	221.058	0.18823529411764706	0.3137254901960784	0.9725490196078431
A	N1_2	76.762	199.841	219.985	0.18823529411764706	0.3137254901960784	0.9725490196078431
A	C2_2	76.425	200.559	218.903	0.5647058823529412	0.5647058823529412	0.5647058823529412
A	N3_2	77.099	200.739	217.766	0.18823529411764706	0.3137254901960784	0.9725490196078431
A	C4_2	78.271	200.079	217.798	0.5647058823529412	0.5647058823529412	0.5647058823529412
