U	P_1	248.829	118.213	202.64	1.0	0.5019607843137255	0.0
U	OP1_1	249.83	119.29	202.377	1.0	0.050980392156862744	0.050980392156862744
U	OP2_1	249.091	116.831	202.15	1.0	0.050980392156862744	0.050980392156862744
U	O5'_1	248.56	118.154	204.209	1.0	0.050980392156862744	0.050980392156862744
U	C5'_1	248.835	119.288	205.05	0.5647058823529412	0.5647058823529412	0.5647058823529412
U	C4'_1	247.553	120.011	205.394	0.5647058823529412	0.5647058823529412	0.5647058823529412
U	O4'_1	246.551	119.062	205.85	1.0	0.050980392156862744	0.050980392156862744
U	C3'_1	247.677	121.002	206.537	0.5647058823529412	0.5647058823529412	0.5647058823529412
U	O3'_1	248.202	122.248	206.095	1.0	0.050980392156862744	0.050980392156862744
U	C2'_1	246.246	121.099	207.046	0.5647058823529412	0.5647058823529412	0.5647058823529412
U	O2'_1	245.444	121.954	206.257	1.0	0.050980392156862744	0.050980392156862744
U	C1'_1	245.775	119.649	206.886	0.5647058823529412	0.5647058823529412	0.5647058823529412
U	N1_1	245.939	118.839	208.104	0.18823529411764706	0.3137254901960784	0.9725490196078431
U	C2_1	244.864	118.758	208.982	0.5647058823529412	0.5647058823529412	0.5647058823529412
U	O2_1	243.796	119.322	208.786	1.0	0.050980392156862744	0.050980392156862744
U	N3_1	245.089	117.988	210.096	0.18823529411764706	0.3137254901960784	0.9725490196078431
U	C4_1	246.248	117.305	210.418	0.5647058823529412	0.5647058823529412	0.5647058823529412
U	O4_1	246.304	116.674	211.471	1.0	0.050980392156862744	0.050980392156862744
U	C5_1	247.305	117.434	209.467	0.5647058823529412	0.5647058823529412	0.5647058823529412
U	C6_1	247.122	118.177	208.371	0.5647058823529412	0.5647058823529412	0.5647058823529412
A	P_2	240.712	113.416	213.844	1.0	0.5019607843137255	0.0
A	OP1_2	241.084	112.218	214.648	1.0	0.050980392156862744	0.050980392156862744
A	OP2_2	239.298	113.613	213.43	1.0	0.050980392156862744	0.050980392156862744
A	O5'_2	241.179	114.722	214.634	1.0	0.050980392156862744	0.050980392156862744
A	C5'_2	240.802	114.939	216.01	0.5647058823529412	0.5647058823529412	0.5647058823529412
A	C4'_2	240.391	116.381	216.224	0.5647058823529412	0.5647058823529412	0.5647058823529412
A	O4'_2	241.477	117.254	215.816	1.0	0.050980392156862744	0.050980392156862744
A	C3'_2	239.224	116.892	215.386	0.5647058823529412	0.5647058823529412	0.5647058823529412
A	O3'_2	237.961	116.497	215.947	1.0	0.050980392156862744	0.050980392156862744
A	C2'_2	239.416	118.405	215.488	0.5647058823529412	0.5647058823529412	0.5647058823529412
A	O2'_2	238.922	118.942	216.699	1.0	0.050980392156862744	0.050980392156862744
A	C1'_2	240.945	118.53	215.496	0.5647058823529412	0.5647058823529412	0.5647058823529412
A	N9_2	241.543	119.012	214.244	0.18823529411764706	0.3137254901960784	0.9725490196078431
A	C8_2	242.451	118.377	213.424	0.5647058823529412	0.5647058823529412	0.5647058823529412
A	N7_2	242.795	119.08	212.367	0.18823529411764706	0.3137254901960784	0.9725490196078431
A	C5_2	242.064	120.255	212.496	0.5647058823529412	0.5647058823529412	0.5647058823529412
A	C6_2	241.976	121.409	211.693	0.5647058823529412	0.5647058823529412	0.5647058823529412
A	N6_2	242.652	121.571	210.552	0.18823529411764706	0.3137254901960784	0.9725490196078431
A	N1_2	241.155	122.402	212.106	0.18823529411764706	0.3137254901960784	0.9725490196078431
A	C2_2	240.47	122.233	213.246	0.5647058823529412	0.5647058823529412	0.5647058823529412
A	N3_2	240.468	121.198	214.085	0.18823529411764706	0.3137254901960784	0.9725490196078431
A	C4_2	241.295	120.231	213.65	0.5647058823529412	0.5647058823529412	0.5647058823529412
