U	P_1	175.068	171.2	256.735	1.0	0.5019607843137255	0.0
U	OP1_1	175.111	169.802	257.252	1.0	0.050980392156862744	0.050980392156862744
U	OP2_1	175.423	171.466	255.315	1.0	0.050980392156862744	0.050980392156862744
U	O5'_1	173.607	171.787	257.0	1.0	0.050980392156862744	0.050980392156862744
U	C5'_1	173.012	171.733	258.314	0.5647058823529412	0.5647058823529412	0.5647058823529412
U	C4'_1	171.66	172.41	258.311	0.5647058823529412	0.5647058823529412	0.5647058823529412
U	O4'_1	171.822	173.823	258.033	1.0	0.050980392156862744	0.050980392156862744
U	C3'_1	170.675	171.929	257.257	0.5647058823529412	0.5647058823529412	0.5647058823529412
U	O3'_1	169.999	170.752	257.694	1.0	0.050980392156862744	0.050980392156862744
U	C2'_1	169.731	173.118	257.131	0.5647058823529412	0.5647058823529412	0.5647058823529412
U	O2'_1	168.774	173.167	258.169	1.0	0.050980392156862744	0.050980392156862744
U	C1'_1	170.698	174.294	257.305	0.5647058823529412	0.5647058823529412	0.5647058823529412
U	N1_1	171.168	174.905	256.049	0.18823529411764706	0.3137254901960784	0.9725490196078431
U	C2_1	170.423	175.956	255.52	0.5647058823529412	0.5647058823529412	0.5647058823529412
U	O2_1	169.396	176.375	256.037	1.0	0.050980392156862744	0.050980392156862744
U	N3_1	170.929	176.494	254.366	0.18823529411764706	0.3137254901960784	0.9725490196078431
U	C4_1	172.07	176.104	253.698	0.5647058823529412	0.5647058823529412	0.5647058823529412
U	O4_1	172.402	176.706	252.678	1.0	0.050980392156862744	0.050980392156862744
U	C5_1	172.776	175.016	254.297	0.5647058823529412	0.5647058823529412	0.5647058823529412
U	C6_1	172.313	174.465	255.42	0.5647058823529412	0.5647058823529412	0.5647058823529412
A	P_2	166.868	185.269	248.232	1.0	0.5019607843137255	0.0
A	OP1_2	166.098	186.545	248.255	1.0	0.050980392156862744	0.050980392156862744
A	OP2_2	168.306	185.274	248.605	1.0	0.050980392156862744	0.050980392156862744
A	O5'_2	166.124	184.206	249.16	1.0	0.050980392156862744	0.050980392156862744
A	C5'_2	164.681	184.09	249.157	0.5647058823529412	0.5647058823529412	0.5647058823529412
A	C4'_2	164.232	183.118	250.231	0.5647058823529412	0.5647058823529412	0.5647058823529412
A	O4'_2	164.668	181.772	249.893	1.0	0.050980392156862744	0.050980392156862744
A	C3'_2	164.802	183.362	251.622	0.5647058823529412	0.5647058823529412	0.5647058823529412
A	O3'_2	164.07	184.363	252.332	1.0	0.050980392156862744	0.050980392156862744
A	C2'_2	164.682	181.984	252.264	0.5647058823529412	0.5647058823529412	0.5647058823529412
A	O2'_2	163.375	181.702	252.721	1.0	0.050980392156862744	0.050980392156862744
A	C1'_2	165.01	181.067	251.08	0.5647058823529412	0.5647058823529412	0.5647058823529412
A	N9_2	166.426	180.692	251.007	0.18823529411764706	0.3137254901960784	0.9725490196078431
A	C8_2	167.354	181.103	250.076	0.5647058823529412	0.5647058823529412	0.5647058823529412
A	N7_2	168.55	180.595	250.258	0.18823529411764706	0.3137254901960784	0.9725490196078431
A	C5_2	168.405	179.793	251.383	0.5647058823529412	0.5647058823529412	0.5647058823529412
A	C6_2	169.316	178.978	252.087	0.5647058823529412	0.5647058823529412	0.5647058823529412
A	N6_2	170.599	178.836	251.737	0.18823529411764706	0.3137254901960784	0.9725490196078431
A	N1_2	168.856	178.31	253.17	0.18823529411764706	0.3137254901960784	0.9725490196078431
A	C2_2	167.571	178.46	253.514	0.5647058823529412	0.5647058823529412	0.5647058823529412
A	N3_2	166.617	179.197	252.935	0.18823529411764706	0.3137254901960784	0.9725490196078431
A	C4_2	167.104	179.846	251.86	0.5647058823529412	0.5647058823529412	0.5647058823529412
