U	P_1	245.677	216.835	224.104	1.0	0.5019607843137255	0.0
U	OP1_1	244.962	217.676	225.108	1.0	0.050980392156862744	0.050980392156862744
U	OP2_1	245.29	216.92	222.669	1.0	0.050980392156862744	0.050980392156862744
U	O5'_1	247.238	217.144	224.215	1.0	0.050980392156862744	0.050980392156862744
U	C5'_1	247.903	217.137	225.491	0.5647058823529412	0.5647058823529412	0.5647058823529412
U	C4'_1	249.298	217.703	225.362	0.5647058823529412	0.5647058823529412	0.5647058823529412
U	O4'_1	250.119	216.81	224.568	1.0	0.050980392156862744	0.050980392156862744
U	C3'_1	249.418	219.041	224.648	0.5647058823529412	0.5647058823529412	0.5647058823529412
U	O3'_1	249.118	220.117	225.536	1.0	0.050980392156862744	0.050980392156862744
U	C2'_1	250.881	219.048	224.216	0.5647058823529412	0.5647058823529412	0.5647058823529412
U	O2'_1	251.756	219.418	225.262	1.0	0.050980392156862744	0.050980392156862744
U	C1'_1	251.113	217.567	223.896	0.5647058823529412	0.5647058823529412	0.5647058823529412
U	N1_1	251.109	217.214	222.468	0.18823529411764706	0.3137254901960784	0.9725490196078431
U	C2_1	252.308	217.321	221.781	0.5647058823529412	0.5647058823529412	0.5647058823529412
U	O2_1	253.341	217.718	222.3	1.0	0.050980392156862744	0.050980392156862744
U	N3_1	252.254	216.947	220.46	0.18823529411764706	0.3137254901960784	0.9725490196078431
U	C4_1	251.149	216.494	219.768	0.5647058823529412	0.5647058823529412	0.5647058823529412
U	O4_1	251.267	216.179	218.586	1.0	0.050980392156862744	0.050980392156862744
U	C5_1	249.946	216.42	220.543	0.5647058823529412	0.5647058823529412	0.5647058823529412
U	C6_1	249.966	216.778	221.832	0.5647058823529412	0.5647058823529412	0.5647058823529412
A	P_2	260.389	217.847	212.214	1.0	0.5019607843137255	0.0
A	OP1_2	261.794	217.581	211.783	1.0	0.050980392156862744	0.050980392156862744
A	OP2_2	259.346	216.801	212.009	1.0	0.050980392156862744	0.050980392156862744
A	O5'_2	260.41	218.249	213.759	1.0	0.050980392156862744	0.050980392156862744
A	C5'_2	261.37	219.206	214.26	0.5647058823529412	0.5647058823529412	0.5647058823529412
A	C4'_2	261.057	219.576	215.694	0.5647058823529412	0.5647058823529412	0.5647058823529412
A	O4'_2	259.752	220.215	215.762	1.0	0.050980392156862744	0.050980392156862744
A	C3'_2	260.949	218.427	216.684	0.5647058823529412	0.5647058823529412	0.5647058823529412
A	O3'_2	262.233	217.986	217.13	1.0	0.050980392156862744	0.050980392156862744
A	C2'_2	260.124	219.053	217.805	0.5647058823529412	0.5647058823529412	0.5647058823529412
A	O2'_2	260.878	219.898	218.652	1.0	0.050980392156862744	0.050980392156862744
A	C1'_2	259.137	219.909	217.007	0.5647058823529412	0.5647058823529412	0.5647058823529412
A	N9_2	257.862	219.233	216.754	0.18823529411764706	0.3137254901960784	0.9725490196078431
A	C8_2	257.396	218.713	215.566	0.5647058823529412	0.5647058823529412	0.5647058823529412
A	N7_2	256.204	218.161	215.657	0.18823529411764706	0.3137254901960784	0.9725490196078431
A	C5_2	255.86	218.326	216.994	0.5647058823529412	0.5647058823529412	0.5647058823529412
A	C6_2	254.711	217.95	217.734	0.5647058823529412	0.5647058823529412	0.5647058823529412
A	N6_2	253.663	217.304	217.208	0.18823529411764706	0.3137254901960784	0.9725490196078431
A	N1_2	254.683	218.265	219.05	0.18823529411764706	0.3137254901960784	0.9725490196078431
A	C2_2	255.739	218.911	219.579	0.5647058823529412	0.5647058823529412	0.5647058823529412
A	N3_2	256.872	219.314	218.99	0.18823529411764706	0.3137254901960784	0.9725490196078431
A	C4_2	256.871	218.988	217.683	0.5647058823529412	0.5647058823529412	0.5647058823529412
