U	P_1	88.006	192.7	154.316	1.0	0.5019607843137255	0.0
U	OP1_1	87.97	191.243	154.627	1.0	0.050980392156862744	0.050980392156862744
U	OP2_1	88.629	193.64	155.284	1.0	0.050980392156862744	0.050980392156862744
U	O5'_1	88.732	192.885	152.909	1.0	0.050980392156862744	0.050980392156862744
U	C5'_1	88.267	192.183	151.737	0.5647058823529412	0.5647058823529412	0.5647058823529412
U	C4'_1	88.953	192.714	150.5	0.5647058823529412	0.5647058823529412	0.5647058823529412
U	O4'_1	88.579	194.102	150.292	1.0	0.050980392156862744	0.050980392156862744
U	C3'_1	90.474	192.736	150.539	0.5647058823529412	0.5647058823529412	0.5647058823529412
U	O3'_1	91.01	191.451	150.216	1.0	0.050980392156862744	0.050980392156862744
U	C2'_1	90.813	193.807	149.505	0.5647058823529412	0.5647058823529412	0.5647058823529412
U	O2'_1	90.74	193.331	148.175	1.0	0.050980392156862744	0.050980392156862744
U	C1'_1	89.676	194.812	149.728	0.5647058823529412	0.5647058823529412	0.5647058823529412
U	N1_1	90.009	195.948	150.607	0.18823529411764706	0.3137254901960784	0.9725490196078431
U	C2_1	90.66	197.04	150.041	0.5647058823529412	0.5647058823529412	0.5647058823529412
U	O2_1	90.978	197.093	148.861	1.0	0.050980392156862744	0.050980392156862744
U	N3_1	90.923	198.067	150.913	0.18823529411764706	0.3137254901960784	0.9725490196078431
U	C4_1	90.612	198.117	152.261	0.5647058823529412	0.5647058823529412	0.5647058823529412
U	O4_1	90.916	199.116	152.912	1.0	0.050980392156862744	0.050980392156862744
U	C5_1	89.949	196.957	152.768	0.5647058823529412	0.5647058823529412	0.5647058823529412
U	C6_1	89.68	195.938	151.948	0.5647058823529412	0.5647058823529412	0.5647058823529412
A	P_2	97.334	207.558	148.809	1.0	0.5019607843137255	0.0
A	OP1_2	97.456	208.65	147.799	1.0	0.050980392156862744	0.050980392156862744
A	OP2_2	96.352	207.687	149.917	1.0	0.050980392156862744	0.050980392156862744
A	O5'_2	97.024	206.196	148.041	1.0	0.050980392156862744	0.050980392156862744
A	C5'_2	97.769	205.814	146.861	0.5647058823529412	0.5647058823529412	0.5647058823529412
A	C4'_2	97.217	204.528	146.285	0.5647058823529412	0.5647058823529412	0.5647058823529412
A	O4'_2	97.386	203.448	147.246	1.0	0.050980392156862744	0.050980392156862744
A	C3'_2	95.724	204.528	145.998	0.5647058823529412	0.5647058823529412	0.5647058823529412
A	O3'_2	95.401	205.172	144.768	1.0	0.050980392156862744	0.050980392156862744
A	C2'_2	95.394	203.042	146.013	0.5647058823529412	0.5647058823529412	0.5647058823529412
A	O2'_2	95.737	202.373	144.815	1.0	0.050980392156862744	0.050980392156862744
A	C1'_2	96.287	202.553	147.157	0.5647058823529412	0.5647058823529412	0.5647058823529412
A	N9_2	95.585	202.547	148.442	0.18823529411764706	0.3137254901960784	0.9725490196078431
A	C8_2	95.642	203.491	149.441	0.5647058823529412	0.5647058823529412	0.5647058823529412
A	N7_2	94.881	203.217	150.473	0.18823529411764706	0.3137254901960784	0.9725490196078431
A	C5_2	94.282	202.009	150.134	0.5647058823529412	0.5647058823529412	0.5647058823529412
A	C6_2	93.362	201.187	150.812	0.5647058823529412	0.5647058823529412	0.5647058823529412
A	N6_2	92.861	201.474	152.014	0.18823529411764706	0.3137254901960784	0.9725490196078431
A	N1_2	92.968	200.047	150.202	0.18823529411764706	0.3137254901960784	0.9725490196078431
A	C2_2	93.467	199.762	148.993	0.5647058823529412	0.5647058823529412	0.5647058823529412
A	N3_2	94.337	200.455	148.253	0.18823529411764706	0.3137254901960784	0.9725490196078431
A	C4_2	94.71	201.582	148.889	0.5647058823529412	0.5647058823529412	0.5647058823529412
