U	P_1	171.083	115.89	183.414	1.0	0.5019607843137255	0.0
U	OP1_1	171.53	114.639	182.739	1.0	0.050980392156862744	0.050980392156862744
U	OP2_1	171.198	117.189	182.703	1.0	0.050980392156862744	0.050980392156862744
U	O5'_1	169.567	115.694	183.86	1.0	0.050980392156862744	0.050980392156862744
U	C5'_1	169.08	114.409	184.295	0.5647058823529412	0.5647058823529412	0.5647058823529412
U	C4'_1	167.58	114.456	184.485	0.5647058823529412	0.5647058823529412	0.5647058823529412
U	O4'_1	167.262	115.329	185.602	1.0	0.050980392156862744	0.050980392156862744
U	C3'_1	166.794	115.039	183.321	0.5647058823529412	0.5647058823529412	0.5647058823529412
U	O3'_1	166.57	114.075	182.299	1.0	0.050980392156862744	0.050980392156862744
U	C2'_1	165.515	115.522	183.993	0.5647058823529412	0.5647058823529412	0.5647058823529412
U	O2'_1	164.593	114.484	184.256	1.0	0.050980392156862744	0.050980392156862744
U	C1'_1	166.064	116.044	185.323	0.5647058823529412	0.5647058823529412	0.5647058823529412
U	N1_1	166.37	117.484	185.323	0.18823529411764706	0.3137254901960784	0.9725490196078431
U	C2_1	165.419	118.347	185.851	0.5647058823529412	0.5647058823529412	0.5647058823529412
U	O2_1	164.347	117.966	186.297	1.0	0.050980392156862744	0.050980392156862744
U	N3_1	165.776	119.671	185.835	0.18823529411764706	0.3137254901960784	0.9725490196078431
U	C4_1	166.954	120.213	185.354	0.5647058823529412	0.5647058823529412	0.5647058823529412
U	O4_1	167.122	121.431	185.41	1.0	0.050980392156862744	0.050980392156862744
U	C5_1	167.88	119.264	184.823	0.5647058823529412	0.5647058823529412	0.5647058823529412
U	C6_1	167.565	117.965	184.823	0.5647058823529412	0.5647058823529412	0.5647058823529412
A	P_2	159.474	129.044	188.961	1.0	0.5019607843137255	0.0
A	OP1_2	158.657	129.726	190.007	1.0	0.050980392156862744	0.050980392156862744
A	OP2_2	160.936	129.302	188.891	1.0	0.050980392156862744	0.050980392156862744
A	O5'_2	159.256	127.467	189.098	1.0	0.050980392156862744	0.050980392156862744
A	C5'_2	157.936	126.909	189.297	0.5647058823529412	0.5647058823529412	0.5647058823529412
A	C4'_2	157.953	125.406	189.088	0.5647058823529412	0.5647058823529412	0.5647058823529412
A	O4'_2	158.409	125.104	187.74	1.0	0.050980392156862744	0.050980392156862744
A	C3'_2	158.889	124.593	189.97	0.5647058823529412	0.5647058823529412	0.5647058823529412
A	O3'_2	158.348	124.34	191.261	1.0	0.050980392156862744	0.050980392156862744
A	C2'_2	159.054	123.313	189.163	0.5647058823529412	0.5647058823529412	0.5647058823529412
A	O2'_2	157.952	122.436	189.269	1.0	0.050980392156862744	0.050980392156862744
A	C1'_2	159.121	123.871	187.741	0.5647058823529412	0.5647058823529412	0.5647058823529412
A	N9_2	160.504	124.13	187.335	0.18823529411764706	0.3137254901960784	0.9725490196078431
A	C8_2	161.134	125.343	187.175	0.5647058823529412	0.5647058823529412	0.5647058823529412
A	N7_2	162.397	125.242	186.838	0.18823529411764706	0.3137254901960784	0.9725490196078431
A	C5_2	162.613	123.872	186.766	0.5647058823529412	0.5647058823529412	0.5647058823529412
A	C6_2	163.755	123.114	186.464	0.5647058823529412	0.5647058823529412	0.5647058823529412
A	N6_2	164.945	123.654	186.186	0.18823529411764706	0.3137254901960784	0.9725490196078431
A	N1_2	163.636	121.767	186.466	0.18823529411764706	0.3137254901960784	0.9725490196078431
A	C2_2	162.447	121.23	186.764	0.5647058823529412	0.5647058823529412	0.5647058823529412
A	N3_2	161.301	121.838	187.074	0.18823529411764706	0.3137254901960784	0.9725490196078431
A	C4_2	161.454	123.175	187.055	0.5647058823529412	0.5647058823529412	0.5647058823529412
