U	P_1	241.224	176.131	224.583	1.0	0.5019607843137255	0.0
U	OP1_1	242.381	176.441	225.473	1.0	0.050980392156862744	0.050980392156862744
U	OP2_1	239.852	176.541	224.993	1.0	0.050980392156862744	0.050980392156862744
U	O5'_1	241.529	176.765	223.153	1.0	0.050980392156862744	0.050980392156862744
U	C5'_1	242.798	176.546	222.5	0.5647058823529412	0.5647058823529412	0.5647058823529412
U	C4'_1	242.905	177.418	221.271	0.5647058823529412	0.5647058823529412	0.5647058823529412
U	O4'_1	241.972	176.962	220.26	1.0	0.050980392156862744	0.050980392156862744
U	C3'_1	242.554	178.879	221.505	0.5647058823529412	0.5647058823529412	0.5647058823529412
U	O3'_1	243.704	179.572	221.994	1.0	0.050980392156862744	0.050980392156862744
U	C2'_1	242.091	179.348	220.128	0.5647058823529412	0.5647058823529412	0.5647058823529412
U	O2'_1	243.153	179.693	219.26	1.0	0.050980392156862744	0.050980392156862744
U	C1'_1	241.415	178.081	219.589	0.5647058823529412	0.5647058823529412	0.5647058823529412
U	N1_1	239.95	178.011	219.717	0.18823529411764706	0.3137254901960784	0.9725490196078431
U	C2_1	239.18	178.528	218.677	0.5647058823529412	0.5647058823529412	0.5647058823529412
U	O2_1	239.662	179.118	217.721	1.0	0.050980392156862744	0.050980392156862744
U	N3_1	237.825	178.329	218.806	0.18823529411764706	0.3137254901960784	0.9725490196078431
U	C4_1	237.17	177.695	219.855	0.5647058823529412	0.5647058823529412	0.5647058823529412
U	O4_1	235.952	177.486	219.771	1.0	0.050980392156862744	0.050980392156862744
U	C5_1	238.032	177.243	220.919	0.5647058823529412	0.5647058823529412	0.5647058823529412
U	C6_1	239.356	177.414	220.817	0.5647058823529412	0.5647058823529412	0.5647058823529412
A	P_2	229.655	177.419	211.544	1.0	0.5019607843137255	0.0
A	OP1_2	229.557	176.672	210.255	1.0	0.050980392156862744	0.050980392156862744
A	OP2_2	229.876	176.669	212.818	1.0	0.050980392156862744	0.050980392156862744
A	O5'_2	230.834	178.485	211.398	1.0	0.050980392156862744	0.050980392156862744
A	C5'_2	230.826	179.467	210.335	0.5647058823529412	0.5647058823529412	0.5647058823529412
A	C4'_2	232.051	180.354	210.431	0.5647058823529412	0.5647058823529412	0.5647058823529412
A	O4'_2	232.013	181.108	211.673	1.0	0.050980392156862744	0.050980392156862744
A	C3'_2	233.381	179.611	210.436	0.5647058823529412	0.5647058823529412	0.5647058823529412
A	O3'_2	233.847	179.409	209.099	1.0	0.050980392156862744	0.050980392156862744
A	C2'_2	234.28	180.532	211.253	0.5647058823529412	0.5647058823529412	0.5647058823529412
A	O2'_2	234.787	181.614	210.493	1.0	0.050980392156862744	0.050980392156862744
A	C1'_2	233.288	181.067	212.294	0.5647058823529412	0.5647058823529412	0.5647058823529412
A	N9_2	233.169	180.235	213.496	0.18823529411764706	0.3137254901960784	0.9725490196078431
A	C8_2	232.045	179.562	213.934	0.5647058823529412	0.5647058823529412	0.5647058823529412
A	N7_2	232.228	178.897	215.053	0.18823529411764706	0.3137254901960784	0.9725490196078431
A	C5_2	233.557	179.146	215.375	0.5647058823529412	0.5647058823529412	0.5647058823529412
A	C6_2	234.366	178.716	216.449	0.5647058823529412	0.5647058823529412	0.5647058823529412
A	N6_2	233.932	177.913	217.431	0.18823529411764706	0.3137254901960784	0.9725490196078431
A	N1_2	235.652	179.142	216.476	0.18823529411764706	0.3137254901960784	0.9725490196078431
A	C2_2	236.085	179.938	215.48	0.5647058823529412	0.5647058823529412	0.5647058823529412
A	N3_2	235.422	180.403	214.416	0.18823529411764706	0.3137254901960784	0.9725490196078431
A	C4_2	234.151	179.967	214.424	0.5647058823529412	0.5647058823529412	0.5647058823529412
