A	P_1	237.298	154.716	140.286	1.0	0.5019607843137255	0.0
A	OP1_1	238.536	155.186	140.969	1.0	0.050980392156862744	0.050980392156862744
A	OP2_1	237.365	153.539	139.373	1.0	0.050980392156862744	0.050980392156862744
A	O5'_1	236.197	154.415	141.396	1.0	0.050980392156862744	0.050980392156862744
A	C5'_1	236.14	155.193	142.605	0.5647058823529412	0.5647058823529412	0.5647058823529412
A	C4'_1	235.929	154.283	143.786	0.5647058823529412	0.5647058823529412	0.5647058823529412
A	O4'_1	234.584	153.746	143.747	1.0	0.050980392156862744	0.050980392156862744
A	C3'_1	236.834	153.062	143.811	0.5647058823529412	0.5647058823529412	0.5647058823529412
A	O3'_1	238.1	153.406	144.375	1.0	0.050980392156862744	0.050980392156862744
A	C2'_1	236.031	152.073	144.651	0.5647058823529412	0.5647058823529412	0.5647058823529412
A	O2'_1	236.178	152.28	146.04	1.0	0.050980392156862744	0.050980392156862744
A	C1'_1	234.591	152.419	144.241	0.5647058823529412	0.5647058823529412	0.5647058823529412
A	N9_1	233.989	151.554	143.227	0.18823529411764706	0.3137254901960784	0.9725490196078431
A	C8_1	234.371	151.365	141.919	0.5647058823529412	0.5647058823529412	0.5647058823529412
A	N7_1	233.613	150.519	141.262	0.18823529411764706	0.3137254901960784	0.9725490196078431
A	C5_1	232.667	150.126	142.198	0.5647058823529412	0.5647058823529412	0.5647058823529412
A	C6_1	231.573	149.241	142.127	0.5647058823529412	0.5647058823529412	0.5647058823529412
A	N6_1	231.232	148.575	141.022	0.18823529411764706	0.3137254901960784	0.9725490196078431
A	N1_1	230.832	149.065	143.247	0.18823529411764706	0.3137254901960784	0.9725490196078431
A	C2_1	231.174	149.744	144.355	0.5647058823529412	0.5647058823529412	0.5647058823529412
A	N3_1	232.172	150.608	144.543	0.18823529411764706	0.3137254901960784	0.9725490196078431
A	C4_1	232.888	150.756	143.415	0.5647058823529412	0.5647058823529412	0.5647058823529412
U	P_2	233.941	148.061	130.918	1.0	0.5019607843137255	0.0
U	OP1_2	233.08	147.963	129.703	1.0	0.050980392156862744	0.050980392156862744
U	OP2_2	234.906	149.194	131.048	1.0	0.050980392156862744	0.050980392156862744
U	O5'_2	232.991	148.046	132.205	1.0	0.050980392156862744	0.050980392156862744
U	C5'_2	232.023	146.993	132.405	0.5647058823529412	0.5647058823529412	0.5647058823529412
U	C4'_2	231.497	146.999	133.834	0.5647058823529412	0.5647058823529412	0.5647058823529412
U	O4'_2	232.612	146.949	134.766	1.0	0.050980392156862744	0.050980392156862744
U	C3'_2	230.687	148.201	134.305	0.5647058823529412	0.5647058823529412	0.5647058823529412
U	O3'_2	229.324	148.093	133.883	1.0	0.050980392156862744	0.050980392156862744
U	C2'_2	230.804	148.091	135.823	0.5647058823529412	0.5647058823529412	0.5647058823529412
U	O2'_2	229.919	147.141	136.374	1.0	0.050980392156862744	0.050980392156862744
U	C1'_2	232.234	147.569	135.987	0.5647058823529412	0.5647058823529412	0.5647058823529412
U	N1_2	233.228	148.594	136.343	0.18823529411764706	0.3137254901960784	0.9725490196078431
U	C2_2	233.428	148.852	137.693	0.5647058823529412	0.5647058823529412	0.5647058823529412
U	O2_2	232.819	148.274	138.582	1.0	0.050980392156862744	0.050980392156862744
U	N3_2	234.367	149.815	137.965	0.18823529411764706	0.3137254901960784	0.9725490196078431
U	C4_2	235.111	150.535	137.048	0.5647058823529412	0.5647058823529412	0.5647058823529412
U	O4_2	235.917	151.379	137.45	1.0	0.050980392156862744	0.050980392156862744
U	C5_2	234.849	150.21	135.676	0.5647058823529412	0.5647058823529412	0.5647058823529412
U	C6_2	233.939	149.276	135.379	0.5647058823529412	0.5647058823529412	0.5647058823529412
