A	P_1	169.983	176.7	199.154	1.0	0.5019607843137255	0.0
A	OP1_1	171.258	176.424	199.876	1.0	0.050980392156862744	0.050980392156862744
A	OP2_1	169.9	176.457	197.689	1.0	0.050980392156862744	0.050980392156862744
A	O5'_1	168.806	175.898	199.875	1.0	0.050980392156862744	0.050980392156862744
A	C5'_1	168.627	174.48	199.677	0.5647058823529412	0.5647058823529412	0.5647058823529412
A	C4'_1	167.524	173.962	200.576	0.5647058823529412	0.5647058823529412	0.5647058823529412
A	O4'_1	166.251	174.583	200.227	1.0	0.050980392156862744	0.050980392156862744
A	C3'_1	167.229	172.476	200.467	0.5647058823529412	0.5647058823529412	0.5647058823529412
A	O3'_1	168.158	171.699	201.216	1.0	0.050980392156862744	0.050980392156862744
A	C2'_1	165.816	172.39	201.033	0.5647058823529412	0.5647058823529412	0.5647058823529412
A	O2'_1	165.774	172.438	202.444	1.0	0.050980392156862744	0.050980392156862744
A	C1'_1	165.187	173.666	200.467	0.5647058823529412	0.5647058823529412	0.5647058823529412
A	N9_1	164.458	173.444	199.215	0.18823529411764706	0.3137254901960784	0.9725490196078431
A	C8_1	164.613	174.108	198.021	0.5647058823529412	0.5647058823529412	0.5647058823529412
A	N7_1	163.827	173.673	197.067	0.18823529411764706	0.3137254901960784	0.9725490196078431
A	C5_1	163.099	172.658	197.67	0.5647058823529412	0.5647058823529412	0.5647058823529412
A	C6_1	162.098	171.801	197.182	0.5647058823529412	0.5647058823529412	0.5647058823529412
A	N6_1	161.648	171.835	195.924	0.18823529411764706	0.3137254901960784	0.9725490196078431
A	N1_1	161.571	170.898	198.038	0.18823529411764706	0.3137254901960784	0.9725490196078431
A	C2_1	162.028	170.868	199.299	0.5647058823529412	0.5647058823529412	0.5647058823529412
A	N3_1	162.968	171.621	199.875	0.18823529411764706	0.3137254901960784	0.9725490196078431
A	C4_1	163.471	172.508	198.995	0.5647058823529412	0.5647058823529412	0.5647058823529412
U	P_2	166.136	178.888	188.914	1.0	0.5019607843137255	0.0
U	OP1_2	165.324	179.697	187.956	1.0	0.050980392156862744	0.050980392156862744
U	OP2_2	166.543	179.484	190.213	1.0	0.050980392156862744	0.050980392156862744
U	O5'_2	165.349	177.536	189.235	1.0	0.050980392156862744	0.050980392156862744
U	C5'_2	164.71	176.771	188.187	0.5647058823529412	0.5647058823529412	0.5647058823529412
U	C4'_2	163.568	175.957	188.755	0.5647058823529412	0.5647058823529412	0.5647058823529412
U	O4'_2	164.081	174.991	189.71	1.0	0.050980392156862744	0.050980392156862744
U	C3'_2	162.523	176.742	189.534	0.5647058823529412	0.5647058823529412	0.5647058823529412
U	O3'_2	161.565	177.333	188.657	1.0	0.050980392156862744	0.050980392156862744
U	C2'_2	161.912	175.674	190.434	0.5647058823529412	0.5647058823529412	0.5647058823529412
U	O2'_2	160.949	174.879	189.767	1.0	0.050980392156862744	0.050980392156862744
U	C1'_2	163.14	174.815	190.76	0.5647058823529412	0.5647058823529412	0.5647058823529412
U	N1_2	163.797	175.139	192.039	0.18823529411764706	0.3137254901960784	0.9725490196078431
U	C2_2	163.525	174.327	193.138	0.5647058823529412	0.5647058823529412	0.5647058823529412
U	O2_2	162.762	173.37	193.094	1.0	0.050980392156862744	0.050980392156862744
U	N3_2	164.182	174.68	194.292	0.18823529411764706	0.3137254901960784	0.9725490196078431
U	C4_2	165.06	175.733	194.463	0.5647058823529412	0.5647058823529412	0.5647058823529412
U	O4_2	165.585	175.909	195.565	1.0	0.050980392156862744	0.050980392156862744
U	C5_2	165.282	176.526	193.291	0.5647058823529412	0.5647058823529412	0.5647058823529412
U	C6_2	164.661	176.211	192.15	0.5647058823529412	0.5647058823529412	0.5647058823529412
