U	P_1	242.676	207.303	212.133	1.0	0.5019607843137255	0.0
U	OP1_1	241.558	207.629	213.067	1.0	0.050980392156862744	0.050980392156862744
U	OP2_1	243.269	208.382	211.289	1.0	0.050980392156862744	0.050980392156862744
U	O5'_1	243.856	206.638	212.97	1.0	0.050980392156862744	0.050980392156862744
U	C5'_1	243.591	205.594	213.925	0.5647058823529412	0.5647058823529412	0.5647058823529412
U	C4'_1	244.816	205.349	214.77	0.5647058823529412	0.5647058823529412	0.5647058823529412
U	O4'_1	245.832	204.688	213.973	1.0	0.050980392156862744	0.050980392156862744
U	C3'_1	245.485	206.619	215.275	0.5647058823529412	0.5647058823529412	0.5647058823529412
U	O3'_1	244.85	207.106	216.459	1.0	0.050980392156862744	0.050980392156862744
U	C2'_1	246.924	206.163	215.5	0.5647058823529412	0.5647058823529412	0.5647058823529412
U	O2'_1	247.107	205.474	216.72	1.0	0.050980392156862744	0.050980392156862744
U	C1'_1	247.114	205.176	214.342	0.5647058823529412	0.5647058823529412	0.5647058823529412
U	N1_1	247.758	205.751	213.149	0.18823529411764706	0.3137254901960784	0.9725490196078431
U	C2_1	249.09	205.409	212.888	0.5647058823529412	0.5647058823529412	0.5647058823529412
U	O2_1	249.742	204.653	213.602	1.0	0.050980392156862744	0.050980392156862744
U	N3_1	249.622	205.987	211.756	0.18823529411764706	0.3137254901960784	0.9725490196078431
U	C4_1	248.982	206.854	210.879	0.5647058823529412	0.5647058823529412	0.5647058823529412
U	O4_1	249.611	207.328	209.931	1.0	0.050980392156862744	0.050980392156862744
U	C5_1	247.617	207.153	211.213	0.5647058823529412	0.5647058823529412	0.5647058823529412
U	C6_1	247.064	206.606	212.308	0.5647058823529412	0.5647058823529412	0.5647058823529412
A	P_2	252.481	211.369	207.837	1.0	0.5019607843137255	0.0
A	OP1_2	253.099	212.714	207.975	1.0	0.050980392156862744	0.050980392156862744
A	OP2_2	251.883	210.966	206.536	1.0	0.050980392156862744	0.050980392156862744
A	O5'_2	253.574	210.276	208.238	1.0	0.050980392156862744	0.050980392156862744
A	C5'_2	254.987	210.544	208.085	0.5647058823529412	0.5647058823529412	0.5647058823529412
A	C4'_2	255.759	209.257	207.865	0.5647058823529412	0.5647058823529412	0.5647058823529412
A	O4'_2	255.719	208.446	209.079	1.0	0.050980392156862744	0.050980392156862744
A	C3'_2	255.273	208.361	206.725	0.5647058823529412	0.5647058823529412	0.5647058823529412
A	O3'_2	256.383	207.792	206.018	1.0	0.050980392156862744	0.050980392156862744
A	C2'_2	254.445	207.3	207.457	0.5647058823529412	0.5647058823529412	0.5647058823529412
A	O2'_2	254.371	206.065	206.767	1.0	0.050980392156862744	0.050980392156862744
A	C1'_2	255.2	207.158	208.785	0.5647058823529412	0.5647058823529412	0.5647058823529412
A	N9_2	254.362	206.719	209.914	0.18823529411764706	0.3137254901960784	0.9725490196078431
A	C8_2	252.995	206.867	210.062	0.5647058823529412	0.5647058823529412	0.5647058823529412
A	N7_2	252.52	206.342	211.171	0.18823529411764706	0.3137254901960784	0.9725490196078431
A	C5_2	253.643	205.826	211.807	0.5647058823529412	0.5647058823529412	0.5647058823529412
A	C6_2	253.808	205.14	213.033	0.5647058823529412	0.5647058823529412	0.5647058823529412
A	N6_2	252.804	204.851	213.868	0.18823529411764706	0.3137254901960784	0.9725490196078431
A	N1_2	255.059	204.76	213.373	0.18823529411764706	0.3137254901960784	0.9725490196078431
A	C2_2	256.069	205.054	212.538	0.5647058823529412	0.5647058823529412	0.5647058823529412
A	N3_2	256.043	205.689	211.363	0.18823529411764706	0.3137254901960784	0.9725490196078431
A	C4_2	254.786	206.054	211.047	0.5647058823529412	0.5647058823529412	0.5647058823529412
