A	P_1	240.917	177.171	246.499	1.0	0.5019607843137255	0.0
A	OP1_1	241.027	175.7	246.269	1.0	0.050980392156862744	0.050980392156862744
A	OP2_1	239.567	177.795	246.614	1.0	0.050980392156862744	0.050980392156862744
A	O5'_1	241.753	177.506	247.816	1.0	0.050980392156862744	0.050980392156862744
A	C5'_1	243.197	177.384	247.82	0.5647058823529412	0.5647058823529412	0.5647058823529412
A	C4'_1	243.706	177.134	249.22	0.5647058823529412	0.5647058823529412	0.5647058823529412
A	O4'_1	243.581	178.332	250.033	1.0	0.050980392156862744	0.050980392156862744
A	C3'_1	242.955	176.077	250.011	0.5647058823529412	0.5647058823529412	0.5647058823529412
A	O3'_1	243.351	174.759	249.63	1.0	0.050980392156862744	0.050980392156862744
A	C2'_1	243.33	176.425	251.448	0.5647058823529412	0.5647058823529412	0.5647058823529412
A	O2'_1	244.611	175.951	251.816	1.0	0.050980392156862744	0.050980392156862744
A	C1'_1	243.367	177.957	251.389	0.5647058823529412	0.5647058823529412	0.5647058823529412
A	N9_1	242.145	178.605	251.877	0.18823529411764706	0.3137254901960784	0.9725490196078431
A	C8_1	241.131	179.174	251.136	0.5647058823529412	0.5647058823529412	0.5647058823529412
A	N7_1	240.168	179.694	251.865	0.18823529411764706	0.3137254901960784	0.9725490196078431
A	C5_1	240.567	179.449	253.173	0.5647058823529412	0.5647058823529412	0.5647058823529412
A	C6_1	239.976	179.756	254.415	0.5647058823529412	0.5647058823529412	0.5647058823529412
A	N6_1	238.81	180.402	254.539	0.18823529411764706	0.3137254901960784	0.9725490196078431
A	N1_1	240.631	179.373	255.536	0.18823529411764706	0.3137254901960784	0.9725490196078431
A	C2_1	241.801	178.721	255.404	0.5647058823529412	0.5647058823529412	0.5647058823529412
A	N3_1	242.459	178.377	254.292	0.18823529411764706	0.3137254901960784	0.9725490196078431
A	C4_1	241.782	178.776	253.197	0.5647058823529412	0.5647058823529412	0.5647058823529412
U	P_2	233.745	186.267	246.846	1.0	0.5019607843137255	0.0
U	OP1_2	233.145	187.608	247.129	1.0	0.050980392156862744	0.050980392156862744
U	OP2_2	234.991	186.173	246.028	1.0	0.050980392156862744	0.050980392156862744
U	O5'_2	234.016	185.548	248.245	1.0	0.050980392156862744	0.050980392156862744
U	C5'_2	233.04	185.613	249.306	0.5647058823529412	0.5647058823529412	0.5647058823529412
U	C4'_2	233.651	185.18	250.62	0.5647058823529412	0.5647058823529412	0.5647058823529412
U	O4'_2	233.925	183.751	250.614	1.0	0.050980392156862744	0.050980392156862744
U	C3'_2	234.998	185.787	250.975	0.5647058823529412	0.5647058823529412	0.5647058823529412
U	O3'_2	234.869	187.115	251.471	1.0	0.050980392156862744	0.050980392156862744
U	C2'_2	235.509	184.824	252.042	0.5647058823529412	0.5647058823529412	0.5647058823529412
U	O2'_2	234.939	185.058	253.313	1.0	0.050980392156862744	0.050980392156862744
U	C1'_2	235.004	183.48	251.504	0.5647058823529412	0.5647058823529412	0.5647058823529412
U	N1_2	236.044	182.709	250.802	0.18823529411764706	0.3137254901960784	0.9725490196078431
U	C2_2	236.922	181.948	251.577	0.5647058823529412	0.5647058823529412	0.5647058823529412
U	O2_2	236.856	181.885	252.795	1.0	0.050980392156862744	0.050980392156862744
U	N3_2	237.875	181.265	250.864	0.18823529411764706	0.3137254901960784	0.9725490196078431
U	C4_2	238.041	181.256	249.493	0.5647058823529412	0.5647058823529412	0.5647058823529412
U	O4_2	238.946	180.582	249.001	1.0	0.050980392156862744	0.050980392156862744
U	C5_2	237.1	182.053	248.766	0.5647058823529412	0.5647058823529412	0.5647058823529412
U	C6_2	236.157	182.736	249.427	0.5647058823529412	0.5647058823529412	0.5647058823529412
