A	P_1	222.991	262.579	195.375	1.0	0.5019607843137255	0.0
A	OP1_1	223.237	261.416	196.278	1.0	0.050980392156862744	0.050980392156862744
A	OP2_1	222.542	262.339	193.977	1.0	0.050980392156862744	0.050980392156862744
A	O5'_1	221.927	263.543	196.074	1.0	0.050980392156862744	0.050980392156862744
A	C5'_1	221.957	263.791	197.498	0.5647058823529412	0.5647058823529412	0.5647058823529412
A	C4'_1	220.898	264.804	197.878	0.5647058823529412	0.5647058823529412	0.5647058823529412
A	O4'_1	221.178	266.064	197.207	1.0	0.050980392156862744	0.050980392156862744
A	C3'_1	219.469	264.47	197.464	0.5647058823529412	0.5647058823529412	0.5647058823529412
A	O3'_1	218.833	263.593	198.401	1.0	0.050980392156862744	0.050980392156862744
A	C2'_1	218.814	265.848	197.416	0.5647058823529412	0.5647058823529412	0.5647058823529412
A	O2'_1	218.444	266.331	198.693	1.0	0.050980392156862744	0.050980392156862744
A	C1'_1	219.956	266.707	196.867	0.5647058823529412	0.5647058823529412	0.5647058823529412
A	N9_1	219.911	266.891	195.414	0.18823529411764706	0.3137254901960784	0.9725490196078431
A	C8_1	220.659	266.249	194.45	0.5647058823529412	0.5647058823529412	0.5647058823529412
A	N7_1	220.407	266.655	193.226	0.18823529411764706	0.3137254901960784	0.9725490196078431
A	C5_1	219.425	267.625	193.392	0.5647058823529412	0.5647058823529412	0.5647058823529412
A	C6_1	218.735	268.442	192.47	0.5647058823529412	0.5647058823529412	0.5647058823529412
A	N6_1	218.947	268.413	191.151	0.18823529411764706	0.3137254901960784	0.9725490196078431
A	N1_1	217.81	269.301	192.958	0.18823529411764706	0.3137254901960784	0.9725490196078431
A	C2_1	217.599	269.329	194.284	0.5647058823529412	0.5647058823529412	0.5647058823529412
A	N3_1	218.185	268.613	195.25	0.18823529411764706	0.3137254901960784	0.9725490196078431
A	C4_1	219.101	267.772	194.733	0.5647058823529412	0.5647058823529412	0.5647058823529412
U	P_2	214.546	276.375	186.905	1.0	0.5019607843137255	0.0
U	OP1_2	214.226	277.794	186.597	1.0	0.050980392156862744	0.050980392156862744
U	OP2_2	215.83	275.79	186.432	1.0	0.050980392156862744	0.050980392156862744
U	O5'_2	214.464	276.183	188.485	1.0	0.050980392156862744	0.050980392156862744
U	C5'_2	213.391	276.774	189.24	0.5647058823529412	0.5647058823529412	0.5647058823529412
U	C4'_2	213.45	276.325	190.681	0.5647058823529412	0.5647058823529412	0.5647058823529412
U	O4'_2	213.287	274.883	190.741	1.0	0.050980392156862744	0.050980392156862744
U	C3'_2	214.756	276.58	191.419	0.5647058823529412	0.5647058823529412	0.5647058823529412
U	O3'_2	214.835	277.917	191.914	1.0	0.050980392156862744	0.050980392156862744
U	C2'_2	214.69	275.553	192.543	0.5647058823529412	0.5647058823529412	0.5647058823529412
U	O2'_2	213.857	275.957	193.613	1.0	0.050980392156862744	0.050980392156862744
U	C1'_2	214.045	274.364	191.825	0.5647058823529412	0.5647058823529412	0.5647058823529412
U	N1_2	215.022	273.396	191.299	0.18823529411764706	0.3137254901960784	0.9725490196078431
U	C2_2	215.344	272.305	192.097	0.5647058823529412	0.5647058823529412	0.5647058823529412
U	O2_2	214.849	272.115	193.199	1.0	0.050980392156862744	0.050980392156862744
U	N3_2	216.27	271.449	191.552	0.18823529411764706	0.3137254901960784	0.9725490196078431
U	C4_2	216.892	271.565	190.32	0.5647058823529412	0.5647058823529412	0.5647058823529412
U	O4_2	217.716	270.717	189.978	1.0	0.050980392156862744	0.050980392156862744
U	C5_2	216.503	272.711	189.557	0.5647058823529412	0.5647058823529412	0.5647058823529412
U	C6_2	215.607	273.565	190.057	0.5647058823529412	0.5647058823529412	0.5647058823529412
