U	P_1	236.83	219.317	281.166	1.0	0.5019607843137255	0.0
U	OP1_1	237.63	218.667	282.246	1.0	0.050980392156862744	0.050980392156862744
U	OP2_1	237.101	218.971	279.744	1.0	0.050980392156862744	0.050980392156862744
U	O5'_1	235.282	219.051	281.451	1.0	0.050980392156862744	0.050980392156862744
U	C5'_1	234.699	219.361	282.733	0.5647058823529412	0.5647058823529412	0.5647058823529412
U	C4'_1	233.192	219.248	282.667	0.5647058823529412	0.5647058823529412	0.5647058823529412
U	O4'_1	232.677	220.233	281.731	1.0	0.050980392156862744	0.050980392156862744
U	C3'_1	232.635	217.926	282.153	0.5647058823529412	0.5647058823529412	0.5647058823529412
U	O3'_1	232.589	216.931	283.176	1.0	0.050980392156862744	0.050980392156862744
U	C2'_1	231.245	218.327	281.673	0.5647058823529412	0.5647058823529412	0.5647058823529412
U	O2'_1	230.307	218.444	282.725	1.0	0.050980392156862744	0.050980392156862744
U	C1'_1	231.517	219.718	281.092	0.5647058823529412	0.5647058823529412	0.5647058823529412
U	N1_1	231.723	219.73	279.635	0.18823529411764706	0.3137254901960784	0.9725490196078431
U	C2_1	230.594	219.821	278.827	0.5647058823529412	0.5647058823529412	0.5647058823529412
U	O2_1	229.456	219.881	279.274	1.0	0.050980392156862744	0.050980392156862744
U	N3_1	230.851	219.838	277.479	0.18823529411764706	0.3137254901960784	0.9725490196078431
U	C4_1	232.09	219.772	276.864	0.5647058823529412	0.5647058823529412	0.5647058823529412
U	O4_1	232.153	219.795	275.635	1.0	0.050980392156862744	0.050980392156862744
U	C5_1	233.201	219.675	277.761	0.5647058823529412	0.5647058823529412	0.5647058823529412
U	C6_1	232.985	219.658	279.083	0.5647058823529412	0.5647058823529412	0.5647058823529412
A	P_2	223.002	218.251	268.858	1.0	0.5019607843137255	0.0
A	OP1_2	221.628	218.499	268.33	1.0	0.050980392156862744	0.050980392156862744
A	OP2_2	224.084	219.235	268.579	1.0	0.050980392156862744	0.050980392156862744
A	O5'_2	222.911	218.049	270.436	1.0	0.050980392156862744	0.050980392156862744
A	C5'_2	221.842	217.273	271.03	0.5647058823529412	0.5647058823529412	0.5647058823529412
A	C4'_2	221.831	217.471	272.53	0.5647058823529412	0.5647058823529412	0.5647058823529412
A	O4'_2	223.008	216.858	273.121	1.0	0.050980392156862744	0.050980392156862744
A	C3'_2	221.897	218.921	272.969	0.5647058823529412	0.5647058823529412	0.5647058823529412
A	O3'_2	220.611	219.527	272.926	1.0	0.050980392156862744	0.050980392156862744
A	C2'_2	222.498	218.821	274.368	0.5647058823529412	0.5647058823529412	0.5647058823529412
A	O2'_2	221.554	218.465	275.359	1.0	0.050980392156862744	0.050980392156862744
A	C1'_2	223.489	217.668	274.187	0.5647058823529412	0.5647058823529412	0.5647058823529412
A	N9_2	224.86	218.076	273.865	0.18823529411764706	0.3137254901960784	0.9725490196078431
A	C8_2	225.431	218.174	272.616	0.5647058823529412	0.5647058823529412	0.5647058823529412
A	N7_2	226.693	218.526	272.637	0.18823529411764706	0.3137254901960784	0.9725490196078431
A	C5_2	226.975	218.68	273.987	0.5647058823529412	0.5647058823529412	0.5647058823529412
A	C6_2	228.149	219.042	274.669	0.5647058823529412	0.5647058823529412	0.5647058823529412
A	N6_2	229.304	219.316	274.055	0.18823529411764706	0.3137254901960784	0.9725490196078431
A	N1_2	228.097	219.113	276.019	0.18823529411764706	0.3137254901960784	0.9725490196078431
A	C2_2	226.937	218.835	276.631	0.5647058823529412	0.5647058823529412	0.5647058823529412
A	N3_2	225.765	218.481	276.098	0.18823529411764706	0.3137254901960784	0.9725490196078431
A	C4_2	225.853	218.419	274.756	0.5647058823529412	0.5647058823529412	0.5647058823529412
