U	P_1	111.623	202.53	153.792	1.0	0.5019607843137255	0.0
U	OP1_1	111.073	202.286	152.429	1.0	0.050980392156862744	0.050980392156862744
U	OP2_1	112.891	203.295	153.948	1.0	0.050980392156862744	0.050980392156862744
U	O5'_1	110.494	203.24	154.671	1.0	0.050980392156862744	0.050980392156862744
U	C5'_1	110.265	204.66	154.561	0.5647058823529412	0.5647058823529412	0.5647058823529412
U	C4'_1	109.232	205.117	155.566	0.5647058823529412	0.5647058823529412	0.5647058823529412
U	O4'_1	109.604	204.669	156.897	1.0	0.050980392156862744	0.050980392156862744
U	C3'_1	109.105	206.629	155.697	0.5647058823529412	0.5647058823529412	0.5647058823529412
U	O3'_1	108.256	207.177	154.686	1.0	0.050980392156862744	0.050980392156862744
U	C2'_1	108.544	206.798	157.105	0.5647058823529412	0.5647058823529412	0.5647058823529412
U	O2'_1	107.148	206.595	157.179	1.0	0.050980392156862744	0.050980392156862744
U	C1'_1	109.255	205.665	157.851	0.5647058823529412	0.5647058823529412	0.5647058823529412
U	N1_1	110.469	206.075	158.577	0.18823529411764706	0.3137254901960784	0.9725490196078431
U	C2_1	110.31	206.616	159.846	0.5647058823529412	0.5647058823529412	0.5647058823529412
U	O2_1	109.218	206.777	160.365	1.0	0.050980392156862744	0.050980392156862744
U	N3_1	111.481	206.959	160.478	0.18823529411764706	0.3137254901960784	0.9725490196078431
U	C4_1	112.769	206.823	159.986	0.5647058823529412	0.5647058823529412	0.5647058823529412
U	O4_1	113.723	207.164	160.687	1.0	0.050980392156862744	0.050980392156862744
U	C5_1	112.853	206.265	158.675	0.5647058823529412	0.5647058823529412	0.5647058823529412
U	C6_1	111.729	205.921	158.026	0.5647058823529412	0.5647058823529412	0.5647058823529412
A	P_2	109.369	212.146	171.194	1.0	0.5019607843137255	0.0
A	OP1_2	108.336	212.289	172.257	1.0	0.050980392156862744	0.050980392156862744
A	OP2_2	110.495	211.189	171.385	1.0	0.050980392156862744	0.050980392156862744
A	O5'_2	108.625	211.783	169.833	1.0	0.050980392156862744	0.050980392156862744
A	C5'_2	107.424	212.473	169.442	0.5647058823529412	0.5647058823529412	0.5647058823529412
A	C4'_2	106.888	211.908	168.146	0.5647058823529412	0.5647058823529412	0.5647058823529412
A	O4'_2	107.791	212.222	167.055	1.0	0.050980392156862744	0.050980392156862744
A	C3'_2	106.748	210.394	168.07	0.5647058823529412	0.5647058823529412	0.5647058823529412
A	O3'_2	105.562	209.934	168.714	1.0	0.050980392156862744	0.050980392156862744
A	C2'_2	106.711	210.15	166.566	0.5647058823529412	0.5647058823529412	0.5647058823529412
A	O2'_2	105.444	210.398	165.994	1.0	0.050980392156862744	0.050980392156862744
A	C1'_2	107.7	211.207	166.065	0.5647058823529412	0.5647058823529412	0.5647058823529412
A	N9_2	109.035	210.672	165.806	0.18823529411764706	0.3137254901960784	0.9725490196078431
A	C8_2	110.14	210.678	166.626	0.5647058823529412	0.5647058823529412	0.5647058823529412
A	N7_2	111.199	210.111	166.093	0.18823529411764706	0.3137254901960784	0.9725490196078431
A	C5_2	110.76	209.699	164.841	0.5647058823529412	0.5647058823529412	0.5647058823529412
A	C6_2	111.409	209.036	163.781	0.5647058823529412	0.5647058823529412	0.5647058823529412
A	N6_2	112.687	208.646	163.823	0.18823529411764706	0.3137254901960784	0.9725490196078431
A	N1_2	110.689	208.784	162.663	0.18823529411764706	0.3137254901960784	0.9725490196078431
A	C2_2	109.406	209.17	162.629	0.5647058823529412	0.5647058823529412	0.5647058823529412
A	N3_2	108.686	209.8	163.557	0.18823529411764706	0.3137254901960784	0.9725490196078431
A	C4_2	109.431	210.041	164.651	0.5647058823529412	0.5647058823529412	0.5647058823529412
