A	P_1	105.547	226.977	172.463	1.0	0.5019607843137255	0.0
A	OP1_1	104.682	227.32	173.624	1.0	0.050980392156862744	0.050980392156862744
A	OP2_1	107.028	227.086	172.592	1.0	0.050980392156862744	0.050980392156862744
A	O5'_1	105.191	225.497	171.984	1.0	0.050980392156862744	0.050980392156862744
A	C5'_1	103.828	225.124	171.698	0.5647058823529412	0.5647058823529412	0.5647058823529412
A	C4'_1	103.763	223.749	171.062	0.5647058823529412	0.5647058823529412	0.5647058823529412
A	O4'_1	104.408	223.762	169.762	1.0	0.050980392156862744	0.050980392156862744
A	C3'_1	104.478	222.615	171.776	0.5647058823529412	0.5647058823529412	0.5647058823529412
A	O3'_1	103.738	222.128	172.887	1.0	0.050980392156862744	0.050980392156862744
A	C2'_1	104.581	221.567	170.672	0.5647058823529412	0.5647058823529412	0.5647058823529412
A	O2'_1	103.383	220.845	170.476	1.0	0.050980392156862744	0.050980392156862744
A	C1'_1	104.846	222.446	169.446	0.5647058823529412	0.5647058823529412	0.5647058823529412
A	N9_1	106.259	222.484	169.069	0.18823529411764706	0.3137254901960784	0.9725490196078431
A	C8_1	107.2	223.444	169.353	0.5647058823529412	0.5647058823529412	0.5647058823529412
A	N7_1	108.393	223.169	168.884	0.18823529411764706	0.3137254901960784	0.9725490196078431
A	C5_1	108.227	221.95	168.24	0.5647058823529412	0.5647058823529412	0.5647058823529412
A	C6_1	109.124	221.116	167.538	0.5647058823529412	0.5647058823529412	0.5647058823529412
A	N6_1	110.422	221.399	167.374	0.18823529411764706	0.3137254901960784	0.9725490196078431
A	N1_1	108.635	219.968	167.013	0.18823529411764706	0.3137254901960784	0.9725490196078431
A	C2_1	107.335	219.683	167.19	0.5647058823529412	0.5647058823529412	0.5647058823529412
A	N3_1	106.398	220.38	167.835	0.18823529411764706	0.3137254901960784	0.9725490196078431
A	C4_1	106.915	221.517	168.343	0.5647058823529412	0.5647058823529412	0.5647058823529412
U	P_2	119.808	221.048	165.473	1.0	0.5019607843137255	0.0
U	OP1_2	120.292	220.305	164.273	1.0	0.050980392156862744	0.050980392156862744
U	OP2_2	120.39	222.378	165.795	1.0	0.050980392156862744	0.050980392156862744
U	O5'_2	118.224	221.209	165.346	1.0	0.050980392156862744	0.050980392156862744
U	C5'_2	117.368	220.053	165.228	0.5647058823529412	0.5647058823529412	0.5647058823529412
U	C4'_2	115.94	220.414	165.582	0.5647058823529412	0.5647058823529412	0.5647058823529412
U	O4'_2	115.945	221.144	166.834	1.0	0.050980392156862744	0.050980392156862744
U	C3'_2	115.216	221.372	164.642	0.5647058823529412	0.5647058823529412	0.5647058823529412
U	O3'_2	114.652	220.646	163.536	1.0	0.050980392156862744	0.050980392156862744
U	C2'_2	114.098	221.921	165.538	0.5647058823529412	0.5647058823529412	0.5647058823529412
U	O2'_2	112.958	221.085	165.572	1.0	0.050980392156862744	0.050980392156862744
U	C1'_2	114.749	221.889	166.93	0.5647058823529412	0.5647058823529412	0.5647058823529412
U	N1_2	115.032	223.181	167.576	0.18823529411764706	0.3137254901960784	0.9725490196078431
U	C2_2	114.172	223.59	168.592	0.5647058823529412	0.5647058823529412	0.5647058823529412
U	O2_2	113.212	222.928	168.962	1.0	0.050980392156862744	0.050980392156862744
U	N3_2	114.483	224.804	169.158	0.18823529411764706	0.3137254901960784	0.9725490196078431
U	C4_2	115.541	225.633	168.828	0.5647058823529412	0.5647058823529412	0.5647058823529412
U	O4_2	115.677	226.704	169.423	1.0	0.050980392156862744	0.050980392156862744
U	C5_2	116.385	225.141	167.778	0.5647058823529412	0.5647058823529412	0.5647058823529412
U	C6_2	116.108	223.963	167.2	0.5647058823529412	0.5647058823529412	0.5647058823529412
