U	P_1	88.203	192.992	227.092	1.0	0.5019607843137255	0.0
U	OP1_1	87.76	191.621	227.458	1.0	0.050980392156862744	0.050980392156862744
U	OP2_1	87.639	193.647	225.879	1.0	0.050980392156862744	0.050980392156862744
U	O5'_1	87.962	193.949	228.345	1.0	0.050980392156862744	0.050980392156862744
U	C5'_1	88.29	193.513	229.679	0.5647058823529412	0.5647058823529412	0.5647058823529412
U	C4'_1	87.548	194.337	230.702	0.5647058823529412	0.5647058823529412	0.5647058823529412
U	O4'_1	88.131	195.661	230.795	1.0	0.050980392156862744	0.050980392156862744
U	C3'_1	86.076	194.597	230.421	0.5647058823529412	0.5647058823529412	0.5647058823529412
U	O3'_1	85.269	193.475	230.778	1.0	0.050980392156862744	0.050980392156862744
U	C2'_1	85.802	195.824	231.283	0.5647058823529412	0.5647058823529412	0.5647058823529412
U	O2'_1	85.613	195.507	232.646	1.0	0.050980392156862744	0.050980392156862744
U	C1'_1	87.118	196.594	231.143	0.5647058823529412	0.5647058823529412	0.5647058823529412
U	N1_1	87.094	197.669	230.139	0.18823529411764706	0.3137254901960784	0.9725490196078431
U	C2_1	86.758	198.949	230.564	0.5647058823529412	0.5647058823529412	0.5647058823529412
U	O2_1	86.464	199.214	231.721	1.0	0.050980392156862744	0.050980392156862744
U	N3_1	86.779	199.905	229.579	0.18823529411764706	0.3137254901960784	0.9725490196078431
U	C4_1	87.09	199.718	228.245	0.5647058823529412	0.5647058823529412	0.5647058823529412
U	O4_1	87.086	200.686	227.483	1.0	0.050980392156862744	0.050980392156862744
U	C5_1	87.411	198.372	227.886	0.5647058823529412	0.5647058823529412	0.5647058823529412
U	C6_1	87.402	197.419	228.819	0.5647058823529412	0.5647058823529412	0.5647058823529412
A	P_2	82.833	210.773	230.206	1.0	0.5019607843137255	0.0
A	OP1_2	82.766	212.055	230.968	1.0	0.050980392156862744	0.050980392156862744
A	OP2_2	83.95	210.542	229.249	1.0	0.050980392156862744	0.050980392156862744
A	O5'_2	82.822	209.576	231.257	1.0	0.050980392156862744	0.050980392156862744
A	C5'_2	81.838	209.516	232.311	0.5647058823529412	0.5647058823529412	0.5647058823529412
A	C4'_2	81.952	208.204	233.047	0.5647058823529412	0.5647058823529412	0.5647058823529412
A	O4'_2	81.605	207.115	232.148	1.0	0.050980392156862744	0.050980392156862744
A	C3'_2	83.353	207.852	233.526	0.5647058823529412	0.5647058823529412	0.5647058823529412
A	O3'_2	83.687	208.494	234.755	1.0	0.050980392156862744	0.050980392156862744
A	C2'_2	83.28	206.335	233.644	0.5647058823529412	0.5647058823529412	0.5647058823529412
A	O2'_2	82.619	205.9	234.815	1.0	0.050980392156862744	0.050980392156862744
A	C1'_2	82.42	205.984	232.428	0.5647058823529412	0.5647058823529412	0.5647058823529412
A	N9_2	83.207	205.662	231.233	0.18823529411764706	0.3137254901960784	0.9725490196078431
A	C8_2	83.348	206.407	230.085	0.5647058823529412	0.5647058823529412	0.5647058823529412
A	N7_2	84.102	205.838	229.174	0.18823529411764706	0.3137254901960784	0.9725490196078431
A	C5_2	84.491	204.643	229.762	0.5647058823529412	0.5647058823529412	0.5647058823529412
A	C6_2	85.298	203.585	229.305	0.5647058823529412	0.5647058823529412	0.5647058823529412
A	N6_2	85.87	203.56	228.099	0.18823529411764706	0.3137254901960784	0.9725490196078431
A	N1_2	85.499	202.541	230.138	0.18823529411764706	0.3137254901960784	0.9725490196078431
A	C2_2	84.919	202.565	231.345	0.5647058823529412	0.5647058823529412	0.5647058823529412
A	N3_2	84.134	203.5	231.888	0.18823529411764706	0.3137254901960784	0.9725490196078431
A	C4_2	83.956	204.524	231.034	0.5647058823529412	0.5647058823529412	0.5647058823529412
