U	P_1	286.764	155.064	199.016	1.0	0.5019607843137255	0.0
U	OP1_1	286.864	156.539	198.839	1.0	0.050980392156862744	0.050980392156862744
U	OP2_1	285.908	154.272	198.094	1.0	0.050980392156862744	0.050980392156862744
U	O5'_1	288.236	154.447	198.98	1.0	0.050980392156862744	0.050980392156862744
U	C5'_1	289.275	154.944	199.852	0.5647058823529412	0.5647058823529412	0.5647058823529412
U	C4'_1	290.505	154.067	199.768	0.5647058823529412	0.5647058823529412	0.5647058823529412
U	O4'_1	290.143	152.707	200.114	1.0	0.050980392156862744	0.050980392156862744
U	C3'_1	291.173	153.959	198.404	0.5647058823529412	0.5647058823529412	0.5647058823529412
U	O3'_1	292.052	155.079	198.216	1.0	0.050980392156862744	0.050980392156862744
U	C2'_1	291.897	152.615	198.496	0.5647058823529412	0.5647058823529412	0.5647058823529412
U	O2'_1	293.124	152.691	199.191	1.0	0.050980392156862744	0.050980392156862744
U	C1'_1	290.921	151.799	199.351	0.5647058823529412	0.5647058823529412	0.5647058823529412
U	N1_1	290.009	150.887	198.638	0.18823529411764706	0.3137254901960784	0.9725490196078431
U	C2_1	290.44	149.584	198.413	0.5647058823529412	0.5647058823529412	0.5647058823529412
U	O2_1	291.552	149.188	198.724	1.0	0.050980392156862744	0.050980392156862744
U	N3_1	289.514	148.767	197.808	0.18823529411764706	0.3137254901960784	0.9725490196078431
U	C4_1	288.233	149.107	197.406	0.5647058823529412	0.5647058823529412	0.5647058823529412
U	O4_1	287.491	148.233	196.951	1.0	0.050980392156862744	0.050980392156862744
U	C5_1	287.873	150.475	197.64	0.5647058823529412	0.5647058823529412	0.5647058823529412
U	C6_1	288.749	151.299	198.228	0.5647058823529412	0.5647058823529412	0.5647058823529412
A	P_2	285.827	144.146	194.543	1.0	0.5019607843137255	0.0
A	OP1_2	285.088	142.909	194.92	1.0	0.050980392156862744	0.050980392156862744
A	OP2_2	285.54	145.418	195.264	1.0	0.050980392156862744	0.050980392156862744
A	O5'_2	287.379	143.818	194.707	1.0	0.050980392156862744	0.050980392156862744
A	C5'_2	288.008	142.828	193.874	0.5647058823529412	0.5647058823529412	0.5647058823529412
A	C4'_2	289.158	142.162	194.599	0.5647058823529412	0.5647058823529412	0.5647058823529412
A	O4'_2	290.202	143.143	194.877	1.0	0.050980392156862744	0.050980392156862744
A	C3'_2	288.851	141.479	195.934	0.5647058823529412	0.5647058823529412	0.5647058823529412
A	O3'_2	289.663	140.304	196.03	1.0	0.050980392156862744	0.050980392156862744
A	C2'_2	289.343	142.509	196.951	0.5647058823529412	0.5647058823529412	0.5647058823529412
A	O2'_2	289.701	141.933	198.192	1.0	0.050980392156862744	0.050980392156862744
A	C1'_2	290.584	143.038	196.234	0.5647058823529412	0.5647058823529412	0.5647058823529412
A	N9_2	291.129	144.324	196.688	0.18823529411764706	0.3137254901960784	0.9725490196078431
A	C8_2	290.468	145.497	196.984	0.5647058823529412	0.5647058823529412	0.5647058823529412
A	N7_2	291.262	146.464	197.384	0.18823529411764706	0.3137254901960784	0.9725490196078431
A	C5_2	292.531	145.896	197.345	0.5647058823529412	0.5647058823529412	0.5647058823529412
A	C6_2	293.815	146.405	197.65	0.5647058823529412	0.5647058823529412	0.5647058823529412
A	N6_2	294.042	147.656	198.064	0.18823529411764706	0.3137254901960784	0.9725490196078431
A	N1_2	294.873	145.574	197.506	0.18823529411764706	0.3137254901960784	0.9725490196078431
A	C2_2	294.65	144.322	197.081	0.5647058823529412	0.5647058823529412	0.5647058823529412
A	N3_2	293.497	143.73	196.759	0.18823529411764706	0.3137254901960784	0.9725490196078431
A	C4_2	292.464	144.58	196.915	0.5647058823529412	0.5647058823529412	0.5647058823529412
