A	P_1	202.564	291.155	212.157	1.0	0.5019607843137255	0.0
A	OP1_1	203.566	292.248	212.04	1.0	0.050980392156862744	0.050980392156862744
A	OP2_1	201.183	291.468	212.618	1.0	0.050980392156862744	0.050980392156862744
A	O5'_1	202.465	290.436	210.74	1.0	0.050980392156862744	0.050980392156862744
A	C5'_1	202.16	291.198	209.558	0.5647058823529412	0.5647058823529412	0.5647058823529412
A	C4'_1	202.021	290.288	208.362	0.5647058823529412	0.5647058823529412	0.5647058823529412
A	O4'_1	200.976	289.302	208.604	1.0	0.050980392156862744	0.050980392156862744
A	C3'_1	201.573	290.995	207.092	0.5647058823529412	0.5647058823529412	0.5647058823529412
A	O3'_1	202.681	291.613	206.436	1.0	0.050980392156862744	0.050980392156862744
A	C2'_1	200.951	289.857	206.287	0.5647058823529412	0.5647058823529412	0.5647058823529412
A	O2'_1	201.912	289.047	205.643	1.0	0.050980392156862744	0.050980392156862744
A	C1'_1	200.275	289.039	207.394	0.5647058823529412	0.5647058823529412	0.5647058823529412
A	N9_1	198.859	289.359	207.596	0.18823529411764706	0.3137254901960784	0.9725490196078431
A	C8_1	198.274	289.926	208.707	0.5647058823529412	0.5647058823529412	0.5647058823529412
A	N7_1	196.978	290.101	208.591	0.18823529411764706	0.3137254901960784	0.9725490196078431
A	C5_1	196.686	289.618	207.322	0.5647058823529412	0.5647058823529412	0.5647058823529412
A	C6_1	195.477	289.526	206.595	0.5647058823529412	0.5647058823529412	0.5647058823529412
A	N6_1	194.294	289.939	207.062	0.18823529411764706	0.3137254901960784	0.9725490196078431
A	N1_1	195.529	288.991	205.356	0.18823529411764706	0.3137254901960784	0.9725490196078431
A	C2_1	196.717	288.583	204.884	0.5647058823529412	0.5647058823529412	0.5647058823529412
A	N3_1	197.917	288.615	205.467	0.18823529411764706	0.3137254901960784	0.9725490196078431
A	C4_1	197.833	289.151	206.7	0.5647058823529412	0.5647058823529412	0.5647058823529412
U	P_2	187.951	286.912	199.53	1.0	0.5019607843137255	0.0
U	OP1_2	187.123	285.798	198.987	1.0	0.050980392156862744	0.050980392156862744
U	OP2_2	187.591	287.523	200.837	1.0	0.050980392156862744	0.050980392156862744
U	O5'_2	189.467	286.414	199.616	1.0	0.050980392156862744	0.050980392156862744
U	C5'_2	190.145	285.889	198.453	0.5647058823529412	0.5647058823529412	0.5647058823529412
U	C4'_2	191.637	285.812	198.696	0.5647058823529412	0.5647058823529412	0.5647058823529412
U	O4'_2	192.146	287.135	199.019	1.0	0.050980392156862744	0.050980392156862744
U	C3'_2	192.095	284.958	199.868	0.5647058823529412	0.5647058823529412	0.5647058823529412
U	O3'_2	192.115	283.57	199.54	1.0	0.050980392156862744	0.050980392156862744
U	C2'_2	193.485	285.523	200.14	0.5647058823529412	0.5647058823529412	0.5647058823529412
U	O2'_2	194.466	285.083	199.224	1.0	0.050980392156862744	0.050980392156862744
U	C1'_2	193.245	287.016	199.916	0.5647058823529412	0.5647058823529412	0.5647058823529412
U	N1_2	192.93	287.728	201.168	0.18823529411764706	0.3137254901960784	0.9725490196078431
U	C2_2	193.999	288.195	201.926	0.5647058823529412	0.5647058823529412	0.5647058823529412
U	O2_2	195.166	288.079	201.575	1.0	0.050980392156862744	0.050980392156862744
U	N3_2	193.648	288.804	203.106	0.18823529411764706	0.3137254901960784	0.9725490196078431
U	C4_2	192.368	289.0	203.599	0.5647058823529412	0.5647058823529412	0.5647058823529412
U	O4_2	192.223	289.51	204.712	1.0	0.050980392156862744	0.050980392156862744
U	C5_2	191.317	288.519	202.749	0.5647058823529412	0.5647058823529412	0.5647058823529412
U	C6_2	191.625	287.915	201.593	0.5647058823529412	0.5647058823529412	0.5647058823529412
