U	P_1	212.578	294.694	155.775	1.0	0.5019607843137255	0.0
U	OP1_1	211.772	295.126	154.598	1.0	0.050980392156862744	0.050980392156862744
U	OP2_1	212.515	293.278	156.231	1.0	0.050980392156862744	0.050980392156862744
U	O5'_1	214.102	295.065	155.501	1.0	0.050980392156862744	0.050980392156862744
U	C5'_1	214.973	294.137	154.84	0.5647058823529412	0.5647058823529412	0.5647058823529412
U	C4'_1	216.409	294.585	154.958	0.5647058823529412	0.5647058823529412	0.5647058823529412
U	O4'_1	216.752	294.805	156.351	1.0	0.050980392156862744	0.050980392156862744
U	C3'_1	217.408	293.55	154.476	0.5647058823529412	0.5647058823529412	0.5647058823529412
U	O3'_1	217.544	293.62	153.058	1.0	0.050980392156862744	0.050980392156862744
U	C2'_1	218.674	293.92	155.244	0.5647058823529412	0.5647058823529412	0.5647058823529412
U	O2'_1	219.396	294.994	154.669	1.0	0.050980392156862744	0.050980392156862744
U	C1'_1	218.087	294.377	156.586	0.5647058823529412	0.5647058823529412	0.5647058823529412
U	N1_1	218.071	293.347	157.639	0.18823529411764706	0.3137254901960784	0.9725490196078431
U	C2_1	219.258	293.092	158.321	0.5647058823529412	0.5647058823529412	0.5647058823529412
U	O2_1	220.312	293.663	158.069	1.0	0.050980392156862744	0.050980392156862744
U	N3_1	219.161	292.142	159.309	0.18823529411764706	0.3137254901960784	0.9725490196078431
U	C4_1	218.03	291.433	159.677	0.5647058823529412	0.5647058823529412	0.5647058823529412
U	O4_1	218.102	290.615	160.595	1.0	0.050980392156862744	0.050980392156862744
U	C5_1	216.852	291.747	158.926	0.5647058823529412	0.5647058823529412	0.5647058823529412
U	C6_1	216.911	292.664	157.956	0.5647058823529412	0.5647058823529412	0.5647058823529412
A	P_2	226.21	286.664	167.008	1.0	0.5019607843137255	0.0
A	OP1_2	227.259	286.727	168.068	1.0	0.050980392156862744	0.050980392156862744
A	OP2_2	224.787	286.902	167.371	1.0	0.050980392156862744	0.050980392156862744
A	O5'_2	226.607	287.691	165.855	1.0	0.050980392156862744	0.050980392156862744
A	C5'_2	227.939	287.704	165.298	0.5647058823529412	0.5647058823529412	0.5647058823529412
A	C4'_2	228.035	288.714	164.178	0.5647058823529412	0.5647058823529412	0.5647058823529412
A	O4'_2	227.248	288.268	163.04	1.0	0.050980392156862744	0.050980392156862744
A	C3'_2	227.496	290.102	164.481	0.5647058823529412	0.5647058823529412	0.5647058823529412
A	O3'_2	228.427	290.887	165.228	1.0	0.050980392156862744	0.050980392156862744
A	C2'_2	227.224	290.646	163.082	0.5647058823529412	0.5647058823529412	0.5647058823529412
A	O2'_2	228.396	291.084	162.425	1.0	0.050980392156862744	0.050980392156862744
A	C1'_2	226.693	289.395	162.374	0.5647058823529412	0.5647058823529412	0.5647058823529412
A	N9_2	225.233	289.29	162.421	0.18823529411764706	0.3137254901960784	0.9725490196078431
A	C8_2	224.471	288.563	163.306	0.5647058823529412	0.5647058823529412	0.5647058823529412
A	N7_2	223.179	288.675	163.109	0.18823529411764706	0.3137254901960784	0.9725490196078431
A	C5_2	223.081	289.531	162.019	0.5647058823529412	0.5647058823529412	0.5647058823529412
A	C6_2	221.973	290.046	161.321	0.5647058823529412	0.5647058823529412	0.5647058823529412
A	N6_2	220.706	289.764	161.635	0.18823529411764706	0.3137254901960784	0.9725490196078431
A	N1_2	222.214	290.872	160.278	0.18823529411764706	0.3137254901960784	0.9725490196078431
A	C2_2	223.49	291.158	159.971	0.5647058823529412	0.5647058823529412	0.5647058823529412
A	N3_2	224.616	290.737	160.552	0.18823529411764706	0.3137254901960784	0.9725490196078431
A	C4_2	224.338	289.915	161.582	0.5647058823529412	0.5647058823529412	0.5647058823529412
