A	P_1	284.968	130.199	208.456	1.0	0.5019607843137255	0.0
A	OP1_1	283.495	130.424	208.319	1.0	0.050980392156862744	0.050980392156862744
A	OP2_1	285.79	129.98	207.237	1.0	0.050980392156862744	0.050980392156862744
A	O5'_1	285.607	131.429	209.246	1.0	0.050980392156862744	0.050980392156862744
A	C5'_1	284.857	132.641	209.467	0.5647058823529412	0.5647058823529412	0.5647058823529412
A	C4'_1	285.645	133.847	208.996	0.5647058823529412	0.5647058823529412	0.5647058823529412
A	O4'_1	286.901	133.91	209.732	1.0	0.050980392156862744	0.050980392156862744
A	C3'_1	286.021	133.907	207.514	0.5647058823529412	0.5647058823529412	0.5647058823529412
A	O3'_1	286.043	135.276	207.09	1.0	0.050980392156862744	0.050980392156862744
A	C2'_1	287.446	133.361	207.521	0.5647058823529412	0.5647058823529412	0.5647058823529412
A	O2'_1	288.209	133.795	206.414	1.0	0.050980392156862744	0.050980392156862744
A	C1'_1	287.978	133.963	208.821	0.5647058823529412	0.5647058823529412	0.5647058823529412
A	N9_1	289.13	133.296	209.429	0.18823529411764706	0.3137254901960784	0.9725490196078431
A	C8_1	289.366	131.953	209.604	0.5647058823529412	0.5647058823529412	0.5647058823529412
A	N7_1	290.498	131.69	210.215	0.18823529411764706	0.3137254901960784	0.9725490196078431
A	C5_1	291.047	132.943	210.453	0.5647058823529412	0.5647058823529412	0.5647058823529412
A	C6_1	292.244	133.352	211.074	0.5647058823529412	0.5647058823529412	0.5647058823529412
A	N6_1	293.144	132.506	211.584	0.18823529411764706	0.3137254901960784	0.9725490196078431
A	N1_1	292.488	134.68	211.153	0.18823529411764706	0.3137254901960784	0.9725490196078431
A	C2_1	291.589	135.528	210.634	0.5647058823529412	0.5647058823529412	0.5647058823529412
A	N3_1	290.436	135.267	210.027	0.18823529411764706	0.3137254901960784	0.9725490196078431
A	C4_1	290.218	133.94	209.97	0.5647058823529412	0.5647058823529412	0.5647058823529412
U	P_2	284.796	142.531	214.528	1.0	0.5019607843137255	0.0
U	OP1_2	283.529	142.812	215.261	1.0	0.050980392156862744	0.050980392156862744
U	OP2_2	286.002	142.1	215.284	1.0	0.050980392156862744	0.050980392156862744
U	O5'_2	284.496	141.43	213.412	1.0	0.050980392156862744	0.050980392156862744
U	C5'_2	283.297	141.485	212.605	0.5647058823529412	0.5647058823529412	0.5647058823529412
U	C4'_2	283.236	140.293	211.672	0.5647058823529412	0.5647058823529412	0.5647058823529412
U	O4'_2	284.326	140.358	210.711	1.0	0.050980392156862744	0.050980392156862744
U	C3'_2	283.401	138.933	212.335	0.5647058823529412	0.5647058823529412	0.5647058823529412
U	O3'_2	282.164	138.491	212.887	1.0	0.050980392156862744	0.050980392156862744
U	C2'_2	283.882	138.059	211.18	0.5647058823529412	0.5647058823529412	0.5647058823529412
U	O2'_2	282.832	137.629	210.336	1.0	0.050980392156862744	0.050980392156862744
U	C1'_2	284.766	139.042	210.403	0.5647058823529412	0.5647058823529412	0.5647058823529412
U	N1_2	286.207	138.934	210.695	0.18823529411764706	0.3137254901960784	0.9725490196078431
U	C2_2	286.93	137.942	210.038	0.5647058823529412	0.5647058823529412	0.5647058823529412
U	O2_2	286.422	137.159	209.246	1.0	0.050980392156862744	0.050980392156862744
U	N3_2	288.271	137.902	210.345	0.18823529411764706	0.3137254901960784	0.9725490196078431
U	C4_2	288.951	138.729	211.222	0.5647058823529412	0.5647058823529412	0.5647058823529412
U	O4_2	290.16	138.569	211.389	1.0	0.050980392156862744	0.050980392156862744
U	C5_2	288.14	139.725	211.86	0.5647058823529412	0.5647058823529412	0.5647058823529412
U	C6_2	286.831	139.79	211.585	0.5647058823529412	0.5647058823529412	0.5647058823529412
