U	P_1	145.684	217.021	200.743	1.0	0.5019607843137255	0.0
U	OP1_1	146.402	217.784	201.801	1.0	0.050980392156862744	0.050980392156862744
U	OP2_1	144.296	216.536	200.999	1.0	0.050980392156862744	0.050980392156862744
U	O5'_1	145.661	217.923	199.428	1.0	0.050980392156862744	0.050980392156862744
U	C5'_1	146.888	218.398	198.815	0.5647058823529412	0.5647058823529412	0.5647058823529412
U	C4'_1	146.596	218.938	197.431	0.5647058823529412	0.5647058823529412	0.5647058823529412
U	O4'_1	145.965	217.885	196.648	1.0	0.050980392156862744	0.050980392156862744
U	C3'_1	145.613	220.103	197.395	0.5647058823529412	0.5647058823529412	0.5647058823529412
U	O3'_1	146.317	221.343	197.53	1.0	0.050980392156862744	0.050980392156862744
U	C2'_1	144.957	219.955	196.022	0.5647058823529412	0.5647058823529412	0.5647058823529412
U	O2'_1	145.744	220.493	194.977	1.0	0.050980392156862744	0.050980392156862744
U	C1'_1	144.918	218.429	195.858	0.5647058823529412	0.5647058823529412	0.5647058823529412
U	N1_1	143.656	217.751	196.22	0.18823529411764706	0.3137254901960784	0.9725490196078431
U	C2_1	142.515	218.041	195.471	0.5647058823529412	0.5647058823529412	0.5647058823529412
U	O2_1	142.506	218.847	194.549	1.0	0.050980392156862744	0.050980392156862744
U	N3_1	141.389	217.344	195.846	0.18823529411764706	0.3137254901960784	0.9725490196078431
U	C4_1	141.284	216.409	196.867	0.5647058823529412	0.5647058823529412	0.5647058823529412
U	O4_1	140.205	215.841	197.052	1.0	0.050980392156862744	0.050980392156862744
U	C5_1	142.492	216.175	197.599	0.5647058823529412	0.5647058823529412	0.5647058823529412
U	C6_1	143.604	216.833	197.266	0.5647058823529412	0.5647058823529412	0.5647058823529412
A	P_2	131.919	218.224	189.038	1.0	0.5019607843137255	0.0
A	OP1_2	131.192	218.414	187.752	1.0	0.050980392156862744	0.050980392156862744
A	OP2_2	132.067	216.857	189.602	1.0	0.050980392156862744	0.050980392156862744
A	O5'_2	133.367	218.873	188.899	1.0	0.050980392156862744	0.050980392156862744
A	C5'_2	133.529	220.19	188.336	0.5647058823529412	0.5647058823529412	0.5647058823529412
A	C4'_2	134.952	220.666	188.509	0.5647058823529412	0.5647058823529412	0.5647058823529412
A	O4'_2	135.248	220.811	189.924	1.0	0.050980392156862744	0.050980392156862744
A	C3'_2	136.041	219.737	187.992	0.5647058823529412	0.5647058823529412	0.5647058823529412
A	O3'_2	136.21	219.875	186.574	1.0	0.050980392156862744	0.050980392156862744
A	C2'_2	137.258	220.189	188.798	0.5647058823529412	0.5647058823529412	0.5647058823529412
A	O2'_2	137.87	221.355	188.278	1.0	0.050980392156862744	0.050980392156862744
A	C1'_2	136.619	220.519	190.155	0.5647058823529412	0.5647058823529412	0.5647058823529412
A	N9_2	136.713	219.446	191.153	0.18823529411764706	0.3137254901960784	0.9725490196078431
A	C8_2	135.771	218.495	191.479	0.5647058823529412	0.5647058823529412	0.5647058823529412
A	N7_2	136.158	217.665	192.419	0.18823529411764706	0.3137254901960784	0.9725490196078431
A	C5_2	137.442	218.093	192.736	0.5647058823529412	0.5647058823529412	0.5647058823529412
A	C6_2	138.396	217.625	193.662	0.5647058823529412	0.5647058823529412	0.5647058823529412
A	N6_2	138.196	216.576	194.467	0.18823529411764706	0.3137254901960784	0.9725490196078431
A	N1_2	139.576	218.28	193.734	0.18823529411764706	0.3137254901960784	0.9725490196078431
A	C2_2	139.779	219.327	192.925	0.5647058823529412	0.5647058823529412	0.5647058823529412
A	N3_2	138.964	219.863	192.013	0.18823529411764706	0.3137254901960784	0.9725490196078431
A	C4_2	137.796	219.192	191.966	0.5647058823529412	0.5647058823529412	0.5647058823529412
