A	P_1	196.389	123.903	203.712	1.0	0.5019607843137255	0.0
A	OP1_1	195.922	123.781	202.301	1.0	0.050980392156862744	0.050980392156862744
A	OP2_1	197.518	124.823	204.036	1.0	0.050980392156862744	0.050980392156862744
A	O5'_1	195.145	124.323	204.621	1.0	0.050980392156862744	0.050980392156862744
A	C5'_1	193.928	123.545	204.62	0.5647058823529412	0.5647058823529412	0.5647058823529412
A	C4'_1	192.976	124.039	205.691	0.5647058823529412	0.5647058823529412	0.5647058823529412
A	O4'_1	193.568	123.863	207.009	1.0	0.050980392156862744	0.050980392156862744
A	C3'_1	192.616	125.516	205.65	0.5647058823529412	0.5647058823529412	0.5647058823529412
A	O3'_1	191.593	125.776	204.693	1.0	0.050980392156862744	0.050980392156862744
A	C2'_1	192.139	125.767	207.076	0.5647058823529412	0.5647058823529412	0.5647058823529412
A	O2'_1	190.821	125.307	207.296	1.0	0.050980392156862744	0.050980392156862744
A	C1'_1	193.101	124.887	207.879	0.5647058823529412	0.5647058823529412	0.5647058823529412
A	N9_1	194.254	125.61	208.42	0.18823529411764706	0.3137254901960784	0.9725490196078431
A	C8_1	195.558	125.594	207.979	0.5647058823529412	0.5647058823529412	0.5647058823529412
A	N7_1	196.368	126.344	208.689	0.18823529411764706	0.3137254901960784	0.9725490196078431
A	C5_1	195.542	126.896	209.661	0.5647058823529412	0.5647058823529412	0.5647058823529412
A	C6_1	195.795	127.785	210.725	0.5647058823529412	0.5647058823529412	0.5647058823529412
A	N6_1	197.004	128.285	210.999	0.18823529411764706	0.3137254901960784	0.9725490196078431
A	N1_1	194.752	128.144	211.507	0.18823529411764706	0.3137254901960784	0.9725490196078431
A	C2_1	193.54	127.635	211.234	0.5647058823529412	0.5647058823529412	0.5647058823529412
A	N3_1	193.177	126.789	210.267	0.18823529411764706	0.3137254901960784	0.9725490196078431
A	C4_1	194.237	126.455	209.506	0.5647058823529412	0.5647058823529412	0.5647058823529412
U	P_2	195.122	132.984	220.15	1.0	0.5019607843137255	0.0
U	OP1_2	194.639	132.939	221.561	1.0	0.050980392156862744	0.050980392156862744
U	OP2_2	196.467	132.44	219.819	1.0	0.050980392156862744	0.050980392156862744
U	O5'_2	194.048	132.251	219.231	1.0	0.050980392156862744	0.050980392156862744
U	C5'_2	192.657	132.621	219.277	0.5647058823529412	0.5647058823529412	0.5647058823529412
U	C4'_2	191.867	131.797	218.291	0.5647058823529412	0.5647058823529412	0.5647058823529412
U	O4'_2	192.257	132.155	216.938	1.0	0.050980392156862744	0.050980392156862744
U	C3'_2	192.084	130.291	218.355	0.5647058823529412	0.5647058823529412	0.5647058823529412
U	O3'_2	191.322	129.679	219.396	1.0	0.050980392156862744	0.050980392156862744
U	C2'_2	191.669	129.844	216.958	0.5647058823529412	0.5647058823529412	0.5647058823529412
U	O2'_2	190.27	129.748	216.792	1.0	0.050980392156862744	0.050980392156862744
U	C1'_2	192.192	131.004	216.106	0.5647058823529412	0.5647058823529412	0.5647058823529412
U	N1_2	193.521	130.761	215.526	0.18823529411764706	0.3137254901960784	0.9725490196078431
U	C2_2	193.573	130.223	214.249	0.5647058823529412	0.5647058823529412	0.5647058823529412
U	O2_2	192.573	129.939	213.607	1.0	0.050980392156862744	0.050980392156862744
U	N3_2	194.839	130.029	213.755	0.18823529411764706	0.3137254901960784	0.9725490196078431
U	C4_2	196.035	130.306	214.393	0.5647058823529412	0.5647058823529412	0.5647058823529412
U	O4_2	197.097	130.058	213.817	1.0	0.050980392156862744	0.050980392156862744
U	C5_2	195.899	130.855	215.711	0.5647058823529412	0.5647058823529412	0.5647058823529412
U	C6_2	194.677	131.057	216.22	0.5647058823529412	0.5647058823529412	0.5647058823529412
