U	P_1	203.095	160.665	215.828	1.0	0.5019607843137255	0.0
U	OP1_1	202.111	159.635	216.284	1.0	0.050980392156862744	0.050980392156862744
U	OP2_1	202.903	162.094	216.223	1.0	0.050980392156862744	0.050980392156862744
U	O5'_1	204.552	160.198	216.278	1.0	0.050980392156862744	0.050980392156862744
U	C5'_1	205.093	158.94	215.819	0.5647058823529412	0.5647058823529412	0.5647058823529412
U	C4'_1	206.569	158.861	216.124	0.5647058823529412	0.5647058823529412	0.5647058823529412
U	O4'_1	207.318	159.795	215.298	1.0	0.050980392156862744	0.050980392156862744
U	C3'_1	206.96	159.237	217.541	0.5647058823529412	0.5647058823529412	0.5647058823529412
U	O3'_1	206.69	158.172	218.446	1.0	0.050980392156862744	0.050980392156862744
U	C2'_1	208.441	159.573	217.389	0.5647058823529412	0.5647058823529412	0.5647058823529412
U	O2'_1	209.268	158.429	217.318	1.0	0.050980392156862744	0.050980392156862744
U	C1'_1	208.448	160.267	216.023	0.5647058823529412	0.5647058823529412	0.5647058823529412
U	N1_1	208.39	161.736	216.094	0.18823529411764706	0.3137254901960784	0.9725490196078431
U	C2_1	209.596	162.425	216.169	0.5647058823529412	0.5647058823529412	0.5647058823529412
U	O2_1	210.68	161.866	216.187	1.0	0.050980392156862744	0.050980392156862744
U	N3_1	209.482	163.793	216.216	0.18823529411764706	0.3137254901960784	0.9725490196078431
U	C4_1	208.312	164.532	216.194	0.5647058823529412	0.5647058823529412	0.5647058823529412
U	O4_1	208.376	165.761	216.236	1.0	0.050980392156862744	0.050980392156862744
U	C5_1	207.11	163.755	216.123	0.5647058823529412	0.5647058823529412	0.5647058823529412
U	C6_1	207.186	162.417	216.08	0.5647058823529412	0.5647058823529412	0.5647058823529412
A	P_2	218.013	173.051	217.282	1.0	0.5019607843137255	0.0
A	OP1_2	219.419	173.371	216.911	1.0	0.050980392156862744	0.050980392156862744
A	OP2_2	216.894	173.607	216.47	1.0	0.050980392156862744	0.050980392156862744
A	O5'_2	217.851	171.463	217.325	1.0	0.050980392156862744	0.050980392156862744
A	C5'_2	218.849	170.632	217.959	0.5647058823529412	0.5647058823529412	0.5647058823529412
A	C4'_2	218.505	169.162	217.799	0.5647058823529412	0.5647058823529412	0.5647058823529412
A	O4'_2	217.282	168.849	218.52	1.0	0.050980392156862744	0.050980392156862744
A	C3'_2	218.224	168.667	216.387	0.5647058823529412	0.5647058823529412	0.5647058823529412
A	O3'_2	219.43	168.442	215.651	1.0	0.050980392156862744	0.050980392156862744
A	C2'_2	217.45	167.378	216.652	0.5647058823529412	0.5647058823529412	0.5647058823529412
A	O2'_2	218.275	166.292	217.025	1.0	0.050980392156862744	0.050980392156862744
A	C1'_2	216.607	167.779	217.865	0.5647058823529412	0.5647058823529412	0.5647058823529412
A	N9_2	215.248	168.212	217.522	0.18823529411764706	0.3137254901960784	0.9725490196078431
A	C8_2	214.762	169.499	217.411	0.5647058823529412	0.5647058823529412	0.5647058823529412
A	N7_2	213.483	169.556	217.112	0.18823529411764706	0.3137254901960784	0.9725490196078431
A	C5_2	213.1	168.223	217.013	0.5647058823529412	0.5647058823529412	0.5647058823529412
A	C6_2	211.861	167.61	216.721	0.5647058823529412	0.5647058823529412	0.5647058823529412
A	N6_2	210.743	168.292	216.459	0.18823529411764706	0.3137254901960784	0.9725490196078431
A	N1_2	211.814	166.255	216.705	0.18823529411764706	0.3137254901960784	0.9725490196078431
A	C2_2	212.946	165.572	216.955	0.5647058823529412	0.5647058823529412	0.5647058823529412
A	N3_2	214.171	166.035	217.237	0.18823529411764706	0.3137254901960784	0.9725490196078431
A	C4_2	214.179	167.383	217.255	0.5647058823529412	0.5647058823529412	0.5647058823529412
