U	P_1	160.2	261.868	224.862	1.0	0.5019607843137255	0.0
U	OP1_1	159.839	261.871	226.313	1.0	0.050980392156862744	0.050980392156862744
U	OP2_1	160.062	260.615	224.079	1.0	0.050980392156862744	0.050980392156862744
U	O5'_1	159.369	263.019	224.133	1.0	0.050980392156862744	0.050980392156862744
U	C5'_1	159.241	264.32	224.735	0.5647058823529412	0.5647058823529412	0.5647058823529412
U	C4'_1	158.547	265.275	223.793	0.5647058823529412	0.5647058823529412	0.5647058823529412
U	O4'_1	159.356	265.46	222.603	1.0	0.050980392156862744	0.050980392156862744
U	C3'_1	157.192	264.844	223.253	0.5647058823529412	0.5647058823529412	0.5647058823529412
U	O3'_1	156.154	265.097	224.198	1.0	0.050980392156862744	0.050980392156862744
U	C2'_1	157.058	265.712	222.006	0.5647058823529412	0.5647058823529412	0.5647058823529412
U	O2'_1	156.651	267.035	222.303	1.0	0.050980392156862744	0.050980392156862744
U	C1'_1	158.506	265.737	221.501	0.5647058823529412	0.5647058823529412	0.5647058823529412
U	N1_1	158.804	264.787	220.418	0.18823529411764706	0.3137254901960784	0.9725490196078431
U	C2_1	158.928	265.302	219.14	0.5647058823529412	0.5647058823529412	0.5647058823529412
U	O2_1	158.789	266.491	218.885	1.0	0.050980392156862744	0.050980392156862744
U	N3_1	159.217	264.373	218.169	0.18823529411764706	0.3137254901960784	0.9725490196078431
U	C4_1	159.387	263.014	218.34	0.5647058823529412	0.5647058823529412	0.5647058823529412
U	O4_1	159.649	262.313	217.364	1.0	0.050980392156862744	0.050980392156862744
U	C5_1	159.241	262.556	219.689	0.5647058823529412	0.5647058823529412	0.5647058823529412
U	C6_1	158.96	263.435	220.658	0.5647058823529412	0.5647058823529412	0.5647058823529412
A	P_2	159.776	272.578	214.081	1.0	0.5019607843137255	0.0
A	OP1_2	160.471	273.77	214.647	1.0	0.050980392156862744	0.050980392156862744
A	OP2_2	159.896	272.282	212.631	1.0	0.050980392156862744	0.050980392156862744
A	O5'_2	160.261	271.298	214.902	1.0	0.050980392156862744	0.050980392156862744
A	C5'_2	160.579	271.38	216.315	0.5647058823529412	0.5647058823529412	0.5647058823529412
A	C4'_2	160.863	269.998	216.869	0.5647058823529412	0.5647058823529412	0.5647058823529412
A	O4'_2	159.689	269.162	216.68	1.0	0.050980392156862744	0.050980392156862744
A	C3'_2	161.988	269.232	216.183	0.5647058823529412	0.5647058823529412	0.5647058823529412
A	O3'_2	163.27	269.578	216.71	1.0	0.050980392156862744	0.050980392156862744
A	C2'_2	161.612	267.78	216.452	0.5647058823529412	0.5647058823529412	0.5647058823529412
A	O2'_2	161.957	267.343	217.752	1.0	0.050980392156862744	0.050980392156862744
A	C1'_2	160.088	267.844	216.33	0.5647058823529412	0.5647058823529412	0.5647058823529412
A	N9_2	159.614	267.571	214.972	0.18823529411764706	0.3137254901960784	0.9725490196078431
A	C8_2	159.343	268.478	213.974	0.5647058823529412	0.5647058823529412	0.5647058823529412
A	N7_2	158.935	267.931	212.856	0.18823529411764706	0.3137254901960784	0.9725490196078431
A	C5_2	158.935	266.572	213.133	0.5647058823529412	0.5647058823529412	0.5647058823529412
A	C6_2	158.604	265.453	212.352	0.5647058823529412	0.5647058823529412	0.5647058823529412
A	N6_2	158.199	265.54	211.076	0.18823529411764706	0.3137254901960784	0.9725490196078431
A	N1_2	158.706	264.232	212.927	0.18823529411764706	0.3137254901960784	0.9725490196078431
A	C2_2	159.121	264.157	214.203	0.5647058823529412	0.5647058823529412	0.5647058823529412
A	N3_2	159.466	265.139	215.038	0.18823529411764706	0.3137254901960784	0.9725490196078431
A	C4_2	159.349	266.334	214.434	0.5647058823529412	0.5647058823529412	0.5647058823529412
