U	P_1	224.122	311.866	197.677	1.0	0.5019607843137255	0.0
U	OP1_1	224.942	312.623	198.666	1.0	0.050980392156862744	0.050980392156862744
U	OP2_1	224.103	310.381	197.727	1.0	0.050980392156862744	0.050980392156862744
U	O5'_1	222.615	312.376	197.783	1.0	0.050980392156862744	0.050980392156862744
U	C5'_1	222.26	313.745	197.483	0.5647058823529412	0.5647058823529412	0.5647058823529412
U	C4'_1	220.773	313.851	197.241	0.5647058823529412	0.5647058823529412	0.5647058823529412
U	O4'_1	220.429	313.082	196.059	1.0	0.050980392156862744	0.050980392156862744
U	C3'_1	219.916	313.264	198.35	0.5647058823529412	0.5647058823529412	0.5647058823529412
U	O3'_1	219.707	314.22	199.387	1.0	0.050980392156862744	0.050980392156862744
U	C2'_1	218.64	312.872	197.615	0.5647058823529412	0.5647058823529412	0.5647058823529412
U	O2'_1	217.779	313.969	197.385	1.0	0.050980392156862744	0.050980392156862744
U	C1'_1	219.202	312.403	196.27	0.5647058823529412	0.5647058823529412	0.5647058823529412
U	N1_1	219.448	310.956	196.15	0.18823529411764706	0.3137254901960784	0.9725490196078431
U	C2_1	218.416	310.164	195.678	0.5647058823529412	0.5647058823529412	0.5647058823529412
U	O2_1	217.311	310.607	195.407	1.0	0.050980392156862744	0.050980392156862744
U	N3_1	218.727	308.835	195.54	0.18823529411764706	0.3137254901960784	0.9725490196078431
U	C4_1	219.937	308.228	195.825	0.5647058823529412	0.5647058823529412	0.5647058823529412
U	O4_1	220.088	307.035	195.568	1.0	0.050980392156862744	0.050980392156862744
U	C5_1	220.942	309.104	196.333	0.5647058823529412	0.5647058823529412	0.5647058823529412
U	C6_1	220.672	310.404	196.478	0.5647058823529412	0.5647058823529412	0.5647058823529412
A	P_2	218.475	303.249	195.183	1.0	0.5019607843137255	0.0
A	OP1_2	219.045	302.602	193.968	1.0	0.050980392156862744	0.050980392156862744
A	OP2_2	219.162	304.426	195.776	1.0	0.050980392156862744	0.050980392156862744
A	O5'_2	216.969	303.648	194.85	1.0	0.050980392156862744	0.050980392156862744
A	C5'_2	215.983	302.628	194.599	0.5647058823529412	0.5647058823529412	0.5647058823529412
A	C4'_2	214.706	303.245	194.082	0.5647058823529412	0.5647058823529412	0.5647058823529412
A	O4'_2	214.206	304.203	195.05	1.0	0.050980392156862744	0.050980392156862744
A	C3'_2	214.819	304.05	192.797	0.5647058823529412	0.5647058823529412	0.5647058823529412
A	O3'_2	214.795	303.19	191.656	1.0	0.050980392156862744	0.050980392156862744
A	C2'_2	213.583	304.94	192.87	0.5647058823529412	0.5647058823529412	0.5647058823529412
A	O2'_2	212.406	304.254	192.499	1.0	0.050980392156862744	0.050980392156862744
A	C1'_2	213.508	305.237	194.372	0.5647058823529412	0.5647058823529412	0.5647058823529412
A	N9_2	214.057	306.53	194.789	0.18823529411764706	0.3137254901960784	0.9725490196078431
A	C8_2	215.37	306.871	195.008	0.5647058823529412	0.5647058823529412	0.5647058823529412
A	N7_2	215.536	308.112	195.399	0.18823529411764706	0.3137254901960784	0.9725490196078431
A	C5_2	214.246	308.626	195.438	0.5647058823529412	0.5647058823529412	0.5647058823529412
A	C6_2	213.741	309.896	195.779	0.5647058823529412	0.5647058823529412	0.5647058823529412
A	N6_2	214.508	310.922	196.164	0.18823529411764706	0.3137254901960784	0.9725490196078431
A	N1_2	212.404	310.077	195.711	0.18823529411764706	0.3137254901960784	0.9725490196078431
A	C2_2	211.638	309.049	195.324	0.5647058823529412	0.5647058823529412	0.5647058823529412
A	N3_2	211.993	307.814	194.978	0.18823529411764706	0.3137254901960784	0.9725490196078431
A	C4_2	213.326	307.664	195.059	0.5647058823529412	0.5647058823529412	0.5647058823529412
