A	P_1	153.311	208.228	229.407	1.0	0.5019607843137255	0.0
A	OP1_1	153.896	208.519	230.745	1.0	0.050980392156862744	0.050980392156862744
A	OP2_1	152.044	207.445	229.315	1.0	0.050980392156862744	0.050980392156862744
A	O5'_1	153.075	209.634	228.69	1.0	0.050980392156862744	0.050980392156862744
A	C5'_1	154.188	210.467	228.304	0.5647058823529412	0.5647058823529412	0.5647058823529412
A	C4'_1	153.725	211.882	228.045	0.5647058823529412	0.5647058823529412	0.5647058823529412
A	O4'_1	153.35	212.519	229.3	1.0	0.050980392156862744	0.050980392156862744
A	C3'_1	154.793	212.797	227.466	0.5647058823529412	0.5647058823529412	0.5647058823529412
A	O3'_1	154.862	212.637	226.046	1.0	0.050980392156862744	0.050980392156862744
A	C2'_1	154.313	214.184	227.891	0.5647058823529412	0.5647058823529412	0.5647058823529412
A	O2'_1	153.299	214.716	227.061	1.0	0.050980392156862744	0.050980392156862744
A	C1'_1	153.732	213.89	229.278	0.5647058823529412	0.5647058823529412	0.5647058823529412
A	N9_1	154.697	214.117	230.356	0.18823529411764706	0.3137254901960784	0.9725490196078431
A	C8_1	155.383	213.168	231.086	0.5647058823529412	0.5647058823529412	0.5647058823529412
A	N7_1	156.203	213.674	231.978	0.18823529411764706	0.3137254901960784	0.9725490196078431
A	C5_1	156.042	215.047	231.836	0.5647058823529412	0.5647058823529412	0.5647058823529412
A	C6_1	156.634	216.14	232.495	0.5647058823529412	0.5647058823529412	0.5647058823529412
A	N6_1	157.541	216.008	233.467	0.18823529411764706	0.3137254901960784	0.9725490196078431
A	N1_1	156.26	217.385	232.117	0.18823529411764706	0.3137254901960784	0.9725490196078431
A	C2_1	155.35	217.51	231.14	0.5647058823529412	0.5647058823529412	0.5647058823529412
A	N3_1	154.722	216.56	230.442	0.18823529411764706	0.3137254901960784	0.9725490196078431
A	C4_1	155.116	215.335	230.843	0.5647058823529412	0.5647058823529412	0.5647058823529412
U	P_2	158.231	225.222	237.618	1.0	0.5019607843137255	0.0
U	OP1_2	157.901	226.526	238.275	1.0	0.050980392156862744	0.050980392156862744
U	OP2_2	158.403	224.003	238.455	1.0	0.050980392156862744	0.050980392156862744
U	O5'_2	157.109	224.948	236.519	1.0	0.050980392156862744	0.050980392156862744
U	C5'_2	156.852	225.915	235.484	0.5647058823529412	0.5647058823529412	0.5647058823529412
U	C4'_2	155.857	225.372	234.486	0.5647058823529412	0.5647058823529412	0.5647058823529412
U	O4'_2	156.416	224.186	233.853	1.0	0.050980392156862744	0.050980392156862744
U	C3'_2	154.493	224.965	235.037	0.5647058823529412	0.5647058823529412	0.5647058823529412
U	O3'_2	153.492	225.276	234.065	1.0	0.050980392156862744	0.050980392156862744
U	C2'_2	154.655	223.455	235.241	0.5647058823529412	0.5647058823529412	0.5647058823529412
U	O2'_2	153.433	222.742	235.197	1.0	0.050980392156862744	0.050980392156862744
U	C1'_2	155.558	223.079	234.063	0.5647058823529412	0.5647058823529412	0.5647058823529412
U	N1_2	156.399	221.887	234.28	0.18823529411764706	0.3137254901960784	0.9725490196078431
U	C2_2	156.254	220.81	233.404	0.5647058823529412	0.5647058823529412	0.5647058823529412
U	O2_2	155.474	220.816	232.464	1.0	0.050980392156862744	0.050980392156862744
U	N3_2	157.065	219.733	233.672	0.18823529411764706	0.3137254901960784	0.9725490196078431
U	C4_2	157.989	219.616	234.696	0.5647058823529412	0.5647058823529412	0.5647058823529412
U	O4_2	158.58	218.544	234.856	1.0	0.050980392156862744	0.050980392156862744
U	C5_2	158.091	220.764	235.544	0.5647058823529412	0.5647058823529412	0.5647058823529412
U	C6_2	157.312	221.834	235.317	0.5647058823529412	0.5647058823529412	0.5647058823529412
