U	P_1	134.359	196.495	249.464	1.0	0.5019607843137255	0.0
U	OP1_1	133.494	195.283	249.507	1.0	0.050980392156862744	0.050980392156862744
U	OP2_1	133.936	197.727	250.191	1.0	0.050980392156862744	0.050980392156862744
U	O5'_1	135.813	196.075	249.975	1.0	0.050980392156862744	0.050980392156862744
U	C5'_1	136.099	195.967	251.387	0.5647058823529412	0.5647058823529412	0.5647058823529412
U	C4'_1	137.591	195.848	251.622	0.5647058823529412	0.5647058823529412	0.5647058823529412
U	O4'_1	138.297	196.833	250.817	1.0	0.050980392156862744	0.050980392156862744
U	C3'_1	138.036	196.135	253.052	0.5647058823529412	0.5647058823529412	0.5647058823529412
U	O3'_1	137.898	195.001	253.912	1.0	0.050980392156862744	0.050980392156862744
U	C2'_1	139.487	196.565	252.868	0.5647058823529412	0.5647058823529412	0.5647058823529412
U	O2'_1	140.38	195.477	252.721	1.0	0.050980392156862744	0.050980392156862744
U	C1'_1	139.405	197.342	251.548	0.5647058823529412	0.5647058823529412	0.5647058823529412
U	N1_1	139.234	198.797	251.708	0.18823529411764706	0.3137254901960784	0.9725490196078431
U	C2_1	140.376	199.598	251.694	0.5647058823529412	0.5647058823529412	0.5647058823529412
U	O2_1	141.511	199.15	251.57	1.0	0.050980392156862744	0.050980392156862744
U	N3_1	140.134	200.944	251.832	0.18823529411764706	0.3137254901960784	0.9725490196078431
U	C4_1	138.904	201.562	251.979	0.5647058823529412	0.5647058823529412	0.5647058823529412
U	O4_1	138.852	202.792	252.065	1.0	0.050980392156862744	0.050980392156862744
U	C5_1	137.782	200.673	251.993	0.5647058823529412	0.5647058823529412	0.5647058823529412
U	C6_1	137.977	199.357	251.861	0.5647058823529412	0.5647058823529412	0.5647058823529412
A	P_2	149.116	209.877	252.994	1.0	0.5019607843137255	0.0
A	OP1_2	150.475	210.486	252.943	1.0	0.050980392156862744	0.050980392156862744
A	OP2_2	148.154	210.138	251.883	1.0	0.050980392156862744	0.050980392156862744
A	O5'_2	149.296	208.301	253.151	1.0	0.050980392156862744	0.050980392156862744
A	C5'_2	149.183	207.426	252.015	0.5647058823529412	0.5647058823529412	0.5647058823529412
A	C4'_2	149.077	205.991	252.474	0.5647058823529412	0.5647058823529412	0.5647058823529412
A	O4'_2	147.994	205.858	253.433	1.0	0.050980392156862744	0.050980392156862744
A	C3'_2	148.739	204.988	251.382	0.5647058823529412	0.5647058823529412	0.5647058823529412
A	O3'_2	149.911	204.608	250.661	1.0	0.050980392156862744	0.050980392156862744
A	C2'_2	148.115	203.838	252.168	0.5647058823529412	0.5647058823529412	0.5647058823529412
A	O2'_2	149.068	202.985	252.774	1.0	0.050980392156862744	0.050980392156862744
A	C1'_2	147.358	204.597	253.265	0.5647058823529412	0.5647058823529412	0.5647058823529412
A	N9_2	145.932	204.824	252.999	0.18823529411764706	0.3137254901960784	0.9725490196078431
A	C8_2	145.292	206.031	252.803	0.5647058823529412	0.5647058823529412	0.5647058823529412
A	N7_2	144.0	205.918	252.602	0.18823529411764706	0.3137254901960784	0.9725490196078431
A	C5_2	143.768	204.549	252.669	0.5647058823529412	0.5647058823529412	0.5647058823529412
A	C6_2	142.592	203.777	252.532	0.5647058823529412	0.5647058823529412	0.5647058823529412
A	N6_2	141.385	204.299	252.287	0.18823529411764706	0.3137254901960784	0.9725490196078431
A	N1_2	142.703	202.435	252.652	0.18823529411764706	0.3137254901960784	0.9725490196078431
A	C2_2	143.915	201.91	252.887	0.5647058823529412	0.5647058823529412	0.5647058823529412
A	N3_2	145.092	202.528	253.03	0.18823529411764706	0.3137254901960784	0.9725490196078431
A	C4_2	144.949	203.862	252.909	0.5647058823529412	0.5647058823529412	0.5647058823529412
