A	P_1	109.058	231.795	161.394	1.0	0.5019607843137255	0.0
A	OP1_1	110.266	232.639	161.166	1.0	0.050980392156862744	0.050980392156862744
A	OP2_1	109.22	230.352	161.725	1.0	0.050980392156862744	0.050980392156862744
A	O5'_1	108.176	232.489	162.529	1.0	0.050980392156862744	0.050980392156862744
A	C5'_1	108.242	232.052	163.905	0.5647058823529412	0.5647058823529412	0.5647058823529412
A	C4'_1	107.061	232.598	164.678	0.5647058823529412	0.5647058823529412	0.5647058823529412
A	O4'_1	105.828	232.195	164.017	1.0	0.050980392156862744	0.050980392156862744
A	C3'_1	106.889	232.075	166.094	0.5647058823529412	0.5647058823529412	0.5647058823529412
A	O3'_1	107.738	232.707	167.047	1.0	0.050980392156862744	0.050980392156862744
A	C2'_1	105.409	232.328	166.35	0.5647058823529412	0.5647058823529412	0.5647058823529412
A	O2'_1	105.11	233.675	166.656	1.0	0.050980392156862744	0.050980392156862744
A	C1'_1	104.813	231.967	164.988	0.5647058823529412	0.5647058823529412	0.5647058823529412
A	N9_1	104.394	230.564	164.908	0.18823529411764706	0.3137254901960784	0.9725490196078431
A	C8_1	104.997	229.537	164.219	0.5647058823529412	0.5647058823529412	0.5647058823529412
A	N7_1	104.386	228.383	164.346	0.18823529411764706	0.3137254901960784	0.9725490196078431
A	C5_1	103.309	228.665	165.175	0.5647058823529412	0.5647058823529412	0.5647058823529412
A	C6_1	102.278	227.86	165.689	0.5647058823529412	0.5647058823529412	0.5647058823529412
A	N6_1	102.165	226.553	165.437	0.18823529411764706	0.3137254901960784	0.9725490196078431
A	N1_1	101.356	228.451	166.482	0.18823529411764706	0.3137254901960784	0.9725490196078431
A	C2_1	101.476	229.761	166.741	0.5647058823529412	0.5647058823529412	0.5647058823529412
A	N3_1	102.401	230.622	166.318	0.18823529411764706	0.3137254901960784	0.9725490196078431
A	C4_1	103.299	230.005	165.527	0.5647058823529412	0.5647058823529412	0.5647058823529412
U	P_2	94.027	222.549	169.953	1.0	0.5019607843137255	0.0
U	OP1_2	92.55	222.442	170.129	1.0	0.050980392156862744	0.050980392156862744
U	OP2_2	94.675	221.909	168.775	1.0	0.050980392156862744	0.050980392156862744
U	O5'_2	94.409	224.095	169.956	1.0	0.050980392156862744	0.050980392156862744
U	C5'_2	94.113	224.921	171.098	0.5647058823529412	0.5647058823529412	0.5647058823529412
U	C4'_2	94.663	226.311	170.897	0.5647058823529412	0.5647058823529412	0.5647058823529412
U	O4'_2	96.115	226.269	170.863	1.0	0.050980392156862744	0.050980392156862744
U	C3'_2	94.286	226.984	169.588	0.5647058823529412	0.5647058823529412	0.5647058823529412
U	O3'_2	92.972	227.532	169.636	1.0	0.050980392156862744	0.050980392156862744
U	C2'_2	95.379	228.038	169.444	0.5647058823529412	0.5647058823529412	0.5647058823529412
U	O2'_2	95.159	229.185	170.244	1.0	0.050980392156862744	0.050980392156862744
U	C1'_2	96.598	227.277	169.981	0.5647058823529412	0.5647058823529412	0.5647058823529412
U	N1_2	97.399	226.64	168.922	0.18823529411764706	0.3137254901960784	0.9725490196078431
U	C2_2	98.529	227.312	168.471	0.5647058823529412	0.5647058823529412	0.5647058823529412
U	O2_2	98.885	228.397	168.911	1.0	0.050980392156862744	0.050980392156862744
U	N3_2	99.228	226.662	167.483	0.18823529411764706	0.3137254901960784	0.9725490196078431
U	C4_2	98.923	225.441	166.91	0.5647058823529412	0.5647058823529412	0.5647058823529412
U	O4_2	99.653	224.989	166.029	1.0	0.050980392156862744	0.050980392156862744
U	C5_2	97.743	224.812	167.425	0.5647058823529412	0.5647058823529412	0.5647058823529412
U	C6_2	97.04	225.416	168.388	0.5647058823529412	0.5647058823529412	0.5647058823529412
