U	P_1	301.222	172.622	185.322	1.0	0.5019607843137255	0.0
U	OP1_1	302.428	171.865	185.76	1.0	0.050980392156862744	0.050980392156862744
U	OP2_1	300.634	172.353	183.978	1.0	0.050980392156862744	0.050980392156862744
U	O5'_1	300.076	172.422	186.417	1.0	0.050980392156862744	0.050980392156862744
U	C5'_1	300.356	172.555	187.834	0.5647058823529412	0.5647058823529412	0.5647058823529412
U	C4'_1	299.169	172.087	188.653	0.5647058823529412	0.5647058823529412	0.5647058823529412
U	O4'_1	298.054	172.998	188.469	1.0	0.050980392156862744	0.050980392156862744
U	C3'_1	298.623	170.717	188.273	0.5647058823529412	0.5647058823529412	0.5647058823529412
U	O3'_1	299.361	169.685	188.923	1.0	0.050980392156862744	0.050980392156862744
U	C2'_1	297.169	170.794	188.731	0.5647058823529412	0.5647058823529412	0.5647058823529412
U	O2'_1	297.016	170.562	190.118	1.0	0.050980392156862744	0.050980392156862744
U	C1'_1	296.839	172.262	188.434	0.5647058823529412	0.5647058823529412	0.5647058823529412
U	N1_1	296.197	172.496	187.13	0.18823529411764706	0.3137254901960784	0.9725490196078431
U	C2_1	294.807	172.505	187.08	0.5647058823529412	0.5647058823529412	0.5647058823529412
U	O2_1	294.104	172.313	188.059	1.0	0.050980392156862744	0.050980392156862744
U	N3_1	294.278	172.752	185.837	0.18823529411764706	0.3137254901960784	0.9725490196078431
U	C4_1	294.978	172.986	184.66	0.5647058823529412	0.5647058823529412	0.5647058823529412
U	O4_1	294.354	173.204	183.62	1.0	0.050980392156862744	0.050980392156862744
U	C5_1	296.406	172.95	184.791	0.5647058823529412	0.5647058823529412	0.5647058823529412
U	C6_1	296.952	172.71	185.991	0.5647058823529412	0.5647058823529412	0.5647058823529412
A	P_2	290.759	169.662	179.549	1.0	0.5019607843137255	0.0
A	OP1_2	290.271	170.253	178.269	1.0	0.050980392156862744	0.050980392156862744
A	OP2_2	292.215	169.691	179.863	1.0	0.050980392156862744	0.050980392156862744
A	O5'_2	289.956	170.364	180.737	1.0	0.050980392156862744	0.050980392156862744
A	C5'_2	288.519	170.268	180.806	0.5647058823529412	0.5647058823529412	0.5647058823529412
A	C4'_2	287.929	171.471	181.516	0.5647058823529412	0.5647058823529412	0.5647058823529412
A	O4'_2	288.239	171.418	182.941	1.0	0.050980392156862744	0.050980392156862744
A	C3'_2	288.375	172.851	181.032	0.5647058823529412	0.5647058823529412	0.5647058823529412
A	O3'_2	287.249	173.734	181.084	1.0	0.050980392156862744	0.050980392156862744
A	C2'_2	289.409	173.249	182.089	0.5647058823529412	0.5647058823529412	0.5647058823529412
A	O2'_2	289.587	174.647	182.217	1.0	0.050980392156862744	0.050980392156862744
A	C1'_2	288.768	172.663	183.347	0.5647058823529412	0.5647058823529412	0.5647058823529412
A	N9_2	289.618	172.466	184.528	0.18823529411764706	0.3137254901960784	0.9725490196078431
A	C8_2	290.99	172.47	184.638	0.5647058823529412	0.5647058823529412	0.5647058823529412
A	N7_2	291.424	172.307	185.868	0.18823529411764706	0.3137254901960784	0.9725490196078431
A	C5_2	290.261	172.173	186.618	0.5647058823529412	0.5647058823529412	0.5647058823529412
A	C6_2	290.028	171.977	188.005	0.5647058823529412	0.5647058823529412	0.5647058823529412
A	N6_2	291.0	171.883	188.921	0.18823529411764706	0.3137254901960784	0.9725490196078431
A	N1_2	288.744	171.882	188.418	0.18823529411764706	0.3137254901960784	0.9725490196078431
A	C2_2	287.769	171.979	187.506	0.5647058823529412	0.5647058823529412	0.5647058823529412
A	N3_2	287.857	172.168	186.189	0.18823529411764706	0.3137254901960784	0.9725490196078431
A	C4_2	289.143	172.26	185.803	0.5647058823529412	0.5647058823529412	0.5647058823529412
