U	P_1	259.984	214.325	253.013	1.0	0.5019607843137255	0.0
U	OP1_1	258.57	214.4	253.48	1.0	0.050980392156862744	0.050980392156862744
U	OP2_1	261.044	215.057	253.76	1.0	0.050980392156862744	0.050980392156862744
U	O5'_1	260.396	212.789	252.936	1.0	0.050980392156862744	0.050980392156862744
U	C5'_1	259.598	211.852	252.192	0.5647058823529412	0.5647058823529412	0.5647058823529412
U	C4'_1	260.27	210.502	252.162	0.5647058823529412	0.5647058823529412	0.5647058823529412
U	O4'_1	261.484	210.566	251.375	1.0	0.050980392156862744	0.050980392156862744
U	C3'_1	260.723	209.976	253.512	0.5647058823529412	0.5647058823529412	0.5647058823529412
U	O3'_1	259.612	209.404	254.195	1.0	0.050980392156862744	0.050980392156862744
U	C2'_1	261.806	208.97	253.127	0.5647058823529412	0.5647058823529412	0.5647058823529412
U	O2'_1	261.294	207.717	252.729	1.0	0.050980392156862744	0.050980392156862744
U	C1'_1	262.429	209.647	251.899	0.5647058823529412	0.5647058823529412	0.5647058823529412
U	N1_1	263.71	210.345	252.098	0.18823529411764706	0.3137254901960784	0.9725490196078431
U	C2_1	264.873	209.685	251.709	0.5647058823529412	0.5647058823529412	0.5647058823529412
U	O2_1	264.877	208.549	251.257	1.0	0.050980392156862744	0.050980392156862744
U	N3_1	266.028	210.41	251.874	0.18823529411764706	0.3137254901960784	0.9725490196078431
U	C4_1	266.143	211.692	252.38	0.5647058823529412	0.5647058823529412	0.5647058823529412
U	O4_1	267.256	212.22	252.433	1.0	0.050980392156862744	0.050980392156862744
U	C5_1	264.907	212.296	252.776	0.5647058823529412	0.5647058823529412	0.5647058823529412
U	C6_1	263.762	211.619	252.63	0.5647058823529412	0.5647058823529412	0.5647058823529412
A	P_2	276.865	205.998	250.484	1.0	0.5019607843137255	0.0
A	OP1_2	277.817	205.099	249.769	1.0	0.050980392156862744	0.050980392156862744
A	OP2_2	276.78	207.431	250.099	1.0	0.050980392156862744	0.050980392156862744
A	O5'_2	275.403	205.373	250.373	1.0	0.050980392156862744	0.050980392156862744
A	C5'_2	275.169	203.98	250.674	0.5647058823529412	0.5647058823529412	0.5647058823529412
A	C4'_2	273.69	203.667	250.604	0.5647058823529412	0.5647058823529412	0.5647058823529412
A	O4'_2	272.979	204.373	251.656	1.0	0.050980392156862744	0.050980392156862744
A	C3'_2	272.981	204.1	249.332	0.5647058823529412	0.5647058823529412	0.5647058823529412
A	O3'_2	273.182	203.17	248.276	1.0	0.050980392156862744	0.050980392156862744
A	C2'_2	271.528	204.175	249.78	0.5647058823529412	0.5647058823529412	0.5647058823529412
A	O2'_2	270.904	202.909	249.851	1.0	0.050980392156862744	0.050980392156862744
A	C1'_2	271.683	204.73	251.196	0.5647058823529412	0.5647058823529412	0.5647058823529412
A	N9_2	271.542	206.185	251.274	0.18823529411764706	0.3137254901960784	0.9725490196078431
A	C8_2	272.532	207.135	251.392	0.5647058823529412	0.5647058823529412	0.5647058823529412
A	N7_2	272.076	208.363	251.474	0.18823529411764706	0.3137254901960784	0.9725490196078431
A	C5_2	270.697	208.214	251.4	0.5647058823529412	0.5647058823529412	0.5647058823529412
A	C6_2	269.641	209.144	251.437	0.5647058823529412	0.5647058823529412	0.5647058823529412
A	N6_2	269.821	210.463	251.573	0.18823529411764706	0.3137254901960784	0.9725490196078431
A	N1_2	268.379	208.669	251.33	0.18823529411764706	0.3137254901960784	0.9725490196078431
A	C2_2	268.204	207.347	251.197	0.5647058823529412	0.5647058823529412	0.5647058823529412
A	N3_2	269.114	206.375	251.153	0.18823529411764706	0.3137254901960784	0.9725490196078431
A	C4_2	270.355	206.88	251.263	0.5647058823529412	0.5647058823529412	0.5647058823529412
