U	P_1	234.865	229.993	184.492	1.0	0.5019607843137255	0.0
U	OP1_1	234.453	231.083	185.429	1.0	0.050980392156862744	0.050980392156862744
U	OP2_1	234.09	228.716	184.466	1.0	0.050980392156862744	0.050980392156862744
U	O5'_1	234.882	230.594	183.014	1.0	0.050980392156862744	0.050980392156862744
U	C5'_1	235.639	231.786	182.712	0.5647058823529412	0.5647058823529412	0.5647058823529412
U	C4'_1	235.521	232.121	181.243	0.5647058823529412	0.5647058823529412	0.5647058823529412
U	O4'_1	236.26	231.152	180.449	1.0	0.050980392156862744	0.050980392156862744
U	C3'_1	234.113	232.066	180.667	0.5647058823529412	0.5647058823529412	0.5647058823529412
U	O3'_1	233.367	233.242	180.964	1.0	0.050980392156862744	0.050980392156862744
U	C2'_1	234.383	231.9	179.177	0.5647058823529412	0.5647058823529412	0.5647058823529412
U	O2'_1	234.735	233.126	178.565	1.0	0.050980392156862744	0.050980392156862744
U	C1'_1	235.607	230.977	179.196	0.5647058823529412	0.5647058823529412	0.5647058823529412
U	N1_1	235.305	229.547	178.999	0.18823529411764706	0.3137254901960784	0.9725490196078431
U	C2_1	235.213	229.081	177.686	0.5647058823529412	0.5647058823529412	0.5647058823529412
U	O2_1	235.36	229.802	176.711	1.0	0.050980392156862744	0.050980392156862744
U	N3_1	234.941	227.738	177.563	0.18823529411764706	0.3137254901960784	0.9725490196078431
U	C4_1	234.757	226.827	178.59	0.5647058823529412	0.5647058823529412	0.5647058823529412
U	O4_1	234.508	225.651	178.317	1.0	0.050980392156862744	0.050980392156862744
U	C5_1	234.868	227.379	179.914	0.5647058823529412	0.5647058823529412	0.5647058823529412
U	C6_1	235.126	228.688	180.069	0.5647058823529412	0.5647058823529412	0.5647058823529412
A	P_2	233.149	220.575	168.177	1.0	0.5019607843137255	0.0
A	OP1_2	233.645	220.263	166.802	1.0	0.050980392156862744	0.050980392156862744
A	OP2_2	233.571	219.725	169.326	1.0	0.050980392156862744	0.050980392156862744
A	O5'_2	233.526	222.084	168.527	1.0	0.050980392156862744	0.050980392156862744
A	C5'_2	233.416	223.119	167.53	0.5647058823529412	0.5647058823529412	0.5647058823529412
A	C4'_2	234.079	224.395	168.006	0.5647058823529412	0.5647058823529412	0.5647058823529412
A	O4'_2	233.24	225.059	168.993	1.0	0.050980392156862744	0.050980392156862744
A	C3'_2	235.433	224.259	168.693	0.5647058823529412	0.5647058823529412	0.5647058823529412
A	O3'_2	236.516	224.083	167.772	1.0	0.050980392156862744	0.050980392156862744
A	C2'_2	235.518	225.577	169.457	0.5647058823529412	0.5647058823529412	0.5647058823529412
A	O2'_2	235.87	226.665	168.625	1.0	0.050980392156862744	0.050980392156862744
A	C1'_2	234.066	225.749	169.926	0.5647058823529412	0.5647058823529412	0.5647058823529412
A	N9_2	233.857	225.164	171.252	0.18823529411764706	0.3137254901960784	0.9725490196078431
A	C8_2	233.392	223.904	171.552	0.5647058823529412	0.5647058823529412	0.5647058823529412
A	N7_2	233.358	223.645	172.838	0.18823529411764706	0.3137254901960784	0.9725490196078431
A	C5_2	233.824	224.814	173.427	0.5647058823529412	0.5647058823529412	0.5647058823529412
A	C6_2	234.034	225.177	174.777	0.5647058823529412	0.5647058823529412	0.5647058823529412
A	N6_2	233.809	224.358	175.809	0.18823529411764706	0.3137254901960784	0.9725490196078431
A	N1_2	234.494	226.423	175.029	0.18823529411764706	0.3137254901960784	0.9725490196078431
A	C2_2	234.736	227.239	173.986	0.5647058823529412	0.5647058823529412	0.5647058823529412
A	N3_2	234.585	227.01	172.677	0.18823529411764706	0.3137254901960784	0.9725490196078431
A	C4_2	234.12	225.765	172.462	0.5647058823529412	0.5647058823529412	0.5647058823529412
