U	P_1	157.664	237.201	229.248	1.0	0.5019607843137255	0.0
U	OP1_1	158.957	236.675	228.702	1.0	0.050980392156862744	0.050980392156862744
U	OP2_1	157.24	238.59	228.914	1.0	0.050980392156862744	0.050980392156862744
U	O5'_1	156.486	236.216	228.819	1.0	0.050980392156862744	0.050980392156862744
U	C5'_1	156.63	234.785	228.934	0.5647058823529412	0.5647058823529412	0.5647058823529412
U	C4'_1	155.368	234.112	228.461	0.5647058823529412	0.5647058823529412	0.5647058823529412
U	O4'_1	154.281	234.501	229.342	1.0	0.050980392156862744	0.050980392156862744
U	C3'_1	154.918	234.534	227.067	0.5647058823529412	0.5647058823529412	0.5647058823529412
U	O3'_1	155.545	233.723	226.063	1.0	0.050980392156862744	0.050980392156862744
U	C2'_1	153.411	234.313	227.132	0.5647058823529412	0.5647058823529412	0.5647058823529412
U	O2'_1	153.045	232.957	226.956	1.0	0.050980392156862744	0.050980392156862744
U	C1'_1	153.105	234.71	228.582	0.5647058823529412	0.5647058823529412	0.5647058823529412
U	N1_1	152.684	236.108	228.764	0.18823529411764706	0.3137254901960784	0.9725490196078431
U	C2_1	151.339	236.355	229.022	0.5647058823529412	0.5647058823529412	0.5647058823529412
U	O2_1	150.488	235.473	229.05	1.0	0.050980392156862744	0.050980392156862744
U	N3_1	151.026	237.676	229.243	0.18823529411764706	0.3137254901960784	0.9725490196078431
U	C4_1	151.895	238.753	229.222	0.5647058823529412	0.5647058823529412	0.5647058823529412
U	O4_1	151.472	239.873	229.501	1.0	0.050980392156862744	0.050980392156862744
U	C5_1	153.254	238.423	228.913	0.5647058823529412	0.5647058823529412	0.5647058823529412
U	C6_1	153.595	237.146	228.702	0.5647058823529412	0.5647058823529412	0.5647058823529412
A	P_2	141.907	243.889	229.068	1.0	0.5019607843137255	0.0
A	OP1_2	140.57	244.559	229.042	1.0	0.050980392156862744	0.050980392156862744
A	OP2_2	143.026	244.512	229.831	1.0	0.050980392156862744	0.050980392156862744
A	O5'_2	141.686	242.405	229.605	1.0	0.050980392156862744	0.050980392156862744
A	C5'_2	140.657	241.555	229.046	0.5647058823529412	0.5647058823529412	0.5647058823529412
A	C4'_2	141.139	240.12	229.002	0.5647058823529412	0.5647058823529412	0.5647058823529412
A	O4'_2	142.366	240.07	228.222	1.0	0.050980392156862744	0.050980392156862744
A	C3'_2	141.514	239.506	230.35	0.5647058823529412	0.5647058823529412	0.5647058823529412
A	O3'_2	140.378	238.952	231.03	1.0	0.050980392156862744	0.050980392156862744
A	C2'_2	142.527	238.436	229.954	0.5647058823529412	0.5647058823529412	0.5647058823529412
A	O2'_2	141.906	237.266	229.461	1.0	0.050980392156862744	0.050980392156862744
A	C1'_2	143.262	239.128	228.8	0.5647058823529412	0.5647058823529412	0.5647058823529412
A	N9_2	144.472	239.844	229.21	0.18823529411764706	0.3137254901960784	0.9725490196078431
A	C8_2	144.556	241.131	229.691	0.5647058823529412	0.5647058823529412	0.5647058823529412
A	N7_2	145.784	241.524	229.939	0.18823529411764706	0.3137254901960784	0.9725490196078431
A	C5_2	146.563	240.421	229.61	0.5647058823529412	0.5647058823529412	0.5647058823529412
A	C6_2	147.955	240.204	229.641	0.5647058823529412	0.5647058823529412	0.5647058823529412
A	N6_2	148.837	241.124	230.04	0.18823529411764706	0.3137254901960784	0.9725490196078431
A	N1_2	148.411	238.997	229.242	0.18823529411764706	0.3137254901960784	0.9725490196078431
A	C2_2	147.52	238.074	228.847	0.5647058823529412	0.5647058823529412	0.5647058823529412
A	N3_2	146.187	238.158	228.775	0.18823529411764706	0.3137254901960784	0.9725490196078431
A	C4_2	145.767	239.373	229.172	0.5647058823529412	0.5647058823529412	0.5647058823529412
