A	P_1	231.74	186.219	168.55	1.0	0.5019607843137255	0.0
A	OP1_1	230.88	185.047	168.874	1.0	0.050980392156862744	0.050980392156862744
A	OP2_1	231.986	187.26	169.588	1.0	0.050980392156862744	0.050980392156862744
A	O5'_1	233.154	185.68	168.034	1.0	0.050980392156862744	0.050980392156862744
A	C5'_1	233.24	184.709	166.966	0.5647058823529412	0.5647058823529412	0.5647058823529412
A	C4'_1	234.687	184.387	166.653	0.5647058823529412	0.5647058823529412	0.5647058823529412
A	O4'_1	235.395	185.629	166.398	1.0	0.050980392156862744	0.050980392156862744
A	C3'_1	235.496	183.713	167.756	0.5647058823529412	0.5647058823529412	0.5647058823529412
A	O3'_1	235.328	182.29	167.716	1.0	0.050980392156862744	0.050980392156862744
A	C2'_1	236.929	184.091	167.39	0.5647058823529412	0.5647058823529412	0.5647058823529412
A	O2'_1	237.467	183.277	166.367	1.0	0.050980392156862744	0.050980392156862744
A	C1'_1	236.741	185.502	166.827	0.5647058823529412	0.5647058823529412	0.5647058823529412
A	N9_1	237.049	186.589	167.762	0.18823529411764706	0.3137254901960784	0.9725490196078431
A	C8_1	236.183	187.484	168.352	0.5647058823529412	0.5647058823529412	0.5647058823529412
A	N7_1	236.779	188.364	169.126	0.18823529411764706	0.3137254901960784	0.9725490196078431
A	C5_1	238.124	188.026	169.043	0.5647058823529412	0.5647058823529412	0.5647058823529412
A	C6_1	239.277	188.578	169.632	0.5647058823529412	0.5647058823529412	0.5647058823529412
A	N6_1	239.256	189.626	170.456	0.18823529411764706	0.3137254901960784	0.9725490196078431
A	N1_1	240.469	188.009	169.343	0.18823529411764706	0.3137254901960784	0.9725490196078431
A	C2_1	240.489	186.95	168.52	0.5647058823529412	0.5647058823529412	0.5647058823529412
A	N3_1	239.473	186.335	167.908	0.18823529411764706	0.3137254901960784	0.9725490196078431
A	C4_1	238.305	186.931	168.214	0.5647058823529412	0.5647058823529412	0.5647058823529412
U	P_2	247.103	194.106	170.42	1.0	0.5019607843137255	0.0
U	OP1_2	247.636	193.808	171.782	1.0	0.050980392156862744	0.050980392156862744
U	OP2_2	247.587	195.312	169.692	1.0	0.050980392156862744	0.050980392156862744
U	O5'_2	247.347	192.828	169.496	1.0	0.050980392156862744	0.050980392156862744
U	C5'_2	248.67	192.253	169.338	0.5647058823529412	0.5647058823529412	0.5647058823529412
U	C4'_2	248.562	190.806	168.893	0.5647058823529412	0.5647058823529412	0.5647058823529412
U	O4'_2	247.915	190.026	169.935	1.0	0.050980392156862744	0.050980392156862744
U	C3'_2	247.713	190.577	167.65	0.5647058823529412	0.5647058823529412	0.5647058823529412
U	O3'_2	248.486	190.753	166.468	1.0	0.050980392156862744	0.050980392156862744
U	C2'_2	247.223	189.145	167.832	0.5647058823529412	0.5647058823529412	0.5647058823529412
U	O2'_2	248.184	188.178	167.456	1.0	0.050980392156862744	0.050980392156862744
U	C1'_2	247.025	189.083	169.351	0.5647058823529412	0.5647058823529412	0.5647058823529412
U	N1_2	245.664	189.376	169.829	0.18823529411764706	0.3137254901960784	0.9725490196078431
U	C2_2	244.667	188.442	169.588	0.5647058823529412	0.5647058823529412	0.5647058823529412
U	O2_2	244.862	187.394	168.989	1.0	0.050980392156862744	0.050980392156862744
U	N3_2	243.435	188.782	170.081	0.18823529411764706	0.3137254901960784	0.9725490196078431
U	C4_2	243.107	189.927	170.778	0.5647058823529412	0.5647058823529412	0.5647058823529412
U	O4_2	241.952	190.085	171.164	1.0	0.050980392156862744	0.050980392156862744
U	C5_2	244.184	190.839	170.979	0.5647058823529412	0.5647058823529412	0.5647058823529412
U	C6_2	245.39	190.545	170.51	0.5647058823529412	0.5647058823529412	0.5647058823529412
