U	P_1	236.457	211.797	174.876	1.0	0.5019607843137255	0.0
U	OP1_1	235.007	211.535	175.12	1.0	0.050980392156862744	0.050980392156862744
U	OP2_1	236.927	213.196	174.674	1.0	0.050980392156862744	0.050980392156862744
U	O5'_1	237.282	211.17	176.086	1.0	0.050980392156862744	0.050980392156862744
U	C5'_1	237.003	209.839	176.563	0.5647058823529412	0.5647058823529412	0.5647058823529412
U	C4'_1	237.874	209.529	177.756	0.5647058823529412	0.5647058823529412	0.5647058823529412
U	O4'_1	239.266	209.49	177.334	1.0	0.050980392156862744	0.050980392156862744
U	C3'_1	237.847	210.566	178.873	0.5647058823529412	0.5647058823529412	0.5647058823529412
U	O3'_1	236.712	210.397	179.736	1.0	0.050980392156862744	0.050980392156862744
U	C2'_1	239.187	210.328	179.562	0.5647058823529412	0.5647058823529412	0.5647058823529412
U	O2'_1	239.191	209.211	180.424	1.0	0.050980392156862744	0.050980392156862744
U	C1'_1	240.09	210.022	178.362	0.5647058823529412	0.5647058823529412	0.5647058823529412
U	N1_1	240.792	211.208	177.845	0.18823529411764706	0.3137254901960784	0.9725490196078431
U	C2_1	242.009	211.557	178.424	0.5647058823529412	0.5647058823529412	0.5647058823529412
U	O2_1	242.523	210.923	179.331	1.0	0.050980392156862744	0.050980392156862744
U	N3_1	242.601	212.68	177.895	0.18823529411764706	0.3137254901960784	0.9725490196078431
U	C4_1	242.114	213.474	176.87	0.5647058823529412	0.5647058823529412	0.5647058823529412
U	O4_1	242.75	214.466	176.518	1.0	0.050980392156862744	0.050980392156862744
U	C5_1	240.859	213.044	176.324	0.5647058823529412	0.5647058823529412	0.5647058823529412
U	C6_1	240.258	211.956	176.817	0.5647058823529412	0.5647058823529412	0.5647058823529412
A	P_2	251.522	218.745	182.534	1.0	0.5019607843137255	0.0
A	OP1_2	252.825	218.619	183.263	1.0	0.050980392156862744	0.050980392156862744
A	OP2_2	251.513	218.794	181.045	1.0	0.050980392156862744	0.050980392156862744
A	O5'_2	250.574	217.553	183.007	1.0	0.050980392156862744	0.050980392156862744
A	C5'_2	250.509	217.171	184.396	0.5647058823529412	0.5647058823529412	0.5647058823529412
A	C4'_2	249.721	215.891	184.556	0.5647058823529412	0.5647058823529412	0.5647058823529412
A	O4'_2	248.328	216.129	184.232	1.0	0.050980392156862744	0.050980392156862744
A	C3'_2	250.133	214.724	183.671	0.5647058823529412	0.5647058823529412	0.5647058823529412
A	O3'_2	251.236	214.019	184.249	1.0	0.050980392156862744	0.050980392156862744
A	C2'_2	248.862	213.883	183.638	0.5647058823529412	0.5647058823529412	0.5647058823529412
A	O2'_2	248.706	213.087	184.795	1.0	0.050980392156862744	0.050980392156862744
A	C1'_2	247.776	214.966	183.637	0.5647058823529412	0.5647058823529412	0.5647058823529412
A	N9_2	247.268	215.326	182.314	0.18823529411764706	0.3137254901960784	0.9725490196078431
A	C8_2	247.584	216.44	181.573	0.5647058823529412	0.5647058823529412	0.5647058823529412
A	N7_2	246.963	216.503	180.418	0.18823529411764706	0.3137254901960784	0.9725490196078431
A	C5_2	246.19	215.35	180.391	0.5647058823529412	0.5647058823529412	0.5647058823529412
A	C6_2	245.3	214.83	179.429	0.5647058823529412	0.5647058823529412	0.5647058823529412
A	N6_2	245.042	215.43	178.261	0.18823529411764706	0.3137254901960784	0.9725490196078431
A	N1_2	244.681	213.659	179.71	0.18823529411764706	0.3137254901960784	0.9725490196078431
A	C2_2	244.949	213.058	180.881	0.5647058823529412	0.5647058823529412	0.5647058823529412
A	N3_2	245.768	213.45	181.87	0.18823529411764706	0.3137254901960784	0.9725490196078431
A	C4_2	246.363	214.617	181.556	0.5647058823529412	0.5647058823529412	0.5647058823529412
