U	P_1	138.044	178.066	158.702	1.0	0.5019607843137255	0.0
U	OP1_1	137.414	179.386	158.405	1.0	0.050980392156862744	0.050980392156862744
U	OP2_1	138.203	177.63	160.118	1.0	0.050980392156862744	0.050980392156862744
U	O5'_1	137.218	176.933	157.937	1.0	0.050980392156862744	0.050980392156862744
U	C5'_1	136.881	177.062	156.535	0.5647058823529412	0.5647058823529412	0.5647058823529412
U	C4'_1	136.074	175.864	156.078	0.5647058823529412	0.5647058823529412	0.5647058823529412
U	O4'_1	136.84	174.658	156.339	1.0	0.050980392156862744	0.050980392156862744
U	C3'_1	134.744	175.635	156.789	0.5647058823529412	0.5647058823529412	0.5647058823529412
U	O3'_1	133.693	176.395	156.171	1.0	0.050980392156862744	0.050980392156862744
U	C2'_1	134.522	174.132	156.606	0.5647058823529412	0.5647058823529412	0.5647058823529412
U	O2'_1	133.963	173.804	155.346	1.0	0.050980392156862744	0.050980392156862744
U	C1'_1	135.958	173.597	156.662	0.5647058823529412	0.5647058823529412	0.5647058823529412
U	N1_1	136.39	172.982	157.93	0.18823529411764706	0.3137254901960784	0.9725490196078431
U	C2_1	136.144	171.623	158.099	0.5647058823529412	0.5647058823529412	0.5647058823529412
U	O2_1	135.555	170.945	157.267	1.0	0.050980392156862744	0.050980392156862744
U	N3_1	136.615	171.093	159.276	0.18823529411764706	0.3137254901960784	0.9725490196078431
U	C4_1	137.287	171.762	160.284	0.5647058823529412	0.5647058823529412	0.5647058823529412
U	O4_1	137.675	171.133	161.27	1.0	0.050980392156862744	0.050980392156862744
U	C5_1	137.483	173.161	160.048	0.5647058823529412	0.5647058823529412	0.5647058823529412
U	C6_1	137.036	173.712	158.912	0.5647058823529412	0.5647058823529412	0.5647058823529412
A	P_2	135.52	159.657	160.58	1.0	0.5019607843137255	0.0
A	OP1_2	135.255	158.197	160.446	1.0	0.050980392156862744	0.050980392156862744
A	OP2_2	136.784	160.118	161.228	1.0	0.050980392156862744	0.050980392156862744
A	O5'_2	135.442	160.315	159.127	1.0	0.050980392156862744	0.050980392156862744
A	C5'_2	134.368	159.987	158.214	0.5647058823529412	0.5647058823529412	0.5647058823529412
A	C4'_2	134.011	161.187	157.356	0.5647058823529412	0.5647058823529412	0.5647058823529412
A	O4'_2	133.614	162.292	158.216	1.0	0.050980392156862744	0.050980392156862744
A	C3'_2	135.117	161.783	156.491	0.5647058823529412	0.5647058823529412	0.5647058823529412
A	O3'_2	135.283	161.055	155.27	1.0	0.050980392156862744	0.050980392156862744
A	C2'_2	134.599	163.198	156.242	0.5647058823529412	0.5647058823529412	0.5647058823529412
A	O2'_2	133.61	163.26	155.231	1.0	0.050980392156862744	0.050980392156862744
A	C1'_2	133.937	163.524	157.585	0.5647058823529412	0.5647058823529412	0.5647058823529412
A	N9_2	134.766	164.327	158.489	0.18823529411764706	0.3137254901960784	0.9725490196078431
A	C8_2	135.674	163.902	159.436	0.5647058823529412	0.5647058823529412	0.5647058823529412
A	N7_2	136.258	164.883	160.086	0.18823529411764706	0.3137254901960784	0.9725490196078431
A	C5_2	135.701	166.031	159.532	0.5647058823529412	0.5647058823529412	0.5647058823529412
A	C6_2	135.907	167.403	159.788	0.5647058823529412	0.5647058823529412	0.5647058823529412
A	N6_2	136.764	167.867	160.705	0.18823529411764706	0.3137254901960784	0.9725490196078431
A	N1_2	135.193	168.292	159.059	0.18823529411764706	0.3137254901960784	0.9725490196078431
A	C2_2	134.334	167.825	158.137	0.5647058823529412	0.5647058823529412	0.5647058823529412
A	N3_2	134.055	166.561	157.805	0.18823529411764706	0.3137254901960784	0.9725490196078431
A	C4_2	134.78	165.704	158.548	0.5647058823529412	0.5647058823529412	0.5647058823529412
