U	P_1	259.058	206.325	191.265	1.0	0.5019607843137255	0.0
U	OP1_1	258.039	207.338	191.694	1.0	0.050980392156862744	0.050980392156862744
U	OP2_1	258.874	204.895	191.633	1.0	0.050980392156862744	0.050980392156862744
U	O5'_1	259.219	206.403	189.684	1.0	0.050980392156862744	0.050980392156862744
U	C5'_1	259.288	207.67	189.016	0.5647058823529412	0.5647058823529412	0.5647058823529412
U	C4'_1	260.68	207.896	188.478	0.5647058823529412	0.5647058823529412	0.5647058823529412
U	O4'_1	261.03	206.84	187.545	1.0	0.050980392156862744	0.050980392156862744
U	C3'_1	260.847	209.174	187.68	0.5647058823529412	0.5647058823529412	0.5647058823529412
U	O3'_1	261.054	210.278	188.554	1.0	0.050980392156862744	0.050980392156862744
U	C2'_1	262.049	208.858	186.798	0.5647058823529412	0.5647058823529412	0.5647058823529412
U	O2'_1	263.28	208.992	187.479	1.0	0.050980392156862744	0.050980392156862744
U	C1'_1	261.801	207.38	186.48	0.5647058823529412	0.5647058823529412	0.5647058823529412
U	N1_1	261.074	207.149	185.221	0.18823529411764706	0.3137254901960784	0.9725490196078431
U	C2_1	261.806	206.75	184.114	0.5647058823529412	0.5647058823529412	0.5647058823529412
U	O2_1	263.013	206.576	184.144	1.0	0.050980392156862744	0.050980392156862744
U	N3_1	261.07	206.562	182.968	0.18823529411764706	0.3137254901960784	0.9725490196078431
U	C4_1	259.703	206.728	182.817	0.5647058823529412	0.5647058823529412	0.5647058823529412
U	O4_1	259.189	206.566	181.705	1.0	0.050980392156862744	0.050980392156862744
U	C5_1	259.016	207.133	184.006	0.5647058823529412	0.5647058823529412	0.5647058823529412
U	C6_1	259.706	207.326	185.139	0.5647058823529412	0.5647058823529412	0.5647058823529412
A	P_2	265.479	204.271	171.915	1.0	0.5019607843137255	0.0
A	OP1_2	266.654	203.636	171.25	1.0	0.050980392156862744	0.050980392156862744
A	OP2_2	264.202	203.515	172.028	1.0	0.050980392156862744	0.050980392156862744
A	O5'_2	265.914	204.735	173.377	1.0	0.050980392156862744	0.050980392156862744
A	C5'_2	267.216	205.3	173.607	0.5647058823529412	0.5647058823529412	0.5647058823529412
A	C4'_2	267.457	205.476	175.088	0.5647058823529412	0.5647058823529412	0.5647058823529412
A	O4'_2	266.695	206.604	175.593	1.0	0.050980392156862744	0.050980392156862744
A	C3'_2	267.036	204.317	175.98	0.5647058823529412	0.5647058823529412	0.5647058823529412
A	O3'_2	267.996	203.261	175.974	1.0	0.050980392156862744	0.050980392156862744
A	C2'_2	266.914	204.997	177.34	0.5647058823529412	0.5647058823529412	0.5647058823529412
A	O2'_2	268.164	205.189	177.978	1.0	0.050980392156862744	0.050980392156862744
A	C1'_2	266.323	206.357	176.943	0.5647058823529412	0.5647058823529412	0.5647058823529412
A	N9_2	264.862	206.361	177.025	0.18823529411764706	0.3137254901960784	0.9725490196078431
A	C8_2	263.955	206.209	175.996	0.5647058823529412	0.5647058823529412	0.5647058823529412
A	N7_2	262.702	206.207	176.393	0.18823529411764706	0.3137254901960784	0.9725490196078431
A	C5_2	262.786	206.376	177.77	0.5647058823529412	0.5647058823529412	0.5647058823529412
A	C6_2	261.806	206.44	178.769	0.5647058823529412	0.5647058823529412	0.5647058823529412
A	N6_2	260.499	206.308	178.525	0.18823529411764706	0.3137254901960784	0.9725490196078431
A	N1_2	262.216	206.633	180.043	0.18823529411764706	0.3137254901960784	0.9725490196078431
A	C2_2	263.531	206.735	180.284	0.5647058823529412	0.5647058823529412	0.5647058823529412
A	N3_2	264.555	206.67	179.429	0.18823529411764706	0.3137254901960784	0.9725490196078431
A	C4_2	264.109	206.49	178.172	0.5647058823529412	0.5647058823529412	0.5647058823529412
