A	P_1	203.274	320.663	145.821	1.0	0.5019607843137255	0.0
A	OP1_1	203.475	322.123	145.583	1.0	0.050980392156862744	0.050980392156862744
A	OP2_1	202.109	319.972	145.199	1.0	0.050980392156862744	0.050980392156862744
A	O5'_1	204.599	319.898	145.373	1.0	0.050980392156862744	0.050980392156862744
A	C5'_1	205.903	320.379	145.768	0.5647058823529412	0.5647058823529412	0.5647058823529412
A	C4'_1	206.976	319.414	145.313	0.5647058823529412	0.5647058823529412	0.5647058823529412
A	O4'_1	206.87	318.171	146.061	1.0	0.050980392156862744	0.050980392156862744
A	C3'_1	206.903	318.976	143.858	0.5647058823529412	0.5647058823529412	0.5647058823529412
A	O3'_1	207.463	319.943	142.974	1.0	0.050980392156862744	0.050980392156862744
A	C2'_1	207.682	317.667	143.882	0.5647058823529412	0.5647058823529412	0.5647058823529412
A	O2'_1	209.084	317.857	143.911	1.0	0.050980392156862744	0.050980392156862744
A	C1'_1	207.23	317.079	145.222	0.5647058823529412	0.5647058823529412	0.5647058823529412
A	N9_1	206.069	316.197	145.081	0.18823529411764706	0.3137254901960784	0.9725490196078431
A	C8_1	204.765	316.449	145.446	0.5647058823529412	0.5647058823529412	0.5647058823529412
A	N7_1	203.941	315.467	145.171	0.18823529411764706	0.3137254901960784	0.9725490196078431
A	C5_1	204.753	314.502	144.59	0.5647058823529412	0.5647058823529412	0.5647058823529412
A	C6_1	204.476	313.223	144.072	0.5647058823529412	0.5647058823529412	0.5647058823529412
A	N6_1	203.252	312.688	144.048	0.18823529411764706	0.3137254901960784	0.9725490196078431
A	N1_1	205.508	312.51	143.568	0.18823529411764706	0.3137254901960784	0.9725490196078431
A	C2_1	206.731	313.06	143.579	0.5647058823529412	0.5647058823529412	0.5647058823529412
A	N3_1	207.116	314.254	144.033	0.18823529411764706	0.3137254901960784	0.9725490196078431
A	C4_1	206.067	314.934	144.533	0.5647058823529412	0.5647058823529412	0.5647058823529412
U	P_2	202.513	304.187	140.382	1.0	0.5019607843137255	0.0
U	OP1_2	202.546	302.718	140.112	1.0	0.050980392156862744	0.050980392156862744
U	OP2_2	201.511	304.735	141.339	1.0	0.050980392156862744	0.050980392156862744
U	O5'_2	203.965	304.626	140.882	1.0	0.050980392156862744	0.050980392156862744
U	C5'_2	205.157	304.282	140.135	0.5647058823529412	0.5647058823529412	0.5647058823529412
U	C4'_2	206.25	305.296	140.4	0.5647058823529412	0.5647058823529412	0.5647058823529412
U	O4'_2	205.762	306.613	140.022	1.0	0.050980392156862744	0.050980392156862744
U	C3'_2	206.69	305.459	141.852	0.5647058823529412	0.5647058823529412	0.5647058823529412
U	O3'_2	207.659	304.475	142.239	1.0	0.050980392156862744	0.050980392156862744
U	C2'_2	207.24	306.883	141.869	0.5647058823529412	0.5647058823529412	0.5647058823529412
U	O2'_2	208.553	306.996	141.349	1.0	0.050980392156862744	0.050980392156862744
U	C1'_2	206.268	307.589	140.922	0.5647058823529412	0.5647058823529412	0.5647058823529412
U	N1_2	205.134	308.233	141.607	0.18823529411764706	0.3137254901960784	0.9725490196078431
U	C2_2	205.309	309.535	142.06	0.5647058823529412	0.5647058823529412	0.5647058823529412
U	O2_2	206.362	310.153	141.933	1.0	0.050980392156862744	0.050980392156862744
U	N3_2	204.205	310.084	142.669	0.18823529411764706	0.3137254901960784	0.9725490196078431
U	C4_2	202.975	309.479	142.872	0.5647058823529412	0.5647058823529412	0.5647058823529412
U	O4_2	202.069	310.116	143.415	1.0	0.050980392156862744	0.050980392156862744
U	C5_2	202.878	308.136	142.387	0.5647058823529412	0.5647058823529412	0.5647058823529412
U	C6_2	203.932	307.572	141.79	0.5647058823529412	0.5647058823529412	0.5647058823529412
