A	P_1	225.945	158.525	222.786	1.0	0.5019607843137255	0.0
A	OP1_1	224.715	159.249	222.354	1.0	0.050980392156862744	0.050980392156862744
A	OP2_1	225.825	157.313	223.645	1.0	0.050980392156862744	0.050980392156862744
A	O5'_1	226.777	158.141	221.484	1.0	0.050980392156862744	0.050980392156862744
A	C5'_1	226.249	158.398	220.174	0.5647058823529412	0.5647058823529412	0.5647058823529412
A	C4'_1	226.493	159.839	219.782	0.5647058823529412	0.5647058823529412	0.5647058823529412
A	O4'_1	227.859	160.215	220.098	1.0	0.050980392156862744	0.050980392156862744
A	C3'_1	226.308	160.114	218.297	0.5647058823529412	0.5647058823529412	0.5647058823529412
A	O3'_1	224.95	160.469	218.04	1.0	0.050980392156862744	0.050980392156862744
A	C2'_1	227.288	161.254	218.036	0.5647058823529412	0.5647058823529412	0.5647058823529412
A	O2'_1	226.754	162.517	218.383	1.0	0.050980392156862744	0.050980392156862744
A	C1'_1	228.432	160.902	218.999	0.5647058823529412	0.5647058823529412	0.5647058823529412
A	N9_1	229.479	160.04	218.445	0.18823529411764706	0.3137254901960784	0.9725490196078431
A	C8_1	229.807	158.768	218.859	0.5647058823529412	0.5647058823529412	0.5647058823529412
A	N7_1	230.793	158.229	218.187	0.18823529411764706	0.3137254901960784	0.9725490196078431
A	C5_1	231.138	159.205	217.264	0.5647058823529412	0.5647058823529412	0.5647058823529412
A	C6_1	232.112	159.241	216.256	0.5647058823529412	0.5647058823529412	0.5647058823529412
A	N6_1	232.947	158.227	215.998	0.18823529411764706	0.3137254901960784	0.9725490196078431
A	N1_1	232.204	160.364	215.511	0.18823529411764706	0.3137254901960784	0.9725490196078431
A	C2_1	231.364	161.375	215.771	0.5647058823529412	0.5647058823529412	0.5647058823529412
A	N3_1	230.401	161.46	216.69	0.18823529411764706	0.3137254901960784	0.9725490196078431
A	C4_1	230.339	160.329	217.413	0.5647058823529412	0.5647058823529412	0.5647058823529412
U	P_2	234.585	150.698	222.208	1.0	0.5019607843137255	0.0
U	OP1_2	235.217	149.371	222.443	1.0	0.050980392156862744	0.050980392156862744
U	OP2_2	234.578	151.712	223.299	1.0	0.050980392156862744	0.050980392156862744
U	O5'_2	235.263	151.378	220.936	1.0	0.050980392156862744	0.050980392156862744
U	C5'_2	235.714	150.589	219.813	0.5647058823529412	0.5647058823529412	0.5647058823529412
U	C4'_2	235.776	151.441	218.565	0.5647058823529412	0.5647058823529412	0.5647058823529412
U	O4'_2	234.434	151.684	218.074	1.0	0.050980392156862744	0.050980392156862744
U	C3'_2	236.387	152.824	218.745	0.5647058823529412	0.5647058823529412	0.5647058823529412
U	O3'_2	237.805	152.757	218.633	1.0	0.050980392156862744	0.050980392156862744
U	C2'_2	235.752	153.63	217.615	0.5647058823529412	0.5647058823529412	0.5647058823529412
U	O2'_2	236.415	153.447	216.38	1.0	0.050980392156862744	0.050980392156862744
U	C1'_2	234.36	152.99	217.526	0.5647058823529412	0.5647058823529412	0.5647058823529412
U	N1_2	233.235	153.7	218.16	0.18823529411764706	0.3137254901960784	0.9725490196078431
U	C2_2	232.623	154.717	217.442	0.5647058823529412	0.5647058823529412	0.5647058823529412
U	O2_2	233.032	155.108	216.356	1.0	0.050980392156862744	0.050980392156862744
U	N3_2	231.517	155.266	218.047	0.18823529411764706	0.3137254901960784	0.9725490196078431
U	C4_2	230.98	154.922	219.278	0.5647058823529412	0.5647058823529412	0.5647058823529412
U	O4_2	229.933	155.451	219.652	1.0	0.050980392156862744	0.050980392156862744
U	C5_2	231.698	153.901	219.979	0.5647058823529412	0.5647058823529412	0.5647058823529412
U	C6_2	232.773	153.342	219.412	0.5647058823529412	0.5647058823529412	0.5647058823529412
