A	P_1	162.902	252.935	193.505	1.0	0.5019607843137255	0.0
A	OP1_1	164.171	252.223	193.854	1.0	0.050980392156862744	0.050980392156862744
A	OP2_1	161.6	252.386	193.982	1.0	0.050980392156862744	0.050980392156862744
A	O5'_1	163.022	254.442	194.007	1.0	0.050980392156862744	0.050980392156862744
A	C5'_1	164.259	255.164	193.881	0.5647058823529412	0.5647058823529412	0.5647058823529412
A	C4'_1	164.069	256.601	194.306	0.5647058823529412	0.5647058823529412	0.5647058823529412
A	O4'_1	163.241	257.308	193.341	1.0	0.050980392156862744	0.050980392156862744
A	C3'_1	163.343	256.809	195.626	0.5647058823529412	0.5647058823529412	0.5647058823529412
A	O3'_1	164.222	256.614	196.731	1.0	0.050980392156862744	0.050980392156862744
A	C2'_1	162.853	258.249	195.499	0.5647058823529412	0.5647058823529412	0.5647058823529412
A	O2'_1	163.861	259.203	195.767	1.0	0.050980392156862744	0.050980392156862744
A	C1'_1	162.498	258.319	194.008	0.5647058823529412	0.5647058823529412	0.5647058823529412
A	N9_1	161.073	258.124	193.735	0.18823529411764706	0.3137254901960784	0.9725490196078431
A	C8_1	160.406	256.956	193.437	0.5647058823529412	0.5647058823529412	0.5647058823529412
A	N7_1	159.115	257.117	193.257	0.18823529411764706	0.3137254901960784	0.9725490196078431
A	C5_1	158.917	258.481	193.447	0.5647058823529412	0.5647058823529412	0.5647058823529412
A	C6_1	157.758	259.291	193.404	0.5647058823529412	0.5647058823529412	0.5647058823529412
A	N6_1	156.533	258.821	193.148	0.18823529411764706	0.3137254901960784	0.9725490196078431
A	N1_1	157.906	260.615	193.641	0.18823529411764706	0.3137254901960784	0.9725490196078431
A	C2_1	159.133	261.084	193.909	0.5647058823529412	0.5647058823529412	0.5647058823529412
A	N3_1	160.296	260.426	193.982	0.18823529411764706	0.3137254901960784	0.9725490196078431
A	C4_1	160.116	259.113	193.737	0.5647058823529412	0.5647058823529412	0.5647058823529412
U	P_2	151.758	269.095	194.714	1.0	0.5019607843137255	0.0
U	OP1_2	151.653	270.573	194.556	1.0	0.050980392156862744	0.050980392156862744
U	OP2_2	151.006	268.205	193.795	1.0	0.050980392156862744	0.050980392156862744
U	O5'_2	153.302	268.698	194.645	1.0	0.050980392156862744	0.050980392156862744
U	C5'_2	154.282	269.397	195.439	0.5647058823529412	0.5647058823529412	0.5647058823529412
U	C4'_2	155.603	268.66	195.423	0.5647058823529412	0.5647058823529412	0.5647058823529412
U	O4'_2	155.403	267.317	195.934	1.0	0.050980392156862744	0.050980392156862744
U	C3'_2	156.256	268.42	194.068	0.5647058823529412	0.5647058823529412	0.5647058823529412
U	O3'_2	156.959	269.573	193.609	1.0	0.050980392156862744	0.050980392156862744
U	C2'_2	157.211	267.271	194.377	0.5647058823529412	0.5647058823529412	0.5647058823529412
U	O2'_2	158.401	267.699	195.011	1.0	0.050980392156862744	0.050980392156862744
U	C1'_2	156.389	266.457	195.382	0.5647058823529412	0.5647058823529412	0.5647058823529412
U	N1_2	155.741	265.261	194.819	0.18823529411764706	0.3137254901960784	0.9725490196078431
U	C2_2	156.489	264.092	194.797	0.5647058823529412	0.5647058823529412	0.5647058823529412
U	O2_2	157.639	264.032	195.215	1.0	0.050980392156862744	0.050980392156862744
U	N3_2	155.844	263.002	194.271	0.18823529411764706	0.3137254901960784	0.9725490196078431
U	C4_2	154.557	262.956	193.776	0.5647058823529412	0.5647058823529412	0.5647058823529412
U	O4_2	154.12	261.886	193.334	1.0	0.050980392156862744	0.050980392156862744
U	C5_2	153.846	264.203	193.828	0.5647058823529412	0.5647058823529412	0.5647058823529412
U	C6_2	154.447	265.287	194.333	0.5647058823529412	0.5647058823529412	0.5647058823529412
