A	P_1	254.965	204.844	235.881	1.0	0.5019607843137255	0.0
A	OP1_1	253.494	204.622	235.811	1.0	0.050980392156862744	0.050980392156862744
A	OP2_1	255.553	205.485	237.088	1.0	0.050980392156862744	0.050980392156862744
A	O5'_1	255.696	203.442	235.66	1.0	0.050980392156862744	0.050980392156862744
A	C5'_1	255.314	202.562	234.577	0.5647058823529412	0.5647058823529412	0.5647058823529412
A	C4'_1	256.336	201.458	234.41	0.5647058823529412	0.5647058823529412	0.5647058823529412
A	O4'_1	257.653	202.065	234.298	1.0	0.050980392156862744	0.050980392156862744
A	C3'_1	256.483	200.473	235.566	0.5647058823529412	0.5647058823529412	0.5647058823529412
A	O3'_1	255.53	199.409	235.498	1.0	0.050980392156862744	0.050980392156862744
A	C2'_1	257.906	199.955	235.373	0.5647058823529412	0.5647058823529412	0.5647058823529412
A	O2'_1	258.018	198.957	234.371	1.0	0.050980392156862744	0.050980392156862744
A	C1'_1	258.624	201.221	234.901	0.5647058823529412	0.5647058823529412	0.5647058823529412
A	N9_1	259.285	201.959	235.982	0.18823529411764706	0.3137254901960784	0.9725490196078431
A	C8_1	258.999	203.219	236.462	0.5647058823529412	0.5647058823529412	0.5647058823529412
A	N7_1	259.792	203.608	237.432	0.18823529411764706	0.3137254901960784	0.9725490196078431
A	C5_1	260.658	202.536	237.605	0.5647058823529412	0.5647058823529412	0.5647058823529412
A	C6_1	261.736	202.327	238.481	0.5647058823529412	0.5647058823529412	0.5647058823529412
A	N6_1	262.15	203.231	239.375	0.18823529411764706	0.3137254901960784	0.9725490196078431
A	N1_1	262.387	201.143	238.405	0.18823529411764706	0.3137254901960784	0.9725490196078431
A	C2_1	261.976	200.241	237.498	0.5647058823529412	0.5647058823529412	0.5647058823529412
A	N3_1	260.979	200.325	236.617	0.18823529411764706	0.3137254901960784	0.9725490196078431
A	C4_1	260.353	201.511	236.723	0.5647058823529412	0.5647058823529412	0.5647058823529412
U	P_2	271.63	198.899	240.613	1.0	0.5019607843137255	0.0
U	OP1_2	272.926	198.233	240.31	1.0	0.050980392156862744	0.050980392156862744
U	OP2_2	271.449	200.339	240.278	1.0	0.050980392156862744	0.050980392156862744
U	O5'_2	270.473	198.071	239.897	1.0	0.050980392156862744	0.050980392156862744
U	C5'_2	270.404	196.633	240.019	0.5647058823529412	0.5647058823529412	0.5647058823529412
U	C4'_2	269.111	196.127	239.426	0.5647058823529412	0.5647058823529412	0.5647058823529412
U	O4'_2	267.994	196.568	240.244	1.0	0.050980392156862744	0.050980392156862744
U	C3'_2	268.8	196.656	238.035	0.5647058823529412	0.5647058823529412	0.5647058823529412
U	O3'_2	269.481	195.9	237.039	1.0	0.050980392156862744	0.050980392156862744
U	C2'_2	267.282	196.531	237.968	0.5647058823529412	0.5647058823529412	0.5647058823529412
U	O2'_2	266.848	195.217	237.674	1.0	0.050980392156862744	0.050980392156862744
U	C1'_2	266.888	196.874	239.41	0.5647058823529412	0.5647058823529412	0.5647058823529412
U	N1_2	266.503	198.279	239.631	0.18823529411764706	0.3137254901960784	0.9725490196078431
U	C2_2	265.215	198.659	239.272	0.5647058823529412	0.5647058823529412	0.5647058823529412
U	O2_2	264.408	197.891	238.765	1.0	0.050980392156862744	0.050980392156862744
U	N3_2	264.908	199.973	239.528	0.18823529411764706	0.3137254901960784	0.9725490196078431
U	C4_2	265.733	200.929	240.088	0.5647058823529412	0.5647058823529412	0.5647058823529412
U	O4_2	265.306	202.071	240.254	1.0	0.050980392156862744	0.050980392156862744
U	C5_2	267.045	200.465	240.425	0.5647058823529412	0.5647058823529412	0.5647058823529412
U	C6_2	267.378	199.189	240.187	0.5647058823529412	0.5647058823529412	0.5647058823529412
