U	P_1	280.93	184.938	263.743	1.0	0.5019607843137255	0.0
U	OP1_1	281.849	184.632	264.874	1.0	0.050980392156862744	0.050980392156862744
U	OP2_1	279.772	185.853	263.963	1.0	0.050980392156862744	0.050980392156862744
U	O5'_1	281.803	185.512	262.536	1.0	0.050980392156862744	0.050980392156862744
U	C5'_1	282.097	186.928	262.424	0.5647058823529412	0.5647058823529412	0.5647058823529412
U	C4'_1	282.151	187.332	260.967	0.5647058823529412	0.5647058823529412	0.5647058823529412
U	O4'_1	280.975	186.81	260.295	1.0	0.050980392156862744	0.050980392156862744
U	C3'_1	282.136	188.829	260.684	0.5647058823529412	0.5647058823529412	0.5647058823529412
U	O3'_1	283.446	189.404	260.725	1.0	0.050980392156862744	0.050980392156862744
U	C2'_1	281.532	188.891	259.287	0.5647058823529412	0.5647058823529412	0.5647058823529412
U	O2'_1	282.48	188.608	258.277	1.0	0.050980392156862744	0.050980392156862744
U	C1'_1	280.501	187.757	259.352	0.5647058823529412	0.5647058823529412	0.5647058823529412
U	N1_1	279.149	188.178	259.765	0.18823529411764706	0.3137254901960784	0.9725490196078431
U	C2_1	278.387	188.913	258.866	0.5647058823529412	0.5647058823529412	0.5647058823529412
U	O2_1	278.785	189.226	257.752	1.0	0.050980392156862744	0.050980392156862744
U	N3_1	277.142	189.266	259.324	0.18823529411764706	0.3137254901960784	0.9725490196078431
U	C4_1	276.591	188.97	260.557	0.5647058823529412	0.5647058823529412	0.5647058823529412
U	O4_1	275.463	189.384	260.829	1.0	0.050980392156862744	0.050980392156862744
U	C5_1	277.435	188.21	261.422	0.5647058823529412	0.5647058823529412	0.5647058823529412
U	C6_1	278.648	187.849	261.012	0.5647058823529412	0.5647058823529412	0.5647058823529412
A	P_2	273.622	199.891	254.702	1.0	0.5019607843137255	0.0
A	OP1_2	273.946	201.329	254.463	1.0	0.050980392156862744	0.050980392156862744
A	OP2_2	272.195	199.478	254.846	1.0	0.050980392156862744	0.050980392156862744
A	O5'_2	274.283	199.032	253.53	1.0	0.050980392156862744	0.050980392156862744
A	C5'_2	273.687	197.795	253.075	0.5647058823529412	0.5647058823529412	0.5647058823529412
A	C4'_2	274.77	196.788	252.768	0.5647058823529412	0.5647058823529412	0.5647058823529412
A	O4'_2	275.548	196.554	253.974	1.0	0.050980392156862744	0.050980392156862744
A	C3'_2	274.301	195.4	252.354	0.5647058823529412	0.5647058823529412	0.5647058823529412
A	O3'_2	273.958	195.338	250.965	1.0	0.050980392156862744	0.050980392156862744
A	C2'_2	275.505	194.536	252.72	0.5647058823529412	0.5647058823529412	0.5647058823529412
A	O2'_2	276.561	194.606	251.779	1.0	0.050980392156862744	0.050980392156862744
A	C1'_2	275.951	195.193	254.028	0.5647058823529412	0.5647058823529412	0.5647058823529412
A	N9_2	275.328	194.575	255.199	0.18823529411764706	0.3137254901960784	0.9725490196078431
A	C8_2	274.128	194.902	255.79	0.5647058823529412	0.5647058823529412	0.5647058823529412
A	N7_2	273.828	194.155	256.825	0.18823529411764706	0.3137254901960784	0.9725490196078431
A	C5_2	274.902	193.279	256.928	0.5647058823529412	0.5647058823529412	0.5647058823529412
A	C6_2	275.188	192.236	257.828	0.5647058823529412	0.5647058823529412	0.5647058823529412
A	N6_2	274.386	191.885	258.837	0.18823529411764706	0.3137254901960784	0.9725490196078431
A	N1_2	276.344	191.556	257.653	0.18823529411764706	0.3137254901960784	0.9725490196078431
A	C2_2	277.15	191.908	256.64	0.5647058823529412	0.5647058823529412	0.5647058823529412
A	N3_2	276.991	192.869	255.732	0.18823529411764706	0.3137254901960784	0.9725490196078431
A	C4_2	275.834	193.526	255.933	0.5647058823529412	0.5647058823529412	0.5647058823529412
