A	P_1	230.384	201.06	235.399	1.0	0.5019607843137255	0.0
A	OP1_1	229.714	201.442	236.677	1.0	0.050980392156862744	0.050980392156862744
A	OP2_1	230.079	201.827	234.156	1.0	0.050980392156862744	0.050980392156862744
A	O5'_1	231.955	201.09	235.655	1.0	0.050980392156862744	0.050980392156862744
A	C5'_1	232.526	200.322	236.73	0.5647058823529412	0.5647058823529412	0.5647058823529412
A	C4'_1	234.034	200.394	236.686	0.5647058823529412	0.5647058823529412	0.5647058823529412
A	O4'_1	234.562	199.594	235.596	1.0	0.050980392156862744	0.050980392156862744
A	C3'_1	234.616	201.781	236.458	0.5647058823529412	0.5647058823529412	0.5647058823529412
A	O3'_1	234.616	202.519	237.681	1.0	0.050980392156862744	0.050980392156862744
A	C2'_1	236.012	201.466	235.922	0.5647058823529412	0.5647058823529412	0.5647058823529412
A	O2'_1	236.933	201.137	236.943	1.0	0.050980392156862744	0.050980392156862744
A	C1'_1	235.736	200.212	235.08	0.5647058823529412	0.5647058823529412	0.5647058823529412
A	N9_1	235.524	200.475	233.655	0.18823529411764706	0.3137254901960784	0.9725490196078431
A	C8_1	234.327	200.625	232.992	0.5647058823529412	0.5647058823529412	0.5647058823529412
A	N7_1	234.459	200.823	231.7	0.18823529411764706	0.3137254901960784	0.9725490196078431
A	C5_1	235.835	200.812	231.5	0.5647058823529412	0.5647058823529412	0.5647058823529412
A	C6_1	236.628	200.964	230.339	0.5647058823529412	0.5647058823529412	0.5647058823529412
A	N6_1	236.123	201.175	229.117	0.18823529411764706	0.3137254901960784	0.9725490196078431
A	N1_1	237.971	200.893	230.481	0.18823529411764706	0.3137254901960784	0.9725490196078431
A	C2_1	238.473	200.689	231.709	0.5647058823529412	0.5647058823529412	0.5647058823529412
A	N3_1	237.833	200.535	232.873	0.18823529411764706	0.3137254901960784	0.9725490196078431
A	C4_1	236.503	200.604	232.697	0.5647058823529412	0.5647058823529412	0.5647058823529412
U	P_2	244.058	201.67	222.464	1.0	0.5019607843137255	0.0
U	OP1_2	245.278	201.195	221.748	1.0	0.050980392156862744	0.050980392156862744
U	OP2_2	242.717	201.183	222.03	1.0	0.050980392156862744	0.050980392156862744
U	O5'_2	244.218	201.353	224.019	1.0	0.050980392156862744	0.050980392156862744
U	C5'_2	245.329	201.888	224.774	0.5647058823529412	0.5647058823529412	0.5647058823529412
U	C4'_2	245.144	201.617	226.251	0.5647058823529412	0.5647058823529412	0.5647058823529412
U	O4'_2	244.113	202.486	226.8	1.0	0.050980392156862744	0.050980392156862744
U	C3'_2	244.67	200.218	226.615	0.5647058823529412	0.5647058823529412	0.5647058823529412
U	O3'_2	245.727	199.263	226.582	1.0	0.050980392156862744	0.050980392156862744
U	C2'_2	244.099	200.43	228.01	0.5647058823529412	0.5647058823529412	0.5647058823529412
U	O2'_2	245.105	200.518	229.0	1.0	0.050980392156862744	0.050980392156862744
U	C1'_2	243.437	201.804	227.852	0.5647058823529412	0.5647058823529412	0.5647058823529412
U	N1_2	242.001	201.717	227.533	0.18823529411764706	0.3137254901960784	0.9725490196078431
U	C2_2	241.103	201.769	228.594	0.5647058823529412	0.5647058823529412	0.5647058823529412
U	O2_2	241.457	201.887	229.756	1.0	0.050980392156862744	0.050980392156862744
U	N3_2	239.778	201.677	228.241	0.18823529411764706	0.3137254901960784	0.9725490196078431
U	C4_2	239.263	201.543	226.962	0.5647058823529412	0.5647058823529412	0.5647058823529412
U	O4_2	238.039	201.491	226.806	1.0	0.050980392156862744	0.050980392156862744
U	C5_2	240.249	201.497	225.917	0.5647058823529412	0.5647058823529412	0.5647058823529412
U	C6_2	241.555	201.583	226.232	0.5647058823529412	0.5647058823529412	0.5647058823529412
