A	P_1	256.729	141.979	232.842	1.0	0.5019607843137255	0.0
A	OP1_1	256.725	141.795	234.322	1.0	0.050980392156862744	0.050980392156862744
A	OP2_1	257.888	141.492	232.044	1.0	0.050980392156862744	0.050980392156862744
A	O5'_1	255.409	141.299	232.252	1.0	0.050980392156862744	0.050980392156862744
A	C5'_1	254.134	141.432	232.926	0.5647058823529412	0.5647058823529412	0.5647058823529412
A	C4'_1	253.554	142.814	232.689	0.5647058823529412	0.5647058823529412	0.5647058823529412
A	O4'_1	253.406	143.057	231.264	1.0	0.050980392156862744	0.050980392156862744
A	C3'_1	252.165	143.08	233.25	0.5647058823529412	0.5647058823529412	0.5647058823529412
A	O3'_1	252.221	143.39	234.645	1.0	0.050980392156862744	0.050980392156862744
A	C2'_1	251.711	144.275	232.415	0.5647058823529412	0.5647058823529412	0.5647058823529412
A	O2'_1	252.249	145.506	232.858	1.0	0.050980392156862744	0.050980392156862744
A	C1'_1	252.311	143.937	231.045	0.5647058823529412	0.5647058823529412	0.5647058823529412
A	N9_1	251.371	143.308	230.115	0.18823529411764706	0.3137254901960784	0.9725490196078431
A	C8_1	251.401	142.032	229.603	0.5647058823529412	0.5647058823529412	0.5647058823529412
A	N7_1	250.417	141.771	228.775	0.18823529411764706	0.3137254901960784	0.9725490196078431
A	C5_1	249.687	142.952	228.739	0.5647058823529412	0.5647058823529412	0.5647058823529412
A	C6_1	248.521	143.323	228.043	0.5647058823529412	0.5647058823529412	0.5647058823529412
A	N6_1	247.862	142.508	227.211	0.18823529411764706	0.3137254901960784	0.9725490196078431
A	N1_1	248.051	144.575	228.233	0.18823529411764706	0.3137254901960784	0.9725490196078431
A	C2_1	248.717	145.393	229.066	0.5647058823529412	0.5647058823529412	0.5647058823529412
A	N3_1	249.822	145.16	229.773	0.18823529411764706	0.3137254901960784	0.9725490196078431
A	C4_1	250.261	143.907	229.563	0.5647058823529412	0.5647058823529412	0.5647058823529412
U	P_2	252.764	133.862	223.805	1.0	0.5019607843137255	0.0
U	OP1_2	252.786	133.509	222.352	1.0	0.050980392156862744	0.050980392156862744
U	OP2_2	253.988	134.411	224.442	1.0	0.050980392156862744	0.050980392156862744
U	O5'_2	251.572	134.894	224.033	1.0	0.050980392156862744	0.050980392156862744
U	C5'_2	250.271	134.667	223.457	0.5647058823529412	0.5647058823529412	0.5647058823529412
U	C4'_2	249.368	135.849	223.728	0.5647058823529412	0.5647058823529412	0.5647058823529412
U	O4'_2	249.161	135.987	225.159	1.0	0.050980392156862744	0.050980392156862744
U	C3'_2	249.912	137.202	223.299	0.5647058823529412	0.5647058823529412	0.5647058823529412
U	O3'_2	249.683	137.427	221.911	1.0	0.050980392156862744	0.050980392156862744
U	C2'_2	249.13	138.162	224.189	0.5647058823529412	0.5647058823529412	0.5647058823529412
U	O2'_2	247.814	138.392	223.724	1.0	0.050980392156862744	0.050980392156862744
U	C1'_2	249.056	137.365	225.494	0.5647058823529412	0.5647058823529412	0.5647058823529412
U	N1_2	250.107	137.696	226.47	0.18823529411764706	0.3137254901960784	0.9725490196078431
U	C2_2	249.824	138.666	227.418	0.5647058823529412	0.5647058823529412	0.5647058823529412
U	O2_2	248.761	139.266	227.457	1.0	0.050980392156862744	0.050980392156862744
U	N3_2	250.834	138.906	228.317	0.18823529411764706	0.3137254901960784	0.9725490196078431
U	C4_2	252.075	138.293	228.361	0.5647058823529412	0.5647058823529412	0.5647058823529412
U	O4_2	252.873	138.601	229.249	1.0	0.050980392156862744	0.050980392156862744
U	C5_2	252.294	137.319	227.344	0.5647058823529412	0.5647058823529412	0.5647058823529412
U	C6_2	251.329	137.059	226.454	0.5647058823529412	0.5647058823529412	0.5647058823529412
