U	P_1	259.604	174.948	213.818	1.0	0.5019607843137255	0.0
U	OP1_1	259.761	174.909	215.3	1.0	0.050980392156862744	0.050980392156862744
U	OP2_1	258.289	175.316	213.225	1.0	0.050980392156862744	0.050980392156862744
U	O5'_1	260.694	175.952	213.23	1.0	0.050980392156862744	0.050980392156862744
U	C5'_1	262.059	175.958	213.714	0.5647058823529412	0.5647058823529412	0.5647058823529412
U	C4'_1	263.008	176.258	212.575	0.5647058823529412	0.5647058823529412	0.5647058823529412
U	O4'_1	263.064	175.114	211.685	1.0	0.050980392156862744	0.050980392156862744
U	C3'_1	262.595	177.43	211.694	0.5647058823529412	0.5647058823529412	0.5647058823529412
U	O3'_1	263.078	178.653	212.256	1.0	0.050980392156862744	0.050980392156862744
U	C2'_1	263.236	177.091	210.35	0.5647058823529412	0.5647058823529412	0.5647058823529412
U	O2'_1	264.596	177.464	210.278	1.0	0.050980392156862744	0.050980392156862744
U	C1'_1	263.152	175.559	210.341	0.5647058823529412	0.5647058823529412	0.5647058823529412
U	N1_1	262.069	174.926	209.565	0.18823529411764706	0.3137254901960784	0.9725490196078431
U	C2_1	262.113	175.01	208.175	0.5647058823529412	0.5647058823529412	0.5647058823529412
U	O2_1	262.977	175.637	207.566	1.0	0.050980392156862744	0.050980392156862744
U	N3_1	261.106	174.332	207.527	0.18823529411764706	0.3137254901960784	0.9725490196078431
U	C4_1	260.079	173.609	208.106	0.5647058823529412	0.5647058823529412	0.5647058823529412
U	O4_1	259.266	173.034	207.385	1.0	0.050980392156862744	0.050980392156862744
U	C5_1	260.087	173.592	209.532	0.5647058823529412	0.5647058823529412	0.5647058823529412
U	C6_1	261.051	174.236	210.197	0.5647058823529412	0.5647058823529412	0.5647058823529412
A	P_2	255.348	170.29	204.054	1.0	0.5019607843137255	0.0
A	OP1_2	255.45	169.63	202.718	1.0	0.050980392156862744	0.050980392156862744
A	OP2_2	254.828	169.513	205.22	1.0	0.050980392156862744	0.050980392156862744
A	O5'_2	256.779	170.886	204.43	1.0	0.050980392156862744	0.050980392156862744
A	C5'_2	257.848	170.901	203.46	0.5647058823529412	0.5647058823529412	0.5647058823529412
A	C4'_2	257.685	172.067	202.506	0.5647058823529412	0.5647058823529412	0.5647058823529412
A	O4'_2	257.749	173.331	203.227	1.0	0.050980392156862744	0.050980392156862744
A	C3'_2	258.775	172.187	201.453	0.5647058823529412	0.5647058823529412	0.5647058823529412
A	O3'_2	258.49	171.305	200.37	1.0	0.050980392156862744	0.050980392156862744
A	C2'_2	258.687	173.66	201.056	0.5647058823529412	0.5647058823529412	0.5647058823529412
A	O2'_2	257.635	173.914	200.144	1.0	0.050980392156862744	0.050980392156862744
A	C1'_2	258.342	174.323	202.398	0.5647058823529412	0.5647058823529412	0.5647058823529412
A	N9_2	259.472	174.926	203.114	0.18823529411764706	0.3137254901960784	0.9725490196078431
A	C8_2	259.873	174.685	204.411	0.5647058823529412	0.5647058823529412	0.5647058823529412
A	N7_2	260.919	175.388	204.783	0.18823529411764706	0.3137254901960784	0.9725490196078431
A	C5_2	261.234	176.142	203.66	0.5647058823529412	0.5647058823529412	0.5647058823529412
A	C6_2	262.245	177.093	203.412	0.5647058823529412	0.5647058823529412	0.5647058823529412
A	N6_2	263.161	177.451	204.32	0.18823529411764706	0.3137254901960784	0.9725490196078431
A	N1_2	262.282	177.669	202.187	0.18823529411764706	0.3137254901960784	0.9725490196078431
A	C2_2	261.361	177.306	201.28	0.5647058823529412	0.5647058823529412	0.5647058823529412
A	N3_2	260.362	176.422	201.392	0.18823529411764706	0.3137254901960784	0.9725490196078431
A	C4_2	260.352	175.868	202.621	0.5647058823529412	0.5647058823529412	0.5647058823529412
