A	P_1	271.368	215.834	276.642	1.0	0.5019607843137255	0.0
A	OP1_1	271.934	216.436	277.885	1.0	0.050980392156862744	0.050980392156862744
A	OP2_1	271.002	214.392	276.625	1.0	0.050980392156862744	0.050980392156862744
A	O5'_1	270.079	216.671	276.226	1.0	0.050980392156862744	0.050980392156862744
A	C5'_1	270.156	218.097	276.027	0.5647058823529412	0.5647058823529412	0.5647058823529412
A	C4'_1	268.848	218.616	275.481	0.5647058823529412	0.5647058823529412	0.5647058823529412
A	O4'_1	268.633	218.1	274.141	1.0	0.050980392156862744	0.050980392156862744
A	C3'_1	267.613	218.189	276.257	0.5647058823529412	0.5647058823529412	0.5647058823529412
A	O3'_1	267.422	219.032	277.394	1.0	0.050980392156862744	0.050980392156862744
A	C2'_1	266.507	218.306	275.211	0.5647058823529412	0.5647058823529412	0.5647058823529412
A	O2'_1	266.035	219.628	275.038	1.0	0.050980392156862744	0.050980392156862744
A	C1'_1	267.245	217.875	273.937	0.5647058823529412	0.5647058823529412	0.5647058823529412
A	N9_1	267.057	216.479	273.529	0.18823529411764706	0.3137254901960784	0.9725490196078431
A	C8_1	267.844	215.389	273.83	0.5647058823529412	0.5647058823529412	0.5647058823529412
A	N7_1	267.437	214.273	273.274	0.18823529411764706	0.3137254901960784	0.9725490196078431
A	C5_1	266.301	214.647	272.567	0.5647058823529412	0.5647058823529412	0.5647058823529412
A	C6_1	265.412	213.922	271.756	0.5647058823529412	0.5647058823529412	0.5647058823529412
A	N6_1	265.541	212.616	271.502	0.18823529411764706	0.3137254901960784	0.9725490196078431
A	N1_1	264.374	214.593	271.206	0.18823529411764706	0.3137254901960784	0.9725490196078431
A	C2_1	264.253	215.904	271.455	0.5647058823529412	0.5647058823529412	0.5647058823529412
A	N3_1	265.028	216.698	272.191	0.18823529411764706	0.3137254901960784	0.9725490196078431
A	C4_1	266.048	216.001	272.725	0.5647058823529412	0.5647058823529412	0.5647058823529412
U	P_2	258.154	210.925	264.955	1.0	0.5019607843137255	0.0
U	OP1_2	257.372	211.033	263.69	1.0	0.050980392156862744	0.050980392156862744
U	OP2_2	259.519	210.333	264.926	1.0	0.050980392156862744	0.050980392156862744
U	O5'_2	258.253	212.378	265.6	1.0	0.050980392156862744	0.050980392156862744
U	C5'_2	257.082	213.202	265.774	0.5647058823529412	0.5647058823529412	0.5647058823529412
U	C4'_2	257.441	214.449	266.546	0.5647058823529412	0.5647058823529412	0.5647058823529412
U	O4'_2	257.855	214.077	267.888	1.0	0.050980392156862744	0.050980392156862744
U	C3'_2	258.626	215.223	265.99	0.5647058823529412	0.5647058823529412	0.5647058823529412
U	O3'_2	258.247	216.081	264.921	1.0	0.050980392156862744	0.050980392156862744
U	C2'_2	259.141	215.963	267.217	0.5647058823529412	0.5647058823529412	0.5647058823529412
U	O2'_2	258.379	217.109	267.54	1.0	0.050980392156862744	0.050980392156862744
U	C1'_2	258.938	214.9	268.3	0.5647058823529412	0.5647058823529412	0.5647058823529412
U	N1_2	260.117	214.044	268.516	0.18823529411764706	0.3137254901960784	0.9725490196078431
U	C2_2	261.043	214.444	269.467	0.5647058823529412	0.5647058823529412	0.5647058823529412
U	O2_2	260.933	215.475	270.117	1.0	0.050980392156862744	0.050980392156862744
U	N3_2	262.105	213.589	269.629	0.18823529411764706	0.3137254901960784	0.9725490196078431
U	C4_2	262.334	212.405	268.951	0.5647058823529412	0.5647058823529412	0.5647058823529412
U	O4_2	263.33	211.734	269.225	1.0	0.050980392156862744	0.050980392156862744
U	C5_2	261.342	212.069	267.98	0.5647058823529412	0.5647058823529412	0.5647058823529412
U	C6_2	260.294	212.877	267.799	0.5647058823529412	0.5647058823529412	0.5647058823529412
