A	P_1	260.062	218.332	242.726	1.0	0.5019607843137255	0.0
A	OP1_1	260.291	219.804	242.772	1.0	0.050980392156862744	0.050980392156862744
A	OP2_1	258.692	217.814	242.455	1.0	0.050980392156862744	0.050980392156862744
A	O5'_1	261.065	217.714	241.651	1.0	0.050980392156862744	0.050980392156862744
A	C5'_1	262.492	217.87	241.794	0.5647058823529412	0.5647058823529412	0.5647058823529412
A	C4'_1	263.001	218.899	240.812	0.5647058823529412	0.5647058823529412	0.5647058823529412
A	O4'_1	264.412	219.171	241.062	1.0	0.050980392156862744	0.050980392156862744
A	C3'_1	262.901	218.512	239.337	0.5647058823529412	0.5647058823529412	0.5647058823529412
A	O3'_1	262.667	219.693	238.576	1.0	0.050980392156862744	0.050980392156862744
A	C2'_1	264.311	218.002	239.039	0.5647058823529412	0.5647058823529412	0.5647058823529412
A	O2'_1	264.658	218.072	237.669	1.0	0.050980392156862744	0.050980392156862744
A	C1'_1	265.142	218.983	239.864	0.5647058823529412	0.5647058823529412	0.5647058823529412
A	N9_1	266.514	218.59	240.195	0.18823529411764706	0.3137254901960784	0.9725490196078431
A	C8_1	267.069	217.331	240.29	0.5647058823529412	0.5647058823529412	0.5647058823529412
A	N7_1	268.344	217.337	240.617	0.18823529411764706	0.3137254901960784	0.9725490196078431
A	C5_1	268.649	218.688	240.746	0.5647058823529412	0.5647058823529412	0.5647058823529412
A	C6_1	269.838	219.362	241.083	0.5647058823529412	0.5647058823529412	0.5647058823529412
A	N6_1	270.991	218.743	241.356	0.18823529411764706	0.3137254901960784	0.9725490196078431
A	N1_1	269.801	220.712	241.132	0.18823529411764706	0.3137254901960784	0.9725490196078431
A	C2_1	268.645	221.334	240.855	0.5647058823529412	0.5647058823529412	0.5647058823529412
A	N3_1	267.464	220.815	240.521	0.18823529411764706	0.3137254901960784	0.9725490196078431
A	C4_1	267.532	219.471	240.486	0.5647058823529412	0.5647058823529412	0.5647058823529412
U	P_2	277.002	226.776	243.677	1.0	0.5019607843137255	0.0
U	OP1_2	277.559	227.826	244.58	1.0	0.050980392156862744	0.050980392156862744
U	OP2_2	277.432	225.363	243.846	1.0	0.050980392156862744	0.050980392156862744
U	O5'_2	275.412	226.829	243.77	1.0	0.050980392156862744	0.050980392156862744
U	C5'_2	274.7	228.07	243.602	0.5647058823529412	0.5647058823529412	0.5647058823529412
U	C4'_2	273.225	227.806	243.413	0.5647058823529412	0.5647058823529412	0.5647058823529412
U	O4'_2	273.028	227.025	242.204	1.0	0.050980392156862744	0.050980392156862744
U	C3'_2	272.547	226.979	244.494	0.5647058823529412	0.5647058823529412	0.5647058823529412
U	O3'_2	272.187	227.762	245.628	1.0	0.050980392156862744	0.050980392156862744
U	C2'_2	271.333	226.417	243.762	0.5647058823529412	0.5647058823529412	0.5647058823529412
U	O2'_2	270.27	227.341	243.638	1.0	0.050980392156862744	0.050980392156862744
U	C1'_2	271.926	226.143	242.38	0.5647058823529412	0.5647058823529412	0.5647058823529412
U	N1_2	272.392	224.758	242.22	0.18823529411764706	0.3137254901960784	0.9725490196078431
U	C2_2	271.46	223.811	241.825	0.5647058823529412	0.5647058823529412	0.5647058823529412
U	O2_2	270.288	224.081	241.602	1.0	0.050980392156862744	0.050980392156862744
U	N3_2	271.953	222.537	241.698	0.18823529411764706	0.3137254901960784	0.9725490196078431
U	C4_2	273.253	222.12	241.921	0.5647058823529412	0.5647058823529412	0.5647058823529412
U	O4_2	273.537	220.929	241.79	1.0	0.050980392156862744	0.050980392156862744
U	C5_2	274.153	223.156	242.322	0.5647058823529412	0.5647058823529412	0.5647058823529412
U	C6_2	273.704	224.407	242.455	0.5647058823529412	0.5647058823529412	0.5647058823529412
