A	P_1	257.486	152.144	209.322	1.0	0.5019607843137255	0.0
A	OP1_1	256.066	152.358	209.733	1.0	0.050980392156862744	0.050980392156862744
A	OP2_1	258.584	152.427	210.29	1.0	0.050980392156862744	0.050980392156862744
A	O5'_1	257.646	150.635	208.838	1.0	0.050980392156862744	0.050980392156862744
A	C5'_1	256.75	150.069	207.859	0.5647058823529412	0.5647058823529412	0.5647058823529412
A	C4'_1	257.168	148.655	207.529	0.5647058823529412	0.5647058823529412	0.5647058823529412
A	O4'_1	258.479	148.669	206.904	1.0	0.050980392156862744	0.050980392156862744
A	C3'_1	257.329	147.72	208.719	0.5647058823529412	0.5647058823529412	0.5647058823529412
A	O3'_1	256.063	147.195	209.134	1.0	0.050980392156862744	0.050980392156862744
A	C2'_1	258.278	146.66	208.171	0.5647058823529412	0.5647058823529412	0.5647058823529412
A	O2'_1	257.616	145.709	207.364	1.0	0.050980392156862744	0.050980392156862744
A	C1'_1	259.2	147.506	207.283	0.5647058823529412	0.5647058823529412	0.5647058823529412
A	N9_1	260.455	147.92	207.92	0.18823529411764706	0.3137254901960784	0.9725490196078431
A	C8_1	260.706	149.072	208.631	0.5647058823529412	0.5647058823529412	0.5647058823529412
A	N7_1	261.935	149.159	209.087	0.18823529411764706	0.3137254901960784	0.9725490196078431
A	C5_1	262.538	147.985	208.65	0.5647058823529412	0.5647058823529412	0.5647058823529412
A	C6_1	263.843	147.47	208.811	0.5647058823529412	0.5647058823529412	0.5647058823529412
A	N6_1	264.807	148.095	209.496	0.18823529411764706	0.3137254901960784	0.9725490196078431
A	N1_1	264.122	146.274	208.241	0.18823529411764706	0.3137254901960784	0.9725490196078431
A	C2_1	263.15	145.642	207.564	0.5647058823529412	0.5647058823529412	0.5647058823529412
A	N3_1	261.888	146.019	207.347	0.18823529411764706	0.3137254901960784	0.9725490196078431
A	C4_1	261.641	147.214	207.924	0.5647058823529412	0.5647058823529412	0.5647058823529412
U	P_2	272.684	141.07	207.584	1.0	0.5019607843137255	0.0
U	OP1_2	273.418	140.1	206.722	1.0	0.050980392156862744	0.050980392156862744
U	OP2_2	273.039	142.513	207.531	1.0	0.050980392156862744	0.050980392156862744
U	O5'_2	271.125	140.935	207.278	1.0	0.050980392156862744	0.050980392156862744
U	C5'_2	270.486	139.641	207.21	0.5647058823529412	0.5647058823529412	0.5647058823529412
U	C4'_2	269.032	139.791	206.82	0.5647058823529412	0.5647058823529412	0.5647058823529412
U	O4'_2	268.303	140.46	207.883	1.0	0.050980392156862744	0.050980392156862744
U	C3'_2	268.754	140.628	205.578	0.5647058823529412	0.5647058823529412	0.5647058823529412
U	O3'_2	268.915	139.85	204.391	1.0	0.050980392156862744	0.050980392156862744
U	C2'_2	267.314	141.076	205.8	0.5647058823529412	0.5647058823529412	0.5647058823529412
U	O2'_2	266.385	140.058	205.485	1.0	0.050980392156862744	0.050980392156862744
U	C1'_2	267.295	141.287	207.318	0.5647058823529412	0.5647058823529412	0.5647058823529412
U	N1_2	267.502	142.669	207.784	0.18823529411764706	0.3137254901960784	0.9725490196078431
U	C2_2	266.374	143.455	207.976	0.5647058823529412	0.5647058823529412	0.5647058823529412
U	O2_2	265.243	143.076	207.7	1.0	0.050980392156862744	0.050980392156862744
U	N3_2	266.618	144.703	208.5	0.18823529411764706	0.3137254901960784	0.9725490196078431
U	C4_2	267.848	145.242	208.833	0.5647058823529412	0.5647058823529412	0.5647058823529412
U	O4_2	267.891	146.341	209.388	1.0	0.050980392156862744	0.050980392156862744
U	C5_2	268.968	144.39	208.563	0.5647058823529412	0.5647058823529412	0.5647058823529412
U	C6_2	268.763	143.165	208.056	0.5647058823529412	0.5647058823529412	0.5647058823529412
