U	P_1	98.195	178.879	202.315	1.0	0.5019607843137255	0.0
U	OP1_1	97.47	178.087	201.28	1.0	0.050980392156862744	0.050980392156862744
U	OP2_1	99.506	179.494	201.983	1.0	0.050980392156862744	0.050980392156862744
U	O5'_1	97.219	180.033	202.811	1.0	0.050980392156862744	0.050980392156862744
U	C5'_1	95.847	179.746	203.136	0.5647058823529412	0.5647058823529412	0.5647058823529412
U	C4'_1	95.127	181.013	203.53	0.5647058823529412	0.5647058823529412	0.5647058823529412
U	O4'_1	95.708	181.546	204.751	1.0	0.050980392156862744	0.050980392156862744
U	C3'_1	95.231	182.161	202.537	0.5647058823529412	0.5647058823529412	0.5647058823529412
U	O3'_1	94.297	182.012	201.469	1.0	0.050980392156862744	0.050980392156862744
U	C2'_1	94.95	183.372	203.418	0.5647058823529412	0.5647058823529412	0.5647058823529412
U	O2'_1	93.575	183.54	203.689	1.0	0.050980392156862744	0.050980392156862744
U	C1'_1	95.656	182.968	204.718	0.5647058823529412	0.5647058823529412	0.5647058823529412
U	N1_1	97.023	183.501	204.878	0.18823529411764706	0.3137254901960784	0.9725490196078431
U	C2_1	97.191	184.652	205.648	0.5647058823529412	0.5647058823529412	0.5647058823529412
U	O2_1	96.264	185.236	206.188	1.0	0.050980392156862744	0.050980392156862744
U	N3_1	98.49	185.088	205.759	0.18823529411764706	0.3137254901960784	0.9725490196078431
U	C4_1	99.616	184.514	205.196	0.5647058823529412	0.5647058823529412	0.5647058823529412
U	O4_1	100.715	185.045	205.369	1.0	0.050980392156862744	0.050980392156862744
U	C5_1	99.365	183.338	204.419	0.5647058823529412	0.5647058823529412	0.5647058823529412
U	C6_1	98.111	182.883	204.287	0.5647058823529412	0.5647058823529412	0.5647058823529412
A	P_2	102.541	196.715	207.447	1.0	0.5019607843137255	0.0
A	OP1_2	102.306	197.921	208.289	1.0	0.050980392156862744	0.050980392156862744
A	OP2_2	103.754	195.888	207.678	1.0	0.050980392156862744	0.050980392156862744
A	O5'_2	101.271	195.754	207.56	1.0	0.050980392156862744	0.050980392156862744
A	C5'_2	99.936	196.294	207.54	0.5647058823529412	0.5647058823529412	0.5647058823529412
A	C4'_2	98.902	195.187	207.409	0.5647058823529412	0.5647058823529412	0.5647058823529412
A	O4'_2	99.192	194.378	206.236	1.0	0.050980392156862744	0.050980392156862744
A	C3'_2	98.79	194.144	208.518	0.5647058823529412	0.5647058823529412	0.5647058823529412
A	O3'_2	98.067	194.621	209.662	1.0	0.050980392156862744	0.050980392156862744
A	C2'_2	98.01	193.041	207.812	0.5647058823529412	0.5647058823529412	0.5647058823529412
A	O2'_2	96.629	193.33	207.712	1.0	0.050980392156862744	0.050980392156862744
A	C1'_2	98.63	193.084	206.412	0.5647058823529412	0.5647058823529412	0.5647058823529412
A	N9_2	99.671	192.07	206.234	0.18823529411764706	0.3137254901960784	0.9725490196078431
A	C8_2	101.039	192.22	206.176	0.5647058823529412	0.5647058823529412	0.5647058823529412
A	N7_2	101.688	191.088	206.022	0.18823529411764706	0.3137254901960784	0.9725490196078431
A	C5_2	100.682	190.13	205.974	0.5647058823529412	0.5647058823529412	0.5647058823529412
A	C6_2	100.711	188.725	205.83	0.5647058823529412	0.5647058823529412	0.5647058823529412
A	N6_2	101.836	188.011	205.712	0.18823529411764706	0.3137254901960784	0.9725490196078431
A	N1_2	99.527	188.071	205.817	0.18823529411764706	0.3137254901960784	0.9725490196078431
A	C2_2	98.399	188.784	205.947	0.5647058823529412	0.5647058823529412	0.5647058823529412
A	N3_2	98.242	190.1	206.092	0.18823529411764706	0.3137254901960784	0.9725490196078431
A	C4_2	99.435	190.722	206.097	0.5647058823529412	0.5647058823529412	0.5647058823529412
