U	P_1	293.958	147.482	227.71	1.0	0.5019607843137255	0.0
U	OP1_1	294.321	146.058	227.474	1.0	0.050980392156862744	0.050980392156862744
U	OP2_1	294.914	148.374	228.422	1.0	0.050980392156862744	0.050980392156862744
U	O5'_1	293.611	148.135	226.3	1.0	0.050980392156862744	0.050980392156862744
U	C5'_1	294.642	148.732	225.498	0.5647058823529412	0.5647058823529412	0.5647058823529412
U	C4'_1	294.068	149.846	224.657	0.5647058823529412	0.5647058823529412	0.5647058823529412
U	O4'_1	293.234	150.701	225.483	1.0	0.050980392156862744	0.050980392156862744
U	C3'_1	295.103	150.781	224.056	0.5647058823529412	0.5647058823529412	0.5647058823529412
U	O3'_1	295.652	150.255	222.848	1.0	0.050980392156862744	0.050980392156862744
U	C2'_1	294.304	152.061	223.852	0.5647058823529412	0.5647058823529412	0.5647058823529412
U	O2'_1	293.49	152.029	222.698	1.0	0.050980392156862744	0.050980392156862744
U	C1'_1	293.41	152.055	225.096	0.5647058823529412	0.5647058823529412	0.5647058823529412
U	N1_1	293.973	152.793	226.239	0.18823529411764706	0.3137254901960784	0.9725490196078431
U	C2_1	293.881	154.175	226.227	0.5647058823529412	0.5647058823529412	0.5647058823529412
U	O2_1	293.363	154.8	225.313	1.0	0.050980392156862744	0.050980392156862744
U	N3_1	294.418	154.796	227.328	0.18823529411764706	0.3137254901960784	0.9725490196078431
U	C4_1	295.025	154.193	228.415	0.5647058823529412	0.5647058823529412	0.5647058823529412
U	O4_1	295.465	154.892	229.329	1.0	0.050980392156862744	0.050980392156862744
U	C5_1	295.081	152.768	228.354	0.5647058823529412	0.5647058823529412	0.5647058823529412
U	C6_1	294.571	152.131	227.296	0.5647058823529412	0.5647058823529412	0.5647058823529412
A	P_2	294.33	165.517	229.486	1.0	0.5019607843137255	0.0
A	OP1_2	293.584	166.632	230.135	1.0	0.050980392156862744	0.050980392156862744
A	OP2_2	294.522	164.238	230.221	1.0	0.050980392156862744	0.050980392156862744
A	O5'_2	293.623	165.185	228.093	1.0	0.050980392156862744	0.050980392156862744
A	C5'_2	293.273	166.231	227.158	0.5647058823529412	0.5647058823529412	0.5647058823529412
A	C4'_2	292.967	165.639	225.796	0.5647058823529412	0.5647058823529412	0.5647058823529412
A	O4'_2	294.105	164.837	225.371	1.0	0.050980392156862744	0.050980392156862744
A	C3'_2	291.789	164.675	225.709	0.5647058823529412	0.5647058823529412	0.5647058823529412
A	O3'_2	290.537	165.347	225.567	1.0	0.050980392156862744	0.050980392156862744
A	C2'_2	292.133	163.86	224.468	0.5647058823529412	0.5647058823529412	0.5647058823529412
A	O2'_2	291.841	164.536	223.261	1.0	0.050980392156862744	0.050980392156862744
A	C1'_2	293.651	163.725	224.611	0.5647058823529412	0.5647058823529412	0.5647058823529412
A	N9_2	294.056	162.494	225.295	0.18823529411764706	0.3137254901960784	0.9725490196078431
A	C8_2	294.371	162.311	226.623	0.5647058823529412	0.5647058823529412	0.5647058823529412
A	N7_2	294.683	161.075	226.926	0.18823529411764706	0.3137254901960784	0.9725490196078431
A	C5_2	294.567	160.396	225.72	0.5647058823529412	0.5647058823529412	0.5647058823529412
A	C6_2	294.764	159.05	225.373	0.5647058823529412	0.5647058823529412	0.5647058823529412
A	N6_2	295.128	158.11	226.247	0.18823529411764706	0.3137254901960784	0.9725490196078431
A	N1_2	294.57	158.699	224.082	0.18823529411764706	0.3137254901960784	0.9725490196078431
A	C2_2	294.2	159.647	223.208	0.5647058823529412	0.5647058823529412	0.5647058823529412
A	N3_2	293.983	160.944	223.414	0.18823529411764706	0.3137254901960784	0.9725490196078431
A	C4_2	294.187	161.258	224.707	0.5647058823529412	0.5647058823529412	0.5647058823529412
