A	P_1	209.024	312.796	177.089	1.0	0.5019607843137255	0.0
A	OP1_1	210.004	312.616	175.982	1.0	0.050980392156862744	0.050980392156862744
A	OP2_1	208.613	314.168	177.495	1.0	0.050980392156862744	0.050980392156862744
A	O5'_1	207.709	311.975	176.718	1.0	0.050980392156862744	0.050980392156862744
A	C5'_1	206.67	312.575	175.928	0.5647058823529412	0.5647058823529412	0.5647058823529412
A	C4'_1	205.338	311.938	176.241	0.5647058823529412	0.5647058823529412	0.5647058823529412
A	O4'_1	205.131	311.909	177.679	1.0	0.050980392156862744	0.050980392156862744
A	C3'_1	204.144	312.699	175.694	0.5647058823529412	0.5647058823529412	0.5647058823529412
A	O3'_1	203.9	312.344	174.34	1.0	0.050980392156862744	0.050980392156862744
A	C2'_1	203.027	312.292	176.643	0.5647058823529412	0.5647058823529412	0.5647058823529412
A	O2'_1	202.484	311.019	176.352	1.0	0.050980392156862744	0.050980392156862744
A	C1'_1	203.778	312.221	177.976	0.5647058823529412	0.5647058823529412	0.5647058823529412
A	N9_1	203.764	313.466	178.747	0.18823529411764706	0.3137254901960784	0.9725490196078431
A	C8_1	204.848	314.253	179.066	0.5647058823529412	0.5647058823529412	0.5647058823529412
A	N7_1	204.544	315.307	179.782	0.18823529411764706	0.3137254901960784	0.9725490196078431
A	C5_1	203.168	315.214	179.944	0.5647058823529412	0.5647058823529412	0.5647058823529412
A	C6_1	202.243	316.033	180.611	0.5647058823529412	0.5647058823529412	0.5647058823529412
A	N6_1	202.58	317.15	181.264	0.18823529411764706	0.3137254901960784	0.9725490196078431
A	N1_1	200.944	315.663	180.588	0.18823529411764706	0.3137254901960784	0.9725490196078431
A	C2_1	200.61	314.543	179.933	0.5647058823529412	0.5647058823529412	0.5647058823529412
A	N3_1	201.389	313.69	179.266	0.18823529411764706	0.3137254901960784	0.9725490196078431
A	C4_1	202.673	314.087	179.311	0.5647058823529412	0.5647058823529412	0.5647058823529412
U	P_2	194.821	320.357	186.376	1.0	0.5019607843137255	0.0
U	OP1_2	193.769	320.234	187.422	1.0	0.050980392156862744	0.050980392156862744
U	OP2_2	196.254	320.302	186.769	1.0	0.050980392156862744	0.050980392156862744
U	O5'_2	194.577	319.227	185.278	1.0	0.050980392156862744	0.050980392156862744
U	C5'_2	193.299	319.079	184.624	0.5647058823529412	0.5647058823529412	0.5647058823529412
U	C4'_2	193.4	318.056	183.516	0.5647058823529412	0.5647058823529412	0.5647058823529412
U	O4'_2	194.364	318.519	182.532	1.0	0.050980392156862744	0.050980392156862744
U	C3'_2	193.915	316.685	183.937	0.5647058823529412	0.5647058823529412	0.5647058823529412
U	O3'_2	192.859	315.871	184.44	1.0	0.050980392156862744	0.050980392156862744
U	C2'_2	194.512	316.144	182.644	0.5647058823529412	0.5647058823529412	0.5647058823529412
U	O2'_2	193.535	315.641	181.754	1.0	0.050980392156862744	0.050980392156862744
U	C1'_2	195.112	317.416	182.038	0.5647058823529412	0.5647058823529412	0.5647058823529412
U	N1_2	196.538	317.644	182.336	0.18823529411764706	0.3137254901960784	0.9725490196078431
U	C2_2	197.484	316.988	181.556	0.5647058823529412	0.5647058823529412	0.5647058823529412
U	O2_2	197.189	316.199	180.672	1.0	0.050980392156862744	0.050980392156862744
U	N3_2	198.788	317.29	181.859	0.18823529411764706	0.3137254901960784	0.9725490196078431
U	C4_2	199.239	318.152	182.843	0.5647058823529412	0.5647058823529412	0.5647058823529412
U	O4_2	200.449	318.341	182.972	1.0	0.050980392156862744	0.050980392156862744
U	C5_2	198.209	318.77	183.618	0.5647058823529412	0.5647058823529412	0.5647058823529412
U	C6_2	196.928	318.501	183.351	0.5647058823529412	0.5647058823529412	0.5647058823529412
