A	P_1	260.931	200.924	121.162	1.0	0.5019607843137255	0.0
A	OP1_1	260.005	201.859	121.859	1.0	0.050980392156862744	0.050980392156862744
A	OP2_1	262.056	200.305	121.919	1.0	0.050980392156862744	0.050980392156862744
A	O5'_1	260.068	199.746	120.519	1.0	0.050980392156862744	0.050980392156862744
A	C5'_1	258.92	200.033	119.694	0.5647058823529412	0.5647058823529412	0.5647058823529412
A	C4'_1	258.312	198.749	119.166	0.5647058823529412	0.5647058823529412	0.5647058823529412
A	O4'_1	259.245	198.094	118.267	1.0	0.050980392156862744	0.050980392156862744
A	C3'_1	257.991	197.687	120.207	0.5647058823529412	0.5647058823529412	0.5647058823529412
A	O3'_1	256.738	197.95	120.842	1.0	0.050980392156862744	0.050980392156862744
A	C2'_1	257.977	196.408	119.375	0.5647058823529412	0.5647058823529412	0.5647058823529412
A	O2'_1	256.774	196.225	118.655	1.0	0.050980392156862744	0.050980392156862744
A	C1'_1	259.108	196.684	118.382	0.5647058823529412	0.5647058823529412	0.5647058823529412
A	N9_1	260.403	196.12	118.769	0.18823529411764706	0.3137254901960784	0.9725490196078431
A	C8_1	261.474	196.769	119.343	0.5647058823529412	0.5647058823529412	0.5647058823529412
A	N7_1	262.513	195.996	119.545	0.18823529411764706	0.3137254901960784	0.9725490196078431
A	C5_1	262.101	194.753	119.078	0.5647058823529412	0.5647058823529412	0.5647058823529412
A	C6_1	262.749	193.509	119.007	0.5647058823529412	0.5647058823529412	0.5647058823529412
A	N6_1	264.002	193.308	119.419	0.18823529411764706	0.3137254901960784	0.9725490196078431
A	N1_1	262.057	192.466	118.494	0.18823529411764706	0.3137254901960784	0.9725490196078431
A	C2_1	260.799	192.673	118.082	0.5647058823529412	0.5647058823529412	0.5647058823529412
A	N3_1	260.082	193.797	118.093	0.18823529411764706	0.3137254901960784	0.9725490196078431
A	C4_1	260.8	194.812	118.609	0.5647058823529412	0.5647058823529412	0.5647058823529412
U	P_2	266.322	183.571	116.796	1.0	0.5019607843137255	0.0
U	OP1_2	266.611	182.431	115.877	1.0	0.050980392156862744	0.050980392156862744
U	OP2_2	267.351	184.62	117.012	1.0	0.050980392156862744	0.050980392156862744
U	O5'_2	264.98	184.285	116.309	1.0	0.050980392156862744	0.050980392156862744
U	C5'_2	263.762	183.528	116.121	0.5647058823529412	0.5647058823529412	0.5647058823529412
U	C4'_2	262.578	184.457	115.971	0.5647058823529412	0.5647058823529412	0.5647058823529412
U	O4'_2	262.41	185.229	117.189	1.0	0.050980392156862744	0.050980392156862744
U	C3'_2	262.675	185.509	114.875	0.5647058823529412	0.5647058823529412	0.5647058823529412
U	O3'_2	262.336	184.972	113.597	1.0	0.050980392156862744	0.050980392156862744
U	C2'_2	261.682	186.56	115.355	0.5647058823529412	0.5647058823529412	0.5647058823529412
U	O2'_2	260.34	186.199	115.092	1.0	0.050980392156862744	0.050980392156862744
U	C1'_2	261.92	186.522	116.867	0.5647058823529412	0.5647058823529412	0.5647058823529412
U	N1_2	262.891	187.524	117.333	0.18823529411764706	0.3137254901960784	0.9725490196078431
U	C2_2	262.404	188.772	117.691	0.5647058823529412	0.5647058823529412	0.5647058823529412
U	O2_2	261.218	189.065	117.64	1.0	0.050980392156862744	0.050980392156862744
U	N3_2	263.359	189.664	118.113	0.18823529411764706	0.3137254901960784	0.9725490196078431
U	C4_2	264.721	189.444	118.213	0.5647058823529412	0.5647058823529412	0.5647058823529412
U	O4_2	265.45	190.351	118.614	1.0	0.050980392156862744	0.050980392156862744
U	C5_2	265.145	188.134	117.827	0.5647058823529412	0.5647058823529412	0.5647058823529412
U	C6_2	264.241	187.242	117.411	0.5647058823529412	0.5647058823529412	0.5647058823529412
