U	P_1	188.555	174.925	218.328	1.0	0.5019607843137255	0.0
U	OP1_1	188.97	173.492	218.311	1.0	0.050980392156862744	0.050980392156862744
U	OP2_1	187.761	175.443	219.475	1.0	0.050980392156862744	0.050980392156862744
U	O5'_1	189.865	175.82	218.197	1.0	0.050980392156862744	0.050980392156862744
U	C5'_1	190.903	175.487	217.257	0.5647058823529412	0.5647058823529412	0.5647058823529412
U	C4'_1	192.081	176.415	217.44	0.5647058823529412	0.5647058823529412	0.5647058823529412
U	O4'_1	191.699	177.762	217.04	1.0	0.050980392156862744	0.050980392156862744
U	C3'_1	192.558	176.58	218.878	0.5647058823529412	0.5647058823529412	0.5647058823529412
U	O3'_1	193.412	175.524	219.304	1.0	0.050980392156862744	0.050980392156862744
U	C2'_1	193.259	177.929	218.833	0.5647058823529412	0.5647058823529412	0.5647058823529412
U	O2'_1	194.553	177.854	218.267	1.0	0.050980392156862744	0.050980392156862744
U	C1'_1	192.324	178.708	217.902	0.5647058823529412	0.5647058823529412	0.5647058823529412
U	N1_1	191.279	179.449	218.633	0.18823529411764706	0.3137254901960784	0.9725490196078431
U	C2_1	191.576	180.739	219.055	0.5647058823529412	0.5647058823529412	0.5647058823529412
U	O2_1	192.65	181.283	218.839	1.0	0.050980392156862744	0.050980392156862744
U	N3_1	190.565	181.37	219.739	0.18823529411764706	0.3137254901960784	0.9725490196078431
U	C4_1	189.313	180.86	220.038	0.5647058823529412	0.5647058823529412	0.5647058823529412
U	O4_1	188.516	181.548	220.678	1.0	0.050980392156862744	0.050980392156862744
U	C5_1	189.081	179.528	219.564	0.5647058823529412	0.5647058823529412	0.5647058823529412
U	C6_1	190.043	178.886	218.898	0.5647058823529412	0.5647058823529412	0.5647058823529412
A	P_2	194.841	193.211	224.714	1.0	0.5019607843137255	0.0
A	OP1_2	193.529	193.349	225.403	1.0	0.050980392156862744	0.050980392156862744
A	OP2_2	196.081	193.659	225.401	1.0	0.050980392156862744	0.050980392156862744
A	O5'_2	195.029	191.674	224.32	1.0	0.050980392156862744	0.050980392156862744
A	C5'_2	194.623	191.18	223.019	0.5647058823529412	0.5647058823529412	0.5647058823529412
A	C4'_2	195.319	189.871	222.71	0.5647058823529412	0.5647058823529412	0.5647058823529412
A	O4'_2	194.702	188.785	223.464	1.0	0.050980392156862744	0.050980392156862744
A	C3'_2	195.197	189.408	221.265	0.5647058823529412	0.5647058823529412	0.5647058823529412
A	O3'_2	196.153	190.051	220.43	1.0	0.050980392156862744	0.050980392156862744
A	C2'_2	195.458	187.914	221.379	0.5647058823529412	0.5647058823529412	0.5647058823529412
A	O2'_2	196.836	187.618	221.519	1.0	0.050980392156862744	0.050980392156862744
A	C1'_2	194.734	187.588	222.688	0.5647058823529412	0.5647058823529412	0.5647058823529412
A	N9_2	193.36	187.119	222.48	0.18823529411764706	0.3137254901960784	0.9725490196078431
A	C8_2	192.189	187.735	222.866	0.5647058823529412	0.5647058823529412	0.5647058823529412
A	N7_2	191.106	187.054	222.569	0.18823529411764706	0.3137254901960784	0.9725490196078431
A	C5_2	191.589	185.914	221.936	0.5647058823529412	0.5647058823529412	0.5647058823529412
A	C6_2	190.938	184.781	221.392	0.5647058823529412	0.5647058823529412	0.5647058823529412
A	N6_2	189.607	184.61	221.403	0.18823529411764706	0.3137254901960784	0.9725490196078431
A	N1_2	191.712	183.818	220.836	0.18823529411764706	0.3137254901960784	0.9725490196078431
A	C2_2	193.045	183.988	220.832	0.5647058823529412	0.5647058823529412	0.5647058823529412
A	N3_2	193.772	185.004	221.313	0.18823529411764706	0.3137254901960784	0.9725490196078431
A	C4_2	192.976	185.945	221.862	0.5647058823529412	0.5647058823529412	0.5647058823529412
