A	P_1	182.341	204.042	263.716	1.0	0.5019607843137255	0.0
A	OP1_1	182.627	202.969	264.709	1.0	0.050980392156862744	0.050980392156862744
A	OP2_1	182.755	203.856	262.296	1.0	0.050980392156862744	0.050980392156862744
A	O5'_1	180.773	204.326	263.737	1.0	0.050980392156862744	0.050980392156862744
A	C5'_1	180.061	204.46	264.984	0.5647058823529412	0.5647058823529412	0.5647058823529412
A	C4'_1	178.596	204.716	264.725	0.5647058823529412	0.5647058823529412	0.5647058823529412
A	O4'_1	178.449	205.975	264.016	1.0	0.050980392156862744	0.050980392156862744
A	C3'_1	177.901	203.698	263.833	0.5647058823529412	0.5647058823529412	0.5647058823529412
A	O3'_1	177.479	202.553	264.578	1.0	0.050980392156862744	0.050980392156862744
A	C2'_1	176.731	204.499	263.274	0.5647058823529412	0.5647058823529412	0.5647058823529412
A	O2'_1	175.656	204.616	264.182	1.0	0.050980392156862744	0.050980392156862744
A	C1'_1	177.37	205.88	263.098	0.5647058823529412	0.5647058823529412	0.5647058823529412
A	N9_1	177.89	206.125	261.753	0.18823529411764706	0.3137254901960784	0.9725490196078431
A	C8_1	179.19	206.012	261.309	0.5647058823529412	0.5647058823529412	0.5647058823529412
A	N7_1	179.347	206.324	260.043	0.18823529411764706	0.3137254901960784	0.9725490196078431
A	C5_1	178.066	206.659	259.621	0.5647058823529412	0.5647058823529412	0.5647058823529412
A	C6_1	177.559	207.082	258.375	0.5647058823529412	0.5647058823529412	0.5647058823529412
A	N6_1	178.317	207.235	257.287	0.18823529411764706	0.3137254901960784	0.9725490196078431
A	N1_1	176.232	207.342	258.289	0.18823529411764706	0.3137254901960784	0.9725490196078431
A	C2_1	175.475	207.175	259.385	0.5647058823529412	0.5647058823529412	0.5647058823529412
A	N3_1	175.832	206.778	260.61	0.18823529411764706	0.3137254901960784	0.9725490196078431
A	C4_1	177.157	206.536	260.664	0.5647058823529412	0.5647058823529412	0.5647058823529412
U	P_2	172.106	211.918	249.789	1.0	0.5019607843137255	0.0
U	OP1_2	171.512	213.034	249.003	1.0	0.050980392156862744	0.050980392156862744
U	OP2_2	173.291	212.177	250.658	1.0	0.050980392156862744	0.050980392156862744
U	O5'_2	170.956	211.265	250.682	1.0	0.050980392156862744	0.050980392156862744
U	C5'_2	170.646	211.775	251.995	0.5647058823529412	0.5647058823529412	0.5647058823529412
U	C4'_2	170.192	210.646	252.89	0.5647058823529412	0.5647058823529412	0.5647058823529412
U	O4'_2	171.297	209.711	253.052	1.0	0.050980392156862744	0.050980392156862744
U	C3'_2	169.752	211.036	254.298	0.5647058823529412	0.5647058823529412	0.5647058823529412
U	O3'_2	168.66	210.216	254.713	1.0	0.050980392156862744	0.050980392156862744
U	C2'_2	171.0	210.764	255.138	0.5647058823529412	0.5647058823529412	0.5647058823529412
U	O2'_2	170.711	210.466	256.494	1.0	0.050980392156862744	0.050980392156862744
U	C1'_2	171.593	209.548	254.427	0.5647058823529412	0.5647058823529412	0.5647058823529412
U	N1_2	173.054	209.445	254.587	0.18823529411764706	0.3137254901960784	0.9725490196078431
U	C2_2	173.531	208.727	255.678	0.5647058823529412	0.5647058823529412	0.5647058823529412
U	O2_2	172.793	208.178	256.488	1.0	0.050980392156862744	0.050980392156862744
U	N3_2	174.9	208.674	255.782	0.18823529411764706	0.3137254901960784	0.9725490196078431
U	C4_2	175.823	209.255	254.929	0.5647058823529412	0.5647058823529412	0.5647058823529412
U	O4_2	177.026	209.139	255.17	1.0	0.050980392156862744	0.050980392156862744
U	C5_2	175.254	209.972	253.829	0.5647058823529412	0.5647058823529412	0.5647058823529412
U	C6_2	173.925	210.042	253.697	0.5647058823529412	0.5647058823529412	0.5647058823529412
