U	P_1	236.926	148.068	167.405	1.0	0.5019607843137255	0.0
U	OP1_1	238.238	148.475	168.01	1.0	0.050980392156862744	0.050980392156862744
U	OP2_1	236.477	146.653	167.524	1.0	0.050980392156862744	0.050980392156862744
U	O5'_1	235.782	149.011	168.011	1.0	0.050980392156862744	0.050980392156862744
U	C5'_1	236.043	150.414	168.279	0.5647058823529412	0.5647058823529412	0.5647058823529412
U	C4'_1	234.918	151.032	169.081	0.5647058823529412	0.5647058823529412	0.5647058823529412
U	O4'_1	233.699	151.028	168.297	1.0	0.050980392156862744	0.050980392156862744
U	C3'_1	234.531	150.338	170.379	0.5647058823529412	0.5647058823529412	0.5647058823529412
U	O3'_1	235.395	150.727	171.442	1.0	0.050980392156862744	0.050980392156862744
U	C2'_1	233.105	150.831	170.605	0.5647058823529412	0.5647058823529412	0.5647058823529412
U	O2'_1	233.049	152.11	171.205	1.0	0.050980392156862744	0.050980392156862744
U	C1'_1	232.581	150.919	169.166	0.5647058823529412	0.5647058823529412	0.5647058823529412
U	N1_1	231.742	149.791	168.73	0.18823529411764706	0.3137254901960784	0.9725490196078431
U	C2_1	230.419	149.767	169.158	0.5647058823529412	0.5647058823529412	0.5647058823529412
U	O2_1	229.943	150.611	169.905	1.0	0.050980392156862744	0.050980392156862744
U	N3_1	229.676	148.716	168.681	0.18823529411764706	0.3137254901960784	0.9725490196078431
U	C4_1	230.109	147.698	167.847	0.5647058823529412	0.5647058823529412	0.5647058823529412
U	O4_1	229.311	146.823	167.494	1.0	0.050980392156862744	0.050980392156862744
U	C5_1	231.49	147.783	167.465	0.5647058823529412	0.5647058823529412	0.5647058823529412
U	C6_1	232.239	148.798	167.911	0.5647058823529412	0.5647058823529412	0.5647058823529412
A	P_2	226.755	142.368	164.953	1.0	0.5019607843137255	0.0
A	OP1_2	225.93	141.583	163.986	1.0	0.050980392156862744	0.050980392156862744
A	OP2_2	227.782	143.318	164.444	1.0	0.050980392156862744	0.050980392156862744
A	O5'_2	225.757	143.175	165.899	1.0	0.050980392156862744	0.050980392156862744
A	C5'_2	226.228	143.743	167.129	0.5647058823529412	0.5647058823529412	0.5647058823529412
A	C4'_2	225.349	143.312	168.283	0.5647058823529412	0.5647058823529412	0.5647058823529412
A	O4'_2	226.138	143.27	169.501	1.0	0.050980392156862744	0.050980392156862744
A	C3'_2	224.131	144.185	168.583	0.5647058823529412	0.5647058823529412	0.5647058823529412
A	O3'_2	222.955	143.741	167.897	1.0	0.050980392156862744	0.050980392156862744
A	C2'_2	224.006	144.087	170.102	0.5647058823529412	0.5647058823529412	0.5647058823529412
A	O2'_2	223.334	142.916	170.534	1.0	0.050980392156862744	0.050980392156862744
A	C1'_2	225.481	144.006	170.515	0.5647058823529412	0.5647058823529412	0.5647058823529412
A	N9_2	226.178	145.287	170.65	0.18823529411764706	0.3137254901960784	0.9725490196078431
A	C8_2	227.203	145.758	169.863	0.5647058823529412	0.5647058823529412	0.5647058823529412
A	N7_2	227.679	146.914	170.256	0.18823529411764706	0.3137254901960784	0.9725490196078431
A	C5_2	226.909	147.234	171.369	0.5647058823529412	0.5647058823529412	0.5647058823529412
A	C6_2	226.929	148.334	172.249	0.5647058823529412	0.5647058823529412	0.5647058823529412
A	N6_2	227.797	149.348	172.15	0.18823529411764706	0.3137254901960784	0.9725490196078431
A	N1_2	226.023	148.355	173.248	0.18823529411764706	0.3137254901960784	0.9725490196078431
A	C2_2	225.17	147.33	173.356	0.5647058823529412	0.5647058823529412	0.5647058823529412
A	N3_2	225.06	146.234	172.598	0.18823529411764706	0.3137254901960784	0.9725490196078431
A	C4_2	225.97	146.249	171.611	0.5647058823529412	0.5647058823529412	0.5647058823529412
