A	P_1	120.971	198.534	220.029	1.0	0.5019607843137255	0.0
A	OP1_1	120.15	199.532	220.769	1.0	0.050980392156862744	0.050980392156862744
A	OP2_1	120.951	198.528	218.539	1.0	0.050980392156862744	0.050980392156862744
A	O5'_1	122.47	198.699	220.545	1.0	0.050980392156862744	0.050980392156862744
A	C5'_1	123.598	198.511	219.664	0.5647058823529412	0.5647058823529412	0.5647058823529412
A	C4'_1	124.844	198.198	220.469	0.5647058823529412	0.5647058823529412	0.5647058823529412
A	O4'_1	124.908	199.113	221.601	1.0	0.050980392156862744	0.050980392156862744
A	C3'_1	124.901	196.817	221.106	0.5647058823529412	0.5647058823529412	0.5647058823529412
A	O3'_1	125.396	195.843	220.183	1.0	0.050980392156862744	0.050980392156862744
A	C2'_1	125.846	197.037	222.283	0.5647058823529412	0.5647058823529412	0.5647058823529412
A	O2'_1	127.212	197.044	221.91	1.0	0.050980392156862744	0.050980392156862744
A	C1'_1	125.436	198.442	222.736	0.5647058823529412	0.5647058823529412	0.5647058823529412
A	N9_1	124.422	198.452	223.797	0.18823529411764706	0.3137254901960784	0.9725490196078431
A	C8_1	123.057	198.592	223.662	0.5647058823529412	0.5647058823529412	0.5647058823529412
A	N7_1	122.407	198.563	224.801	0.18823529411764706	0.3137254901960784	0.9725490196078431
A	C5_1	123.406	198.395	225.752	0.5647058823529412	0.5647058823529412	0.5647058823529412
A	C6_1	123.367	198.295	227.153	0.5647058823529412	0.5647058823529412	0.5647058823529412
A	N6_1	122.239	198.355	227.868	0.18823529411764706	0.3137254901960784	0.9725490196078431
A	N1_1	124.542	198.129	227.805	0.18823529411764706	0.3137254901960784	0.9725490196078431
A	C2_1	125.674	198.071	227.085	0.5647058823529412	0.5647058823529412	0.5647058823529412
A	N3_1	125.839	198.158	225.764	0.18823529411764706	0.3137254901960784	0.9725490196078431
A	C4_1	124.652	198.321	225.149	0.5647058823529412	0.5647058823529412	0.5647058823529412
U	P_2	125.382	198.133	237.905	1.0	0.5019607843137255	0.0
U	OP1_2	125.958	198.851	239.075	1.0	0.050980392156862744	0.050980392156862744
U	OP2_2	124.006	198.467	237.441	1.0	0.050980392156862744	0.050980392156862744
U	O5'_2	126.387	198.335	236.684	1.0	0.050980392156862744	0.050980392156862744
U	C5'_2	127.736	197.84	236.758	0.5647058823529412	0.5647058823529412	0.5647058823529412
U	C4'_2	128.506	198.187	235.503	0.5647058823529412	0.5647058823529412	0.5647058823529412
U	O4'_2	127.872	197.559	234.35	1.0	0.050980392156862744	0.050980392156862744
U	C3'_2	128.634	199.672	235.167	0.5647058823529412	0.5647058823529412	0.5647058823529412
U	O3'_2	129.931	199.928	234.635	1.0	0.050980392156862744	0.050980392156862744
U	C2'_2	127.562	199.876	234.098	0.5647058823529412	0.5647058823529412	0.5647058823529412
U	O2'_2	127.845	200.953	233.226	1.0	0.050980392156862744	0.050980392156862744
U	C1'_2	127.608	198.537	233.36	0.5647058823529412	0.5647058823529412	0.5647058823529412
U	N1_2	126.358	198.185	232.663	0.18823529411764706	0.3137254901960784	0.9725490196078431
U	C2_2	126.37	198.208	231.273	0.5647058823529412	0.5647058823529412	0.5647058823529412
U	O2_2	127.367	198.476	230.62	1.0	0.050980392156862744	0.050980392156862744
U	N3_2	125.17	197.905	230.677	0.18823529411764706	0.3137254901960784	0.9725490196078431
U	C4_2	123.985	197.58	231.308	0.5647058823529412	0.5647058823529412	0.5647058823529412
U	O4_2	122.981	197.363	230.629	1.0	0.050980392156862744	0.050980392156862744
U	C5_2	124.053	197.556	232.74	0.5647058823529412	0.5647058823529412	0.5647058823529412
U	C6_2	125.206	197.852	233.354	0.5647058823529412	0.5647058823529412	0.5647058823529412
