A	P_1	198.799	160.909	245.746	1.0	0.5019607843137255	0.0
A	OP1_1	197.767	160.596	246.779	1.0	0.050980392156862744	0.050980392156862744
A	OP2_1	199.834	161.943	246.029	1.0	0.050980392156862744	0.050980392156862744
A	O5'_1	199.538	159.553	245.342	1.0	0.050980392156862744	0.050980392156862744
A	C5'_1	198.805	158.317	245.218	0.5647058823529412	0.5647058823529412	0.5647058823529412
A	C4'_1	199.758	157.167	244.973	0.5647058823529412	0.5647058823529412	0.5647058823529412
A	O4'_1	200.389	157.332	243.674	1.0	0.050980392156862744	0.050980392156862744
A	C3'_1	200.928	157.046	245.943	0.5647058823529412	0.5647058823529412	0.5647058823529412
A	O3'_1	200.56	156.382	247.156	1.0	0.050980392156862744	0.050980392156862744
A	C2'_1	201.952	156.264	245.125	0.5647058823529412	0.5647058823529412	0.5647058823529412
A	O2'_1	201.704	154.872	245.099	1.0	0.050980392156862744	0.050980392156862744
A	C1'_1	201.726	156.849	243.726	0.5647058823529412	0.5647058823529412	0.5647058823529412
A	N9_1	202.631	157.956	243.407	0.18823529411764706	0.3137254901960784	0.9725490196078431
A	C8_1	202.403	159.306	243.574	0.5647058823529412	0.5647058823529412	0.5647058823529412
A	N7_1	203.411	160.065	243.208	0.18823529411764706	0.3137254901960784	0.9725490196078431
A	C5_1	204.369	159.159	242.769	0.5647058823529412	0.5647058823529412	0.5647058823529412
A	C6_1	205.674	159.336	242.255	0.5647058823529412	0.5647058823529412	0.5647058823529412
A	N6_1	206.257	160.531	242.109	0.18823529411764706	0.3137254901960784	0.9725490196078431
A	N1_1	206.365	158.225	241.899	0.18823529411764706	0.3137254901960784	0.9725490196078431
A	C2_1	205.776	157.023	242.065	0.5647058823529412	0.5647058823529412	0.5647058823529412
A	N3_1	204.561	156.731	242.543	0.18823529411764706	0.3137254901960784	0.9725490196078431
A	C4_1	203.9	157.855	242.88	0.5647058823529412	0.5647058823529412	0.5647058823529412
U	P_2	215.52	160.118	238.85	1.0	0.5019607843137255	0.0
U	OP1_2	216.597	159.613	237.944	1.0	0.050980392156862744	0.050980392156862744
U	OP2_2	214.657	161.257	238.408	1.0	0.050980392156862744	0.050980392156862744
U	O5'_2	214.565	158.9	239.224	1.0	0.050980392156862744	0.050980392156862744
U	C5'_2	215.105	157.601	239.505	0.5647058823529412	0.5647058823529412	0.5647058823529412
U	C4'_2	213.985	156.618	239.736	0.5647058823529412	0.5647058823529412	0.5647058823529412
U	O4'_2	213.277	156.973	240.952	1.0	0.050980392156862744	0.050980392156862744
U	C3'_2	212.905	156.6	238.667	0.5647058823529412	0.5647058823529412	0.5647058823529412
U	O3'_2	213.287	155.815	237.544	1.0	0.050980392156862744	0.050980392156862744
U	C2'_2	211.708	156.036	239.421	0.5647058823529412	0.5647058823529412	0.5647058823529412
U	O2'_2	211.738	154.63	239.559	1.0	0.050980392156862744	0.050980392156862744
U	C1'_2	211.894	156.687	240.796	0.5647058823529412	0.5647058823529412	0.5647058823529412
U	N1_2	211.133	157.936	240.971	0.18823529411764706	0.3137254901960784	0.9725490196078431
U	C2_2	209.861	157.842	241.532	0.5647058823529412	0.5647058823529412	0.5647058823529412
U	O2_2	209.356	156.774	241.864	1.0	0.050980392156862744	0.050980392156862744
U	N3_2	209.206	159.041	241.688	0.18823529411764706	0.3137254901960784	0.9725490196078431
U	C4_2	209.674	160.295	241.35	0.5647058823529412	0.5647058823529412	0.5647058823529412
U	O4_2	208.976	161.28	241.585	1.0	0.050980392156862744	0.050980392156862744
U	C5_2	210.987	160.312	240.769	0.5647058823529412	0.5647058823529412	0.5647058823529412
U	C6_2	211.655	159.162	240.602	0.5647058823529412	0.5647058823529412	0.5647058823529412
