A	P_1	142.005	175.658	201.6	1.0	0.5019607843137255	0.0
A	OP1_1	141.624	174.217	201.55	1.0	0.050980392156862744	0.050980392156862744
A	OP2_1	143.165	176.083	202.434	1.0	0.050980392156862744	0.050980392156862744
A	O5'_1	142.258	176.168	200.108	1.0	0.050980392156862744	0.050980392156862744
A	C5'_1	141.236	176.036	199.101	0.5647058823529412	0.5647058823529412	0.5647058823529412
A	C4'_1	141.591	176.836	197.862	0.5647058823529412	0.5647058823529412	0.5647058823529412
A	O4'_1	141.714	178.247	198.189	1.0	0.050980392156862744	0.050980392156862744
A	C3'_1	142.911	176.522	197.174	0.5647058823529412	0.5647058823529412	0.5647058823529412
A	O3'_1	142.827	175.335	196.38	1.0	0.050980392156862744	0.050980392156862744
A	C2'_1	143.121	177.774	196.327	0.5647058823529412	0.5647058823529412	0.5647058823529412
A	O2'_1	142.344	177.788	195.149	1.0	0.050980392156862744	0.050980392156862744
A	C1'_1	142.606	178.865	197.27	0.5647058823529412	0.5647058823529412	0.5647058823529412
A	N9_1	143.677	179.535	198.012	0.18823529411764706	0.3137254901960784	0.9725490196078431
A	C8_1	144.028	179.391	199.335	0.5647058823529412	0.5647058823529412	0.5647058823529412
A	N7_1	145.046	180.136	199.697	0.18823529411764706	0.3137254901960784	0.9725490196078431
A	C5_1	145.39	180.817	198.535	0.5647058823529412	0.5647058823529412	0.5647058823529412
A	C6_1	146.396	181.761	198.253	0.5647058823529412	0.5647058823529412	0.5647058823529412
A	N6_1	147.279	182.195	199.156	0.18823529411764706	0.3137254901960784	0.9725490196078431
A	N1_1	146.465	182.249	196.994	0.18823529411764706	0.3137254901960784	0.9725490196078431
A	C2_1	145.586	181.805	196.087	0.5647058823529412	0.5647058823529412	0.5647058823529412
A	N3_1	144.599	180.919	196.229	0.18823529411764706	0.3137254901960784	0.9725490196078431
A	C4_1	144.554	180.459	197.492	0.5647058823529412	0.5647058823529412	0.5647058823529412
U	P_2	151.193	191.593	196.633	1.0	0.5019607843137255	0.0
U	OP1_2	151.052	192.983	196.105	1.0	0.050980392156862744	0.050980392156862744
U	OP2_2	150.727	191.284	198.012	1.0	0.050980392156862744	0.050980392156862744
U	O5'_2	150.467	190.595	195.618	1.0	0.050980392156862744	0.050980392156862744
U	C5'_2	150.766	190.625	194.206	0.5647058823529412	0.5647058823529412	0.5647058823529412
U	C4'_2	150.004	189.541	193.473	0.5647058823529412	0.5647058823529412	0.5647058823529412
U	O4'_2	150.48	188.229	193.877	1.0	0.050980392156862744	0.050980392156862744
U	C3'_2	148.506	189.471	193.724	0.5647058823529412	0.5647058823529412	0.5647058823529412
U	O3'_2	147.793	190.445	192.965	1.0	0.050980392156862744	0.050980392156862744
U	C2'_2	148.177	188.049	193.284	0.5647058823529412	0.5647058823529412	0.5647058823529412
U	O2'_2	148.073	187.911	191.881	1.0	0.050980392156862744	0.050980392156862744
U	C1'_2	149.414	187.291	193.772	0.5647058823529412	0.5647058823529412	0.5647058823529412
U	N1_2	149.212	186.633	195.073	0.18823529411764706	0.3137254901960784	0.9725490196078431
U	C2_2	148.63	185.367	195.073	0.5647058823529412	0.5647058823529412	0.5647058823529412
U	O2_2	148.292	184.784	194.051	1.0	0.050980392156862744	0.050980392156862744
U	N3_2	148.462	184.811	196.317	0.18823529411764706	0.3137254901960784	0.9725490196078431
U	C4_2	148.807	185.372	197.535	0.5647058823529412	0.5647058823529412	0.5647058823529412
U	O4_2	148.588	184.745	198.57	1.0	0.050980392156862744	0.050980392156862744
U	C5_2	149.402	186.674	197.453	0.5647058823529412	0.5647058823529412	0.5647058823529412
U	C6_2	149.58	187.245	196.257	0.5647058823529412	0.5647058823529412	0.5647058823529412
