U	P_1	243.181	255.097	204.693	1.0	0.5019607843137255	0.0
U	OP1_1	244.595	254.919	205.147	1.0	0.050980392156862744	0.050980392156862744
U	OP2_1	242.065	254.821	205.645	1.0	0.050980392156862744	0.050980392156862744
U	O5'_1	243.005	256.591	204.158	1.0	0.050980392156862744	0.050980392156862744
U	C5'_1	244.094	257.291	203.521	0.5647058823529412	0.5647058823529412	0.5647058823529412
U	C4'_1	243.72	258.741	203.292	0.5647058823529412	0.5647058823529412	0.5647058823529412
U	O4'_1	242.589	258.811	202.379	1.0	0.050980392156862744	0.050980392156862744
U	C3'_1	243.246	259.498	204.524	0.5647058823529412	0.5647058823529412	0.5647058823529412
U	O3'_1	244.332	259.977	205.305	1.0	0.050980392156862744	0.050980392156862744
U	C2'_1	242.41	260.62	203.919	0.5647058823529412	0.5647058823529412	0.5647058823529412
U	O2'_1	243.19	261.69	203.426	1.0	0.050980392156862744	0.050980392156862744
U	C1'_1	241.745	259.896	202.745	0.5647058823529412	0.5647058823529412	0.5647058823529412
U	N1_1	240.404	259.372	203.06	0.18823529411764706	0.3137254901960784	0.9725490196078431
U	C2_1	239.309	260.146	202.697	0.5647058823529412	0.5647058823529412	0.5647058823529412
U	O2_1	239.414	261.228	202.134	1.0	0.050980392156862744	0.050980392156862744
U	N3_1	238.087	259.608	203.023	0.18823529411764706	0.3137254901960784	0.9725490196078431
U	C4_1	237.849	258.406	203.664	0.5647058823529412	0.5647058823529412	0.5647058823529412
U	O4_1	236.694	258.087	203.941	1.0	0.050980392156862744	0.050980392156862744
U	C5_1	239.026	257.662	203.997	0.5647058823529412	0.5647058823529412	0.5647058823529412
U	C6_1	240.233	258.156	203.694	0.5647058823529412	0.5647058823529412	0.5647058823529412
A	P_2	227.939	265.36	203.258	1.0	0.5019607843137255	0.0
A	OP1_2	227.113	266.414	202.602	1.0	0.050980392156862744	0.050980392156862744
A	OP2_2	227.715	263.932	202.911	1.0	0.050980392156862744	0.050980392156862744
A	O5'_2	229.476	265.704	203.002	1.0	0.050980392156862744	0.050980392156862744
A	C5'_2	229.945	267.07	203.013	0.5647058823529412	0.5647058823529412	0.5647058823529412
A	C4'_2	231.436	267.12	202.741	0.5647058823529412	0.5647058823529412	0.5647058823529412
A	O4'_2	232.161	266.48	203.828	1.0	0.050980392156862744	0.050980392156862744
A	C3'_2	231.932	266.393	201.497	0.5647058823529412	0.5647058823529412	0.5647058823529412
A	O3'_2	231.748	267.158	200.306	1.0	0.050980392156862744	0.050980392156862744
A	C2'_2	233.406	266.172	201.822	0.5647058823529412	0.5647058823529412	0.5647058823529412
A	O2'_2	234.199	267.327	201.635	1.0	0.050980392156862744	0.050980392156862744
A	C1'_2	233.331	265.849	203.316	0.5647058823529412	0.5647058823529412	0.5647058823529412
A	N9_2	233.226	264.409	203.564	0.18823529411764706	0.3137254901960784	0.9725490196078431
A	C8_2	232.104	263.69	203.91	0.5647058823529412	0.5647058823529412	0.5647058823529412
A	N7_2	232.321	262.405	204.056	0.18823529411764706	0.3137254901960784	0.9725490196078431
A	C5_2	233.676	262.265	203.789	0.5647058823529412	0.5647058823529412	0.5647058823529412
A	C6_2	234.519	261.144	203.775	0.5647058823529412	0.5647058823529412	0.5647058823529412
A	N6_2	234.099	259.907	204.045	0.18823529411764706	0.3137254901960784	0.9725490196078431
A	N1_2	235.823	261.34	203.471	0.18823529411764706	0.3137254901960784	0.9725490196078431
A	C2_2	236.235	262.588	203.197	0.5647058823529412	0.5647058823529412	0.5647058823529412
A	N3_2	235.535	263.723	203.175	0.18823529411764706	0.3137254901960784	0.9725490196078431
A	C4_2	234.247	263.491	203.485	0.5647058823529412	0.5647058823529412	0.5647058823529412
