A	P_1	250.987	122.074	223.348	1.0	0.5019607843137255	0.0
A	OP1_1	252.335	121.492	223.102	1.0	0.050980392156862744	0.050980392156862744
A	OP2_1	250.141	121.533	224.448	1.0	0.050980392156862744	0.050980392156862744
A	O5'_1	251.175	123.637	223.589	1.0	0.050980392156862744	0.050980392156862744
A	C5'_1	251.951	124.438	222.675	0.5647058823529412	0.5647058823529412	0.5647058823529412
A	C4'_1	251.749	125.906	222.972	0.5647058823529412	0.5647058823529412	0.5647058823529412
A	O4'_1	250.358	126.26	222.748	1.0	0.050980392156862744	0.050980392156862744
A	C3'_1	252.022	126.324	224.41	0.5647058823529412	0.5647058823529412	0.5647058823529412
A	O3'_1	253.42	126.548	224.616	1.0	0.050980392156862744	0.050980392156862744
A	C2'_1	251.191	127.598	224.534	0.5647058823529412	0.5647058823529412	0.5647058823529412
A	O2'_1	251.815	128.719	223.939	1.0	0.050980392156862744	0.050980392156862744
A	C1'_1	249.96	127.24	223.695	0.5647058823529412	0.5647058823529412	0.5647058823529412
A	N9_1	248.849	126.697	224.477	0.18823529411764706	0.3137254901960784	0.9725490196078431
A	C8_1	248.449	125.382	224.575	0.5647058823529412	0.5647058823529412	0.5647058823529412
A	N7_1	247.409	125.202	225.358	0.18823529411764706	0.3137254901960784	0.9725490196078431
A	C5_1	247.104	126.481	225.807	0.5647058823529412	0.5647058823529412	0.5647058823529412
A	C6_1	246.102	126.966	226.666	0.5647058823529412	0.5647058823529412	0.5647058823529412
A	N6_1	245.188	126.187	227.251	0.18823529411764706	0.3137254901960784	0.9725490196078431
A	N1_1	246.071	128.296	226.907	0.18823529411764706	0.3137254901960784	0.9725490196078431
A	C2_1	246.989	129.076	226.32	0.5647058823529412	0.5647058823529412	0.5647058823529412
A	N3_1	247.98	128.739	225.492	0.18823529411764706	0.3137254901960784	0.9725490196078431
A	C4_1	247.982	127.412	225.272	0.5647058823529412	0.5647058823529412	0.5647058823529412
U	P_2	239.056	133.734	230.442	1.0	0.5019607843137255	0.0
U	OP1_2	238.17	134.92	230.269	1.0	0.050980392156862744	0.050980392156862744
U	OP2_2	238.677	132.439	229.817	1.0	0.050980392156862744	0.050980392156862744
U	O5'_2	240.52	134.122	229.938	1.0	0.050980392156862744	0.050980392156862744
U	C5'_2	241.067	135.438	230.178	0.5647058823529412	0.5647058823529412	0.5647058823529412
U	C4'_2	242.42	135.573	229.515	0.5647058823529412	0.5647058823529412	0.5647058823529412
U	O4'_2	243.332	134.603	230.094	1.0	0.050980392156862744	0.050980392156862744
U	C3'_2	242.467	135.303	228.017	0.5647058823529412	0.5647058823529412	0.5647058823529412
U	O3'_2	242.123	136.478	227.275	1.0	0.050980392156862744	0.050980392156862744
U	C2'_2	243.921	134.892	227.803	0.5647058823529412	0.5647058823529412	0.5647058823529412
U	O2'_2	244.802	135.997	227.73	1.0	0.050980392156862744	0.050980392156862744
U	C1'_2	244.219	134.123	229.095	0.5647058823529412	0.5647058823529412	0.5647058823529412
U	N1_2	244.072	132.661	228.998	0.18823529411764706	0.3137254901960784	0.9725490196078431
U	C2_2	245.161	131.919	228.548	0.5647058823529412	0.5647058823529412	0.5647058823529412
U	O2_2	246.226	132.423	228.226	1.0	0.050980392156862744	0.050980392156862744
U	N3_2	244.95	130.563	228.49	0.18823529411764706	0.3137254901960784	0.9725490196078431
U	C4_2	243.79	129.885	228.827	0.5647058823529412	0.5647058823529412	0.5647058823529412
U	O4_2	243.75	128.661	228.713	1.0	0.050980392156862744	0.050980392156862744
U	C5_2	242.719	130.716	229.279	0.5647058823529412	0.5647058823529412	0.5647058823529412
U	C6_2	242.89	132.04	229.347	0.5647058823529412	0.5647058823529412	0.5647058823529412
