A	P_1	200.516	157.629	267.684	1.0	0.5019607843137255	0.0
A	OP1_1	201.186	156.329	267.968	1.0	0.050980392156862744	0.050980392156862744
A	OP2_1	199.892	157.858	266.349	1.0	0.050980392156862744	0.050980392156862744
A	O5'_1	199.419	157.871	268.817	1.0	0.050980392156862744	0.050980392156862744
A	C5'_1	198.125	158.431	268.508	0.5647058823529412	0.5647058823529412	0.5647058823529412
A	C4'_1	198.025	159.84	269.052	0.5647058823529412	0.5647058823529412	0.5647058823529412
A	O4'_1	198.803	160.735	268.214	1.0	0.050980392156862744	0.050980392156862744
A	C3'_1	196.625	160.433	269.043	0.5647058823529412	0.5647058823529412	0.5647058823529412
A	O3'_1	195.936	160.056	270.236	1.0	0.050980392156862744	0.050980392156862744
A	C2'_1	196.898	161.935	269.004	0.5647058823529412	0.5647058823529412	0.5647058823529412
A	O2'_1	197.217	162.479	270.268	1.0	0.050980392156862744	0.050980392156862744
A	C1'_1	198.155	161.995	268.132	0.5647058823529412	0.5647058823529412	0.5647058823529412
A	N9_1	197.941	162.321	266.718	0.18823529411764706	0.3137254901960784	0.9725490196078431
A	C8_1	198.494	161.683	265.629	0.5647058823529412	0.5647058823529412	0.5647058823529412
A	N7_1	198.163	162.217	264.478	0.18823529411764706	0.3137254901960784	0.9725490196078431
A	C5_1	197.33	163.272	264.825	0.5647058823529412	0.5647058823529412	0.5647058823529412
A	C6_1	196.656	164.231	264.051	0.5647058823529412	0.5647058823529412	0.5647058823529412
A	N6_1	196.725	164.278	262.716	0.18823529411764706	0.3137254901960784	0.9725490196078431
A	N1_1	195.905	165.147	264.7	0.18823529411764706	0.3137254901960784	0.9725490196078431
A	C2_1	195.845	165.093	266.04	0.5647058823529412	0.5647058823529412	0.5647058823529412
A	N3_1	196.435	164.24	266.88	0.18823529411764706	0.3137254901960784	0.9725490196078431
A	C4_1	197.174	163.343	266.201	0.5647058823529412	0.5647058823529412	0.5647058823529412
U	P_2	192.853	172.229	258.641	1.0	0.5019607843137255	0.0
U	OP1_2	192.684	173.702	258.477	1.0	0.050980392156862744	0.050980392156862744
U	OP2_2	194.05	171.556	258.064	1.0	0.050980392156862744	0.050980392156862744
U	O5'_2	192.801	171.901	260.197	1.0	0.050980392156862744	0.050980392156862744
U	C5'_2	191.783	172.471	261.047	0.5647058823529412	0.5647058823529412	0.5647058823529412
U	C4'_2	191.956	171.969	262.456	0.5647058823529412	0.5647058823529412	0.5647058823529412
U	O4'_2	191.668	170.545	262.5	1.0	0.050980392156862744	0.050980392156862744
U	C3'_2	193.373	172.08	262.993	0.5647058823529412	0.5647058823529412	0.5647058823529412
U	O3'_2	193.65	173.383	263.49	1.0	0.050980392156862744	0.050980392156862744
U	C2'_2	193.4	171.002	264.066	0.5647058823529412	0.5647058823529412	0.5647058823529412
U	O2'_2	192.784	171.41	265.269	1.0	0.050980392156862744	0.050980392156862744
U	C1'_2	192.557	169.908	263.405	0.5647058823529412	0.5647058823529412	0.5647058823529412
U	N1_2	193.357	168.918	262.665	0.18823529411764706	0.3137254901960784	0.9725490196078431
U	C2_2	193.81	167.803	263.355	0.5647058823529412	0.5647058823529412	0.5647058823529412
U	O2_2	193.562	167.598	264.535	1.0	0.050980392156862744	0.050980392156862744
U	N3_2	194.564	166.933	262.605	0.18823529411764706	0.3137254901960784	0.9725490196078431
U	C4_2	194.902	167.057	261.271	0.5647058823529412	0.5647058823529412	0.5647058823529412
U	O4_2	195.631	166.214	260.755	1.0	0.050980392156862744	0.050980392156862744
U	C5_2	194.39	168.224	260.629	0.5647058823529412	0.5647058823529412	0.5647058823529412
U	C6_2	193.655	169.093	261.328	0.5647058823529412	0.5647058823529412	0.5647058823529412
