A	P_1	188.25	261.558	177.995	1.0	0.5019607843137255	0.0
A	OP1_1	189.668	261.36	178.412	1.0	0.050980392156862744	0.050980392156862744
A	OP2_1	187.541	262.817	178.369	1.0	0.050980392156862744	0.050980392156862744
A	O5'_1	188.181	261.393	176.41	1.0	0.050980392156862744	0.050980392156862744
A	C5'_1	188.895	260.33	175.741	0.5647058823529412	0.5647058823529412	0.5647058823529412
A	C4'_1	188.507	260.271	174.276	0.5647058823529412	0.5647058823529412	0.5647058823529412
A	O4'_1	187.099	259.923	174.149	1.0	0.050980392156862744	0.050980392156862744
A	C3'_1	188.636	261.571	173.496	0.5647058823529412	0.5647058823529412	0.5647058823529412
A	O3'_1	189.982	261.806	173.083	1.0	0.050980392156862744	0.050980392156862744
A	C2'_1	187.676	261.347	172.329	0.5647058823529412	0.5647058823529412	0.5647058823529412
A	O2'_1	188.213	260.531	171.306	1.0	0.050980392156862744	0.050980392156862744
A	C1'_1	186.538	260.589	173.022	0.5647058823529412	0.5647058823529412	0.5647058823529412
A	N9_1	185.466	261.47	173.491	0.18823529411764706	0.3137254901960784	0.9725490196078431
A	C8_1	185.215	261.884	174.779	0.5647058823529412	0.5647058823529412	0.5647058823529412
A	N7_1	184.196	262.702	174.885	0.18823529411764706	0.3137254901960784	0.9725490196078431
A	C5_1	183.741	262.837	173.582	0.5647058823529412	0.5647058823529412	0.5647058823529412
A	C6_1	182.69	263.585	173.024	0.5647058823529412	0.5647058823529412	0.5647058823529412
A	N6_1	181.887	264.376	173.739	0.18823529411764706	0.3137254901960784	0.9725490196078431
A	N1_1	182.492	263.496	171.689	0.18823529411764706	0.3137254901960784	0.9725490196078431
A	C2_1	183.309	262.713	170.971	0.5647058823529412	0.5647058823529412	0.5647058823529412
A	N3_1	184.338	261.966	171.38	0.18823529411764706	0.3137254901960784	0.9725490196078431
A	C4_1	184.504	262.073	172.713	0.5647058823529412	0.5647058823529412	0.5647058823529412
U	P_2	174.261	267.794	166.837	1.0	0.5019607843137255	0.0
U	OP1_2	173.382	267.358	165.715	1.0	0.050980392156862744	0.050980392156862744
U	OP2_2	173.802	267.615	168.242	1.0	0.050980392156862744	0.050980392156862744
U	O5'_2	175.68	267.083	166.681	1.0	0.050980392156862744	0.050980392156862744
U	C5'_2	176.335	267.017	165.398	0.5647058823529412	0.5647058823529412	0.5647058823529412
U	C4'_2	177.489	266.039	165.44	0.5647058823529412	0.5647058823529412	0.5647058823529412
U	O4'_2	178.581	266.582	166.229	1.0	0.050980392156862744	0.050980392156862744
U	C3'_2	177.212	264.689	166.088	0.5647058823529412	0.5647058823529412	0.5647058823529412
U	O3'_2	176.521	263.813	165.2	1.0	0.050980392156862744	0.050980392156862744
U	C2'_2	178.619	264.203	166.418	0.5647058823529412	0.5647058823529412	0.5647058823529412
U	O2'_2	179.296	263.667	165.299	1.0	0.050980392156862744	0.050980392156862744
U	C1'_2	179.301	265.513	166.833	0.5647058823529412	0.5647058823529412	0.5647058823529412
U	N1_2	179.356	265.726	168.29	0.18823529411764706	0.3137254901960784	0.9725490196078431
U	C2_2	180.361	265.081	169.003	0.5647058823529412	0.5647058823529412	0.5647058823529412
U	O2_2	181.2	264.356	168.478	1.0	0.050980392156862744	0.050980392156862744
U	N3_2	180.354	265.321	170.358	0.18823529411764706	0.3137254901960784	0.9725490196078431
U	C4_2	179.467	266.119	171.059	0.5647058823529412	0.5647058823529412	0.5647058823529412
U	O4_2	179.573	266.208	172.28	1.0	0.050980392156862744	0.050980392156862744
U	C5_2	178.465	266.753	170.254	0.5647058823529412	0.5647058823529412	0.5647058823529412
U	C6_2	178.444	266.54	168.935	0.5647058823529412	0.5647058823529412	0.5647058823529412
