A	P_1	267.961	211.775	223.926	1.0	0.5019607843137255	0.0
A	OP1_1	266.948	211.334	224.935	1.0	0.050980392156862744	0.050980392156862744
A	OP2_1	267.502	212.22	222.57	1.0	0.050980392156862744	0.050980392156862744
A	O5'_1	268.86	212.932	224.559	1.0	0.050980392156862744	0.050980392156862744
A	C5'_1	268.363	213.793	225.602	0.5647058823529412	0.5647058823529412	0.5647058823529412
A	C4'_1	269.145	213.564	226.876	0.5647058823529412	0.5647058823529412	0.5647058823529412
A	O4'_1	270.558	213.649	226.596	1.0	0.050980392156862744	0.050980392156862744
A	C3'_1	268.999	214.608	227.978	0.5647058823529412	0.5647058823529412	0.5647058823529412
A	O3'_1	267.806	214.372	228.739	1.0	0.050980392156862744	0.050980392156862744
A	C2'_1	270.245	214.355	228.842	0.5647058823529412	0.5647058823529412	0.5647058823529412
A	O2'_1	270.032	213.395	229.851	1.0	0.050980392156862744	0.050980392156862744
A	C1'_1	271.221	213.734	227.833	0.5647058823529412	0.5647058823529412	0.5647058823529412
A	N9_1	272.556	214.313	227.664	0.18823529411764706	0.3137254901960784	0.9725490196078431
A	C8_1	272.95	215.533	227.161	0.5647058823529412	0.5647058823529412	0.5647058823529412
A	N7_1	274.257	215.711	227.171	0.18823529411764706	0.3137254901960784	0.9725490196078431
A	C5_1	274.753	214.531	227.716	0.5647058823529412	0.5647058823529412	0.5647058823529412
A	C6_1	276.066	214.086	228.005	0.5647058823529412	0.5647058823529412	0.5647058823529412
A	N6_1	277.164	214.815	227.791	0.18823529411764706	0.3137254901960784	0.9725490196078431
A	N1_1	276.206	212.849	228.536	0.18823529411764706	0.3137254901960784	0.9725490196078431
A	C2_1	275.101	212.118	228.766	0.5647058823529412	0.5647058823529412	0.5647058823529412
A	N3_1	273.821	212.429	228.55	0.18823529411764706	0.3137254901960784	0.9725490196078431
A	C4_1	273.715	213.66	228.018	0.5647058823529412	0.5647058823529412	0.5647058823529412
U	P_2	278.054	224.467	223.631	1.0	0.5019607843137255	0.0
U	OP1_2	279.09	225.136	222.794	1.0	0.050980392156862744	0.050980392156862744
U	OP2_2	276.637	224.462	223.178	1.0	0.050980392156862744	0.050980392156862744
U	O5'_2	278.511	222.959	223.869	1.0	0.050980392156862744	0.050980392156862744
U	C5'_2	279.84	222.656	224.344	0.5647058823529412	0.5647058823529412	0.5647058823529412
U	C4'_2	279.985	221.173	224.606	0.5647058823529412	0.5647058823529412	0.5647058823529412
U	O4'_2	279.113	220.778	225.694	1.0	0.050980392156862744	0.050980392156862744
U	C3'_2	279.613	220.24	223.463	0.5647058823529412	0.5647058823529412	0.5647058823529412
U	O3'_2	280.701	220.122	222.541	1.0	0.050980392156862744	0.050980392156862744
U	C2'_2	279.321	218.931	224.192	0.5647058823529412	0.5647058823529412	0.5647058823529412
U	O2'_2	280.488	218.21	224.534	1.0	0.050980392156862744	0.050980392156862744
U	C1'_2	278.681	219.441	225.488	0.5647058823529412	0.5647058823529412	0.5647058823529412
U	N1_2	277.212	219.414	225.512	0.18823529411764706	0.3137254901960784	0.9725490196078431
U	C2_2	276.596	218.404	226.239	0.5647058823529412	0.5647058823529412	0.5647058823529412
U	O2_2	277.217	217.536	226.843	1.0	0.050980392156862744	0.050980392156862744
U	N3_2	275.224	218.447	226.233	0.18823529411764706	0.3137254901960784	0.9725490196078431
U	C4_2	274.421	219.375	225.594	0.5647058823529412	0.5647058823529412	0.5647058823529412
U	O4_2	273.198	219.295	225.705	1.0	0.050980392156862744	0.050980392156862744
U	C5_2	275.131	220.381	224.861	0.5647058823529412	0.5647058823529412	0.5647058823529412
U	C6_2	276.466	220.366	224.843	0.5647058823529412	0.5647058823529412	0.5647058823529412
