A	P_1	247.43	140.072	198.657	1.0	0.5019607843137255	0.0
A	OP1_1	248.697	139.364	199.002	1.0	0.050980392156862744	0.050980392156862744
A	OP2_1	246.69	139.691	197.422	1.0	0.050980392156862744	0.050980392156862744
A	O5'_1	246.432	139.957	199.897	1.0	0.050980392156862744	0.050980392156862744
A	C5'_1	246.869	140.289	201.237	0.5647058823529412	0.5647058823529412	0.5647058823529412
A	C4'_1	245.715	140.172	202.212	0.5647058823529412	0.5647058823529412	0.5647058823529412
A	O4'_1	244.713	141.179	201.909	1.0	0.050980392156862744	0.050980392156862744
A	C3'_1	244.949	138.857	202.189	0.5647058823529412	0.5647058823529412	0.5647058823529412
A	O3'_1	245.618	137.858	202.965	1.0	0.050980392156862744	0.050980392156862744
A	C2'_1	243.596	139.256	202.768	0.5647058823529412	0.5647058823529412	0.5647058823529412
A	O2'_1	243.605	139.346	204.178	1.0	0.050980392156862744	0.050980392156862744
A	C1'_1	243.422	140.664	202.19	0.5647058823529412	0.5647058823529412	0.5647058823529412
A	N9_1	242.621	140.733	200.967	0.18823529411764706	0.3137254901960784	0.9725490196078431
A	C8_1	243.055	140.64	199.663	0.5647058823529412	0.5647058823529412	0.5647058823529412
A	N7_1	242.096	140.774	198.775	0.18823529411764706	0.3137254901960784	0.9725490196078431
A	C5_1	240.952	140.959	199.544	0.5647058823529412	0.5647058823529412	0.5647058823529412
A	C6_1	239.598	141.169	199.199	0.5647058823529412	0.5647058823529412	0.5647058823529412
A	N6_1	239.158	141.237	197.939	0.18823529411764706	0.3137254901960784	0.9725490196078431
A	N1_1	238.703	141.313	200.208	0.18823529411764706	0.3137254901960784	0.9725490196078431
A	C2_1	239.148	141.255	201.47	0.5647058823529412	0.5647058823529412	0.5647058823529412
A	N3_1	240.397	141.069	201.921	0.18823529411764706	0.3137254901960784	0.9725490196078431
A	C4_1	241.26	140.926	200.896	0.5647058823529412	0.5647058823529412	0.5647058823529412
U	P_2	229.264	143.796	199.871	1.0	0.5019607843137255	0.0
U	OP1_2	228.047	144.515	200.341	1.0	0.050980392156862744	0.050980392156862744
U	OP2_2	230.05	144.349	198.728	1.0	0.050980392156862744	0.050980392156862744
U	O5'_2	230.245	143.618	201.115	1.0	0.050980392156862744	0.050980392156862744
U	C5'_2	229.776	143.031	202.347	0.5647058823529412	0.5647058823529412	0.5647058823529412
U	C4'_2	230.917	142.904	203.323	0.5647058823529412	0.5647058823529412	0.5647058823529412
U	O4'_2	231.871	141.932	202.827	1.0	0.050980392156862744	0.050980392156862744
U	C3'_2	231.719	144.18	203.52	0.5647058823529412	0.5647058823529412	0.5647058823529412
U	O3'_2	231.075	145.015	204.488	1.0	0.050980392156862744	0.050980392156862744
U	C2'_2	233.088	143.651	203.948	0.5647058823529412	0.5647058823529412	0.5647058823529412
U	O2'_2	233.159	143.291	205.315	1.0	0.050980392156862744	0.050980392156862744
U	C1'_2	233.189	142.369	203.115	0.5647058823529412	0.5647058823529412	0.5647058823529412
U	N1_2	233.92	142.486	201.842	0.18823529411764706	0.3137254901960784	0.9725490196078431
U	C2_2	235.278	142.175	201.837	0.5647058823529412	0.5647058823529412	0.5647058823529412
U	O2_2	235.904	141.878	202.846	1.0	0.050980392156862744	0.050980392156862744
U	N3_2	235.875	142.23	200.601	0.18823529411764706	0.3137254901960784	0.9725490196078431
U	C4_2	235.274	142.566	199.4	0.5647058823529412	0.5647058823529412	0.5647058823529412
U	O4_2	235.928	142.489	198.36	1.0	0.050980392156862744	0.050980392156862744
U	C5_2	233.885	142.907	199.496	0.5647058823529412	0.5647058823529412	0.5647058823529412
U	C6_2	233.274	142.861	200.682	0.5647058823529412	0.5647058823529412	0.5647058823529412
