A	P_1	179.006	333.228	176.67	1.0	0.5019607843137255	0.0
A	OP1_1	179.12	334.704	176.491	1.0	0.050980392156862744	0.050980392156862744
A	OP2_1	180.1	332.344	176.18	1.0	0.050980392156862744	0.050980392156862744
A	O5'_1	178.779	332.939	178.221	1.0	0.050980392156862744	0.050980392156862744
A	C5'_1	177.711	333.586	178.937	0.5647058823529412	0.5647058823529412	0.5647058823529412
A	C4'_1	177.358	332.807	180.183	0.5647058823529412	0.5647058823529412	0.5647058823529412
A	O4'_1	176.884	331.479	179.82	1.0	0.050980392156862744	0.050980392156862744
A	C3'_1	178.491	332.524	181.156	0.5647058823529412	0.5647058823529412	0.5647058823529412
A	O3'_1	178.796	333.649	181.976	1.0	0.050980392156862744	0.050980392156862744
A	C2'_1	177.931	331.353	181.955	0.5647058823529412	0.5647058823529412	0.5647058823529412
A	O2'_1	176.986	331.747	182.929	1.0	0.050980392156862744	0.050980392156862744
A	C1'_1	177.215	330.562	180.857	0.5647058823529412	0.5647058823529412	0.5647058823529412
A	N9_1	178.049	329.492	180.305	0.18823529411764706	0.3137254901960784	0.9725490196078431
A	C8_1	178.73	329.458	179.108	0.5647058823529412	0.5647058823529412	0.5647058823529412
A	N7_1	179.404	328.349	178.916	0.18823529411764706	0.3137254901960784	0.9725490196078431
A	C5_1	179.148	327.601	180.058	0.5647058823529412	0.5647058823529412	0.5647058823529412
A	C6_1	179.578	326.326	180.469	0.5647058823529412	0.5647058823529412	0.5647058823529412
A	N6_1	180.39	325.551	179.744	0.18823529411764706	0.3137254901960784	0.9725490196078431
A	N1_1	179.142	325.868	181.665	0.18823529411764706	0.3137254901960784	0.9725490196078431
A	C2_1	178.331	326.651	182.393	0.5647058823529412	0.5647058823529412	0.5647058823529412
A	N3_1	177.863	327.869	182.116	0.18823529411764706	0.3137254901960784	0.9725490196078431
A	C4_1	178.313	328.29	180.92	0.5647058823529412	0.5647058823529412	0.5647058823529412
U	P_2	183.076	316.7	183.335	1.0	0.5019607843137255	0.0
U	OP1_2	182.72	315.336	183.826	1.0	0.050980392156862744	0.050980392156862744
U	OP2_2	182.97	317.007	181.883	1.0	0.050980392156862744	0.050980392156862744
U	O5'_2	182.186	317.768	184.121	1.0	0.050980392156862744	0.050980392156862744
U	C5'_2	182.056	317.722	185.561	0.5647058823529412	0.5647058823529412	0.5647058823529412
U	C4'_2	181.219	318.886	186.054	0.5647058823529412	0.5647058823529412	0.5647058823529412
U	O4'_2	181.868	320.136	185.689	1.0	0.050980392156862744	0.050980392156862744
U	C3'_2	179.817	319.01	185.47	0.5647058823529412	0.5647058823529412	0.5647058823529412
U	O3'_2	178.886	318.162	186.144	1.0	0.050980392156862744	0.050980392156862744
U	C2'_2	179.511	320.493	185.666	0.5647058823529412	0.5647058823529412	0.5647058823529412
U	O2'_2	179.122	320.818	186.987	1.0	0.050980392156862744	0.050980392156862744
U	C1'_2	180.882	321.118	185.391	0.5647058823529412	0.5647058823529412	0.5647058823529412
U	N1_2	181.064	321.569	184.001	0.18823529411764706	0.3137254901960784	0.9725490196078431
U	C2_2	180.555	322.815	183.651	0.5647058823529412	0.5647058823529412	0.5647058823529412
U	O2_2	179.956	323.537	184.437	1.0	0.050980392156862744	0.050980392156862744
U	N3_2	180.776	323.177	182.345	0.18823529411764706	0.3137254901960784	0.9725490196078431
U	C4_2	181.433	322.442	181.374	0.5647058823529412	0.5647058823529412	0.5647058823529412
U	O4_2	181.559	322.913	180.244	1.0	0.050980392156862744	0.050980392156862744
U	C5_2	181.918	321.171	181.808	0.5647058823529412	0.5647058823529412	0.5647058823529412
U	C6_2	181.723	320.785	183.072	0.5647058823529412	0.5647058823529412	0.5647058823529412
