A	P_1	251.04	142.897	235.626	1.0	0.5019607843137255	0.0
A	OP1_1	251.378	143.373	236.998	1.0	0.050980392156862744	0.050980392156862744
A	OP2_1	250.794	141.443	235.394	1.0	0.050980392156862744	0.050980392156862744
A	O5'_1	249.754	143.694	235.125	1.0	0.050980392156862744	0.050980392156862744
A	C5'_1	249.61	145.107	235.374	0.5647058823529412	0.5647058823529412	0.5647058823529412
A	C4'_1	248.31	145.603	234.784	0.5647058823529412	0.5647058823529412	0.5647058823529412
A	O4'_1	248.341	145.415	233.345	1.0	0.050980392156862744	0.050980392156862744
A	C3'_1	247.066	144.856	235.244	0.5647058823529412	0.5647058823529412	0.5647058823529412
A	O3'_1	246.603	145.378	236.498	1.0	0.050980392156862744	0.050980392156862744
A	C2'_1	246.105	145.068	234.075	0.5647058823529412	0.5647058823529412	0.5647058823529412
A	O2'_1	245.484	146.339	234.074	1.0	0.050980392156862744	0.050980392156862744
A	C1'_1	247.063	145.005	232.884	0.5647058823529412	0.5647058823529412	0.5647058823529412
A	N9_1	247.202	143.675	232.292	0.18823529411764706	0.3137254901960784	0.9725490196078431
A	C8_1	248.021	142.651	232.709	0.5647058823529412	0.5647058823529412	0.5647058823529412
A	N7_1	247.951	141.58	231.956	0.18823529411764706	0.3137254901960784	0.9725490196078431
A	C5_1	247.02	141.916	230.98	0.5647058823529412	0.5647058823529412	0.5647058823529412
A	C6_1	246.505	141.206	229.878	0.5647058823529412	0.5647058823529412	0.5647058823529412
A	N6_1	246.878	139.964	229.56	0.18823529411764706	0.3137254901960784	0.9725490196078431
A	N1_1	245.586	141.824	229.105	0.18823529411764706	0.3137254901960784	0.9725490196078431
A	C2_1	245.215	143.071	229.422	0.5647058823529412	0.5647058823529412	0.5647058823529412
A	N3_1	245.627	143.845	230.432	0.18823529411764706	0.3137254901960784	0.9725490196078431
A	C4_1	246.542	143.2	231.181	0.5647058823529412	0.5647058823529412	0.5647058823529412
U	P_2	252.764	133.862	223.805	1.0	0.5019607843137255	0.0
U	OP1_2	252.786	133.509	222.352	1.0	0.050980392156862744	0.050980392156862744
U	OP2_2	253.988	134.411	224.442	1.0	0.050980392156862744	0.050980392156862744
U	O5'_2	251.572	134.894	224.033	1.0	0.050980392156862744	0.050980392156862744
U	C5'_2	250.271	134.667	223.457	0.5647058823529412	0.5647058823529412	0.5647058823529412
U	C4'_2	249.368	135.849	223.728	0.5647058823529412	0.5647058823529412	0.5647058823529412
U	O4'_2	249.161	135.987	225.159	1.0	0.050980392156862744	0.050980392156862744
U	C3'_2	249.912	137.202	223.299	0.5647058823529412	0.5647058823529412	0.5647058823529412
U	O3'_2	249.683	137.427	221.911	1.0	0.050980392156862744	0.050980392156862744
U	C2'_2	249.13	138.162	224.189	0.5647058823529412	0.5647058823529412	0.5647058823529412
U	O2'_2	247.814	138.392	223.724	1.0	0.050980392156862744	0.050980392156862744
U	C1'_2	249.056	137.365	225.494	0.5647058823529412	0.5647058823529412	0.5647058823529412
U	N1_2	250.107	137.696	226.47	0.18823529411764706	0.3137254901960784	0.9725490196078431
U	C2_2	249.824	138.666	227.418	0.5647058823529412	0.5647058823529412	0.5647058823529412
U	O2_2	248.761	139.266	227.457	1.0	0.050980392156862744	0.050980392156862744
U	N3_2	250.834	138.906	228.317	0.18823529411764706	0.3137254901960784	0.9725490196078431
U	C4_2	252.075	138.293	228.361	0.5647058823529412	0.5647058823529412	0.5647058823529412
U	O4_2	252.873	138.601	229.249	1.0	0.050980392156862744	0.050980392156862744
U	C5_2	252.294	137.319	227.344	0.5647058823529412	0.5647058823529412	0.5647058823529412
U	C6_2	251.329	137.059	226.454	0.5647058823529412	0.5647058823529412	0.5647058823529412
