A	P_1	173.759	300.35	175.166	1.0	0.5019607843137255	0.0
A	OP1_1	174.257	301.688	175.602	1.0	0.050980392156862744	0.050980392156862744
A	OP2_1	174.734	299.273	174.842	1.0	0.050980392156862744	0.050980392156862744
A	O5'_1	172.773	299.801	176.289	1.0	0.050980392156862744	0.050980392156862744
A	C5'_1	171.648	300.583	176.742	0.5647058823529412	0.5647058823529412	0.5647058823529412
A	C4'_1	170.896	299.818	177.802	0.5647058823529412	0.5647058823529412	0.5647058823529412
A	O4'_1	170.406	298.58	177.224	1.0	0.050980392156862744	0.050980392156862744
A	C3'_1	171.759	299.384	178.976	0.5647058823529412	0.5647058823529412	0.5647058823529412
A	O3'_1	171.832	300.415	179.957	1.0	0.050980392156862744	0.050980392156862744
A	C2'_1	171.048	298.132	179.47	0.5647058823529412	0.5647058823529412	0.5647058823529412
A	O2'_1	169.917	298.42	180.264	1.0	0.050980392156862744	0.050980392156862744
A	C1'_1	170.571	297.52	178.15	0.5647058823529412	0.5647058823529412	0.5647058823529412
A	N9_1	171.482	296.537	177.558	0.18823529411764706	0.3137254901960784	0.9725490196078431
A	C8_1	172.126	296.62	176.343	0.5647058823529412	0.5647058823529412	0.5647058823529412
A	N7_1	172.855	295.569	176.055	0.18823529411764706	0.3137254901960784	0.9725490196078431
A	C5_1	172.687	294.737	177.154	0.5647058823529412	0.5647058823529412	0.5647058823529412
A	C6_1	173.199	293.462	177.46	0.5647058823529412	0.5647058823529412	0.5647058823529412
A	N6_1	174.007	292.777	176.647	0.18823529411764706	0.3137254901960784	0.9725490196078431
A	N1_1	172.846	292.909	178.642	0.18823529411764706	0.3137254901960784	0.9725490196078431
A	C2_1	172.032	293.599	179.453	0.5647058823529412	0.5647058823529412	0.5647058823529412
A	N3_1	171.484	294.802	179.278	0.18823529411764706	0.3137254901960784	0.9725490196078431
A	C4_1	171.855	295.324	178.094	0.5647058823529412	0.5647058823529412	0.5647058823529412
U	P_2	175.674	284.152	181.575	1.0	0.5019607843137255	0.0
U	OP1_2	175.275	283.542	182.875	1.0	0.050980392156862744	0.050980392156862744
U	OP2_2	175.555	283.356	180.324	1.0	0.050980392156862744	0.050980392156862744
U	O5'_2	174.845	285.499	181.391	1.0	0.050980392156862744	0.050980392156862744
U	C5'_2	174.939	286.562	182.355	0.5647058823529412	0.5647058823529412	0.5647058823529412
U	C4'_2	174.584	287.881	181.711	0.5647058823529412	0.5647058823529412	0.5647058823529412
U	O4'_2	175.529	288.163	180.643	1.0	0.050980392156862744	0.050980392156862744
U	C3'_2	173.226	287.932	181.03	0.5647058823529412	0.5647058823529412	0.5647058823529412
U	O3'_2	172.192	288.21	181.969	1.0	0.050980392156862744	0.050980392156862744
U	C2'_2	173.41	289.053	180.016	0.5647058823529412	0.5647058823529412	0.5647058823529412
U	O2'_2	173.301	290.334	180.599	1.0	0.050980392156862744	0.050980392156862744
U	C1'_2	174.861	288.829	179.583	0.5647058823529412	0.5647058823529412	0.5647058823529412
U	N1_2	175.007	288.03	178.358	0.18823529411764706	0.3137254901960784	0.9725490196078431
U	C2_2	175.151	288.71	177.162	0.5647058823529412	0.5647058823529412	0.5647058823529412
U	O2_2	175.153	289.93	177.084	1.0	0.050980392156862744	0.050980392156862744
U	N3_2	175.293	287.908	176.057	0.18823529411764706	0.3137254901960784	0.9725490196078431
U	C4_2	175.307	286.528	176.028	0.5647058823529412	0.5647058823529412	0.5647058823529412
U	O4_2	175.469	285.95	174.953	1.0	0.050980392156862744	0.050980392156862744
U	C5_2	175.147	285.901	177.302	0.5647058823529412	0.5647058823529412	0.5647058823529412
U	C6_2	175.007	286.654	178.396	0.5647058823529412	0.5647058823529412	0.5647058823529412
