U	P_1	192.71	265.395	183.599	1.0	0.5019607843137255	0.0
U	OP1_1	191.683	265.085	184.634	1.0	0.050980392156862744	0.050980392156862744
U	OP2_1	193.54	266.622	183.734	1.0	0.050980392156862744	0.050980392156862744
U	O5'_1	193.697	264.151	183.474	1.0	0.050980392156862744	0.050980392156862744
U	C5'_1	193.243	262.806	183.714	0.5647058823529412	0.5647058823529412	0.5647058823529412
U	C4'_1	194.427	261.89	183.924	0.5647058823529412	0.5647058823529412	0.5647058823529412
U	O4'_1	195.22	261.847	182.703	1.0	0.050980392156862744	0.050980392156862744
U	C3'_1	195.407	262.344	184.996	0.5647058823529412	0.5647058823529412	0.5647058823529412
U	O3'_1	194.993	261.955	186.303	1.0	0.050980392156862744	0.050980392156862744
U	C2'_1	196.707	261.688	184.554	0.5647058823529412	0.5647058823529412	0.5647058823529412
U	O2'_1	196.778	260.317	184.895	1.0	0.050980392156862744	0.050980392156862744
U	C1'_1	196.604	261.828	183.031	0.5647058823529412	0.5647058823529412	0.5647058823529412
U	N1_1	197.224	263.058	182.506	0.18823529411764706	0.3137254901960784	0.9725490196078431
U	C2_1	198.58	263.024	182.2	0.5647058823529412	0.5647058823529412	0.5647058823529412
U	O2_1	199.275	262.028	182.353	1.0	0.050980392156862744	0.050980392156862744
U	N3_1	199.089	264.201	181.704	0.18823529411764706	0.3137254901960784	0.9725490196078431
U	C4_1	198.401	265.383	181.482	0.5647058823529412	0.5647058823529412	0.5647058823529412
U	O4_1	198.994	266.345	180.984	1.0	0.050980392156862744	0.050980392156862744
U	C5_1	197.011	265.342	181.827	0.5647058823529412	0.5647058823529412	0.5647058823529412
U	C6_1	196.483	264.212	182.317	0.5647058823529412	0.5647058823529412	0.5647058823529412
A	P_2	209.829	264.324	177.571	1.0	0.5019607843137255	0.0
A	OP1_2	210.985	263.619	176.941	1.0	0.050980392156862744	0.050980392156862744
A	OP2_2	208.894	265.102	176.713	1.0	0.050980392156862744	0.050980392156862744
A	O5'_2	208.978	263.24	178.369	1.0	0.050980392156862744	0.050980392156862744
A	C5'_2	209.616	262.321	179.278	0.5647058823529412	0.5647058823529412	0.5647058823529412
A	C4'_2	208.573	261.601	180.102	0.5647058823529412	0.5647058823529412	0.5647058823529412
A	O4'_2	207.87	262.559	180.941	1.0	0.050980392156862744	0.050980392156862744
A	C3'_2	207.466	260.927	179.304	0.5647058823529412	0.5647058823529412	0.5647058823529412
A	O3'_2	207.867	259.651	178.81	1.0	0.050980392156862744	0.050980392156862744
A	C2'_2	206.329	260.852	180.316	0.5647058823529412	0.5647058823529412	0.5647058823529412
A	O2'_2	206.469	259.783	181.228	1.0	0.050980392156862744	0.050980392156862744
A	C1'_2	206.504	262.182	181.059	0.5647058823529412	0.5647058823529412	0.5647058823529412
A	N9_2	205.673	263.268	180.529	0.18823529411764706	0.3137254901960784	0.9725490196078431
A	C8_2	206.059	264.332	179.74	0.5647058823529412	0.5647058823529412	0.5647058823529412
A	N7_2	205.077	265.149	179.434	0.18823529411764706	0.3137254901960784	0.9725490196078431
A	C5_2	203.968	264.587	180.056	0.5647058823529412	0.5647058823529412	0.5647058823529412
A	C6_2	202.612	264.973	180.111	0.5647058823529412	0.5647058823529412	0.5647058823529412
A	N6_2	202.125	266.061	179.507	0.18823529411764706	0.3137254901960784	0.9725490196078431
A	N1_2	201.764	264.189	180.816	0.18823529411764706	0.3137254901960784	0.9725490196078431
A	C2_2	202.25	263.096	181.417	0.5647058823529412	0.5647058823529412	0.5647058823529412
A	N3_2	203.5	262.629	181.442	0.18823529411764706	0.3137254901960784	0.9725490196078431
A	C4_2	204.32	263.429	180.734	0.5647058823529412	0.5647058823529412	0.5647058823529412
