A	P_1	226.375	207.729	160.624	1.0	0.5019607843137255	0.0
A	OP1_1	227.041	207.574	159.295	1.0	0.050980392156862744	0.050980392156862744
A	OP2_1	226.125	209.095	161.171	1.0	0.050980392156862744	0.050980392156862744
A	O5'_1	224.973	206.972	160.573	1.0	0.050980392156862744	0.050980392156862744
A	C5'_1	224.646	206.104	159.482	0.5647058823529412	0.5647058823529412	0.5647058823529412
A	C4'_1	225.003	204.678	159.826	0.5647058823529412	0.5647058823529412	0.5647058823529412
A	O4'_1	224.3	204.276	161.03	1.0	0.050980392156862744	0.050980392156862744
A	C3'_1	224.572	203.638	158.805	0.5647058823529412	0.5647058823529412	0.5647058823529412
A	O3'_1	225.511	203.573	157.726	1.0	0.050980392156862744	0.050980392156862744
A	C2'_1	224.576	202.36	159.64	0.5647058823529412	0.5647058823529412	0.5647058823529412
A	O2'_1	225.872	201.827	159.823	1.0	0.050980392156862744	0.050980392156862744
A	C1'_1	224.081	202.875	160.997	0.5647058823529412	0.5647058823529412	0.5647058823529412
A	N9_1	222.671	202.603	161.295	0.18823529411764706	0.3137254901960784	0.9725490196078431
A	C8_1	221.673	203.511	161.58	0.5647058823529412	0.5647058823529412	0.5647058823529412
A	N7_1	220.507	202.958	161.833	0.18823529411764706	0.3137254901960784	0.9725490196078431
A	C5_1	220.747	201.596	161.698	0.5647058823529412	0.5647058823529412	0.5647058823529412
A	C6_1	219.909	200.467	161.84	0.5647058823529412	0.5647058823529412	0.5647058823529412
A	N6_1	218.607	200.542	162.157	0.18823529411764706	0.3137254901960784	0.9725490196078431
A	N1_1	220.463	199.245	161.643	0.18823529411764706	0.3137254901960784	0.9725490196078431
A	C2_1	221.768	199.174	161.322	0.5647058823529412	0.5647058823529412	0.5647058823529412
A	N3_1	222.655	200.163	161.157	0.18823529411764706	0.3137254901960784	0.9725490196078431
A	C4_1	222.076	201.362	161.364	0.5647058823529412	0.5647058823529412	0.5647058823529412
U	P_2	215.99	190.393	162.291	1.0	0.5019607843137255	0.0
U	OP1_2	216.024	188.975	162.761	1.0	0.050980392156862744	0.050980392156862744
U	OP2_2	215.267	191.418	163.096	1.0	0.050980392156862744	0.050980392156862744
U	O5'_2	217.495	190.88	162.084	1.0	0.050980392156862744	0.050980392156862744
U	C5'_2	218.38	190.173	161.197	0.5647058823529412	0.5647058823529412	0.5647058823529412
U	C4'_2	219.578	191.031	160.861	0.5647058823529412	0.5647058823529412	0.5647058823529412
U	O4'_2	219.137	192.233	160.174	1.0	0.050980392156862744	0.050980392156862744
U	C3'_2	220.386	191.55	162.042	0.5647058823529412	0.5647058823529412	0.5647058823529412
U	O3'_2	221.3	190.541	162.5	1.0	0.050980392156862744	0.050980392156862744
U	C2'_2	221.087	192.77	161.443	0.5647058823529412	0.5647058823529412	0.5647058823529412
U	O2'_2	222.22	192.429	160.671	1.0	0.050980392156862744	0.050980392156862744
U	C1'_2	220.012	193.307	160.49	0.5647058823529412	0.5647058823529412	0.5647058823529412
U	N1_2	219.222	194.446	160.991	0.18823529411764706	0.3137254901960784	0.9725490196078431
U	C2_2	219.786	195.714	160.882	0.5647058823529412	0.5647058823529412	0.5647058823529412
U	O2_2	220.893	195.908	160.396	1.0	0.050980392156862744	0.050980392156862744
U	N3_2	219.002	196.744	161.355	0.18823529411764706	0.3137254901960784	0.9725490196078431
U	C4_2	217.737	196.645	161.911	0.5647058823529412	0.5647058823529412	0.5647058823529412
U	O4_2	217.17	197.663	162.319	1.0	0.050980392156862744	0.050980392156862744
U	C5_2	217.221	195.307	161.987	0.5647058823529412	0.5647058823529412	0.5647058823529412
U	C6_2	217.963	194.277	161.542	0.5647058823529412	0.5647058823529412	0.5647058823529412
