A	P_1	245.983	242.87	211.469	1.0	0.5019607843137255	0.0
A	OP1_1	245.611	244.316	211.504	1.0	0.050980392156862744	0.050980392156862744
A	OP2_1	245.914	242.065	212.724	1.0	0.050980392156862744	0.050980392156862744
A	O5'_1	245.084	242.146	210.364	1.0	0.050980392156862744	0.050980392156862744
A	C5'_1	244.798	242.786	209.1	0.5647058823529412	0.5647058823529412	0.5647058823529412
A	C4'_1	243.956	241.879	208.224	0.5647058823529412	0.5647058823529412	0.5647058823529412
A	O4'_1	244.726	240.702	207.852	1.0	0.050980392156862744	0.050980392156862744
A	C3'_1	242.69	241.309	208.851	0.5647058823529412	0.5647058823529412	0.5647058823529412
A	O3'_1	241.604	242.239	208.809	1.0	0.050980392156862744	0.050980392156862744
A	C2'_1	242.427	240.086	207.98	0.5647058823529412	0.5647058823529412	0.5647058823529412
A	O2'_1	241.808	240.408	206.752	1.0	0.050980392156862744	0.050980392156862744
A	C1'_1	243.852	239.592	207.708	0.5647058823529412	0.5647058823529412	0.5647058823529412
A	N9_1	244.281	238.531	208.622	0.18823529411764706	0.3137254901960784	0.9725490196078431
A	C8_1	245.084	238.635	209.74	0.5647058823529412	0.5647058823529412	0.5647058823529412
A	N7_1	245.262	237.496	210.372	0.18823529411764706	0.3137254901960784	0.9725490196078431
A	C5_1	244.536	236.579	209.62	0.5647058823529412	0.5647058823529412	0.5647058823529412
A	C6_1	244.314	235.194	209.769	0.5647058823529412	0.5647058823529412	0.5647058823529412
A	N6_1	244.808	234.466	210.774	0.18823529411764706	0.3137254901960784	0.9725490196078431
A	N1_1	243.551	234.575	208.839	0.18823529411764706	0.3137254901960784	0.9725490196078431
A	C2_1	243.04	235.305	207.836	0.5647058823529412	0.5647058823529412	0.5647058823529412
A	N3_1	243.166	236.614	207.593	0.18823529411764706	0.3137254901960784	0.9725490196078431
A	C4_1	243.936	237.2	208.532	0.5647058823529412	0.5647058823529412	0.5647058823529412
U	P_2	241.44	225.039	206.991	1.0	0.5019607843137255	0.0
U	OP1_2	241.162	223.874	206.098	1.0	0.050980392156862744	0.050980392156862744
U	OP2_2	242.722	225.091	207.752	1.0	0.050980392156862744	0.050980392156862744
U	O5'_2	241.332	226.372	206.123	1.0	0.050980392156862744	0.050980392156862744
U	C5'_2	240.303	226.534	205.125	0.5647058823529412	0.5647058823529412	0.5647058823529412
U	C4'_2	240.396	227.906	204.491	0.5647058823529412	0.5647058823529412	0.5647058823529412
U	O4'_2	240.031	228.924	205.465	1.0	0.050980392156862744	0.050980392156862744
U	C3'_2	241.776	228.333	204.007	0.5647058823529412	0.5647058823529412	0.5647058823529412
U	O3'_2	242.098	227.782	202.732	1.0	0.050980392156862744	0.050980392156862744
U	C2'_2	241.659	229.852	203.986	0.5647058823529412	0.5647058823529412	0.5647058823529412
U	O2'_2	241.0	230.342	202.84	1.0	0.050980392156862744	0.050980392156862744
U	C1'_2	240.789	230.105	205.224	0.5647058823529412	0.5647058823529412	0.5647058823529412
U	N1_2	241.573	230.426	206.427	0.18823529411764706	0.3137254901960784	0.9725490196078431
U	C2_2	241.975	231.744	206.607	0.5647058823529412	0.5647058823529412	0.5647058823529412
U	O2_2	241.686	232.642	205.831	1.0	0.050980392156862744	0.050980392156862744
U	N3_2	242.728	231.97	207.734	0.18823529411764706	0.3137254901960784	0.9725490196078431
U	C4_2	243.112	231.04	208.681	0.5647058823529412	0.5647058823529412	0.5647058823529412
U	O4_2	243.825	231.393	209.62	1.0	0.050980392156862744	0.050980392156862744
U	C5_2	242.648	229.707	208.436	0.5647058823529412	0.5647058823529412	0.5647058823529412
U	C6_2	241.912	229.452	207.348	0.5647058823529412	0.5647058823529412	0.5647058823529412
