A	P_1	169.41	219.118	162.992	1.0	0.5019607843137255	0.0
A	OP1_1	170.894	219.158	162.818	1.0	0.050980392156862744	0.050980392156862744
A	OP2_1	168.552	220.028	162.181	1.0	0.050980392156862744	0.050980392156862744
A	O5'_1	168.928	217.619	162.722	1.0	0.050980392156862744	0.050980392156862744
A	C5'_1	169.559	216.5	163.389	0.5647058823529412	0.5647058823529412	0.5647058823529412
A	C4'_1	168.879	215.198	163.002	0.5647058823529412	0.5647058823529412	0.5647058823529412
A	O4'_1	167.478	215.253	163.4	1.0	0.050980392156862744	0.050980392156862744
A	C3'_1	168.815	214.869	161.515	0.5647058823529412	0.5647058823529412	0.5647058823529412
A	O3'_1	170.023	214.299	161.007	1.0	0.050980392156862744	0.050980392156862744
A	C2'_1	167.647	213.892	161.457	0.5647058823529412	0.5647058823529412	0.5647058823529412
A	O2'_1	167.988	212.587	161.892	1.0	0.050980392156862744	0.050980392156862744
A	C1'_1	166.686	214.529	162.464	0.5647058823529412	0.5647058823529412	0.5647058823529412
A	N9_1	165.746	215.457	161.827	0.18823529411764706	0.3137254901960784	0.9725490196078431
A	C8_1	165.768	216.835	161.816	0.5647058823529412	0.5647058823529412	0.5647058823529412
A	N7_1	164.772	217.375	161.154	0.18823529411764706	0.3137254901960784	0.9725490196078431
A	C5_1	164.043	216.285	160.696	0.5647058823529412	0.5647058823529412	0.5647058823529412
A	C6_1	162.858	216.186	159.931	0.5647058823529412	0.5647058823529412	0.5647058823529412
A	N6_1	162.173	217.244	159.489	0.18823529411764706	0.3137254901960784	0.9725490196078431
A	N1_1	162.4	214.946	159.639	0.18823529411764706	0.3137254901960784	0.9725490196078431
A	C2_1	163.087	213.883	160.095	0.5647058823529412	0.5647058823529412	0.5647058823529412
A	N3_1	164.203	213.847	160.827	0.18823529411764706	0.3137254901960784	0.9725490196078431
A	C4_1	164.635	215.095	161.098	0.5647058823529412	0.5647058823529412	0.5647058823529412
U	P_2	161.667	228.61	162.173	1.0	0.5019607843137255	0.0
U	OP1_2	160.49	229.331	162.747	1.0	0.050980392156862744	0.050980392156862744
U	OP2_2	162.709	228.047	163.092	1.0	0.050980392156862744	0.050980392156862744
U	O5'_2	161.099	227.428	161.254	1.0	0.050980392156862744	0.050980392156862744
U	C5'_2	161.923	226.284	160.925	0.5647058823529412	0.5647058823529412	0.5647058823529412
U	C4'_2	161.095	225.173	160.307	0.5647058823529412	0.5647058823529412	0.5647058823529412
U	O4'_2	162.012	224.294	159.594	1.0	0.050980392156862744	0.050980392156862744
U	C3'_2	160.325	224.25	161.259	0.5647058823529412	0.5647058823529412	0.5647058823529412
U	O3'_2	159.022	224.742	161.611	1.0	0.050980392156862744	0.050980392156862744
U	C2'_2	160.252	222.942	160.464	0.5647058823529412	0.5647058823529412	0.5647058823529412
U	O2'_2	159.217	222.918	159.491	1.0	0.050980392156862744	0.050980392156862744
U	C1'_2	161.613	222.939	159.755	0.5647058823529412	0.5647058823529412	0.5647058823529412
U	N1_2	162.686	222.215	160.464	0.18823529411764706	0.3137254901960784	0.9725490196078431
U	C2_2	162.722	220.825	160.357	0.5647058823529412	0.5647058823529412	0.5647058823529412
U	O2_2	161.905	220.18	159.71	1.0	0.050980392156862744	0.050980392156862744
U	N3_2	163.756	220.221	161.039	0.18823529411764706	0.3137254901960784	0.9725490196078431
U	C4_2	164.737	220.844	161.798	0.5647058823529412	0.5647058823529412	0.5647058823529412
U	O4_2	165.602	220.159	162.35	1.0	0.050980392156862744	0.050980392156862744
U	C5_2	164.631	222.273	161.859	0.5647058823529412	0.5647058823529412	0.5647058823529412
U	C6_2	163.637	222.893	161.212	0.5647058823529412	0.5647058823529412	0.5647058823529412
