U	P_1	241.461	225.601	272.614	1.0	0.5019607843137255	0.0
U	OP1_1	242.866	225.284	273.007	1.0	0.050980392156862744	0.050980392156862744
U	OP2_1	240.733	224.685	271.695	1.0	0.050980392156862744	0.050980392156862744
U	O5'_1	240.586	225.783	273.938	1.0	0.050980392156862744	0.050980392156862744
U	C5'_1	241.096	226.534	275.066	0.5647058823529412	0.5647058823529412	0.5647058823529412
U	C4'_1	240.071	226.6	276.188	0.5647058823529412	0.5647058823529412	0.5647058823529412
U	O4'_1	238.943	227.438	275.809	1.0	0.050980392156862744	0.050980392156862744
U	C3'_1	239.402	225.305	276.634	0.5647058823529412	0.5647058823529412	0.5647058823529412
U	O3'_1	240.236	224.487	277.452	1.0	0.050980392156862744	0.050980392156862744
U	C2'_1	238.199	225.834	277.409	0.5647058823529412	0.5647058823529412	0.5647058823529412
U	O2'_1	238.523	226.283	278.711	1.0	0.050980392156862744	0.050980392156862744
U	C1'_1	237.794	227.033	276.546	0.5647058823529412	0.5647058823529412	0.5647058823529412
U	N1_1	236.697	226.708	275.617	0.18823529411764706	0.3137254901960784	0.9725490196078431
U	C2_1	235.398	226.759	276.12	0.5647058823529412	0.5647058823529412	0.5647058823529412
U	O2_1	235.137	227.078	277.272	1.0	0.050980392156862744	0.050980392156862744
U	N3_1	234.417	226.426	275.221	0.18823529411764706	0.3137254901960784	0.9725490196078431
U	C4_1	234.59	226.058	273.899	0.5647058823529412	0.5647058823529412	0.5647058823529412
U	O4_1	233.604	225.761	273.227	1.0	0.050980392156862744	0.050980392156862744
U	C5_1	235.952	226.042	273.449	0.5647058823529412	0.5647058823529412	0.5647058823529412
U	C6_1	236.933	226.359	274.301	0.5647058823529412	0.5647058823529412	0.5647058823529412
A	P_2	222.089	226.558	276.588	1.0	0.5019607843137255	0.0
A	OP1_2	220.714	227.114	276.407	1.0	0.050980392156862744	0.050980392156862744
A	OP2_2	223.092	226.712	275.5	1.0	0.050980392156862744	0.050980392156862744
A	O5'_2	222.687	227.17	277.93	1.0	0.050980392156862744	0.050980392156862744
A	C5'_2	223.746	228.139	277.897	0.5647058823529412	0.5647058823529412	0.5647058823529412
A	C4'_2	224.799	227.79	278.923	0.5647058823529412	0.5647058823529412	0.5647058823529412
A	O4'_2	225.403	226.508	278.591	1.0	0.050980392156862744	0.050980392156862744
A	C3'_2	225.97	228.752	278.989	0.5647058823529412	0.5647058823529412	0.5647058823529412
A	O3'_2	225.636	229.884	279.794	1.0	0.050980392156862744	0.050980392156862744
A	C2'_2	227.072	227.883	279.588	0.5647058823529412	0.5647058823529412	0.5647058823529412
A	O2'_2	226.976	227.745	280.994	1.0	0.050980392156862744	0.050980392156862744
A	C1'_2	226.783	226.528	278.929	0.5647058823529412	0.5647058823529412	0.5647058823529412
A	N9_2	227.565	226.258	277.716	0.18823529411764706	0.3137254901960784	0.9725490196078431
A	C8_2	227.092	226.008	276.448	0.5647058823529412	0.5647058823529412	0.5647058823529412
A	N7_2	228.036	225.8	275.561	0.18823529411764706	0.3137254901960784	0.9725490196078431
A	C5_2	229.211	225.923	276.289	0.5647058823529412	0.5647058823529412	0.5647058823529412
A	C6_2	230.568	225.817	275.919	0.5647058823529412	0.5647058823529412	0.5647058823529412
A	N6_2	230.98	225.56	274.676	0.18823529411764706	0.3137254901960784	0.9725490196078431
A	N1_2	231.497	225.991	276.884	0.18823529411764706	0.3137254901960784	0.9725490196078431
A	C2_2	231.081	226.258	278.132	0.5647058823529412	0.5647058823529412	0.5647058823529412
A	N3_2	229.839	226.384	278.602	0.18823529411764706	0.3137254901960784	0.9725490196078431
A	C4_2	228.938	226.201	277.619	0.5647058823529412	0.5647058823529412	0.5647058823529412
