A	P_1	98.829	206.859	256.077	1.0	0.5019607843137255	0.0
A	OP1_1	98.494	207.143	257.503	1.0	0.050980392156862744	0.050980392156862744
A	OP2_1	99.043	207.99	255.135	1.0	0.050980392156862744	0.050980392156862744
A	O5'_1	100.118	205.919	256.042	1.0	0.050980392156862744	0.050980392156862744
A	C5'_1	100.295	204.87	257.015	0.5647058823529412	0.5647058823529412	0.5647058823529412
A	C4'_1	101.577	204.109	256.752	0.5647058823529412	0.5647058823529412	0.5647058823529412
A	O4'_1	101.489	203.417	255.476	1.0	0.050980392156862744	0.050980392156862744
A	C3'_1	102.859	204.922	256.637	0.5647058823529412	0.5647058823529412	0.5647058823529412
A	O3'_1	103.388	205.287	257.912	1.0	0.050980392156862744	0.050980392156862744
A	C2'_1	103.771	203.96	255.883	0.5647058823529412	0.5647058823529412	0.5647058823529412
A	O2'_1	104.312	202.949	256.709	1.0	0.050980392156862744	0.050980392156862744
A	C1'_1	102.785	203.322	254.9	0.5647058823529412	0.5647058823529412	0.5647058823529412
A	N9_1	102.77	203.982	253.591	0.18823529411764706	0.3137254901960784	0.9725490196078431
A	C8_1	101.903	204.953	253.136	0.5647058823529412	0.5647058823529412	0.5647058823529412
A	N7_1	102.151	205.349	251.909	0.18823529411764706	0.3137254901960784	0.9725490196078431
A	C5_1	103.253	204.592	251.528	0.5647058823529412	0.5647058823529412	0.5647058823529412
A	C6_1	104.001	204.541	250.335	0.5647058823529412	0.5647058823529412	0.5647058823529412
A	N6_1	103.741	205.3	249.269	0.18823529411764706	0.3137254901960784	0.9725490196078431
A	N1_1	105.038	203.676	250.277	0.18823529411764706	0.3137254901960784	0.9725490196078431
A	C2_1	105.304	202.921	251.353	0.5647058823529412	0.5647058823529412	0.5647058823529412
A	N3_1	104.676	202.877	252.531	0.18823529411764706	0.3137254901960784	0.9725490196078431
A	C4_1	103.647	203.746	252.553	0.5647058823529412	0.5647058823529412	0.5647058823529412
U	P_2	109.753	203.411	241.407	1.0	0.5019607843137255	0.0
U	OP1_2	110.36	202.564	240.341	1.0	0.050980392156862744	0.050980392156862744
U	OP2_2	108.372	203.931	241.231	1.0	0.050980392156862744	0.050980392156862744
U	O5'_2	109.811	202.604	242.782	1.0	0.050980392156862744	0.050980392156862744
U	C5'_2	110.994	201.871	243.171	0.5647058823529412	0.5647058823529412	0.5647058823529412
U	C4'_2	110.809	201.258	244.545	0.5647058823529412	0.5647058823529412	0.5647058823529412
U	O4'_2	110.68	202.308	245.543	1.0	0.050980392156862744	0.050980392156862744
U	C3'_2	109.563	200.41	244.746	0.5647058823529412	0.5647058823529412	0.5647058823529412
U	O3'_2	109.737	199.088	244.234	1.0	0.050980392156862744	0.050980392156862744
U	C2'_2	109.393	200.44	246.262	0.5647058823529412	0.5647058823529412	0.5647058823529412
U	O2'_2	110.263	199.556	246.939	1.0	0.050980392156862744	0.050980392156862744
U	C1'_2	109.805	201.879	246.579	0.5647058823529412	0.5647058823529412	0.5647058823529412
U	N1_2	108.672	202.817	246.664	0.18823529411764706	0.3137254901960784	0.9725490196078431
U	C2_2	108.101	203.033	247.914	0.5647058823529412	0.5647058823529412	0.5647058823529412
U	O2_2	108.49	202.479	248.936	1.0	0.050980392156862744	0.050980392156862744
U	N3_2	107.056	203.926	247.923	0.18823529411764706	0.3137254901960784	0.9725490196078431
U	C4_2	106.532	204.61	246.837	0.5647058823529412	0.5647058823529412	0.5647058823529412
U	O4_2	105.586	205.378	247.007	1.0	0.050980392156862744	0.050980392156862744
U	C5_2	107.171	204.331	245.587	0.5647058823529412	0.5647058823529412	0.5647058823529412
U	C6_2	108.191	203.466	245.543	0.5647058823529412	0.5647058823529412	0.5647058823529412
