A	P_1	222.362	145.461	187.441	1.0	0.5019607843137255	0.0
A	OP1_1	223.528	144.695	187.981	1.0	0.050980392156862744	0.050980392156862744
A	OP2_1	222.372	145.905	186.017	1.0	0.050980392156862744	0.050980392156862744
A	O5'_1	221.046	144.593	187.674	1.0	0.050980392156862744	0.050980392156862744
A	C5'_1	220.819	143.915	188.923	0.5647058823529412	0.5647058823529412	0.5647058823529412
A	C4'_1	219.498	143.18	188.883	0.5647058823529412	0.5647058823529412	0.5647058823529412
A	O4'_1	218.405	144.135	188.799	1.0	0.050980392156862744	0.050980392156862744
A	C3'_1	219.294	142.263	187.685	0.5647058823529412	0.5647058823529412	0.5647058823529412
A	O3'_1	219.907	140.989	187.894	1.0	0.050980392156862744	0.050980392156862744
A	C2'_1	217.773	142.181	187.594	0.5647058823529412	0.5647058823529412	0.5647058823529412
A	O2'_1	217.217	141.29	188.541	1.0	0.050980392156862744	0.050980392156862744
A	C1'_1	217.375	143.613	187.969	0.5647058823529412	0.5647058823529412	0.5647058823529412
A	N9_1	217.213	144.511	186.818	0.18823529411764706	0.3137254901960784	0.9725490196078431
A	C8_1	218.144	145.388	186.296	0.5647058823529412	0.5647058823529412	0.5647058823529412
A	N7_1	217.699	146.091	185.279	0.18823529411764706	0.3137254901960784	0.9725490196078431
A	C5_1	216.394	145.643	185.11	0.5647058823529412	0.5647058823529412	0.5647058823529412
A	C6_1	215.381	146.004	184.198	0.5647058823529412	0.5647058823529412	0.5647058823529412
A	N6_1	215.545	146.93	183.244	0.18823529411764706	0.3137254901960784	0.9725490196078431
A	N1_1	214.183	145.371	184.299	0.18823529411764706	0.3137254901960784	0.9725490196078431
A	C2_1	214.032	144.435	185.25	0.5647058823529412	0.5647058823529412	0.5647058823529412
A	N3_1	214.909	144.01	186.169	0.18823529411764706	0.3137254901960784	0.9725490196078431
A	C4_1	216.082	144.663	186.046	0.5647058823529412	0.5647058823529412	0.5647058823529412
U	P_2	206.07	146.37	178.691	1.0	0.5019607843137255	0.0
U	OP1_2	204.577	146.306	178.653	1.0	0.050980392156862744	0.050980392156862744
U	OP2_2	206.743	147.69	178.813	1.0	0.050980392156862744	0.050980392156862744
U	O5'_2	206.589	145.448	179.886	1.0	0.050980392156862744	0.050980392156862744
U	C5'_2	206.059	144.118	180.087	0.5647058823529412	0.5647058823529412	0.5647058823529412
U	C4'_2	206.631	143.513	181.35	0.5647058823529412	0.5647058823529412	0.5647058823529412
U	O4'_2	208.028	143.163	181.143	1.0	0.050980392156862744	0.050980392156862744
U	C3'_2	206.657	144.438	182.557	0.5647058823529412	0.5647058823529412	0.5647058823529412
U	O3'_2	205.395	144.534	183.207	1.0	0.050980392156862744	0.050980392156862744
U	C2'_2	207.748	143.815	183.417	0.5647058823529412	0.5647058823529412	0.5647058823529412
U	O2'_2	207.302	142.671	184.119	1.0	0.050980392156862744	0.050980392156862744
U	C1'_2	208.762	143.4	182.342	0.5647058823529412	0.5647058823529412	0.5647058823529412
U	N1_2	209.793	144.423	182.068	0.18823529411764706	0.3137254901960784	0.9725490196078431
U	C2_2	211.044	144.295	182.691	0.5647058823529412	0.5647058823529412	0.5647058823529412
U	O2_2	211.344	143.356	183.416	1.0	0.050980392156862744	0.050980392156862744
U	N3_2	211.926	145.31	182.419	0.18823529411764706	0.3137254901960784	0.9725490196078431
U	C4_2	211.71	146.404	181.6	0.5647058823529412	0.5647058823529412	0.5647058823529412
U	O4_2	212.596	147.247	181.481	1.0	0.050980392156862744	0.050980392156862744
U	C5_2	210.423	146.449	180.976	0.5647058823529412	0.5647058823529412	0.5647058823529412
U	C6_2	209.532	145.489	181.226	0.5647058823529412	0.5647058823529412	0.5647058823529412
