U	P_1	278.642	142.324	250.495	1.0	0.5019607843137255	0.0
U	OP1_1	279.795	143.25	250.672	1.0	0.050980392156862744	0.050980392156862744
U	OP2_1	277.741	142.487	249.32	1.0	0.050980392156862744	0.050980392156862744
U	O5'_1	279.195	140.826	250.491	1.0	0.050980392156862744	0.050980392156862744
U	C5'_1	280.1	140.364	251.52	0.5647058823529412	0.5647058823529412	0.5647058823529412
U	C4'_1	280.156	138.852	251.536	0.5647058823529412	0.5647058823529412	0.5647058823529412
U	O4'_1	278.838	138.318	251.841	1.0	0.050980392156862744	0.050980392156862744
U	C3'_1	280.535	138.17	250.229	0.5647058823529412	0.5647058823529412	0.5647058823529412
U	O3'_1	281.949	138.16	250.025	1.0	0.050980392156862744	0.050980392156862744
U	C2'_1	279.962	136.769	250.419	0.5647058823529412	0.5647058823529412	0.5647058823529412
U	O2'_1	280.78	135.931	251.215	1.0	0.050980392156862744	0.050980392156862744
U	C1'_1	278.663	137.076	251.174	0.5647058823529412	0.5647058823529412	0.5647058823529412
U	N1_1	277.473	137.16	250.308	0.18823529411764706	0.3137254901960784	0.9725490196078431
U	C2_1	276.698	136.015	250.166	0.5647058823529412	0.5647058823529412	0.5647058823529412
U	O2_1	276.956	134.96	250.73	1.0	0.050980392156862744	0.050980392156862744
U	N3_1	275.612	136.153	249.338	0.18823529411764706	0.3137254901960784	0.9725490196078431
U	C4_1	275.224	137.289	248.656	0.5647058823529412	0.5647058823529412	0.5647058823529412
U	O4_1	274.225	137.248	247.941	1.0	0.050980392156862744	0.050980392156862744
U	C5_1	276.066	138.428	248.859	0.5647058823529412	0.5647058823529412	0.5647058823529412
U	C6_1	277.133	138.327	249.654	0.5647058823529412	0.5647058823529412	0.5647058823529412
A	P_2	269.242	126.426	245.453	1.0	0.5019607843137255	0.0
A	OP1_2	268.988	124.964	245.584	1.0	0.050980392156862744	0.050980392156862744
A	OP2_2	268.185	127.394	245.865	1.0	0.050980392156862744	0.050980392156862744
A	O5'_2	270.577	126.777	246.249	1.0	0.050980392156862744	0.050980392156862744
A	C5'_2	271.743	125.931	246.153	0.5647058823529412	0.5647058823529412	0.5647058823529412
A	C4'_2	272.877	126.504	246.973	0.5647058823529412	0.5647058823529412	0.5647058823529412
A	O4'_2	273.371	127.72	246.354	1.0	0.050980392156862744	0.050980392156862744
A	C3'_2	272.519	126.942	248.386	0.5647058823529412	0.5647058823529412	0.5647058823529412
A	O3'_2	272.474	125.833	249.285	1.0	0.050980392156862744	0.050980392156862744
A	C2'_2	273.643	127.919	248.719	0.5647058823529412	0.5647058823529412	0.5647058823529412
A	O2'_2	274.835	127.27	249.118	1.0	0.050980392156862744	0.050980392156862744
A	C1'_2	273.877	128.587	247.359	0.5647058823529412	0.5647058823529412	0.5647058823529412
A	N9_2	273.282	129.918	247.191	0.18823529411764706	0.3137254901960784	0.9725490196078431
A	C8_2	272.168	130.272	246.465	0.5647058823529412	0.5647058823529412	0.5647058823529412
A	N7_2	271.916	131.56	246.476	0.18823529411764706	0.3137254901960784	0.9725490196078431
A	C5_2	272.925	132.091	247.27	0.5647058823529412	0.5647058823529412	0.5647058823529412
A	C6_2	273.225	133.413	247.668	0.5647058823529412	0.5647058823529412	0.5647058823529412
A	N6_2	272.51	134.479	247.297	0.18823529411764706	0.3137254901960784	0.9725490196078431
A	N1_2	274.301	133.6	248.468	0.18823529411764706	0.3137254901960784	0.9725490196078431
A	C2_2	275.019	132.529	248.836	0.5647058823529412	0.5647058823529412	0.5647058823529412
A	N3_2	274.841	131.243	248.525	0.18823529411764706	0.3137254901960784	0.9725490196078431
A	C4_2	273.766	131.09	247.728	0.5647058823529412	0.5647058823529412	0.5647058823529412
