U	P_1	255.653	245.699	216.056	1.0	0.5019607843137255	0.0
U	OP1_1	255.664	246.094	214.619	1.0	0.050980392156862744	0.050980392156862744
U	OP2_1	256.732	244.824	216.584	1.0	0.050980392156862744	0.050980392156862744
U	O5'_1	255.615	247.024	216.943	1.0	0.050980392156862744	0.050980392156862744
U	C5'_1	254.725	248.112	216.611	0.5647058823529412	0.5647058823529412	0.5647058823529412
U	C4'_1	254.714	249.141	217.721	0.5647058823529412	0.5647058823529412	0.5647058823529412
U	O4'_1	254.26	248.522	218.956	1.0	0.050980392156862744	0.050980392156862744
U	C3'_1	256.055	249.755	218.093	0.5647058823529412	0.5647058823529412	0.5647058823529412
U	O3'_1	256.412	250.815	217.208	1.0	0.050980392156862744	0.050980392156862744
U	C2'_1	255.8	250.25	219.514	0.5647058823529412	0.5647058823529412	0.5647058823529412
U	O2'_1	255.082	251.471	219.557	1.0	0.050980392156862744	0.050980392156862744
U	C1'_1	254.914	249.128	220.064	0.5647058823529412	0.5647058823529412	0.5647058823529412
U	N1_1	255.662	248.094	220.8	0.18823529411764706	0.3137254901960784	0.9725490196078431
U	C2_1	255.766	248.228	222.183	0.5647058823529412	0.5647058823529412	0.5647058823529412
U	O2_1	255.279	249.162	222.807	1.0	0.050980392156862744	0.050980392156862744
U	N3_1	256.468	247.227	222.808	0.18823529411764706	0.3137254901960784	0.9725490196078431
U	C4_1	257.068	246.132	222.21	0.5647058823529412	0.5647058823529412	0.5647058823529412
U	O4_1	257.667	245.316	222.91	1.0	0.050980392156862744	0.050980392156862744
U	C5_1	256.922	246.067	220.784	0.5647058823529412	0.5647058823529412	0.5647058823529412
U	C6_1	256.243	247.024	220.144	0.5647058823529412	0.5647058823529412	0.5647058823529412
A	P_2	260.14	246.219	233.777	1.0	0.5019607843137255	0.0
A	OP1_2	259.743	246.208	235.213	1.0	0.050980392156862744	0.050980392156862744
A	OP2_2	260.014	244.974	232.973	1.0	0.050980392156862744	0.050980392156862744
A	O5'_2	259.324	247.373	233.036	1.0	0.050980392156862744	0.050980392156862744
A	C5'_2	259.34	248.729	233.53	0.5647058823529412	0.5647058823529412	0.5647058823529412
A	C4'_2	258.72	249.663	232.516	0.5647058823529412	0.5647058823529412	0.5647058823529412
A	O4'_2	259.521	249.675	231.302	1.0	0.050980392156862744	0.050980392156862744
A	C3'_2	257.325	249.294	232.04	0.5647058823529412	0.5647058823529412	0.5647058823529412
A	O3'_2	256.336	249.751	232.959	1.0	0.050980392156862744	0.050980392156862744
A	C2'_2	257.243	250.004	230.693	0.5647058823529412	0.5647058823529412	0.5647058823529412
A	O2'_2	256.958	251.381	230.812	1.0	0.050980392156862744	0.050980392156862744
A	C1'_2	258.675	249.839	230.172	0.5647058823529412	0.5647058823529412	0.5647058823529412
A	N9_2	258.862	248.695	229.272	0.18823529411764706	0.3137254901960784	0.9725490196078431
A	C8_2	259.569	247.534	229.517	0.5647058823529412	0.5647058823529412	0.5647058823529412
A	N7_2	259.559	246.685	228.516	0.18823529411764706	0.3137254901960784	0.9725490196078431
A	C5_2	258.795	247.321	227.546	0.5647058823529412	0.5647058823529412	0.5647058823529412
A	C6_2	258.407	246.935	226.255	0.5647058823529412	0.5647058823529412	0.5647058823529412
A	N6_2	258.739	245.762	225.712	0.18823529411764706	0.3137254901960784	0.9725490196078431
A	N1_2	257.653	247.799	225.537	0.18823529411764706	0.3137254901960784	0.9725490196078431
A	C2_2	257.309	248.968	226.098	0.5647058823529412	0.5647058823529412	0.5647058823529412
A	N3_2	257.604	249.444	227.312	0.18823529411764706	0.3137254901960784	0.9725490196078431
A	C4_2	258.361	248.562	227.994	0.5647058823529412	0.5647058823529412	0.5647058823529412
