A	P_1	189.521	261.893	203.056	1.0	0.5019607843137255	0.0
A	OP1_1	190.576	261.723	204.097	1.0	0.050980392156862744	0.050980392156862744
A	OP2_1	189.03	260.703	202.308	1.0	0.050980392156862744	0.050980392156862744
A	O5'_1	188.274	262.602	203.752	1.0	0.050980392156862744	0.050980392156862744
A	C5'_1	188.433	263.844	204.466	0.5647058823529412	0.5647058823529412	0.5647058823529412
A	C4'_1	187.678	263.801	205.776	0.5647058823529412	0.5647058823529412	0.5647058823529412
A	O4'_1	186.244	263.721	205.51	1.0	0.050980392156862744	0.050980392156862744
A	C3'_1	188.012	262.631	206.704	0.5647058823529412	0.5647058823529412	0.5647058823529412
A	O3'_1	187.954	263.061	208.065	1.0	0.050980392156862744	0.050980392156862744
A	C2'_1	186.884	261.64	206.412	0.5647058823529412	0.5647058823529412	0.5647058823529412
A	O2'_1	186.618	260.766	207.493	1.0	0.050980392156862744	0.050980392156862744
A	C1'_1	185.702	262.584	206.164	0.5647058823529412	0.5647058823529412	0.5647058823529412
A	N9_1	184.608	262.04	205.343	0.18823529411764706	0.3137254901960784	0.9725490196078431
A	C8_1	184.615	260.943	204.502	0.5647058823529412	0.5647058823529412	0.5647058823529412
A	N7_1	183.455	260.703	203.932	0.18823529411764706	0.3137254901960784	0.9725490196078431
A	C5_1	182.628	261.708	204.42	0.5647058823529412	0.5647058823529412	0.5647058823529412
A	C6_1	181.26	262.008	204.2	0.5647058823529412	0.5647058823529412	0.5647058823529412
A	N6_1	180.459	261.288	203.403	0.18823529411764706	0.3137254901960784	0.9725490196078431
A	N1_1	180.74	263.085	204.838	0.18823529411764706	0.3137254901960784	0.9725490196078431
A	C2_1	181.543	263.807	205.639	0.5647058823529412	0.5647058823529412	0.5647058823529412
A	N3_1	182.839	263.623	205.93	0.18823529411764706	0.3137254901960784	0.9725490196078431
A	C4_1	183.327	262.545	205.282	0.5647058823529412	0.5647058823529412	0.5647058823529412
U	P_2	183.564	253.162	197.533	1.0	0.5019607843137255	0.0
U	OP1_2	183.312	252.574	196.187	1.0	0.050980392156862744	0.050980392156862744
U	OP2_2	184.902	253.741	197.84	1.0	0.050980392156862744	0.050980392156862744
U	O5'_2	182.461	254.28	197.813	1.0	0.050980392156862744	0.050980392156862744
U	C5'_2	181.057	253.99	197.649	0.5647058823529412	0.5647058823529412	0.5647058823529412
U	C4'_2	180.21	255.045	198.33	0.5647058823529412	0.5647058823529412	0.5647058823529412
U	O4'_2	180.484	255.045	199.759	1.0	0.050980392156862744	0.050980392156862744
U	C3'_2	180.444	256.492	197.916	0.5647058823529412	0.5647058823529412	0.5647058823529412
U	O3'_2	179.771	256.817	196.701	1.0	0.050980392156862744	0.050980392156862744
U	C2'_2	179.886	257.259	199.113	0.5647058823529412	0.5647058823529412	0.5647058823529412
U	O2'_2	178.471	257.336	199.107	1.0	0.050980392156862744	0.050980392156862744
U	C1'_2	180.33	256.363	200.275	0.5647058823529412	0.5647058823529412	0.5647058823529412
U	N1_2	181.597	256.79	200.896	0.18823529411764706	0.3137254901960784	0.9725490196078431
U	C2_2	181.552	257.878	201.758	0.5647058823529412	0.5647058823529412	0.5647058823529412
U	O2_2	180.517	258.478	202.023	1.0	0.050980392156862744	0.050980392156862744
U	N3_2	182.766	258.237	202.296	0.18823529411764706	0.3137254901960784	0.9725490196078431
U	C4_2	183.993	257.636	202.065	0.5647058823529412	0.5647058823529412	0.5647058823529412
U	O4_2	185.008	258.11	202.58	1.0	0.050980392156862744	0.050980392156862744
U	C5_2	183.953	256.517	201.176	0.5647058823529412	0.5647058823529412	0.5647058823529412
U	C6_2	182.791	256.142	200.635	0.5647058823529412	0.5647058823529412	0.5647058823529412
