U	P_1	248.879	150.749	172.041	1.0	0.5019607843137255	0.0
U	OP1_1	248.646	151.795	171.003	1.0	0.050980392156862744	0.050980392156862744
U	OP2_1	247.776	150.371	172.961	1.0	0.050980392156862744	0.050980392156862744
U	O5'_1	249.393	149.425	171.31	1.0	0.050980392156862744	0.050980392156862744
U	C5'_1	250.499	149.469	170.378	0.5647058823529412	0.5647058823529412	0.5647058823529412
U	C4'_1	250.746	148.097	169.777	0.5647058823529412	0.5647058823529412	0.5647058823529412
U	O4'_1	251.195	147.168	170.807	1.0	0.050980392156862744	0.050980392156862744
U	C3'_1	249.544	147.404	169.152	0.5647058823529412	0.5647058823529412	0.5647058823529412
U	O3'_1	249.273	147.888	167.837	1.0	0.050980392156862744	0.050980392156862744
U	C2'_1	249.968	145.938	169.173	0.5647058823529412	0.5647058823529412	0.5647058823529412
U	O2'_1	250.849	145.589	168.124	1.0	0.050980392156862744	0.050980392156862744
U	C1'_1	250.719	145.86	170.506	0.5647058823529412	0.5647058823529412	0.5647058823529412
U	N1_1	249.893	145.371	171.625	0.18823529411764706	0.3137254901960784	0.9725490196078431
U	C2_1	249.685	143.997	171.729	0.5647058823529412	0.5647058823529412	0.5647058823529412
U	O2_1	250.163	143.187	170.944	1.0	0.050980392156862744	0.050980392156862744
U	N3_1	248.902	143.609	172.789	0.18823529411764706	0.3137254901960784	0.9725490196078431
U	C4_1	248.316	144.429	173.737	0.5647058823529412	0.5647058823529412	0.5647058823529412
U	O4_1	247.616	143.928	174.62	1.0	0.050980392156862744	0.050980392156862744
U	C5_1	248.58	145.825	173.569	0.5647058823529412	0.5647058823529412	0.5647058823529412
U	C6_1	249.338	146.239	172.545	0.5647058823529412	0.5647058823529412	0.5647058823529412
A	P_2	246.497	132.275	174.982	1.0	0.5019607843137255	0.0
A	OP1_2	247.138	130.947	175.191	1.0	0.050980392156862744	0.050980392156862744
A	OP2_2	246.249	133.161	176.152	1.0	0.050980392156862744	0.050980392156862744
A	O5'_2	247.373	133.095	173.93	1.0	0.050980392156862744	0.050980392156862744
A	C5'_2	247.762	132.505	172.672	0.5647058823529412	0.5647058823529412	0.5647058823529412
A	C4'_2	248.565	133.489	171.849	0.5647058823529412	0.5647058823529412	0.5647058823529412
A	O4'_2	247.734	134.621	171.473	1.0	0.050980392156862744	0.050980392156862744
A	C3'_2	249.762	134.124	172.537	0.5647058823529412	0.5647058823529412	0.5647058823529412
A	O3'_2	250.884	133.245	172.543	1.0	0.050980392156862744	0.050980392156862744
A	C2'_2	249.978	135.384	171.704	0.5647058823529412	0.5647058823529412	0.5647058823529412
A	O2'_2	250.631	135.134	170.474	1.0	0.050980392156862744	0.050980392156862744
A	C1'_2	248.531	135.798	171.412	0.5647058823529412	0.5647058823529412	0.5647058823529412
A	N9_2	248.009	136.764	172.385	0.18823529411764706	0.3137254901960784	0.9725490196078431
A	C8_2	247.128	136.535	173.423	0.5647058823529412	0.5647058823529412	0.5647058823529412
A	N7_2	246.877	137.6	174.15	0.18823529411764706	0.3137254901960784	0.9725490196078431
A	C5_2	247.636	138.599	173.551	0.5647058823529412	0.5647058823529412	0.5647058823529412
A	C6_2	247.823	139.959	173.864	0.5647058823529412	0.5647058823529412	0.5647058823529412
A	N6_2	247.245	140.562	174.909	0.18823529411764706	0.3137254901960784	0.9725490196078431
A	N1_2	248.642	140.684	173.063	0.18823529411764706	0.3137254901960784	0.9725490196078431
A	C2_2	249.234	140.068	172.03	0.5647058823529412	0.5647058823529412	0.5647058823529412
A	N3_2	249.149	138.793	171.644	0.18823529411764706	0.3137254901960784	0.9725490196078431
A	C4_2	248.326	138.103	172.455	0.5647058823529412	0.5647058823529412	0.5647058823529412
