U	P_1	169.971	202.042	187.59	1.0	0.5019607843137255	0.0
U	OP1_1	170.998	201.001	187.306	1.0	0.050980392156862744	0.050980392156862744
U	OP2_1	168.527	201.675	187.576	1.0	0.050980392156862744	0.050980392156862744
U	O5'_1	170.302	202.684	189.01	1.0	0.050980392156862744	0.050980392156862744
U	C5'_1	171.631	203.147	189.322	0.5647058823529412	0.5647058823529412	0.5647058823529412
U	C4'_1	171.6	204.049	190.532	0.5647058823529412	0.5647058823529412	0.5647058823529412
U	O4'_1	170.711	205.168	190.271	1.0	0.050980392156862744	0.050980392156862744
U	C3'_1	171.054	203.433	191.813	0.5647058823529412	0.5647058823529412	0.5647058823529412
U	O3'_1	172.06	202.691	192.503	1.0	0.050980392156862744	0.050980392156862744
U	C2'_1	170.614	204.664	192.596	0.5647058823529412	0.5647058823529412	0.5647058823529412
U	O2'_1	171.685	205.338	193.227	1.0	0.050980392156862744	0.050980392156862744
U	C1'_1	170.07	205.553	191.476	0.5647058823529412	0.5647058823529412	0.5647058823529412
U	N1_1	168.611	205.45	191.305	0.18823529411764706	0.3137254901960784	0.9725490196078431
U	C2_1	167.815	206.115	192.229	0.5647058823529412	0.5647058823529412	0.5647058823529412
U	O2_1	168.271	206.756	193.167	1.0	0.050980392156862744	0.050980392156862744
U	N3_1	166.464	205.999	192.022	0.18823529411764706	0.3137254901960784	0.9725490196078431
U	C4_1	165.832	205.302	191.02	0.5647058823529412	0.5647058823529412	0.5647058823529412
U	O4_1	164.6	205.293	190.981	1.0	0.050980392156862744	0.050980392156862744
U	C5_1	166.716	204.634	190.105	0.5647058823529412	0.5647058823529412	0.5647058823529412
U	C6_1	168.043	204.729	190.274	0.5647058823529412	0.5647058823529412	0.5647058823529412
A	P_2	159.009	202.462	191.465	1.0	0.5019607843137255	0.0
A	OP1_2	157.74	202.674	190.714	1.0	0.050980392156862744	0.050980392156862744
A	OP2_2	160.274	202.206	190.719	1.0	0.050980392156862744	0.050980392156862744
A	O5'_2	159.228	203.718	192.422	1.0	0.050980392156862744	0.050980392156862744
A	C5'_2	158.149	204.216	193.239	0.5647058823529412	0.5647058823529412	0.5647058823529412
A	C4'_2	158.448	205.619	193.713	0.5647058823529412	0.5647058823529412	0.5647058823529412
A	O4'_2	159.636	205.601	194.541	1.0	0.050980392156862744	0.050980392156862744
A	C3'_2	158.804	206.628	192.632	0.5647058823529412	0.5647058823529412	0.5647058823529412
A	O3'_2	157.629	207.137	191.995	1.0	0.050980392156862744	0.050980392156862744
A	C2'_2	159.528	207.712	193.431	0.5647058823529412	0.5647058823529412	0.5647058823529412
A	O2'_2	158.64	208.616	194.059	1.0	0.050980392156862744	0.050980392156862744
A	C1'_2	160.232	206.884	194.514	0.5647058823529412	0.5647058823529412	0.5647058823529412
A	N9_2	161.68	206.728	194.37	0.18823529411764706	0.3137254901960784	0.9725490196078431
A	C8_2	162.387	206.278	193.279	0.5647058823529412	0.5647058823529412	0.5647058823529412
A	N7_2	163.684	206.254	193.465	0.18823529411764706	0.3137254901960784	0.9725490196078431
A	C5_2	163.845	206.718	194.764	0.5647058823529412	0.5647058823529412	0.5647058823529412
A	C6_2	164.984	206.932	195.554	0.5647058823529412	0.5647058823529412	0.5647058823529412
A	N6_2	166.228	206.695	195.128	0.18823529411764706	0.3137254901960784	0.9725490196078431
A	N1_2	164.803	207.401	196.808	0.18823529411764706	0.3137254901960784	0.9725490196078431
A	C2_2	163.554	207.64	197.228	0.5647058823529412	0.5647058823529412	0.5647058823529412
A	N3_2	162.403	207.482	196.579	0.18823529411764706	0.3137254901960784	0.9725490196078431
A	C4_2	162.62	207.014	195.336	0.5647058823529412	0.5647058823529412	0.5647058823529412
