A	P_1	175.239	202.491	103.738	1.0	0.5019607843137255	0.0
A	OP1_1	174.865	203.936	103.713	1.0	0.050980392156862744	0.050980392156862744
A	OP2_1	175.93	201.934	104.937	1.0	0.050980392156862744	0.050980392156862744
A	O5'_1	173.913	201.637	103.488	1.0	0.050980392156862744	0.050980392156862744
A	C5'_1	173.979	200.212	103.288	0.5647058823529412	0.5647058823529412	0.5647058823529412
A	C4'_1	172.631	199.665	102.877	0.5647058823529412	0.5647058823529412	0.5647058823529412
A	O4'_1	172.812	198.344	102.293	1.0	0.050980392156862744	0.050980392156862744
A	C3'_1	171.589	199.493	103.983	0.5647058823529412	0.5647058823529412	0.5647058823529412
A	O3'_1	170.771	200.657	104.163	1.0	0.050980392156862744	0.050980392156862744
A	C2'_1	170.803	198.273	103.513	0.5647058823529412	0.5647058823529412	0.5647058823529412
A	O2'_1	169.858	198.578	102.505	1.0	0.050980392156862744	0.050980392156862744
A	C1'_1	171.922	197.426	102.905	0.5647058823529412	0.5647058823529412	0.5647058823529412
A	N9_1	172.681	196.645	103.885	0.18823529411764706	0.3137254901960784	0.9725490196078431
A	C8_1	173.891	196.962	104.458	0.5647058823529412	0.5647058823529412	0.5647058823529412
A	N7_1	174.337	196.054	105.291	0.18823529411764706	0.3137254901960784	0.9725490196078431
A	C5_1	173.355	195.074	105.27	0.5647058823529412	0.5647058823529412	0.5647058823529412
A	C6_1	173.237	193.844	105.939	0.5647058823529412	0.5647058823529412	0.5647058823529412
A	N6_1	174.152	193.375	106.793	0.18823529411764706	0.3137254901960784	0.9725490196078431
A	N1_1	172.134	193.101	105.698	0.18823529411764706	0.3137254901960784	0.9725490196078431
A	C2_1	171.218	193.575	104.844	0.5647058823529412	0.5647058823529412	0.5647058823529412
A	N3_1	171.216	194.714	104.155	0.18823529411764706	0.3137254901960784	0.9725490196078431
A	C4_1	172.326	195.426	104.413	0.5647058823529412	0.5647058823529412	0.5647058823529412
U	P_2	170.883	184.005	108.443	1.0	0.5019607843137255	0.0
U	OP1_2	170.62	182.595	108.038	1.0	0.050980392156862744	0.050980392156862744
U	OP2_2	172.277	184.439	108.729	1.0	0.050980392156862744	0.050980392156862744
U	O5'_2	170.293	184.963	107.314	1.0	0.050980392156862744	0.050980392156862744
U	C5'_2	168.914	184.87	106.899	0.5647058823529412	0.5647058823529412	0.5647058823529412
U	C4'_2	168.488	186.146	106.214	0.5647058823529412	0.5647058823529412	0.5647058823529412
U	O4'_2	168.639	187.252	107.143	1.0	0.050980392156862744	0.050980392156862744
U	C3'_2	169.317	186.555	105.002	0.5647058823529412	0.5647058823529412	0.5647058823529412
U	O3'_2	168.872	185.88	103.821	1.0	0.050980392156862744	0.050980392156862744
U	C2'_2	169.086	188.061	104.947	0.5647058823529412	0.5647058823529412	0.5647058823529412
U	O2'_2	167.85	188.42	104.367	1.0	0.050980392156862744	0.050980392156862744
U	C1'_2	169.044	188.414	106.437	0.5647058823529412	0.5647058823529412	0.5647058823529412
U	N1_2	170.331	188.884	106.977	0.18823529411764706	0.3137254901960784	0.9725490196078431
U	C2_2	170.639	190.223	106.806	0.5647058823529412	0.5647058823529412	0.5647058823529412
U	O2_2	169.896	191.009	106.232	1.0	0.050980392156862744	0.050980392156862744
U	N3_2	171.847	190.61	107.332	0.18823529411764706	0.3137254901960784	0.9725490196078431
U	C4_2	172.762	189.815	107.998	0.5647058823529412	0.5647058823529412	0.5647058823529412
U	O4_2	173.806	190.318	108.415	1.0	0.050980392156862744	0.050980392156862744
U	C5_2	172.377	188.442	108.133	0.5647058823529412	0.5647058823529412	0.5647058823529412
U	C6_2	171.205	188.033	107.632	0.5647058823529412	0.5647058823529412	0.5647058823529412
