U	P_1	207.814	244.264	186.626	1.0	0.5019607843137255	0.0
U	OP1_1	207.819	243.031	185.786	1.0	0.050980392156862744	0.050980392156862744
U	OP2_1	206.52	244.887	187.006	1.0	0.050980392156862744	0.050980392156862744
U	O5'_1	208.638	243.975	187.959	1.0	0.050980392156862744	0.050980392156862744
U	C5'_1	209.963	243.412	187.893	0.5647058823529412	0.5647058823529412	0.5647058823529412
U	C4'_1	210.505	243.157	189.279	0.5647058823529412	0.5647058823529412	0.5647058823529412
U	O4'_1	210.838	244.409	189.935	1.0	0.050980392156862744	0.050980392156862744
U	C3'_1	209.569	242.469	190.26	0.5647058823529412	0.5647058823529412	0.5647058823529412
U	O3'_1	209.503	241.064	190.027	1.0	0.050980392156862744	0.050980392156862744
U	C2'_1	210.206	242.822	191.598	0.5647058823529412	0.5647058823529412	0.5647058823529412
U	O2'_1	211.337	242.029	191.89	1.0	0.050980392156862744	0.050980392156862744
U	C1'_1	210.667	244.261	191.341	0.5647058823529412	0.5647058823529412	0.5647058823529412
U	N1_1	209.719	245.281	191.822	0.18823529411764706	0.3137254901960784	0.9725490196078431
U	C2_1	209.883	245.762	193.121	0.5647058823529412	0.5647058823529412	0.5647058823529412
U	O2_1	210.778	245.386	193.868	1.0	0.050980392156862744	0.050980392156862744
U	N3_1	208.955	246.701	193.506	0.18823529411764706	0.3137254901960784	0.9725490196078431
U	C4_1	207.905	247.198	192.75	0.5647058823529412	0.5647058823529412	0.5647058823529412
U	O4_1	207.116	247.995	193.262	1.0	0.050980392156862744	0.050980392156862744
U	C5_1	207.812	246.663	191.425	0.5647058823529412	0.5647058823529412	0.5647058823529412
U	C6_1	208.696	245.746	191.015	0.5647058823529412	0.5647058823529412	0.5647058823529412
A	P_2	208.247	251.434	204.594	1.0	0.5019607843137255	0.0
A	OP1_2	208.965	251.879	205.823	1.0	0.050980392156862744	0.050980392156862744
A	OP2_2	207.703	252.45	203.653	1.0	0.050980392156862744	0.050980392156862744
A	O5'_2	209.203	250.454	203.776	1.0	0.050980392156862744	0.050980392156862744
A	C5'_2	209.914	249.388	204.442	0.5647058823529412	0.5647058823529412	0.5647058823529412
A	C4'_2	210.714	248.579	203.446	0.5647058823529412	0.5647058823529412	0.5647058823529412
A	O4'_2	209.828	247.807	202.596	1.0	0.050980392156862744	0.050980392156862744
A	C3'_2	211.572	249.375	202.475	0.5647058823529412	0.5647058823529412	0.5647058823529412
A	O3'_2	212.798	249.771	203.093	1.0	0.050980392156862744	0.050980392156862744
A	C2'_2	211.772	248.381	201.333	0.5647058823529412	0.5647058823529412	0.5647058823529412
A	O2'_2	212.774	247.424	201.608	1.0	0.050980392156862744	0.050980392156862744
A	C1'_2	210.415	247.665	201.31	0.5647058823529412	0.5647058823529412	0.5647058823529412
A	N9_2	209.47	248.164	200.306	0.18823529411764706	0.3137254901960784	0.9725490196078431
A	C8_2	208.435	249.057	200.48	0.5647058823529412	0.5647058823529412	0.5647058823529412
A	N7_2	207.747	249.291	199.387	0.18823529411764706	0.3137254901960784	0.9725490196078431
A	C5_2	208.37	248.505	198.426	0.5647058823529412	0.5647058823529412	0.5647058823529412
A	C6_2	208.116	248.309	197.055	0.5647058823529412	0.5647058823529412	0.5647058823529412
A	N6_2	207.127	248.917	196.395	0.18823529411764706	0.3137254901960784	0.9725490196078431
A	N1_2	208.923	247.456	196.378	0.18823529411764706	0.3137254901960784	0.9725490196078431
A	C2_2	209.915	246.85	197.045	0.5647058823529412	0.5647058823529412	0.5647058823529412
A	N3_2	210.258	246.958	198.332	0.18823529411764706	0.3137254901960784	0.9725490196078431
A	C4_2	209.435	247.81	198.975	0.5647058823529412	0.5647058823529412	0.5647058823529412
