U	P_1	84.501	205.188	162.599	1.0	0.5019607843137255	0.0
U	OP1_1	84.832	204.354	163.793	1.0	0.050980392156862744	0.050980392156862744
U	OP2_1	85.583	205.577	161.654	1.0	0.050980392156862744	0.050980392156862744
U	O5'_1	83.365	204.434	161.764	1.0	0.050980392156862744	0.050980392156862744
U	C5'_1	82.19	203.886	162.41	0.5647058823529412	0.5647058823529412	0.5647058823529412
U	C4'_1	81.289	203.221	161.388	0.5647058823529412	0.5647058823529412	0.5647058823529412
U	O4'_1	80.917	204.199	160.381	1.0	0.050980392156862744	0.050980392156862744
U	C3'_1	81.904	202.063	160.609	0.5647058823529412	0.5647058823529412	0.5647058823529412
U	O3'_1	81.734	200.837	161.337	1.0	0.050980392156862744	0.050980392156862744
U	C2'_1	81.117	202.077	159.3	0.5647058823529412	0.5647058823529412	0.5647058823529412
U	O2'_1	79.867	201.421	159.397	1.0	0.050980392156862744	0.050980392156862744
U	C1'_1	80.864	203.577	159.106	0.5647058823529412	0.5647058823529412	0.5647058823529412
U	N1_1	81.797	204.277	158.206	0.18823529411764706	0.3137254901960784	0.9725490196078431
U	C2_1	81.504	204.298	156.843	0.5647058823529412	0.5647058823529412	0.5647058823529412
U	O2_1	80.532	203.733	156.359	1.0	0.050980392156862744	0.050980392156862744
U	N3_1	82.398	205.006	156.075	0.18823529411764706	0.3137254901960784	0.9725490196078431
U	C4_1	83.531	205.672	156.512	0.5647058823529412	0.5647058823529412	0.5647058823529412
U	O4_1	84.233	206.272	155.693	1.0	0.050980392156862744	0.050980392156862744
U	C5_1	83.771	205.59	157.917	0.5647058823529412	0.5647058823529412	0.5647058823529412
U	C6_1	82.924	204.912	158.698	0.5647058823529412	0.5647058823529412	0.5647058823529412
A	P_2	82.5	203.485	144.045	1.0	0.5019607843137255	0.0
A	OP1_2	82.013	203.658	142.648	1.0	0.050980392156862744	0.050980392156862744
A	OP2_2	82.846	204.687	144.856	1.0	0.050980392156862744	0.050980392156862744
A	O5'_2	81.408	202.639	144.847	1.0	0.050980392156862744	0.050980392156862744
A	C5'_2	80.273	203.286	145.466	0.5647058823529412	0.5647058823529412	0.5647058823529412
A	C4'_2	79.761	202.459	146.627	0.5647058823529412	0.5647058823529412	0.5647058823529412
A	O4'_2	80.88	202.05	147.461	1.0	0.050980392156862744	0.050980392156862744
A	C3'_2	78.819	203.189	147.578	0.5647058823529412	0.5647058823529412	0.5647058823529412
A	O3'_2	77.465	203.168	147.107	1.0	0.050980392156862744	0.050980392156862744
A	C2'_2	79.004	202.42	148.883	0.5647058823529412	0.5647058823529412	0.5647058823529412
A	O2'_2	78.259	201.216	148.93	1.0	0.050980392156862744	0.050980392156862744
A	C1'_2	80.5	202.088	148.829	0.5647058823529412	0.5647058823529412	0.5647058823529412
A	N9_2	81.372	203.045	149.518	0.18823529411764706	0.3137254901960784	0.9725490196078431
A	C8_2	82.222	203.966	148.944	0.5647058823529412	0.5647058823529412	0.5647058823529412
A	N7_2	82.89	204.684	149.815	0.18823529411764706	0.3137254901960784	0.9725490196078431
A	C5_2	82.451	204.21	151.044	0.5647058823529412	0.5647058823529412	0.5647058823529412
A	C6_2	82.779	204.568	152.362	0.5647058823529412	0.5647058823529412	0.5647058823529412
A	N6_2	83.656	205.529	152.672	0.18823529411764706	0.3137254901960784	0.9725490196078431
A	N1_2	82.167	203.901	153.366	0.18823529411764706	0.3137254901960784	0.9725490196078431
A	C2_2	81.284	202.944	153.052	0.5647058823529412	0.5647058823529412	0.5647058823529412
A	N3_2	80.89	202.519	151.851	0.18823529411764706	0.3137254901960784	0.9725490196078431
A	C4_2	81.519	203.2	150.877	0.5647058823529412	0.5647058823529412	0.5647058823529412
