A	P_1	166.732	157.717	231.861	1.0	0.5019607843137255	0.0
A	OP1_1	168.055	157.817	232.538	1.0	0.050980392156862744	0.050980392156862744
A	OP2_1	166.461	156.571	230.939	1.0	0.050980392156862744	0.050980392156862744
A	O5'_1	165.621	157.722	233.007	1.0	0.050980392156862744	0.050980392156862744
A	C5'_1	164.219	157.816	232.684	0.5647058823529412	0.5647058823529412	0.5647058823529412
A	C4'_1	163.38	157.758	233.939	0.5647058823529412	0.5647058823529412	0.5647058823529412
A	O4'_1	162.001	158.056	233.592	1.0	0.050980392156862744	0.050980392156862744
A	C3'_1	163.325	156.405	234.636	0.5647058823529412	0.5647058823529412	0.5647058823529412
A	O3'_1	164.419	156.223	235.536	1.0	0.050980392156862744	0.050980392156862744
A	C2'_1	161.97	156.454	235.335	0.5647058823529412	0.5647058823529412	0.5647058823529412
A	O2'_1	161.976	157.217	236.528	1.0	0.050980392156862744	0.050980392156862744
A	C1'_1	161.128	157.178	234.284	0.5647058823529412	0.5647058823529412	0.5647058823529412
A	N9_1	160.53	156.277	233.296	0.18823529411764706	0.3137254901960784	0.9725490196078431
A	C8_1	160.993	155.992	232.028	0.5647058823529412	0.5647058823529412	0.5647058823529412
A	N7_1	160.235	155.154	231.363	0.18823529411764706	0.3137254901960784	0.9725490196078431
A	C5_1	159.207	154.859	232.249	0.5647058823529412	0.5647058823529412	0.5647058823529412
A	C6_1	158.074	154.029	232.138	0.5647058823529412	0.5647058823529412	0.5647058823529412
A	N6_1	157.783	153.315	231.044	0.18823529411764706	0.3137254901960784	0.9725490196078431
A	N1_1	157.24	153.958	233.204	0.18823529411764706	0.3137254901960784	0.9725490196078431
A	C2_1	157.537	154.676	234.303	0.5647058823529412	0.5647058823529412	0.5647058823529412
A	N3_1	158.569	155.493	234.523	0.18823529411764706	0.3137254901960784	0.9725490196078431
A	C4_1	159.376	155.543	233.444	0.5647058823529412	0.5647058823529412	0.5647058823529412
U	P_2	164.282	152.349	222.288	1.0	0.5019607843137255	0.0
U	OP1_2	164.208	152.493	220.805	1.0	0.050980392156862744	0.050980392156862744
U	OP2_2	164.463	153.563	223.135	1.0	0.050980392156862744	0.050980392156862744
U	O5'_2	162.946	151.619	222.757	1.0	0.050980392156862744	0.050980392156862744
U	C5'_2	161.688	152.297	222.614	0.5647058823529412	0.5647058823529412	0.5647058823529412
U	C4'_2	160.645	151.723	223.54	0.5647058823529412	0.5647058823529412	0.5647058823529412
U	O4'_2	161.208	151.404	224.844	1.0	0.050980392156862744	0.050980392156862744
U	C3'_2	159.533	152.715	223.844	0.5647058823529412	0.5647058823529412	0.5647058823529412
U	O3'_2	158.585	152.786	222.781	1.0	0.050980392156862744	0.050980392156862744
U	C2'_2	158.981	152.189	225.165	0.5647058823529412	0.5647058823529412	0.5647058823529412
U	O2'_2	158.123	151.076	225.003	1.0	0.050980392156862744	0.050980392156862744
U	C1'_2	160.27	151.74	225.865	0.5647058823529412	0.5647058823529412	0.5647058823529412
U	N1_2	160.881	152.758	226.746	0.18823529411764706	0.3137254901960784	0.9725490196078431
U	C2_2	160.315	152.972	228.006	0.5647058823529412	0.5647058823529412	0.5647058823529412
U	O2_2	159.319	152.381	228.403	1.0	0.050980392156862744	0.050980392156862744
U	N3_2	160.967	153.91	228.78	0.18823529411764706	0.3137254901960784	0.9725490196078431
U	C4_2	162.098	154.643	228.438	0.5647058823529412	0.5647058823529412	0.5647058823529412
U	O4_2	162.601	155.409	229.265	1.0	0.050980392156862744	0.050980392156862744
U	C5_2	162.609	154.378	227.127	0.5647058823529412	0.5647058823529412	0.5647058823529412
U	C6_2	162.001	153.475	226.345	0.5647058823529412	0.5647058823529412	0.5647058823529412
