A	P_1	166.343	294.232	224.673	1.0	0.5019607843137255	0.0
A	OP1_1	165.294	295.1	224.063	1.0	0.050980392156862744	0.050980392156862744
A	OP2_1	166.401	292.792	224.311	1.0	0.050980392156862744	0.050980392156862744
A	O5'_1	167.77	294.877	224.379	1.0	0.050980392156862744	0.050980392156862744
A	C5'_1	168.054	296.243	224.747	0.5647058823529412	0.5647058823529412	0.5647058823529412
A	C4'_1	169.548	296.468	224.82	0.5647058823529412	0.5647058823529412	0.5647058823529412
A	O4'_1	170.114	295.633	225.867	1.0	0.050980392156862744	0.050980392156862744
A	C3'_1	170.352	296.101	223.58	0.5647058823529412	0.5647058823529412	0.5647058823529412
A	O3'_1	170.3	297.133	222.589	1.0	0.050980392156862744	0.050980392156862744
A	C2'_1	171.751	295.897	224.156	0.5647058823529412	0.5647058823529412	0.5647058823529412
A	O2'_1	172.445	297.107	224.388	1.0	0.050980392156862744	0.050980392156862744
A	C1'_1	171.43	295.243	225.504	0.5647058823529412	0.5647058823529412	0.5647058823529412
A	N9_1	171.504	293.78	225.488	0.18823529411764706	0.3137254901960784	0.9725490196078431
A	C8_1	170.471	292.869	225.466	0.5647058823529412	0.5647058823529412	0.5647058823529412
A	N7_1	170.869	291.62	225.46	0.18823529411764706	0.3137254901960784	0.9725490196078431
A	C5_1	172.255	291.712	225.478	0.5647058823529412	0.5647058823529412	0.5647058823529412
A	C6_1	173.265	290.735	225.483	0.5647058823529412	0.5647058823529412	0.5647058823529412
A	N6_1	173.023	289.422	225.464	0.18823529411764706	0.3137254901960784	0.9725490196078431
A	N1_1	174.549	291.157	225.507	0.18823529411764706	0.3137254901960784	0.9725490196078431
A	C2_1	174.788	292.476	225.519	0.5647058823529412	0.5647058823529412	0.5647058823529412
A	N3_1	173.924	293.491	225.516	0.18823529411764706	0.3137254901960784	0.9725490196078431
A	C4_1	172.659	293.035	225.496	0.5647058823529412	0.5647058823529412	0.5647058823529412
U	P_2	181.931	284.46	225.587	1.0	0.5019607843137255	0.0
U	OP1_2	183.086	283.934	226.36	1.0	0.050980392156862744	0.050980392156862744
U	OP2_2	180.559	283.973	225.897	1.0	0.050980392156862744	0.050980392156862744
U	O5'_2	181.928	286.048	225.714	1.0	0.050980392156862744	0.050980392156862744
U	C5'_2	183.051	286.819	225.263	0.5647058823529412	0.5647058823529412	0.5647058823529412
U	C4'_2	182.688	288.28	225.195	0.5647058823529412	0.5647058823529412	0.5647058823529412
U	O4'_2	181.604	288.458	224.246	1.0	0.050980392156862744	0.050980392156862744
U	C3'_2	182.161	288.885	226.485	0.5647058823529412	0.5647058823529412	0.5647058823529412
U	O3'_2	183.231	289.272	227.345	1.0	0.050980392156862744	0.050980392156862744
U	C2'_2	181.355	290.075	225.978	0.5647058823529412	0.5647058823529412	0.5647058823529412
U	O2'_2	182.164	291.184	225.64	1.0	0.050980392156862744	0.050980392156862744
U	C1'_2	180.747	289.497	224.696	0.5647058823529412	0.5647058823529412	0.5647058823529412
U	N1_2	179.391	288.948	224.866	0.18823529411764706	0.3137254901960784	0.9725490196078431
U	C2_2	178.317	289.829	224.773	0.5647058823529412	0.5647058823529412	0.5647058823529412
U	O2_2	178.452	291.028	224.57	1.0	0.050980392156862744	0.050980392156862744
U	N3_2	177.082	289.248	224.928	0.18823529411764706	0.3137254901960784	0.9725490196078431
U	C4_2	176.813	287.911	225.165	0.5647058823529412	0.5647058823529412	0.5647058823529412
U	O4_2	175.644	287.544	225.293	1.0	0.050980392156862744	0.050980392156862744
U	C5_2	177.969	287.072	225.253	0.5647058823529412	0.5647058823529412	0.5647058823529412
U	C6_2	179.185	287.602	225.106	0.5647058823529412	0.5647058823529412	0.5647058823529412
