U	P_1	193.679	198.496	114.658	1.0	0.5019607843137255	0.0
U	OP1_1	193.309	199.6	115.589	1.0	0.050980392156862744	0.050980392156862744
U	OP2_1	194.349	198.816	113.372	1.0	0.050980392156862744	0.050980392156862744
U	O5'_1	194.59	197.45	115.444	1.0	0.050980392156862744	0.050980392156862744
U	C5'_1	194.261	197.024	116.786	0.5647058823529412	0.5647058823529412	0.5647058823529412
U	C4'_1	195.326	196.086	117.306	0.5647058823529412	0.5647058823529412	0.5647058823529412
U	O4'_1	195.298	194.861	116.531	1.0	0.050980392156862744	0.050980392156862744
U	C3'_1	196.758	196.595	117.183	0.5647058823529412	0.5647058823529412	0.5647058823529412
U	O3'_1	197.106	197.405	118.313	1.0	0.050980392156862744	0.050980392156862744
U	C2'_1	197.569	195.303	117.145	0.5647058823529412	0.5647058823529412	0.5647058823529412
U	O2'_1	197.809	194.776	118.434	1.0	0.050980392156862744	0.050980392156862744
U	C1'_1	196.619	194.358	116.394	0.5647058823529412	0.5647058823529412	0.5647058823529412
U	N1_1	196.903	194.145	114.963	0.18823529411764706	0.3137254901960784	0.9725490196078431
U	C2_1	197.771	193.109	114.611	0.5647058823529412	0.5647058823529412	0.5647058823529412
U	O2_1	198.316	192.382	115.43	1.0	0.050980392156862744	0.050980392156862744
U	N3_1	197.972	192.962	113.262	0.18823529411764706	0.3137254901960784	0.9725490196078431
U	C4_1	197.413	193.721	112.248	0.5647058823529412	0.5647058823529412	0.5647058823529412
U	O4_1	197.699	193.467	111.079	1.0	0.050980392156862744	0.050980392156862744
U	C5_1	196.536	194.764	112.687	0.5647058823529412	0.5647058823529412	0.5647058823529412
U	C6_1	196.318	194.939	113.995	0.5647058823529412	0.5647058823529412	0.5647058823529412
A	P_2	198.819	194.288	106.571	1.0	0.5019607843137255	0.0
A	OP1_2	198.562	195.102	105.35	1.0	0.050980392156862744	0.050980392156862744
A	OP2_2	197.988	194.512	107.79	1.0	0.050980392156862744	0.050980392156862744
A	O5'_2	198.735	192.753	106.152	1.0	0.050980392156862744	0.050980392156862744
A	C5'_2	198.517	191.715	107.13	0.5647058823529412	0.5647058823529412	0.5647058823529412
A	C4'_2	199.719	190.8	107.197	0.5647058823529412	0.5647058823529412	0.5647058823529412
A	O4'_2	200.704	191.358	108.115	1.0	0.050980392156862744	0.050980392156862744
A	C3'_2	199.434	189.416	107.759	0.5647058823529412	0.5647058823529412	0.5647058823529412
A	O3'_2	198.946	188.558	106.731	1.0	0.050980392156862744	0.050980392156862744
A	C2'_2	200.798	188.983	108.288	0.5647058823529412	0.5647058823529412	0.5647058823529412
A	O2'_2	201.664	188.497	107.282	1.0	0.050980392156862744	0.050980392156862744
A	C1'_2	201.343	190.308	108.834	0.5647058823529412	0.5647058823529412	0.5647058823529412
A	N9_2	201.07	190.488	110.264	0.18823529411764706	0.3137254901960784	0.9725490196078431
A	C8_2	200.172	191.349	110.862	0.5647058823529412	0.5647058823529412	0.5647058823529412
A	N7_2	200.137	191.256	112.171	0.18823529411764706	0.3137254901960784	0.9725490196078431
A	C5_2	201.077	190.274	112.459	0.5647058823529412	0.5647058823529412	0.5647058823529412
A	C6_2	201.505	189.705	113.672	0.5647058823529412	0.5647058823529412	0.5647058823529412
A	N6_2	201.013	190.059	114.863	0.18823529411764706	0.3137254901960784	0.9725490196078431
A	N1_2	202.461	188.75	113.618	0.18823529411764706	0.3137254901960784	0.9725490196078431
A	C2_2	202.942	188.393	112.418	0.5647058823529412	0.5647058823529412	0.5647058823529412
A	N3_2	202.616	188.846	111.209	0.18823529411764706	0.3137254901960784	0.9725490196078431
A	C4_2	201.667	189.798	111.297	0.5647058823529412	0.5647058823529412	0.5647058823529412
