U	P_1	166.965	271.314	168.746	1.0	0.5019607843137255	0.0
U	OP1_1	165.489	271.416	168.565	1.0	0.050980392156862744	0.050980392156862744
U	OP2_1	167.652	270.026	168.444	1.0	0.050980392156862744	0.050980392156862744
U	O5'_1	167.615	272.465	167.856	1.0	0.050980392156862744	0.050980392156862744
U	C5'_1	169.04	272.542	167.642	0.5647058823529412	0.5647058823529412	0.5647058823529412
U	C4'_1	169.374	273.827	166.922	0.5647058823529412	0.5647058823529412	0.5647058823529412
U	O4'_1	169.062	274.947	167.801	1.0	0.050980392156862744	0.050980392156862744
U	C3'_1	170.824	274.02	166.483	0.5647058823529412	0.5647058823529412	0.5647058823529412
U	O3'_1	170.837	274.739	165.244	1.0	0.050980392156862744	0.050980392156862744
U	C2'_1	171.409	274.857	167.623	0.5647058823529412	0.5647058823529412	0.5647058823529412
U	O2'_1	172.518	275.637	167.221	1.0	0.050980392156862744	0.050980392156862744
U	C1'_1	170.216	275.745	167.991	0.5647058823529412	0.5647058823529412	0.5647058823529412
U	N1_1	170.188	276.281	169.367	0.18823529411764706	0.3137254901960784	0.9725490196078431
U	C2_1	169.726	277.585	169.54	0.5647058823529412	0.5647058823529412	0.5647058823529412
U	O2_1	169.372	278.3	168.609	1.0	0.050980392156862744	0.050980392156862744
U	N3_1	169.696	278.022	170.842	0.18823529411764706	0.3137254901960784	0.9725490196078431
U	C4_1	170.072	277.317	171.968	0.5647058823529412	0.5647058823529412	0.5647058823529412
U	O4_1	169.969	277.849	173.076	1.0	0.050980392156862744	0.050980392156862744
U	C5_1	170.548	275.989	171.712	0.5647058823529412	0.5647058823529412	0.5647058823529412
U	C6_1	170.59	275.527	170.456	0.5647058823529412	0.5647058823529412	0.5647058823529412
A	P_2	162.534	286.111	174.218	1.0	0.5019607843137255	0.0
A	OP1_2	161.092	286.491	174.218	1.0	0.050980392156862744	0.050980392156862744
A	OP2_2	163.044	285.164	175.246	1.0	0.050980392156862744	0.050980392156862744
A	O5'_2	162.887	285.511	172.786	1.0	0.050980392156862744	0.050980392156862744
A	C5'_2	162.519	286.206	171.576	0.5647058823529412	0.5647058823529412	0.5647058823529412
A	C4'_2	163.172	285.549	170.385	0.5647058823529412	0.5647058823529412	0.5647058823529412
A	O4'_2	164.615	285.631	170.531	1.0	0.050980392156862744	0.050980392156862744
A	C3'_2	162.89	284.063	170.228	0.5647058823529412	0.5647058823529412	0.5647058823529412
A	O3'_2	161.661	283.837	169.545	1.0	0.050980392156862744	0.050980392156862744
A	C2'_2	164.095	283.583	169.432	0.5647058823529412	0.5647058823529412	0.5647058823529412
A	O2'_2	163.99	283.856	168.049	1.0	0.050980392156862744	0.050980392156862744
A	C1'_2	165.212	284.445	170.03	0.5647058823529412	0.5647058823529412	0.5647058823529412
A	N9_2	165.954	283.806	171.122	0.18823529411764706	0.3137254901960784	0.9725490196078431
A	C8_2	166.022	284.195	172.442	0.5647058823529412	0.5647058823529412	0.5647058823529412
A	N7_2	166.773	283.415	173.184	0.18823529411764706	0.3137254901960784	0.9725490196078431
A	C5_2	167.23	282.449	172.297	0.5647058823529412	0.5647058823529412	0.5647058823529412
A	C6_2	168.062	281.331	172.469	0.5647058823529412	0.5647058823529412	0.5647058823529412
A	N6_2	168.595	280.983	173.644	0.18823529411764706	0.3137254901960784	0.9725490196078431
A	N1_2	168.326	280.571	171.381	0.18823529411764706	0.3137254901960784	0.9725490196078431
A	C2_2	167.78	280.922	170.208	0.5647058823529412	0.5647058823529412	0.5647058823529412
A	N3_2	166.98	281.944	169.923	0.18823529411764706	0.3137254901960784	0.9725490196078431
A	C4_2	166.738	282.679	171.023	0.5647058823529412	0.5647058823529412	0.5647058823529412
