A	P_1	261.772	194.062	248.671	1.0	0.5019607843137255	0.0
A	OP1_1	261.601	194.824	249.941	1.0	0.050980392156862744	0.050980392156862744
A	OP2_1	262.494	194.69	247.528	1.0	0.050980392156862744	0.050980392156862744
A	O5'_1	262.474	192.668	248.994	1.0	0.050980392156862744	0.050980392156862744
A	C5'_1	262.524	192.154	250.338	0.5647058823529412	0.5647058823529412	0.5647058823529412
A	C4'_1	261.245	191.415	250.67	0.5647058823529412	0.5647058823529412	0.5647058823529412
A	O4'_1	261.019	190.349	249.71	1.0	0.050980392156862744	0.050980392156862744
A	C3'_1	261.246	190.694	252.008	0.5647058823529412	0.5647058823529412	0.5647058823529412
A	O3'_1	260.968	191.59	253.077	1.0	0.050980392156862744	0.050980392156862744
A	C2'_1	260.154	189.648	251.823	0.5647058823529412	0.5647058823529412	0.5647058823529412
A	O2'_1	258.855	190.173	252.002	1.0	0.050980392156862744	0.050980392156862744
A	C1'_1	260.346	189.27	250.349	0.5647058823529412	0.5647058823529412	0.5647058823529412
A	N9_1	261.097	188.033	250.11	0.18823529411764706	0.3137254901960784	0.9725490196078431
A	C8_1	262.177	187.856	249.275	0.5647058823529412	0.5647058823529412	0.5647058823529412
A	N7_1	262.622	186.622	249.238	0.18823529411764706	0.3137254901960784	0.9725490196078431
A	C5_1	261.784	185.938	250.111	0.5647058823529412	0.5647058823529412	0.5647058823529412
A	C6_1	261.735	184.585	250.509	0.5647058823529412	0.5647058823529412	0.5647058823529412
A	N6_1	262.573	183.649	250.05	0.18823529411764706	0.3137254901960784	0.9725490196078431
A	N1_1	260.785	184.226	251.403	0.18823529411764706	0.3137254901960784	0.9725490196078431
A	C2_1	259.943	185.17	251.856	0.5647058823529412	0.5647058823529412	0.5647058823529412
A	N3_1	259.886	186.471	251.552	0.18823529411764706	0.3137254901960784	0.9725490196078431
A	C4_1	260.846	186.795	250.664	0.5647058823529412	0.5647058823529412	0.5647058823529412
U	P_2	261.326	174.259	253.352	1.0	0.5019607843137255	0.0
U	OP1_2	260.491	173.041	253.549	1.0	0.050980392156862744	0.050980392156862744
U	OP2_2	261.855	174.576	252.001	1.0	0.050980392156862744	0.050980392156862744
U	O5'_2	260.493	175.516	253.867	1.0	0.050980392156862744	0.050980392156862744
U	C5'_2	259.747	175.46	255.097	0.5647058823529412	0.5647058823529412	0.5647058823529412
U	C4'_2	258.832	176.656	255.202	0.5647058823529412	0.5647058823529412	0.5647058823529412
U	O4'_2	259.634	177.862	255.288	1.0	0.050980392156862744	0.050980392156862744
U	C3'_2	257.92	176.874	254.001	0.5647058823529412	0.5647058823529412	0.5647058823529412
U	O3'_2	256.72	176.107	254.131	1.0	0.050980392156862744	0.050980392156862744
U	C2'_2	257.651	178.376	254.064	0.5647058823529412	0.5647058823529412	0.5647058823529412
U	O2'_2	256.637	178.707	254.993	1.0	0.050980392156862744	0.050980392156862744
U	C1'_2	258.993	178.912	254.583	0.5647058823529412	0.5647058823529412	0.5647058823529412
U	N1_2	259.923	179.421	253.559	0.18823529411764706	0.3137254901960784	0.9725490196078431
U	C2_2	259.988	180.8	253.362	0.5647058823529412	0.5647058823529412	0.5647058823529412
U	O2_2	259.289	181.596	253.975	1.0	0.050980392156862744	0.050980392156862744
U	N3_2	260.905	181.206	252.422	0.18823529411764706	0.3137254901960784	0.9725490196078431
U	C4_2	261.743	180.4	251.668	0.5647058823529412	0.5647058823529412	0.5647058823529412
U	O4_2	262.558	180.922	250.905	1.0	0.050980392156862744	0.050980392156862744
U	C5_2	261.603	178.995	251.911	0.5647058823529412	0.5647058823529412	0.5647058823529412
U	C6_2	260.721	178.563	252.824	0.5647058823529412	0.5647058823529412	0.5647058823529412
