A	P_1	160.721	184.645	189.018	1.0	0.5019607843137255	0.0
A	OP1_1	161.856	184.958	188.099	1.0	0.050980392156862744	0.050980392156862744
A	OP2_1	160.442	183.229	189.377	1.0	0.050980392156862744	0.050980392156862744
A	O5'_1	160.943	185.466	190.368	1.0	0.050980392156862744	0.050980392156862744
A	C5'_1	161.46	186.817	190.346	0.5647058823529412	0.5647058823529412	0.5647058823529412
A	C4'_1	161.843	187.256	191.745	0.5647058823529412	0.5647058823529412	0.5647058823529412
A	O4'_1	160.657	187.258	192.587	1.0	0.050980392156862744	0.050980392156862744
A	C3'_1	162.823	186.347	192.477	0.5647058823529412	0.5647058823529412	0.5647058823529412
A	O3'_1	164.182	186.617	192.12	1.0	0.050980392156862744	0.050980392156862744
A	C2'_1	162.527	186.656	193.942	0.5647058823529412	0.5647058823529412	0.5647058823529412
A	O2'_1	163.146	187.841	194.402	1.0	0.050980392156862744	0.050980392156862744
A	C1'_1	161.007	186.854	193.905	0.5647058823529412	0.5647058823529412	0.5647058823529412
A	N9_1	160.246	185.646	194.243	0.18823529411764706	0.3137254901960784	0.9725490196078431
A	C8_1	159.562	184.803	193.396	0.5647058823529412	0.5647058823529412	0.5647058823529412
A	N7_1	158.971	183.804	194.009	0.18823529411764706	0.3137254901960784	0.9725490196078431
A	C5_1	159.286	183.999	195.349	0.5647058823529412	0.5647058823529412	0.5647058823529412
A	C6_1	158.959	183.277	196.515	0.5647058823529412	0.5647058823529412	0.5647058823529412
A	N6_1	158.212	182.172	196.515	0.18823529411764706	0.3137254901960784	0.9725490196078431
A	N1_1	159.432	183.736	197.692	0.18823529411764706	0.3137254901960784	0.9725490196078431
A	C2_1	160.183	184.845	197.69	0.5647058823529412	0.5647058823529412	0.5647058823529412
A	N3_1	160.56	185.61	196.666	0.18823529411764706	0.3137254901960784	0.9725490196078431
A	C4_1	160.073	185.128	195.508	0.5647058823529412	0.5647058823529412	0.5647058823529412
U	P_2	155.15	178.869	205.5	1.0	0.5019607843137255	0.0
U	OP1_2	154.523	179.045	206.844	1.0	0.050980392156862744	0.050980392156862744
U	OP2_2	154.29	178.552	204.327	1.0	0.050980392156862744	0.050980392156862744
U	O5'_2	155.994	180.179	205.157	1.0	0.050980392156862744	0.050980392156862744
U	C5'_2	156.765	180.853	206.173	0.5647058823529412	0.5647058823529412	0.5647058823529412
U	C4'_2	157.525	182.018	205.576	0.5647058823529412	0.5647058823529412	0.5647058823529412
U	O4'_2	158.509	181.519	204.627	1.0	0.050980392156862744	0.050980392156862744
U	C3'_2	156.715	183.016	204.759	0.5647058823529412	0.5647058823529412	0.5647058823529412
U	O3'_2	156.019	183.961	205.574	1.0	0.050980392156862744	0.050980392156862744
U	C2'_2	157.797	183.673	203.911	0.5647058823529412	0.5647058823529412	0.5647058823529412
U	O2'_2	158.546	184.626	204.634	1.0	0.050980392156862744	0.050980392156862744
U	C1'_2	158.695	182.475	203.591	0.5647058823529412	0.5647058823529412	0.5647058823529412
U	N1_2	158.394	181.854	202.287	0.18823529411764706	0.3137254901960784	0.9725490196078431
U	C2_2	159.066	182.347	201.174	0.5647058823529412	0.5647058823529412	0.5647058823529412
U	O2_2	159.904	183.234	201.242	1.0	0.050980392156862744	0.050980392156862744
U	N3_2	158.722	181.762	199.98	0.18823529411764706	0.3137254901960784	0.9725490196078431
U	C4_2	157.801	180.754	199.782	0.5647058823529412	0.5647058823529412	0.5647058823529412
U	O4_2	157.558	180.379	198.634	1.0	0.050980392156862744	0.050980392156862744
U	C5_2	157.166	180.279	200.974	0.5647058823529412	0.5647058823529412	0.5647058823529412
U	C6_2	157.473	180.83	202.155	0.5647058823529412	0.5647058823529412	0.5647058823529412
