U	P_1	170.725	192.399	246.609	1.0	0.5019607843137255	0.0
U	OP1_1	169.836	191.859	245.542	1.0	0.050980392156862744	0.050980392156862744
U	OP2_1	170.671	191.814	247.976	1.0	0.050980392156862744	0.050980392156862744
U	O5'_1	172.235	192.308	246.101	1.0	0.050980392156862744	0.050980392156862744
U	C5'_1	172.598	192.703	244.76	0.5647058823529412	0.5647058823529412	0.5647058823529412
U	C4'_1	174.104	192.811	244.632	0.5647058823529412	0.5647058823529412	0.5647058823529412
U	O4'_1	174.594	193.845	245.531	1.0	0.050980392156862744	0.050980392156862744
U	C3'_1	174.911	191.577	245.02	0.5647058823529412	0.5647058823529412	0.5647058823529412
U	O3'_1	174.961	190.62	243.96	1.0	0.050980392156862744	0.050980392156862744
U	C2'_1	176.284	192.168	245.33	0.5647058823529412	0.5647058823529412	0.5647058823529412
U	O2'_1	177.048	192.427	244.167	1.0	0.050980392156862744	0.050980392156862744
U	C1'_1	175.898	193.501	245.986	0.5647058823529412	0.5647058823529412	0.5647058823529412
U	N1_1	175.913	193.493	247.461	0.18823529411764706	0.3137254901960784	0.9725490196078431
U	C2_1	177.127	193.748	248.092	0.5647058823529412	0.5647058823529412	0.5647058823529412
U	O2_1	178.162	193.98	247.481	1.0	0.050980392156862744	0.050980392156862744
U	N3_1	177.082	193.718	249.465	0.18823529411764706	0.3137254901960784	0.9725490196078431
U	C4_1	175.978	193.467	250.258	0.5647058823529412	0.5647058823529412	0.5647058823529412
U	O4_1	176.11	193.428	251.483	1.0	0.050980392156862744	0.050980392156862744
U	C5_1	174.762	193.228	249.534	0.5647058823529412	0.5647058823529412	0.5647058823529412
U	C6_1	174.77	193.244	248.199	0.5647058823529412	0.5647058823529412	0.5647058823529412
A	P_2	185.661	193.787	257.807	1.0	0.5019607843137255	0.0
A	OP1_2	186.859	194.536	258.28	1.0	0.050980392156862744	0.050980392156862744
A	OP2_2	184.303	194.257	258.192	1.0	0.050980392156862744	0.050980392156862744
A	O5'_2	185.718	193.702	256.217	1.0	0.050980392156862744	0.050980392156862744
A	C5'_2	186.924	193.278	255.541	0.5647058823529412	0.5647058823529412	0.5647058823529412
A	C4'_2	186.729	193.314	254.04	0.5647058823529412	0.5647058823529412	0.5647058823529412
A	O4'_2	185.728	192.332	253.658	1.0	0.050980392156862744	0.050980392156862744
A	C3'_2	186.207	194.627	253.472	0.5647058823529412	0.5647058823529412	0.5647058823529412
A	O3'_2	187.263	195.571	253.275	1.0	0.050980392156862744	0.050980392156862744
A	C2'_2	185.565	194.178	252.162	0.5647058823529412	0.5647058823529412	0.5647058823529412
A	O2'_2	186.516	193.958	251.135	1.0	0.050980392156862744	0.050980392156862744
A	C1'_2	184.96	192.83	252.571	0.5647058823529412	0.5647058823529412	0.5647058823529412
A	N9_2	183.556	192.904	252.989	0.18823529411764706	0.3137254901960784	0.9725490196078431
A	C8_2	183.046	192.798	254.267	0.5647058823529412	0.5647058823529412	0.5647058823529412
A	N7_2	181.738	192.884	254.325	0.18823529411764706	0.3137254901960784	0.9725490196078431
A	C5_2	181.357	193.06	253.001	0.5647058823529412	0.5647058823529412	0.5647058823529412
A	C6_2	180.098	193.216	252.397	0.5647058823529412	0.5647058823529412	0.5647058823529412
A	N6_2	178.948	193.211	253.076	0.18823529411764706	0.3137254901960784	0.9725490196078431
A	N1_2	180.062	193.378	251.053	0.18823529411764706	0.3137254901960784	0.9725490196078431
A	C2_2	181.223	193.376	250.374	0.5647058823529412	0.5647058823529412	0.5647058823529412
A	N3_2	182.469	193.239	250.832	0.18823529411764706	0.3137254901960784	0.9725490196078431
A	C4_2	182.466	193.083	252.168	0.5647058823529412	0.5647058823529412	0.5647058823529412
