U	P_1	173.222	266.005	265.048	1.0	0.5019607843137255	0.0
U	OP1_1	172.666	266.261	266.41	1.0	0.050980392156862744	0.050980392156862744
U	OP2_1	174.635	265.562	264.906	1.0	0.050980392156862744	0.050980392156862744
U	O5'_1	172.282	264.94	264.32	1.0	0.050980392156862744	0.050980392156862744
U	C5'_1	170.844	265.036	264.403	0.5647058823529412	0.5647058823529412	0.5647058823529412
U	C4'_1	170.196	264.281	263.26	0.5647058823529412	0.5647058823529412	0.5647058823529412
U	O4'_1	170.757	264.76	262.01	1.0	0.050980392156862744	0.050980392156862744
U	C3'_1	170.392	262.768	263.2	0.5647058823529412	0.5647058823529412	0.5647058823529412
U	O3'_1	169.44	262.102	264.041	1.0	0.050980392156862744	0.050980392156862744
U	C2'_1	170.145	262.467	261.723	0.5647058823529412	0.5647058823529412	0.5647058823529412
U	O2'_1	168.764	262.402	261.421	1.0	0.050980392156862744	0.050980392156862744
U	C1'_1	170.733	263.713	261.052	0.5647058823529412	0.5647058823529412	0.5647058823529412
U	N1_1	172.069	263.576	260.446	0.18823529411764706	0.3137254901960784	0.9725490196078431
U	C2_1	172.135	263.11	259.138	0.5647058823529412	0.5647058823529412	0.5647058823529412
U	O2_1	171.149	262.769	258.499	1.0	0.050980392156862744	0.050980392156862744
U	N3_1	173.398	263.059	258.607	0.18823529411764706	0.3137254901960784	0.9725490196078431
U	C4_1	174.575	263.409	259.23	0.5647058823529412	0.5647058823529412	0.5647058823529412
U	O4_1	175.631	263.328	258.606	1.0	0.050980392156862744	0.050980392156862744
U	C5_1	174.432	263.857	260.58	0.5647058823529412	0.5647058823529412	0.5647058823529412
U	C6_1	173.215	263.919	261.132	0.5647058823529412	0.5647058823529412	0.5647058823529412
A	P_2	179.717	264.267	255.816	1.0	0.5019607843137255	0.0
A	OP1_2	181.073	264.662	255.342	1.0	0.050980392156862744	0.050980392156862744
A	OP2_2	178.783	265.311	256.324	1.0	0.050980392156862744	0.050980392156862744
A	O5'_2	179.0	263.486	254.617	1.0	0.050980392156862744	0.050980392156862744
A	C5'_2	179.57	262.262	254.094	0.5647058823529412	0.5647058823529412	0.5647058823529412
A	C4'_2	178.625	261.584	253.116	0.5647058823529412	0.5647058823529412	0.5647058823529412
A	O4'_2	177.425	261.124	253.801	1.0	0.050980392156862744	0.050980392156862744
A	C3'_2	178.143	262.395	251.912	0.5647058823529412	0.5647058823529412	0.5647058823529412
A	O3'_2	178.053	261.529	250.776	1.0	0.050980392156862744	0.050980392156862744
A	C2'_2	176.729	262.789	252.33	0.5647058823529412	0.5647058823529412	0.5647058823529412
A	O2'_2	175.873	263.049	251.234	1.0	0.050980392156862744	0.050980392156862744
A	C1'_2	176.291	261.525	253.063	0.5647058823529412	0.5647058823529412	0.5647058823529412
A	N9_2	175.148	261.662	253.968	0.18823529411764706	0.3137254901960784	0.9725490196078431
A	C8_2	175.106	262.213	255.228	0.5647058823529412	0.5647058823529412	0.5647058823529412
A	N7_2	173.916	262.172	255.784	0.18823529411764706	0.3137254901960784	0.9725490196078431
A	C5_2	173.121	261.556	254.828	0.5647058823529412	0.5647058823529412	0.5647058823529412
A	C6_2	171.752	261.22	254.806	0.5647058823529412	0.5647058823529412	0.5647058823529412
A	N6_2	170.908	261.466	255.814	0.18823529411764706	0.3137254901960784	0.9725490196078431
A	N1_2	171.274	260.613	253.696	0.18823529411764706	0.3137254901960784	0.9725490196078431
A	C2_2	172.119	260.369	252.681	0.5647058823529412	0.5647058823529412	0.5647058823529412
A	N3_2	173.419	260.64	252.583	0.18823529411764706	0.3137254901960784	0.9725490196078431
A	C4_2	173.865	261.239	253.702	0.5647058823529412	0.5647058823529412	0.5647058823529412
