U	P_1	233.55	208.176	185.521	1.0	0.5019607843137255	0.0
U	OP1_1	233.699	207.996	184.046	1.0	0.050980392156862744	0.050980392156862744
U	OP2_1	232.704	207.224	186.296	1.0	0.050980392156862744	0.050980392156862744
U	O5'_1	235.007	208.181	186.167	1.0	0.050980392156862744	0.050980392156862744
U	C5'_1	236.013	209.087	185.693	0.5647058823529412	0.5647058823529412	0.5647058823529412
U	C4'_1	237.255	208.982	186.541	0.5647058823529412	0.5647058823529412	0.5647058823529412
U	O4'_1	236.948	209.406	187.898	1.0	0.050980392156862744	0.050980392156862744
U	C3'_1	237.836	207.587	186.711	0.5647058823529412	0.5647058823529412	0.5647058823529412
U	O3'_1	238.638	207.212	185.595	1.0	0.050980392156862744	0.050980392156862744
U	C2'_1	238.634	207.727	188.005	0.5647058823529412	0.5647058823529412	0.5647058823529412
U	O2'_1	239.896	208.35	187.838	1.0	0.050980392156862744	0.050980392156862744
U	C1'_1	237.721	208.649	188.82	0.5647058823529412	0.5647058823529412	0.5647058823529412
U	N1_1	236.813	207.927	189.729	0.18823529411764706	0.3137254901960784	0.9725490196078431
U	C2_1	237.334	207.492	190.938	0.5647058823529412	0.5647058823529412	0.5647058823529412
U	O2_1	238.495	207.682	191.271	1.0	0.050980392156862744	0.050980392156862744
U	N3_1	236.441	206.826	191.744	0.18823529411764706	0.3137254901960784	0.9725490196078431
U	C4_1	235.108	206.557	191.474	0.5647058823529412	0.5647058823529412	0.5647058823529412
U	O4_1	234.434	205.937	192.305	1.0	0.050980392156862744	0.050980392156862744
U	C5_1	234.644	207.041	190.206	0.5647058823529412	0.5647058823529412	0.5647058823529412
U	C6_1	235.489	207.689	189.398	0.5647058823529412	0.5647058823529412	0.5647058823529412
A	P_2	236.809	202.938	202.079	1.0	0.5019607843137255	0.0
A	OP1_2	237.154	202.357	203.407	1.0	0.050980392156862744	0.050980392156862744
A	OP2_2	235.429	203.436	201.835	1.0	0.050980392156862744	0.050980392156862744
A	O5'_2	237.801	204.157	201.8	1.0	0.050980392156862744	0.050980392156862744
A	C5'_2	239.202	204.073	202.145	0.5647058823529412	0.5647058823529412	0.5647058823529412
A	C4'_2	240.059	204.54	200.984	0.5647058823529412	0.5647058823529412	0.5647058823529412
A	O4'_2	239.821	203.68	199.834	1.0	0.050980392156862744	0.050980392156862744
A	C3'_2	239.786	205.944	200.462	0.5647058823529412	0.5647058823529412	0.5647058823529412
A	O3'_2	240.448	206.935	201.248	1.0	0.050980392156862744	0.050980392156862744
A	C2'_2	240.317	205.861	199.034	0.5647058823529412	0.5647058823529412	0.5647058823529412
A	O2'_2	241.725	205.942	198.951	1.0	0.050980392156862744	0.050980392156862744
A	C1'_2	239.878	204.448	198.637	0.5647058823529412	0.5647058823529412	0.5647058823529412
A	N9_2	238.55	204.427	198.023	0.18823529411764706	0.3137254901960784	0.9725490196078431
A	C8_2	237.366	204.015	198.593	0.5647058823529412	0.5647058823529412	0.5647058823529412
A	N7_2	236.327	204.133	197.8	0.18823529411764706	0.3137254901960784	0.9725490196078431
A	C5_2	236.859	204.654	196.627	0.5647058823529412	0.5647058823529412	0.5647058823529412
A	C6_2	236.269	205.015	195.396	0.5647058823529412	0.5647058823529412	0.5647058823529412
A	N6_2	234.958	204.903	195.14	0.18823529411764706	0.3137254901960784	0.9725490196078431
A	N1_2	237.081	205.503	194.428	0.18823529411764706	0.3137254901960784	0.9725490196078431
A	C2_2	238.396	205.62	194.69	0.5647058823529412	0.5647058823529412	0.5647058823529412
A	N3_2	239.068	205.314	195.808	0.18823529411764706	0.3137254901960784	0.9725490196078431
A	C4_2	238.231	204.832	196.746	0.5647058823529412	0.5647058823529412	0.5647058823529412
