A	P_1	197.357	204.033	229.937	1.0	0.5019607843137255	0.0
A	OP1_1	196.22	204.605	230.72	1.0	0.050980392156862744	0.050980392156862744
A	OP2_1	198.714	203.97	230.555	1.0	0.050980392156862744	0.050980392156862744
A	O5'_1	196.955	202.56	229.481	1.0	0.050980392156862744	0.050980392156862744
A	C5'_1	195.71	202.324	228.805	0.5647058823529412	0.5647058823529412	0.5647058823529412
A	C4'_1	195.736	200.988	228.095	0.5647058823529412	0.5647058823529412	0.5647058823529412
A	O4'_1	196.787	200.978	227.092	1.0	0.050980392156862744	0.050980392156862744
A	C3'_1	196.03	199.759	228.941	0.5647058823529412	0.5647058823529412	0.5647058823529412
A	O3'_1	194.861	199.32	229.626	1.0	0.050980392156862744	0.050980392156862744
A	C2'_1	196.483	198.755	227.889	0.5647058823529412	0.5647058823529412	0.5647058823529412
A	O2'_1	195.406	198.202	227.164	1.0	0.050980392156862744	0.050980392156862744
A	C1'_1	197.285	199.656	226.949	0.5647058823529412	0.5647058823529412	0.5647058823529412
A	N9_1	198.707	199.658	227.274	0.18823529411764706	0.3137254901960784	0.9725490196078431
A	C8_1	199.439	200.632	227.919	0.5647058823529412	0.5647058823529412	0.5647058823529412
A	N7_1	200.711	200.33	228.062	0.18823529411764706	0.3137254901960784	0.9725490196078431
A	C5_1	200.823	199.076	227.47	0.5647058823529412	0.5647058823529412	0.5647058823529412
A	C6_1	201.92	198.208	227.29	0.5647058823529412	0.5647058823529412	0.5647058823529412
A	N6_1	203.163	198.484	227.705	0.18823529411764706	0.3137254901960784	0.9725490196078431
A	N1_1	201.69	197.031	226.659	0.18823529411764706	0.3137254901960784	0.9725490196078431
A	C2_1	200.439	196.756	226.243	0.5647058823529412	0.5647058823529412	0.5647058823529412
A	N3_1	199.333	197.49	226.354	0.18823529411764706	0.3137254901960784	0.9725490196078431
A	C4_1	199.595	198.651	226.983	0.5647058823529412	0.5647058823529412	0.5647058823529412
U	P_2	209.402	190.871	224.512	1.0	0.5019607843137255	0.0
U	OP1_2	210.11	190.1	223.439	1.0	0.050980392156862744	0.050980392156862744
U	OP2_2	209.913	192.219	224.907	1.0	0.050980392156862744	0.050980392156862744
U	O5'_2	207.863	191.022	224.11	1.0	0.050980392156862744	0.050980392156862744
U	C5'_2	207.088	189.864	223.75	0.5647058823529412	0.5647058823529412	0.5647058823529412
U	C4'_2	205.658	190.245	223.458	0.5647058823529412	0.5647058823529412	0.5647058823529412
U	O4'_2	204.987	190.652	224.677	1.0	0.050980392156862744	0.050980392156862744
U	C3'_2	205.437	191.412	222.509	0.5647058823529412	0.5647058823529412	0.5647058823529412
U	O3'_2	205.586	191.023	221.147	1.0	0.050980392156862744	0.050980392156862744
U	C2'_2	204.006	191.819	222.845	0.5647058823529412	0.5647058823529412	0.5647058823529412
U	O2'_2	203.03	190.963	222.285	1.0	0.050980392156862744	0.050980392156862744
U	C1'_2	204.0	191.633	224.365	0.5647058823529412	0.5647058823529412	0.5647058823529412
U	N1_2	204.32	192.875	225.091	0.18823529411764706	0.3137254901960784	0.9725490196078431
U	C2_2	203.256	193.664	225.532	0.5647058823529412	0.5647058823529412	0.5647058823529412
U	O2_2	202.078	193.372	225.335	1.0	0.050980392156862744	0.050980392156862744
U	N3_2	203.627	194.805	226.204	0.18823529411764706	0.3137254901960784	0.9725490196078431
U	C4_2	204.919	195.236	226.469	0.5647058823529412	0.5647058823529412	0.5647058823529412
U	O4_2	205.088	196.316	227.041	1.0	0.050980392156862744	0.050980392156862744
U	C5_2	205.953	194.373	225.984	0.5647058823529412	0.5647058823529412	0.5647058823529412
U	C6_2	205.63	193.252	225.328	0.5647058823529412	0.5647058823529412	0.5647058823529412
