U	P_1	103.846	188.952	219.151	1.0	0.5019607843137255	0.0
U	OP1_1	103.111	190.188	218.756	1.0	0.050980392156862744	0.050980392156862744
U	OP2_1	103.555	187.672	218.461	1.0	0.050980392156862744	0.050980392156862744
U	O5'_1	105.415	189.216	219.027	1.0	0.050980392156862744	0.050980392156862744
U	C5'_1	105.974	190.536	219.223	0.5647058823529412	0.5647058823529412	0.5647058823529412
U	C4'_1	107.379	190.433	219.767	0.5647058823529412	0.5647058823529412	0.5647058823529412
U	O4'_1	107.339	190.021	221.158	1.0	0.050980392156862744	0.050980392156862744
U	C3'_1	108.268	189.404	219.083	0.5647058823529412	0.5647058823529412	0.5647058823529412
U	O3'_1	108.857	189.933	217.897	1.0	0.050980392156862744	0.050980392156862744
U	C2'_1	109.293	189.09	220.166	0.5647058823529412	0.5647058823529412	0.5647058823529412
U	O2'_1	110.305	190.072	220.277	1.0	0.050980392156862744	0.050980392156862744
U	C1'_1	108.425	189.141	221.428	0.5647058823529412	0.5647058823529412	0.5647058823529412
U	N1_1	107.877	187.832	221.817	0.18823529411764706	0.3137254901960784	0.9725490196078431
U	C2_1	108.754	186.851	222.27	0.5647058823529412	0.5647058823529412	0.5647058823529412
U	O2_1	109.963	187.019	222.357	1.0	0.050980392156862744	0.050980392156862744
U	N3_1	108.155	185.665	222.615	0.18823529411764706	0.3137254901960784	0.9725490196078431
U	C4_1	106.807	185.366	222.558	0.5647058823529412	0.5647058823529412	0.5647058823529412
U	O4_1	106.419	184.25	222.899	1.0	0.050980392156862744	0.050980392156862744
U	C5_1	105.977	186.424	222.081	0.5647058823529412	0.5647058823529412	0.5647058823529412
U	C6_1	106.522	187.586	221.735	0.5647058823529412	0.5647058823529412	0.5647058823529412
A	P_2	104.586	179.439	226.23	1.0	0.5019607843137255	0.0
A	OP1_2	105.197	178.726	227.386	1.0	0.050980392156862744	0.050980392156862744
A	OP2_2	103.231	180.038	226.369	1.0	0.050980392156862744	0.050980392156862744
A	O5'_2	105.586	180.582	225.752	1.0	0.050980392156862744	0.050980392156862744
A	C5'_2	106.774	180.883	226.502	0.5647058823529412	0.5647058823529412	0.5647058823529412
A	C4'_2	107.916	180.009	226.043	0.5647058823529412	0.5647058823529412	0.5647058823529412
A	O4'_2	108.151	180.207	224.622	1.0	0.050980392156862744	0.050980392156862744
A	C3'_2	109.26	180.311	226.683	0.5647058823529412	0.5647058823529412	0.5647058823529412
A	O3'_2	109.363	179.714	227.973	1.0	0.050980392156862744	0.050980392156862744
A	C2'_2	110.231	179.727	225.664	0.5647058823529412	0.5647058823529412	0.5647058823529412
A	O2'_2	110.339	178.322	225.736	1.0	0.050980392156862744	0.050980392156862744
A	C1'_2	109.542	180.104	224.349	0.5647058823529412	0.5647058823529412	0.5647058823529412
A	N9_2	110.005	181.39	223.826	0.18823529411764706	0.3137254901960784	0.9725490196078431
A	C8_2	109.255	182.507	223.544	0.5647058823529412	0.5647058823529412	0.5647058823529412
A	N7_2	109.962	183.525	223.12	0.18823529411764706	0.3137254901960784	0.9725490196078431
A	C5_2	111.264	183.046	223.111	0.5647058823529412	0.5647058823529412	0.5647058823529412
A	C6_2	112.483	183.647	222.77	0.5647058823529412	0.5647058823529412	0.5647058823529412
A	N6_2	112.586	184.914	222.359	0.18823529411764706	0.3137254901960784	0.9725490196078431
A	N1_2	113.605	182.899	222.868	0.18823529411764706	0.3137254901960784	0.9725490196078431
A	C2_2	113.491	181.631	223.288	0.5647058823529412	0.5647058823529412	0.5647058823529412
A	N3_2	112.4	180.954	223.644	0.18823529411764706	0.3137254901960784	0.9725490196078431
A	C4_2	111.305	181.729	223.533	0.5647058823529412	0.5647058823529412	0.5647058823529412
