U	P_1	225.177	130.226	207.678	1.0	0.5019607843137255	0.0
U	OP1_1	224.842	129.909	206.256	1.0	0.050980392156862744	0.050980392156862744
U	OP2_1	224.842	131.573	208.233	1.0	0.050980392156862744	0.050980392156862744
U	O5'_1	224.477	129.123	208.6	1.0	0.050980392156862744	0.050980392156862744
U	C5'_1	224.547	127.717	208.265	0.5647058823529412	0.5647058823529412	0.5647058823529412
U	C4'_1	224.602	126.871	209.518	0.5647058823529412	0.5647058823529412	0.5647058823529412
U	O4'_1	225.838	127.132	210.227	1.0	0.050980392156862744	0.050980392156862744
U	C3'_1	223.521	127.116	210.557	0.5647058823529412	0.5647058823529412	0.5647058823529412
U	O3'_1	222.331	126.407	210.227	1.0	0.050980392156862744	0.050980392156862744
U	C2'_1	224.16	126.571	211.832	0.5647058823529412	0.5647058823529412	0.5647058823529412
U	O2'_1	224.061	125.163	211.944	1.0	0.050980392156862744	0.050980392156862744
U	C1'_1	225.632	126.934	211.617	0.5647058823529412	0.5647058823529412	0.5647058823529412
U	N1_1	226.128	128.112	212.35	0.18823529411764706	0.3137254901960784	0.9725490196078431
U	C2_1	226.18	128.047	213.741	0.5647058823529412	0.5647058823529412	0.5647058823529412
U	O2_1	225.775	127.086	214.387	1.0	0.050980392156862744	0.050980392156862744
U	N3_1	226.719	129.155	214.346	0.18823529411764706	0.3137254901960784	0.9725490196078431
U	C4_1	227.191	130.294	213.726	0.5647058823529412	0.5647058823529412	0.5647058823529412
U	O4_1	227.723	131.173	214.401	1.0	0.050980392156862744	0.050980392156862744
U	C5_1	227.07	130.297	212.306	0.5647058823529412	0.5647058823529412	0.5647058823529412
U	C6_1	226.554	129.238	211.681	0.5647058823529412	0.5647058823529412	0.5647058823529412
A	P_2	230.854	136.05	216.989	1.0	0.5019607843137255	0.0
A	OP1_2	231.339	137.337	217.552	1.0	0.050980392156862744	0.050980392156862744
A	OP2_2	231.201	135.681	215.595	1.0	0.050980392156862744	0.050980392156862744
A	O5'_2	231.338	134.876	217.955	1.0	0.050980392156862744	0.050980392156862744
A	C5'_2	230.668	133.597	217.951	0.5647058823529412	0.5647058823529412	0.5647058823529412
A	C4'_2	229.719	133.508	219.12	0.5647058823529412	0.5647058823529412	0.5647058823529412
A	O4'_2	228.372	133.277	218.637	1.0	0.050980392156862744	0.050980392156862744
A	C3'_2	229.969	132.374	220.098	0.5647058823529412	0.5647058823529412	0.5647058823529412
A	O3'_2	230.976	132.723	221.045	1.0	0.050980392156862744	0.050980392156862744
A	C2'_2	228.602	132.203	220.753	0.5647058823529412	0.5647058823529412	0.5647058823529412
A	O2'_2	228.364	133.153	221.775	1.0	0.050980392156862744	0.050980392156862744
A	C1'_2	227.659	132.486	219.576	0.5647058823529412	0.5647058823529412	0.5647058823529412
A	N9_2	227.129	131.304	218.888	0.18823529411764706	0.3137254901960784	0.9725490196078431
A	C8_2	227.278	130.977	217.562	0.5647058823529412	0.5647058823529412	0.5647058823529412
A	N7_2	226.68	129.861	217.218	0.18823529411764706	0.3137254901960784	0.9725490196078431
A	C5_2	226.099	129.415	218.396	0.5647058823529412	0.5647058823529412	0.5647058823529412
A	C6_2	225.321	128.274	218.698	0.5647058823529412	0.5647058823529412	0.5647058823529412
A	N6_2	224.986	127.342	217.797	0.18823529411764706	0.3137254901960784	0.9725490196078431
A	N1_2	224.894	128.125	219.971	0.18823529411764706	0.3137254901960784	0.9725490196078431
A	C2_2	225.229	129.062	220.873	0.5647058823529412	0.5647058823529412	0.5647058823529412
A	N3_2	225.954	130.174	220.712	0.18823529411764706	0.3137254901960784	0.9725490196078431
A	C4_2	226.365	130.294	219.436	0.5647058823529412	0.5647058823529412	0.5647058823529412
