U	P_1	223.841	207.214	197.578	1.0	0.5019607843137255	0.0
U	OP1_1	223.007	206.241	196.814	1.0	0.050980392156862744	0.050980392156862744
U	OP2_1	225.181	206.793	198.087	1.0	0.050980392156862744	0.050980392156862744
U	O5'_1	224.023	208.52	196.68	1.0	0.050980392156862744	0.050980392156862744
U	C5'_1	222.87	209.24	196.192	0.5647058823529412	0.5647058823529412	0.5647058823529412
U	C4'_1	223.298	210.424	195.353	0.5647058823529412	0.5647058823529412	0.5647058823529412
U	O4'_1	223.986	211.403	196.181	1.0	0.050980392156862744	0.050980392156862744
U	C3'_1	224.289	210.131	194.237	0.5647058823529412	0.5647058823529412	0.5647058823529412
U	O3'_1	223.637	209.592	193.092	1.0	0.050980392156862744	0.050980392156862744
U	C2'_1	224.902	211.503	193.973	0.5647058823529412	0.5647058823529412	0.5647058823529412
U	O2'_1	224.086	212.321	193.155	1.0	0.050980392156862744	0.050980392156862744
U	C1'_1	224.958	212.081	195.393	0.5647058823529412	0.5647058823529412	0.5647058823529412
U	N1_1	226.27	211.975	196.055	0.18823529411764706	0.3137254901960784	0.9725490196078431
U	C2_1	227.184	213.015	195.854	0.5647058823529412	0.5647058823529412	0.5647058823529412
U	O2_1	226.948	213.986	195.148	1.0	0.050980392156862744	0.050980392156862744
U	N3_1	228.384	212.873	196.518	0.18823529411764706	0.3137254901960784	0.9725490196078431
U	C4_1	228.758	211.831	197.349	0.5647058823529412	0.5647058823529412	0.5647058823529412
U	O4_1	229.847	211.881	197.93	1.0	0.050980392156862744	0.050980392156862744
U	C5_1	227.767	210.79	197.497	0.5647058823529412	0.5647058823529412	0.5647058823529412
U	C6_1	226.59	210.893	196.858	0.5647058823529412	0.5647058823529412	0.5647058823529412
A	P_2	239.14	218.247	197.327	1.0	0.5019607843137255	0.0
A	OP1_2	239.963	219.491	197.446	1.0	0.050980392156862744	0.050980392156862744
A	OP2_2	238.873	217.425	198.539	1.0	0.050980392156862744	0.050980392156862744
A	O5'_2	237.74	218.638	196.672	1.0	0.050980392156862744	0.050980392156862744
A	C5'_2	237.68	219.375	195.426	0.5647058823529412	0.5647058823529412	0.5647058823529412
A	C4'_2	236.25	219.47	194.94	0.5647058823529412	0.5647058823529412	0.5647058823529412
A	O4'_2	235.779	218.17	194.492	1.0	0.050980392156862744	0.050980392156862744
A	C3'_2	235.232	219.896	195.986	0.5647058823529412	0.5647058823529412	0.5647058823529412
A	O3'_2	235.249	221.31	196.173	1.0	0.050980392156862744	0.050980392156862744
A	C2'_2	233.923	219.358	195.409	0.5647058823529412	0.5647058823529412	0.5647058823529412
A	O2'_2	233.37	220.168	194.386	1.0	0.050980392156862744	0.050980392156862744
A	C1'_2	234.392	218.037	194.789	0.5647058823529412	0.5647058823529412	0.5647058823529412
A	N9_2	234.214	216.879	195.669	0.18823529411764706	0.3137254901960784	0.9725490196078431
A	C8_2	235.13	216.312	196.53	0.5647058823529412	0.5647058823529412	0.5647058823529412
A	N7_2	234.671	215.262	197.175	0.18823529411764706	0.3137254901960784	0.9725490196078431
A	C5_2	233.365	215.131	196.714	0.5647058823529412	0.5647058823529412	0.5647058823529412
A	C6_2	232.34	214.207	197.012	0.5647058823529412	0.5647058823529412	0.5647058823529412
A	N6_2	232.48	213.2	197.876	0.18823529411764706	0.3137254901960784	0.9725490196078431
A	N1_2	231.153	214.356	196.381	0.18823529411764706	0.3137254901960784	0.9725490196078431
A	C2_2	231.014	215.367	195.51	0.5647058823529412	0.5647058823529412	0.5647058823529412
A	N3_2	231.9	216.297	195.144	0.18823529411764706	0.3137254901960784	0.9725490196078431
A	C4_2	233.069	216.122	195.789	0.5647058823529412	0.5647058823529412	0.5647058823529412
