A	P_1	236.449	219.962	153.929	1.0	0.5019607843137255	0.0
A	OP1_1	237.74	219.216	153.913	1.0	0.050980392156862744	0.050980392156862744
A	OP2_1	235.651	220.025	155.185	1.0	0.050980392156862744	0.050980392156862744
A	O5'_1	236.728	221.456	153.446	1.0	0.050980392156862744	0.050980392156862744
A	C5'_1	237.311	221.704	152.155	0.5647058823529412	0.5647058823529412	0.5647058823529412
A	C4'_1	237.183	223.162	151.781	0.5647058823529412	0.5647058823529412	0.5647058823529412
A	O4'_1	235.784	223.539	151.684	1.0	0.050980392156862744	0.050980392156862744
A	C3'_1	237.755	224.17	152.761	0.5647058823529412	0.5647058823529412	0.5647058823529412
A	O3'_1	239.171	224.259	152.615	1.0	0.050980392156862744	0.050980392156862744
A	C2'_1	237.046	225.455	152.337	0.5647058823529412	0.5647058823529412	0.5647058823529412
A	O2'_1	237.622	226.051	151.19	1.0	0.050980392156862744	0.050980392156862744
A	C1'_1	235.655	224.927	151.961	0.5647058823529412	0.5647058823529412	0.5647058823529412
A	N9_1	234.638	225.111	152.997	0.18823529411764706	0.3137254901960784	0.9725490196078431
A	C8_1	234.119	224.169	153.859	0.5647058823529412	0.5647058823529412	0.5647058823529412
A	N7_1	233.202	224.644	154.67	0.18823529411764706	0.3137254901960784	0.9725490196078431
A	C5_1	233.113	225.987	154.325	0.5647058823529412	0.5647058823529412	0.5647058823529412
A	C6_1	232.318	227.037	154.818	0.5647058823529412	0.5647058823529412	0.5647058823529412
A	N6_1	231.439	226.893	155.812	0.18823529411764706	0.3137254901960784	0.9725490196078431
A	N1_1	232.462	228.255	154.251	0.18823529411764706	0.3137254901960784	0.9725490196078431
A	C2_1	233.354	228.397	153.261	0.5647058823529412	0.5647058823529412	0.5647058823529412
A	N3_1	234.165	227.489	152.717	0.18823529411764706	0.3137254901960784	0.9725490196078431
A	C4_1	233.991	226.289	153.298	0.5647058823529412	0.5647058823529412	0.5647058823529412
U	P_2	226.348	235.597	157.398	1.0	0.5019607843137255	0.0
U	OP1_2	225.588	236.844	157.077	1.0	0.050980392156862744	0.050980392156862744
U	OP2_2	225.617	234.298	157.505	1.0	0.050980392156862744	0.050980392156862744
U	O5'_2	227.498	235.429	156.305	1.0	0.050980392156862744	0.050980392156862744
U	C5'_2	228.427	236.496	156.027	0.5647058823529412	0.5647058823529412	0.5647058823529412
U	C4'_2	229.473	236.032	155.04	0.5647058823529412	0.5647058823529412	0.5647058823529412
U	O4'_2	230.238	234.952	155.628	1.0	0.050980392156862744	0.050980392156862744
U	C3'_2	228.938	235.476	153.727	0.5647058823529412	0.5647058823529412	0.5647058823529412
U	O3'_2	228.727	236.554	152.81	1.0	0.050980392156862744	0.050980392156862744
U	C2'_2	230.05	234.529	153.285	0.5647058823529412	0.5647058823529412	0.5647058823529412
U	O2'_2	231.116	235.2	152.644	1.0	0.050980392156862744	0.050980392156862744
U	C1'_2	230.554	233.996	154.631	0.5647058823529412	0.5647058823529412	0.5647058823529412
U	N1_2	230.035	232.692	155.076	0.18823529411764706	0.3137254901960784	0.9725490196078431
U	C2_2	230.884	231.59	154.983	0.5647058823529412	0.5647058823529412	0.5647058823529412
U	O2_2	232.003	231.648	154.488	1.0	0.050980392156862744	0.050980392156862744
U	N3_2	230.369	230.423	155.491	0.18823529411764706	0.3137254901960784	0.9725490196078431
U	C4_2	229.122	230.24	156.06	0.5647058823529412	0.5647058823529412	0.5647058823529412
U	O4_2	228.819	229.129	156.503	1.0	0.050980392156862744	0.050980392156862744
U	C5_2	228.296	231.41	156.089	0.5647058823529412	0.5647058823529412	0.5647058823529412
U	C6_2	228.765	232.567	155.602	0.5647058823529412	0.5647058823529412	0.5647058823529412
