A	P_1	148.017	101.829	176.744	1.0	0.5019607843137255	0.0
A	OP1_1	148.466	100.463	177.143	1.0	0.050980392156862744	0.050980392156862744
A	OP2_1	148.504	102.418	175.474	1.0	0.050980392156862744	0.050980392156862744
A	O5'_1	146.421	101.844	176.712	1.0	0.050980392156862744	0.050980392156862744
A	C5'_1	145.643	101.072	177.66	0.5647058823529412	0.5647058823529412	0.5647058823529412
A	C4'_1	144.161	101.295	177.431	0.5647058823529412	0.5647058823529412	0.5647058823529412
A	O4'_1	143.879	102.718	177.541	1.0	0.050980392156862744	0.050980392156862744
A	C3'_1	143.617	100.921	176.057	0.5647058823529412	0.5647058823529412	0.5647058823529412
A	O3'_1	143.323	99.528	175.926	1.0	0.050980392156862744	0.050980392156862744
A	C2'_1	142.364	101.784	175.962	0.5647058823529412	0.5647058823529412	0.5647058823529412
A	O2'_1	141.266	101.26	176.683	1.0	0.050980392156862744	0.050980392156862744
A	C1'_1	142.841	103.072	176.636	0.5647058823529412	0.5647058823529412	0.5647058823529412
A	N9_1	143.362	104.058	175.686	0.18823529411764706	0.3137254901960784	0.9725490196078431
A	C8_1	144.674	104.396	175.434	0.5647058823529412	0.5647058823529412	0.5647058823529412
A	N7_1	144.812	105.336	174.531	0.18823529411764706	0.3137254901960784	0.9725490196078431
A	C5_1	143.507	105.64	174.16	0.5647058823529412	0.5647058823529412	0.5647058823529412
A	C6_1	142.974	106.564	173.241	0.5647058823529412	0.5647058823529412	0.5647058823529412
A	N6_1	143.719	107.392	172.506	0.18823529411764706	0.3137254901960784	0.9725490196078431
A	N1_1	141.631	106.61	173.104	0.18823529411764706	0.3137254901960784	0.9725490196078431
A	C2_1	140.884	105.784	173.846	0.5647058823529412	0.5647058823529412	0.5647058823529412
A	N3_1	141.265	104.876	174.744	0.18823529411764706	0.3137254901960784	0.9725490196078431
A	C4_1	142.606	104.855	174.857	0.5647058823529412	0.5647058823529412	0.5647058823529412
U	P_2	137.496	114.677	168.758	1.0	0.5019607843137255	0.0
U	OP1_2	136.296	115.561	168.812	1.0	0.050980392156862744	0.050980392156862744
U	OP2_2	138.712	115.044	169.531	1.0	0.050980392156862744	0.050980392156862744
U	O5'_2	137.062	113.204	169.187	1.0	0.050980392156862744	0.050980392156862744
U	C5'_2	135.833	112.621	168.708	0.5647058823529412	0.5647058823529412	0.5647058823529412
U	C4'_2	135.612	111.272	169.351	0.5647058823529412	0.5647058823529412	0.5647058823529412
U	O4'_2	136.646	110.352	168.912	1.0	0.050980392156862744	0.050980392156862744
U	C3'_2	135.703	111.24	170.869	0.5647058823529412	0.5647058823529412	0.5647058823529412
U	O3'_2	134.465	111.63	171.459	1.0	0.050980392156862744	0.050980392156862744
U	C2'_2	136.038	109.78	171.144	0.5647058823529412	0.5647058823529412	0.5647058823529412
U	O2'_2	134.899	108.944	171.075	1.0	0.050980392156862744	0.050980392156862744
U	C1'_2	136.958	109.454	169.963	0.5647058823529412	0.5647058823529412	0.5647058823529412
U	N1_2	138.403	109.525	170.237	0.18823529411764706	0.3137254901960784	0.9725490196078431
U	C2_2	138.983	108.468	170.924	0.5647058823529412	0.5647058823529412	0.5647058823529412
U	O2_2	138.348	107.507	171.331	1.0	0.050980392156862744	0.050980392156862744
U	N3_2	140.337	108.577	171.115	0.18823529411764706	0.3137254901960784	0.9725490196078431
U	C4_2	141.153	109.606	170.703	0.5647058823529412	0.5647058823529412	0.5647058823529412
U	O4_2	142.356	109.549	170.94	1.0	0.050980392156862744	0.050980392156862744
U	C5_2	140.483	110.667	170.015	0.5647058823529412	0.5647058823529412	0.5647058823529412
U	C6_2	139.166	110.595	169.814	0.5647058823529412	0.5647058823529412	0.5647058823529412
