A	P_1	193.433	120.569	242.126	1.0	0.5019607843137255	0.0
A	OP1_1	192.674	121.848	242.193	1.0	0.050980392156862744	0.050980392156862744
A	OP2_1	194.608	120.464	241.216	1.0	0.050980392156862744	0.050980392156862744
A	O5'_1	193.896	120.213	243.61	1.0	0.050980392156862744	0.050980392156862744
A	C5'_1	192.922	119.83	244.607	0.5647058823529412	0.5647058823529412	0.5647058823529412
A	C4'_1	193.605	119.408	245.889	0.5647058823529412	0.5647058823529412	0.5647058823529412
A	O4'_1	194.445	118.252	245.643	1.0	0.050980392156862744	0.050980392156862744
A	C3'_1	194.561	120.416	246.51	0.5647058823529412	0.5647058823529412	0.5647058823529412
A	O3'_1	193.856	121.405	247.261	1.0	0.050980392156862744	0.050980392156862744
A	C2'_1	195.421	119.532	247.408	0.5647058823529412	0.5647058823529412	0.5647058823529412
A	O2'_1	194.807	119.231	248.646	1.0	0.050980392156862744	0.050980392156862744
A	C1'_1	195.512	118.247	246.578	0.5647058823529412	0.5647058823529412	0.5647058823529412
A	N9_1	196.777	118.068	245.865	0.18823529411764706	0.3137254901960784	0.9725490196078431
A	C8_1	197.078	118.342	244.552	0.5647058823529412	0.5647058823529412	0.5647058823529412
A	N7_1	198.314	118.051	244.222	0.18823529411764706	0.3137254901960784	0.9725490196078431
A	C5_1	198.865	117.553	245.395	0.5647058823529412	0.5647058823529412	0.5647058823529412
A	C6_1	200.15	117.065	245.712	0.5647058823529412	0.5647058823529412	0.5647058823529412
A	N6_1	201.152	116.995	244.834	0.18823529411764706	0.3137254901960784	0.9725490196078431
A	N1_1	200.37	116.648	246.978	0.18823529411764706	0.3137254901960784	0.9725490196078431
A	C2_1	199.364	116.718	247.858	0.5647058823529412	0.5647058823529412	0.5647058823529412
A	N3_1	198.118	117.154	247.684	0.18823529411764706	0.3137254901960784	0.9725490196078431
A	C4_1	197.931	117.562	246.416	0.5647058823529412	0.5647058823529412	0.5647058823529412
U	P_2	203.906	116.144	235.726	1.0	0.5019607843137255	0.0
U	OP1_2	205.052	115.324	235.241	1.0	0.050980392156862744	0.050980392156862744
U	OP2_2	202.552	115.915	235.154	1.0	0.050980392156862744	0.050980392156862744
U	O5'_2	203.832	115.967	237.31	1.0	0.050980392156862744	0.050980392156862744
U	C5'_2	204.935	116.372	238.161	0.5647058823529412	0.5647058823529412	0.5647058823529412
U	C4'_2	204.516	116.354	239.619	0.5647058823529412	0.5647058823529412	0.5647058823529412
U	O4'_2	203.399	117.27	239.805	1.0	0.050980392156862744	0.050980392156862744
U	C3'_2	204.047	115.007	240.17	0.5647058823529412	0.5647058823529412	0.5647058823529412
U	O3'_2	204.354	114.929	241.562	1.0	0.050980392156862744	0.050980392156862744
U	C2'_2	202.535	115.094	239.994	0.5647058823529412	0.5647058823529412	0.5647058823529412
U	O2'_2	201.823	114.239	240.868	1.0	0.050980392156862744	0.050980392156862744
U	C1'_2	202.291	116.565	240.333	0.5647058823529412	0.5647058823529412	0.5647058823529412
U	N1_2	201.055	117.149	239.786	0.18823529411764706	0.3137254901960784	0.9725490196078431
U	C2_2	200.124	117.647	240.692	0.5647058823529412	0.5647058823529412	0.5647058823529412
U	O2_2	200.284	117.608	241.905	1.0	0.050980392156862744	0.050980392156862744
U	N3_2	198.998	118.192	240.127	0.18823529411764706	0.3137254901960784	0.9725490196078431
U	C4_2	198.705	118.288	238.78	0.5647058823529412	0.5647058823529412	0.5647058823529412
U	O4_2	197.649	118.818	238.428	1.0	0.050980392156862744	0.050980392156862744
U	C5_2	199.707	117.746	237.909	0.5647058823529412	0.5647058823529412	0.5647058823529412
U	C6_2	200.822	117.209	238.427	0.5647058823529412	0.5647058823529412	0.5647058823529412
