U	P_1	228.089	229.149	245.692	1.0	0.5019607843137255	0.0
U	OP1_1	227.401	229.719	246.886	1.0	0.050980392156862744	0.050980392156862744
U	OP2_1	228.381	227.69	245.644	1.0	0.050980392156862744	0.050980392156862744
U	O5'_1	227.243	229.529	244.389	1.0	0.050980392156862744	0.050980392156862744
U	C5'_1	226.653	230.844	244.223	0.5647058823529412	0.5647058823529412	0.5647058823529412
U	C4'_1	225.955	230.944	242.876	0.5647058823529412	0.5647058823529412	0.5647058823529412
U	O4'_1	226.929	230.777	241.805	1.0	0.050980392156862744	0.050980392156862744
U	C3'_1	224.896	229.885	242.585	0.5647058823529412	0.5647058823529412	0.5647058823529412
U	O3'_1	223.63	230.231	243.154	1.0	0.050980392156862744	0.050980392156862744
U	C2'_1	224.855	229.869	241.059	0.5647058823529412	0.5647058823529412	0.5647058823529412
U	O2'_1	224.1	230.933	240.512	1.0	0.050980392156862744	0.050980392156862744
U	C1'_1	226.333	230.079	240.715	0.5647058823529412	0.5647058823529412	0.5647058823529412
U	N1_1	227.085	228.832	240.473	0.18823529411764706	0.3137254901960784	0.9725490196078431
U	C2_1	226.998	228.254	239.208	0.5647058823529412	0.5647058823529412	0.5647058823529412
U	O2_1	226.321	228.722	238.303	1.0	0.050980392156862744	0.050980392156862744
U	N3_1	227.739	227.106	239.046	0.18823529411764706	0.3137254901960784	0.9725490196078431
U	C4_1	228.538	226.485	239.99	0.5647058823529412	0.5647058823529412	0.5647058823529412
U	O4_1	229.139	225.457	239.688	1.0	0.050980392156862744	0.050980392156862744
U	C5_1	228.572	227.129	241.267	0.5647058823529412	0.5647058823529412	0.5647058823529412
U	C6_1	227.864	228.249	241.463	0.5647058823529412	0.5647058823529412	0.5647058823529412
A	P_2	230.614	219.744	230.809	1.0	0.5019607843137255	0.0
A	OP1_2	231.209	219.497	229.46	1.0	0.050980392156862744	0.050980392156862744
A	OP2_2	231.512	219.96	231.979	1.0	0.050980392156862744	0.050980392156862744
A	O5'_2	229.628	220.993	230.694	1.0	0.050980392156862744	0.050980392156862744
A	C5'_2	228.519	220.981	229.767	0.5647058823529412	0.5647058823529412	0.5647058823529412
A	C4'_2	227.51	222.039	230.15	0.5647058823529412	0.5647058823529412	0.5647058823529412
A	O4'_2	226.968	221.731	231.463	1.0	0.050980392156862744	0.050980392156862744
A	C3'_2	228.061	223.452	230.29	0.5647058823529412	0.5647058823529412	0.5647058823529412
A	O3'_2	228.149	224.113	229.024	1.0	0.050980392156862744	0.050980392156862744
A	C2'_2	227.056	224.097	231.238	0.5647058823529412	0.5647058823529412	0.5647058823529412
A	O2'_2	225.855	224.489	230.599	1.0	0.050980392156862744	0.050980392156862744
A	C1'_2	226.761	222.934	232.192	0.5647058823529412	0.5647058823529412	0.5647058823529412
A	N9_2	227.634	222.908	233.373	0.18823529411764706	0.3137254901960784	0.9725490196078431
A	C8_2	228.709	222.072	233.612	0.5647058823529412	0.5647058823529412	0.5647058823529412
A	N7_2	229.298	222.28	234.769	0.18823529411764706	0.3137254901960784	0.9725490196078431
A	C5_2	228.569	223.321	235.331	0.5647058823529412	0.5647058823529412	0.5647058823529412
A	C6_2	228.692	224.003	236.555	0.5647058823529412	0.5647058823529412	0.5647058823529412
A	N6_2	229.632	223.718	237.464	0.18823529411764706	0.3137254901960784	0.9725490196078431
A	N1_2	227.807	224.996	236.817	0.18823529411764706	0.3137254901960784	0.9725490196078431
A	C2_2	226.865	225.273	235.899	0.5647058823529412	0.5647058823529412	0.5647058823529412
A	N3_2	226.645	224.7	234.709	0.18823529411764706	0.3137254901960784	0.9725490196078431
A	C4_2	227.541	223.72	234.483	0.5647058823529412	0.5647058823529412	0.5647058823529412
