U	P_1	186.919	276.423	203.254	1.0	0.5019607843137255	0.0
U	OP1_1	186.948	277.678	202.443	1.0	0.050980392156862744	0.050980392156862744
U	OP2_1	187.522	276.42	204.617	1.0	0.050980392156862744	0.050980392156862744
U	O5'_1	185.406	275.942	203.412	1.0	0.050980392156862744	0.050980392156862744
U	C5'_1	184.536	275.811	202.272	0.5647058823529412	0.5647058823529412	0.5647058823529412
U	C4'_1	183.158	275.379	202.718	0.5647058823529412	0.5647058823529412	0.5647058823529412
U	O4'_1	183.252	274.061	203.321	1.0	0.050980392156862744	0.050980392156862744
U	C3'_1	182.516	276.248	203.792	0.5647058823529412	0.5647058823529412	0.5647058823529412
U	O3'_1	181.849	277.378	203.226	1.0	0.050980392156862744	0.050980392156862744
U	C2'_1	181.56	275.273	204.469	0.5647058823529412	0.5647058823529412	0.5647058823529412
U	O2'_1	180.37	275.058	203.737	1.0	0.050980392156862744	0.050980392156862744
U	C1'_1	182.384	273.983	204.443	0.5647058823529412	0.5647058823529412	0.5647058823529412
U	N1_1	183.205	273.775	205.649	0.18823529411764706	0.3137254901960784	0.9725490196078431
U	C2_1	182.604	273.183	206.756	0.5647058823529412	0.5647058823529412	0.5647058823529412
U	O2_1	181.431	272.827	206.773	1.0	0.050980392156862744	0.050980392156862744
U	N3_1	183.435	273.021	207.843	0.18823529411764706	0.3137254901960784	0.9725490196078431
U	C4_1	184.772	273.382	207.936	0.5647058823529412	0.5647058823529412	0.5647058823529412
U	O4_1	185.372	273.212	208.998	1.0	0.050980392156862744	0.050980392156862744
U	C5_1	185.316	273.98	206.754	0.5647058823529412	0.5647058823529412	0.5647058823529412
U	C6_1	184.538	274.153	205.682	0.5647058823529412	0.5647058823529412	0.5647058823529412
A	P_2	181.501	269.11	218.794	1.0	0.5019607843137255	0.0
A	OP1_2	180.848	268.093	219.667	1.0	0.050980392156862744	0.050980392156862744
A	OP2_2	182.895	268.885	218.324	1.0	0.050980392156862744	0.050980392156862744
A	O5'_2	180.57	269.345	217.521	1.0	0.050980392156862744	0.050980392156862744
A	C5'_2	179.205	269.781	217.679	0.5647058823529412	0.5647058823529412	0.5647058823529412
A	C4'_2	178.667	270.316	216.372	0.5647058823529412	0.5647058823529412	0.5647058823529412
A	O4'_2	179.423	271.49	215.976	1.0	0.050980392156862744	0.050980392156862744
A	C3'_2	178.773	269.389	215.172	0.5647058823529412	0.5647058823529412	0.5647058823529412
A	O3'_2	177.709	268.44	215.157	1.0	0.050980392156862744	0.050980392156862744
A	C2'_2	178.701	270.367	214.004	0.5647058823529412	0.5647058823529412	0.5647058823529412
A	O2'_2	177.384	270.789	213.71	1.0	0.050980392156862744	0.050980392156862744
A	C1'_2	179.483	271.56	214.56	0.5647058823529412	0.5647058823529412	0.5647058823529412
A	N9_2	180.888	271.616	214.15	0.18823529411764706	0.3137254901960784	0.9725490196078431
A	C8_2	182.012	271.394	214.911	0.5647058823529412	0.5647058823529412	0.5647058823529412
A	N7_2	183.137	271.562	214.256	0.18823529411764706	0.3137254901960784	0.9725490196078431
A	C5_2	182.728	271.908	212.973	0.5647058823529412	0.5647058823529412	0.5647058823529412
A	C6_2	183.447	272.228	211.799	0.5647058823529412	0.5647058823529412	0.5647058823529412
A	N6_2	184.785	272.261	211.73	0.18823529411764706	0.3137254901960784	0.9725490196078431
A	N1_2	182.736	272.523	210.689	0.18823529411764706	0.3137254901960784	0.9725490196078431
A	C2_2	181.397	272.499	210.76	0.5647058823529412	0.5647058823529412	0.5647058823529412
A	N3_2	180.609	272.222	211.802	0.18823529411764706	0.3137254901960784	0.9725490196078431
A	C4_2	181.345	271.933	212.891	0.5647058823529412	0.5647058823529412	0.5647058823529412
