A	P_1	228.857	175.222	169.261	1.0	0.5019607843137255	0.0
A	OP1_1	228.814	174.159	168.22	1.0	0.050980392156862744	0.050980392156862744
A	OP2_1	227.586	175.658	169.921	1.0	0.050980392156862744	0.050980392156862744
A	O5'_1	229.878	174.774	170.406	1.0	0.050980392156862744	0.050980392156862744
A	C5'_1	229.862	175.415	171.705	0.5647058823529412	0.5647058823529412	0.5647058823529412
A	C4'_1	229.769	174.381	172.813	0.5647058823529412	0.5647058823529412	0.5647058823529412
A	O4'_1	229.288	173.114	172.278	1.0	0.050980392156862744	0.050980392156862744
A	C3'_1	231.073	174.031	173.517	0.5647058823529412	0.5647058823529412	0.5647058823529412
A	O3'_1	231.347	174.997	174.538	1.0	0.050980392156862744	0.050980392156862744
A	C2'_1	230.777	172.641	174.081	0.5647058823529412	0.5647058823529412	0.5647058823529412
A	O2'_1	230.019	172.675	175.277	1.0	0.050980392156862744	0.050980392156862744
A	C1'_1	229.91	172.036	172.968	0.5647058823529412	0.5647058823529412	0.5647058823529412
A	N9_1	230.638	171.216	171.995	0.18823529411764706	0.3137254901960784	0.9725490196078431
A	C8_1	230.858	171.489	170.662	0.5647058823529412	0.5647058823529412	0.5647058823529412
A	N7_1	231.53	170.553	170.033	0.18823529411764706	0.3137254901960784	0.9725490196078431
A	C5_1	231.772	169.6	171.014	0.5647058823529412	0.5647058823529412	0.5647058823529412
A	C6_1	232.445	168.361	170.984	0.5647058823529412	0.5647058823529412	0.5647058823529412
A	N6_1	233.003	167.849	169.882	0.18823529411764706	0.3137254901960784	0.9725490196078431
A	N1_1	232.522	167.661	172.136	0.18823529411764706	0.3137254901960784	0.9725490196078431
A	C2_1	231.954	168.174	173.237	0.5647058823529412	0.5647058823529412	0.5647058823529412
A	N3_1	231.29	169.323	173.391	0.18823529411764706	0.3137254901960784	0.9725490196078431
A	C4_1	231.234	169.998	172.229	0.5647058823529412	0.5647058823529412	0.5647058823529412
U	P_2	237.92	159.574	173.744	1.0	0.5019607843137255	0.0
U	OP1_2	238.193	158.228	174.335	1.0	0.050980392156862744	0.050980392156862744
U	OP2_2	237.388	159.669	172.353	1.0	0.050980392156862744	0.050980392156862744
U	O5'_2	236.93	160.354	174.723	1.0	0.050980392156862744	0.050980392156862744
U	C5'_2	237.222	160.466	176.131	0.5647058823529412	0.5647058823529412	0.5647058823529412
U	C4'_2	236.261	161.429	176.791	0.5647058823529412	0.5647058823529412	0.5647058823529412
U	O4'_2	236.4	162.729	176.163	1.0	0.050980392156862744	0.050980392156862744
U	C3'_2	234.777	161.088	176.678	0.5647058823529412	0.5647058823529412	0.5647058823529412
U	O3'_2	234.39	160.207	177.74	1.0	0.050980392156862744	0.050980392156862744
U	C2'_2	234.103	162.456	176.791	0.5647058823529412	0.5647058823529412	0.5647058823529412
U	O2'_2	233.923	162.89	178.125	1.0	0.050980392156862744	0.050980392156862744
U	C1'_2	235.134	163.37	176.113	0.5647058823529412	0.5647058823529412	0.5647058823529412
U	N1_2	234.861	163.755	174.717	0.18823529411764706	0.3137254901960784	0.9725490196078431
U	C2_2	234.248	164.985	174.492	0.5647058823529412	0.5647058823529412	0.5647058823529412
U	O2_2	233.872	165.721	175.398	1.0	0.050980392156862744	0.050980392156862744
U	N3_2	234.088	165.314	173.165	0.18823529411764706	0.3137254901960784	0.9725490196078431
U	C4_2	234.456	164.557	172.066	0.5647058823529412	0.5647058823529412	0.5647058823529412
U	O4_2	234.296	165.018	170.932	1.0	0.050980392156862744	0.050980392156862744
U	C5_2	235.048	163.291	172.382	0.5647058823529412	0.5647058823529412	0.5647058823529412
U	C6_2	235.225	162.94	173.66	0.5647058823529412	0.5647058823529412	0.5647058823529412
