A	P_1	179.493	283.125	234.95	1.0	0.5019607843137255	0.0
A	OP1_1	180.912	283.527	235.175	1.0	0.050980392156862744	0.050980392156862744
A	OP2_1	178.575	284.038	234.213	1.0	0.050980392156862744	0.050980392156862744
A	O5'_1	179.48	281.719	234.204	1.0	0.050980392156862744	0.050980392156862744
A	C5'_1	180.598	281.269	233.408	0.5647058823529412	0.5647058823529412	0.5647058823529412
A	C4'_1	180.594	279.76	233.334	0.5647058823529412	0.5647058823529412	0.5647058823529412
A	O4'_1	180.976	279.212	234.629	1.0	0.050980392156862744	0.050980392156862744
A	C3'_1	179.229	279.145	233.059	0.5647058823529412	0.5647058823529412	0.5647058823529412
A	O3'_1	178.864	279.164	231.68	1.0	0.050980392156862744	0.050980392156862744
A	C2'_1	179.38	277.752	233.656	0.5647058823529412	0.5647058823529412	0.5647058823529412
A	O2'_1	180.124	276.868	232.842	1.0	0.050980392156862744	0.050980392156862744
A	C1'_1	180.183	278.066	234.921	0.5647058823529412	0.5647058823529412	0.5647058823529412
A	N9_1	179.317	278.39	236.059	0.18823529411764706	0.3137254901960784	0.9725490196078431
A	C8_1	179.249	279.583	236.746	0.5647058823529412	0.5647058823529412	0.5647058823529412
A	N7_1	178.353	279.592	237.701	0.18823529411764706	0.3137254901960784	0.9725490196078431
A	C5_1	177.795	278.321	237.648	0.5647058823529412	0.5647058823529412	0.5647058823529412
A	C6_1	176.778	277.708	238.399	0.5647058823529412	0.5647058823529412	0.5647058823529412
A	N6_1	176.115	278.321	239.382	0.18823529411764706	0.3137254901960784	0.9725490196078431
A	N1_1	176.459	276.431	238.099	0.18823529411764706	0.3137254901960784	0.9725490196078431
A	C2_1	177.12	275.823	237.103	0.5647058823529412	0.5647058823529412	0.5647058823529412
A	N3_1	178.09	276.295	236.321	0.18823529411764706	0.3137254901960784	0.9725490196078431
A	C4_1	178.385	277.566	236.649	0.5647058823529412	0.5647058823529412	0.5647058823529412
U	P_2	169.094	272.11	244.053	1.0	0.5019607843137255	0.0
U	OP1_2	168.742	270.789	244.65	1.0	0.050980392156862744	0.050980392156862744
U	OP2_2	169.638	273.186	244.924	1.0	0.050980392156862744	0.050980392156862744
U	O5'_2	170.116	271.868	242.855	1.0	0.050980392156862744	0.050980392156862744
U	C5'_2	169.84	270.88	241.848	0.5647058823529412	0.5647058823529412	0.5647058823529412
U	C4'_2	170.925	270.872	240.796	0.5647058823529412	0.5647058823529412	0.5647058823529412
U	O4'_2	170.873	272.091	240.006	1.0	0.050980392156862744	0.050980392156862744
U	C3'_2	172.361	270.831	241.288	0.5647058823529412	0.5647058823529412	0.5647058823529412
U	O3'_2	172.751	269.524	241.698	1.0	0.050980392156862744	0.050980392156862744
U	C2'_2	173.123	271.311	240.058	0.5647058823529412	0.5647058823529412	0.5647058823529412
U	O2'_2	173.278	270.312	239.07	1.0	0.050980392156862744	0.050980392156862744
U	C1'_2	172.177	272.388	239.52	0.5647058823529412	0.5647058823529412	0.5647058823529412
U	N1_2	172.553	273.751	239.93	0.18823529411764706	0.3137254901960784	0.9725490196078431
U	C2_2	173.432	274.452	239.11	0.5647058823529412	0.5647058823529412	0.5647058823529412
U	O2_2	173.896	273.992	238.074	1.0	0.050980392156862744	0.050980392156862744
U	N3_2	173.749	275.711	239.552	0.18823529411764706	0.3137254901960784	0.9725490196078431
U	C4_2	173.29	276.332	240.699	0.5647058823529412	0.5647058823529412	0.5647058823529412
U	O4_2	173.689	277.462	240.97	1.0	0.050980392156862744	0.050980392156862744
U	C5_2	172.384	275.552	241.484	0.5647058823529412	0.5647058823529412	0.5647058823529412
U	C6_2	172.058	274.319	241.085	0.5647058823529412	0.5647058823529412	0.5647058823529412
