A	P_1	182.664	315.644	169.67	1.0	0.5019607843137255	0.0
A	OP1_1	184.026	315.631	169.068	1.0	0.050980392156862744	0.050980392156862744
A	OP2_1	182.486	316.105	171.075	1.0	0.050980392156862744	0.050980392156862744
A	O5'_1	181.717	316.505	168.725	1.0	0.050980392156862744	0.050980392156862744
A	C5'_1	181.63	316.221	167.316	0.5647058823529412	0.5647058823529412	0.5647058823529412
A	C4'_1	180.576	317.091	166.675	0.5647058823529412	0.5647058823529412	0.5647058823529412
A	O4'_1	179.247	316.632	167.043	1.0	0.050980392156862744	0.050980392156862744
A	C3'_1	180.599	318.54	167.124	0.5647058823529412	0.5647058823529412	0.5647058823529412
A	O3'_1	181.618	319.276	166.464	1.0	0.050980392156862744	0.050980392156862744
A	C2'_1	179.181	319.0	166.811	0.5647058823529412	0.5647058823529412	0.5647058823529412
A	O2'_1	178.982	319.266	165.436	1.0	0.050980392156862744	0.050980392156862744
A	C1'_1	178.381	317.751	167.195	0.5647058823529412	0.5647058823529412	0.5647058823529412
A	N9_1	177.886	317.766	168.575	0.18823529411764706	0.3137254901960784	0.9725490196078431
A	C8_1	178.511	317.279	169.701	0.5647058823529412	0.5647058823529412	0.5647058823529412
A	N7_1	177.8	317.403	170.796	0.18823529411764706	0.3137254901960784	0.9725490196078431
A	C5_1	176.632	318.02	170.367	0.5647058823529412	0.5647058823529412	0.5647058823529412
A	C6_1	175.471	318.416	171.047	0.5647058823529412	0.5647058823529412	0.5647058823529412
A	N6_1	175.286	318.233	172.354	0.18823529411764706	0.3137254901960784	0.9725490196078431
A	N1_1	174.493	319.009	170.329	0.18823529411764706	0.3137254901960784	0.9725490196078431
A	C2_1	174.679	319.18	169.013	0.5647058823529412	0.5647058823529412	0.5647058823529412
A	N3_1	175.722	318.845	168.259	0.18823529411764706	0.3137254901960784	0.9725490196078431
A	C4_1	176.676	318.261	169.005	0.5647058823529412	0.5647058823529412	0.5647058823529412
U	P_2	165.922	322.496	174.258	1.0	0.5019607843137255	0.0
U	OP1_2	164.484	322.834	174.043	1.0	0.050980392156862744	0.050980392156862744
U	OP2_2	166.281	321.21	174.915	1.0	0.050980392156862744	0.050980392156862744
U	O5'_2	166.679	322.568	172.854	1.0	0.050980392156862744	0.050980392156862744
U	C5'_2	166.491	323.69	171.964	0.5647058823529412	0.5647058823529412	0.5647058823529412
U	C4'_2	167.317	323.518	170.708	0.5647058823529412	0.5647058823529412	0.5647058823529412
U	O4'_2	168.731	323.613	171.027	1.0	0.050980392156862744	0.050980392156862744
U	C3'_2	167.185	322.181	169.993	0.5647058823529412	0.5647058823529412	0.5647058823529412
U	O3'_2	166.019	322.131	169.172	1.0	0.050980392156862744	0.050980392156862744
U	C2'_2	168.477	322.116	169.185	0.5647058823529412	0.5647058823529412	0.5647058823529412
U	O2'_2	168.428	322.867	167.989	1.0	0.050980392156862744	0.050980392156862744
U	C1'_2	169.469	322.764	170.157	0.5647058823529412	0.5647058823529412	0.5647058823529412
U	N1_2	170.231	321.798	170.967	0.18823529411764706	0.3137254901960784	0.9725490196078431
U	C2_2	171.456	321.363	170.473	0.5647058823529412	0.5647058823529412	0.5647058823529412
U	O2_2	171.913	321.732	169.4	1.0	0.050980392156862744	0.050980392156862744
U	N3_2	172.12	320.477	171.285	0.18823529411764706	0.3137254901960784	0.9725490196078431
U	C4_2	171.699	319.987	172.507	0.5647058823529412	0.5647058823529412	0.5647058823529412
U	O4_2	172.42	319.203	173.122	1.0	0.050980392156862744	0.050980392156862744
U	C5_2	170.428	320.475	172.944	0.5647058823529412	0.5647058823529412	0.5647058823529412
U	C6_2	169.753	321.34	172.181	0.5647058823529412	0.5647058823529412	0.5647058823529412
