U	P_1	215.878	116.17	162.962	1.0	0.5019607843137255	0.0
U	OP1_1	216.078	114.939	163.776	1.0	0.050980392156862744	0.050980392156862744
U	OP2_1	214.757	116.23	161.983	1.0	0.050980392156862744	0.050980392156862744
U	O5'_1	215.749	117.403	163.967	1.0	0.050980392156862744	0.050980392156862744
U	C5'_1	215.361	118.709	163.49	0.5647058823529412	0.5647058823529412	0.5647058823529412
U	C4'_1	215.842	119.782	164.439	0.5647058823529412	0.5647058823529412	0.5647058823529412
U	O4'_1	217.249	119.578	164.738	1.0	0.050980392156862744	0.050980392156862744
U	C3'_1	215.757	121.2	163.893	0.5647058823529412	0.5647058823529412	0.5647058823529412
U	O3'_1	214.448	121.743	164.097	1.0	0.050980392156862744	0.050980392156862744
U	C2'_1	216.842	121.929	164.684	0.5647058823529412	0.5647058823529412	0.5647058823529412
U	O2'_1	216.413	122.34	165.968	1.0	0.050980392156862744	0.050980392156862744
U	C1'_1	217.907	120.833	164.84	0.5647058823529412	0.5647058823529412	0.5647058823529412
U	N1_1	219.033	120.845	163.885	0.18823529411764706	0.3137254901960784	0.9725490196078431
U	C2_1	219.763	122.022	163.717	0.5647058823529412	0.5647058823529412	0.5647058823529412
U	O2_1	219.512	123.056	164.313	1.0	0.050980392156862744	0.050980392156862744
U	N3_1	220.801	121.933	162.821	0.18823529411764706	0.3137254901960784	0.9725490196078431
U	C4_1	221.18	120.822	162.09	0.5647058823529412	0.5647058823529412	0.5647058823529412
U	O4_1	222.136	120.905	161.318	1.0	0.050980392156862744	0.050980392156862744
U	C5_1	220.385	119.657	162.315	0.5647058823529412	0.5647058823529412	0.5647058823529412
U	C6_1	219.367	119.704	163.178	0.5647058823529412	0.5647058823529412	0.5647058823529412
A	P_2	226.349	128.19	164.75	1.0	0.5019607843137255	0.0
A	OP1_2	227.715	128.681	164.407	1.0	0.050980392156862744	0.050980392156862744
A	OP2_2	225.742	128.565	166.056	1.0	0.050980392156862744	0.050980392156862744
A	O5'_2	225.346	128.649	163.595	1.0	0.050980392156862744	0.050980392156862744
A	C5'_2	225.148	130.048	163.283	0.5647058823529412	0.5647058823529412	0.5647058823529412
A	C4'_2	224.168	130.198	162.138	0.5647058823529412	0.5647058823529412	0.5647058823529412
A	O4'_2	224.639	129.406	161.017	1.0	0.050980392156862744	0.050980392156862744
A	C3'_2	222.759	129.673	162.385	0.5647058823529412	0.5647058823529412	0.5647058823529412
A	O3'_2	221.952	130.662	163.026	1.0	0.050980392156862744	0.050980392156862744
A	C2'_2	222.25	129.41	160.968	0.5647058823529412	0.5647058823529412	0.5647058823529412
A	O2'_2	221.768	130.578	160.335	1.0	0.050980392156862744	0.050980392156862744
A	C1'_2	223.532	128.98	160.248	0.5647058823529412	0.5647058823529412	0.5647058823529412
A	N9_2	223.704	127.564	159.893	0.18823529411764706	0.3137254901960784	0.9725490196078431
A	C8_2	224.494	127.099	158.865	0.5647058823529412	0.5647058823529412	0.5647058823529412
A	N7_2	224.481	125.795	158.733	0.18823529411764706	0.3137254901960784	0.9725490196078431
A	C5_2	223.63	125.365	159.741	0.5647058823529412	0.5647058823529412	0.5647058823529412
A	C6_2	223.206	124.079	160.133	0.5647058823529412	0.5647058823529412	0.5647058823529412
A	N6_2	223.598	122.953	159.532	0.18823529411764706	0.3137254901960784	0.9725490196078431
A	N1_2	222.356	123.988	161.179	0.18823529411764706	0.3137254901960784	0.9725490196078431
A	C2_2	221.967	125.119	161.786	0.5647058823529412	0.5647058823529412	0.5647058823529412
A	N3_2	222.301	126.384	161.514	0.18823529411764706	0.3137254901960784	0.9725490196078431
A	C4_2	223.144	126.441	160.468	0.5647058823529412	0.5647058823529412	0.5647058823529412
