A	P_1	251.93	176.569	166.219	1.0	0.5019607843137255	0.0
A	OP1_1	253.391	176.381	166.003	1.0	0.050980392156862744	0.050980392156862744
A	OP2_1	251.454	177.61	167.17	1.0	0.050980392156862744	0.050980392156862744
A	O5'_1	251.241	176.826	164.81	1.0	0.050980392156862744	0.050980392156862744
A	C5'_1	251.045	178.159	164.333	0.5647058823529412	0.5647058823529412	0.5647058823529412
A	C4'_1	250.368	178.128	162.991	0.5647058823529412	0.5647058823529412	0.5647058823529412
A	O4'_1	249.115	177.405	163.094	1.0	0.050980392156862744	0.050980392156862744
A	C3'_1	249.977	179.485	162.439	0.5647058823529412	0.5647058823529412	0.5647058823529412
A	O3'_1	251.103	180.091	161.809	1.0	0.050980392156862744	0.050980392156862744
A	C2'_1	248.855	179.126	161.473	0.5647058823529412	0.5647058823529412	0.5647058823529412
A	O2'_1	249.322	178.607	160.244	1.0	0.050980392156862744	0.050980392156862744
A	C1'_1	248.153	178.004	162.241	0.5647058823529412	0.5647058823529412	0.5647058823529412
A	N9_1	247.045	178.479	163.067	0.18823529411764706	0.3137254901960784	0.9725490196078431
A	C8_1	247.031	178.683	164.431	0.5647058823529412	0.5647058823529412	0.5647058823529412
A	N7_1	245.875	179.105	164.89	0.18823529411764706	0.3137254901960784	0.9725490196078431
A	C5_1	245.075	179.191	163.757	0.5647058823529412	0.5647058823529412	0.5647058823529412
A	C6_1	243.729	179.582	163.572	0.5647058823529412	0.5647058823529412	0.5647058823529412
A	N6_1	242.926	179.976	164.571	0.18823529411764706	0.3137254901960784	0.9725490196078431
A	N1_1	243.233	179.555	162.311	0.18823529411764706	0.3137254901960784	0.9725490196078431
A	C2_1	244.041	179.163	161.315	0.5647058823529412	0.5647058823529412	0.5647058823529412
A	N3_1	245.319	178.771	161.362	0.18823529411764706	0.3137254901960784	0.9725490196078431
A	C4_1	245.783	178.809	162.626	0.5647058823529412	0.5647058823529412	0.5647058823529412
U	P_2	233.366	182.445	160.511	1.0	0.5019607843137255	0.0
U	OP1_2	233.407	181.875	161.887	1.0	0.050980392156862744	0.050980392156862744
U	OP2_2	232.623	183.716	160.257	1.0	0.050980392156862744	0.050980392156862744
U	O5'_2	234.882	182.622	160.037	1.0	0.050980392156862744	0.050980392156862744
U	C5'_2	235.21	183.392	158.861	0.5647058823529412	0.5647058823529412	0.5647058823529412
U	C4'_2	236.584	183.019	158.337	0.5647058823529412	0.5647058823529412	0.5647058823529412
U	O4'_2	237.605	183.41	159.29	1.0	0.050980392156862744	0.050980392156862744
U	C3'_2	236.833	181.536	158.095	0.5647058823529412	0.5647058823529412	0.5647058823529412
U	O3'_2	236.323	181.167	156.811	1.0	0.050980392156862744	0.050980392156862744
U	C2'_2	238.359	181.432	158.163	0.5647058823529412	0.5647058823529412	0.5647058823529412
U	O2'_2	239.002	181.764	156.947	1.0	0.050980392156862744	0.050980392156862744
U	C1'_2	238.702	182.511	159.199	0.5647058823529412	0.5647058823529412	0.5647058823529412
U	N1_2	239.05	182.042	160.551	0.18823529411764706	0.3137254901960784	0.9725490196078431
U	C2_2	240.361	181.625	160.776	0.5647058823529412	0.5647058823529412	0.5647058823529412
U	O2_2	241.211	181.586	159.893	1.0	0.050980392156862744	0.050980392156862744
U	N3_2	240.636	181.256	162.075	0.18823529411764706	0.3137254901960784	0.9725490196078431
U	C4_2	239.755	181.253	163.148	0.5647058823529412	0.5647058823529412	0.5647058823529412
U	O4_2	240.172	180.971	164.272	1.0	0.050980392156862744	0.050980392156862744
U	C5_2	238.419	181.667	162.83	0.5647058823529412	0.5647058823529412	0.5647058823529412
U	C6_2	238.118	182.036	161.576	0.5647058823529412	0.5647058823529412	0.5647058823529412
