U	P_1	208.961	302.826	157.824	1.0	0.5019607843137255	0.0
U	OP1_1	209.702	302.043	156.793	1.0	0.050980392156862744	0.050980392156862744
U	OP2_1	209.088	304.306	157.853	1.0	0.050980392156862744	0.050980392156862744
U	O5'_1	207.413	302.46	157.708	1.0	0.050980392156862744	0.050980392156862744
U	C5'_1	206.972	301.14	157.308	0.5647058823529412	0.5647058823529412	0.5647058823529412
U	C4'_1	205.5	301.173	156.972	0.5647058823529412	0.5647058823529412	0.5647058823529412
U	O4'_1	204.796	301.635	158.154	1.0	0.050980392156862744	0.050980392156862744
U	C3'_1	205.128	302.172	155.877	0.5647058823529412	0.5647058823529412	0.5647058823529412
U	O3'_1	205.109	301.593	154.561	1.0	0.050980392156862744	0.050980392156862744
U	C2'_1	203.696	302.569	156.242	0.5647058823529412	0.5647058823529412	0.5647058823529412
U	O2'_1	202.729	301.671	155.731	1.0	0.050980392156862744	0.050980392156862744
U	C1'_1	203.716	302.465	157.77	0.5647058823529412	0.5647058823529412	0.5647058823529412
U	N1_1	203.772	303.716	158.545	0.18823529411764706	0.3137254901960784	0.9725490196078431
U	C2_1	202.569	304.226	159.018	0.5647058823529412	0.5647058823529412	0.5647058823529412
U	O2_1	201.482	303.726	158.753	1.0	0.050980392156862744	0.050980392156862744
U	N3_1	202.685	305.345	159.809	0.18823529411764706	0.3137254901960784	0.9725490196078431
U	C4_1	203.846	306.004	160.158	0.5647058823529412	0.5647058823529412	0.5647058823529412
U	O4_1	203.785	306.95	160.946	1.0	0.050980392156862744	0.050980392156862744
U	C5_1	205.045	305.443	159.596	0.5647058823529412	0.5647058823529412	0.5647058823529412
U	C6_1	204.969	304.35	158.827	0.5647058823529412	0.5647058823529412	0.5647058823529412
A	P_2	192.356	309.83	163.864	1.0	0.5019607843137255	0.0
A	OP1_2	191.201	310.134	164.751	1.0	0.050980392156862744	0.050980392156862744
A	OP2_2	193.688	309.53	164.464	1.0	0.050980392156862744	0.050980392156862744
A	O5'_2	191.947	308.611	162.92	1.0	0.050980392156862744	0.050980392156862744
A	C5'_2	192.219	307.256	163.314	0.5647058823529412	0.5647058823529412	0.5647058823529412
A	C4'_2	192.63	306.434	162.116	0.5647058823529412	0.5647058823529412	0.5647058823529412
A	O4'_2	193.683	307.117	161.383	1.0	0.050980392156862744	0.050980392156862744
A	C3'_2	193.225	305.077	162.453	0.5647058823529412	0.5647058823529412	0.5647058823529412
A	O3'_2	192.21	304.107	162.695	1.0	0.050980392156862744	0.050980392156862744
A	C2'_2	194.08	304.77	161.227	0.5647058823529412	0.5647058823529412	0.5647058823529412
A	O2'_2	193.334	304.271	160.135	1.0	0.050980392156862744	0.050980392156862744
A	C1'_2	194.609	306.164	160.874	0.5647058823529412	0.5647058823529412	0.5647058823529412
A	N9_2	195.94	306.486	161.398	0.18823529411764706	0.3137254901960784	0.9725490196078431
A	C8_2	196.254	307.282	162.48	0.5647058823529412	0.5647058823529412	0.5647058823529412
A	N7_2	197.542	307.436	162.668	0.18823529411764706	0.3137254901960784	0.9725490196078431
A	C5_2	198.119	306.684	161.654	0.5647058823529412	0.5647058823529412	0.5647058823529412
A	C6_2	199.459	306.452	161.299	0.5647058823529412	0.5647058823529412	0.5647058823529412
A	N6_2	200.5	306.982	161.952	0.18823529411764706	0.3137254901960784	0.9725490196078431
A	N1_2	199.696	305.652	160.235	0.18823529411764706	0.3137254901960784	0.9725490196078431
A	C2_2	198.649	305.128	159.58	0.5647058823529412	0.5647058823529412	0.5647058823529412
A	N3_2	197.349	305.276	159.814	0.18823529411764706	0.3137254901960784	0.9725490196078431
A	C4_2	197.146	306.078	160.875	0.5647058823529412	0.5647058823529412	0.5647058823529412
