U	P_1	157.272	269.751	192.038	1.0	0.5019607843137255	0.0
U	OP1_1	157.699	271.166	191.836	1.0	0.050980392156862744	0.050980392156862744
U	OP2_1	156.12	269.214	191.262	1.0	0.050980392156862744	0.050980392156862744
U	O5'_1	158.537	268.812	191.775	1.0	0.050980392156862744	0.050980392156862744
U	C5'_1	159.696	268.889	192.629	0.5647058823529412	0.5647058823529412	0.5647058823529412
U	C4'_1	160.676	267.769	192.33	0.5647058823529412	0.5647058823529412	0.5647058823529412
U	O4'_1	159.978	266.49	192.325	1.0	0.050980392156862744	0.050980392156862744
U	C3'_1	161.464	267.826	191.02	0.5647058823529412	0.5647058823529412	0.5647058823529412
U	O3'_1	162.772	267.307	191.268	1.0	0.050980392156862744	0.050980392156862744
U	C2'_1	160.693	266.855	190.124	0.5647058823529412	0.5647058823529412	0.5647058823529412
U	O2'_1	161.493	266.304	189.093	1.0	0.050980392156862744	0.050980392156862744
U	C1'_1	160.293	265.786	191.139	0.5647058823529412	0.5647058823529412	0.5647058823529412
U	N1_1	159.15	264.928	190.783	0.18823529411764706	0.3137254901960784	0.9725490196078431
U	C2_1	159.38	263.561	190.701	0.5647058823529412	0.5647058823529412	0.5647058823529412
U	O2_1	160.477	263.056	190.886	1.0	0.050980392156862744	0.050980392156862744
U	N3_1	158.275	262.805	190.396	0.18823529411764706	0.3137254901960784	0.9725490196078431
U	C4_1	156.995	263.261	190.163	0.5647058823529412	0.5647058823529412	0.5647058823529412
U	O4_1	156.1	262.448	189.929	1.0	0.050980392156862744	0.050980392156862744
U	C5_1	156.839	264.682	190.25	0.5647058823529412	0.5647058823529412	0.5647058823529412
U	C6_1	157.893	265.448	190.55	0.5647058823529412	0.5647058823529412	0.5647058823529412
A	P_2	158.05	251.101	190.754	1.0	0.5019607843137255	0.0
A	OP1_2	158.514	249.781	191.273	1.0	0.050980392156862744	0.050980392156862744
A	OP2_2	156.903	251.788	191.414	1.0	0.050980392156862744	0.050980392156862744
A	O5'_2	159.3	252.09	190.769	1.0	0.050980392156862744	0.050980392156862744
A	C5'_2	160.53	251.738	190.101	0.5647058823529412	0.5647058823529412	0.5647058823529412
A	C4'_2	161.414	252.955	189.97	0.5647058823529412	0.5647058823529412	0.5647058823529412
A	O4'_2	160.745	253.943	189.146	1.0	0.050980392156862744	0.050980392156862744
A	C3'_2	161.718	253.678	191.275	0.5647058823529412	0.5647058823529412	0.5647058823529412
A	O3'_2	162.852	253.075	191.903	1.0	0.050980392156862744	0.050980392156862744
A	C2'_2	162.007	255.104	190.813	0.5647058823529412	0.5647058823529412	0.5647058823529412
A	O2'_2	163.329	255.256	190.334	1.0	0.050980392156862744	0.050980392156862744
A	C1'_2	161.052	255.243	189.62	0.5647058823529412	0.5647058823529412	0.5647058823529412
A	N9_2	159.796	255.966	189.833	0.18823529411764706	0.3137254901960784	0.9725490196078431
A	C8_2	158.516	255.448	189.85	0.5647058823529412	0.5647058823529412	0.5647058823529412
A	N7_2	157.577	256.36	189.971	0.18823529411764706	0.3137254901960784	0.9725490196078431
A	C5_2	158.28	257.556	190.064	0.5647058823529412	0.5647058823529412	0.5647058823529412
A	C6_2	157.856	258.896	190.197	0.5647058823529412	0.5647058823529412	0.5647058823529412
A	N6_2	156.571	259.262	190.25	0.18823529411764706	0.3137254901960784	0.9725490196078431
A	N1_2	158.812	259.855	190.266	0.18823529411764706	0.3137254901960784	0.9725490196078431
A	C2_2	160.103	259.482	190.201	0.5647058823529412	0.5647058823529412	0.5647058823529412
A	N3_2	160.626	258.257	190.069	0.18823529411764706	0.3137254901960784	0.9725490196078431
A	C4_2	159.651	257.328	190.002	0.5647058823529412	0.5647058823529412	0.5647058823529412
