U	P_1	222.506	294.108	170.803	1.0	0.5019607843137255	0.0
U	OP1_1	223.031	292.744	170.506	1.0	0.050980392156862744	0.050980392156862744
U	OP2_1	222.773	295.221	169.851	1.0	0.050980392156862744	0.050980392156862744
U	O5'_1	220.929	294.007	171.012	1.0	0.050980392156862744	0.050980392156862744
U	C5'_1	220.358	292.998	171.863	0.5647058823529412	0.5647058823529412	0.5647058823529412
U	C4'_1	218.856	293.13	171.89	0.5647058823529412	0.5647058823529412	0.5647058823529412
U	O4'_1	218.49	294.37	172.548	1.0	0.050980392156862744	0.050980392156862744
U	C3'_1	218.18	293.211	170.53	0.5647058823529412	0.5647058823529412	0.5647058823529412
U	O3'_1	217.995	291.915	169.962	1.0	0.050980392156862744	0.050980392156862744
U	C2'_1	216.865	293.905	170.864	0.5647058823529412	0.5647058823529412	0.5647058823529412
U	O2'_1	215.905	293.024	171.413	1.0	0.050980392156862744	0.050980392156862744
U	C1'_1	217.314	294.896	171.945	0.5647058823529412	0.5647058823529412	0.5647058823529412
U	N1_1	217.594	296.259	171.455	0.18823529411764706	0.3137254901960784	0.9725490196078431
U	C2_1	216.553	297.182	171.461	0.5647058823529412	0.5647058823529412	0.5647058823529412
U	O2_1	215.425	296.916	171.845	1.0	0.050980392156862744	0.050980392156862744
U	N3_1	216.886	298.431	171.0	0.18823529411764706	0.3137254901960784	0.9725490196078431
U	C4_1	218.121	298.847	170.542	0.5647058823529412	0.5647058823529412	0.5647058823529412
U	O4_1	218.263	300.006	170.162	1.0	0.050980392156862744	0.050980392156862744
U	C5_1	219.138	297.844	170.564	0.5647058823529412	0.5647058823529412	0.5647058823529412
U	C6_1	218.85	296.617	171.006	0.5647058823529412	0.5647058823529412	0.5647058823529412
A	P_2	219.23	304.537	169.905	1.0	0.5019607843137255	0.0
A	OP1_2	219.88	305.76	170.463	1.0	0.050980392156862744	0.050980392156862744
A	OP2_2	219.734	303.193	170.298	1.0	0.050980392156862744	0.050980392156862744
A	O5'_2	217.67	304.62	170.231	1.0	0.050980392156862744	0.050980392156862744
A	C5'_2	216.873	305.675	169.656	0.5647058823529412	0.5647058823529412	0.5647058823529412
A	C4'_2	215.405	305.481	169.966	0.5647058823529412	0.5647058823529412	0.5647058823529412
A	O4'_2	214.912	304.263	169.357	1.0	0.050980392156862744	0.050980392156862744
A	C3'_2	215.016	305.298	171.422	0.5647058823529412	0.5647058823529412	0.5647058823529412
A	O3'_2	215.037	306.548	172.113	1.0	0.050980392156862744	0.050980392156862744
A	C2'_2	213.6	304.743	171.284	0.5647058823529412	0.5647058823529412	0.5647058823529412
A	O2'_2	212.648	305.746	170.992	1.0	0.050980392156862744	0.050980392156862744
A	C1'_2	213.738	303.858	170.041	0.5647058823529412	0.5647058823529412	0.5647058823529412
A	N9_2	213.819	302.425	170.32	0.18823529411764706	0.3137254901960784	0.9725490196078431
A	C8_2	214.911	301.597	170.236	0.5647058823529412	0.5647058823529412	0.5647058823529412
A	N7_2	214.65	300.347	170.534	0.18823529411764706	0.3137254901960784	0.9725490196078431
A	C5_2	213.295	300.352	170.837	0.5647058823529412	0.5647058823529412	0.5647058823529412
A	C6_2	212.408	299.333	171.228	0.5647058823529412	0.5647058823529412	0.5647058823529412
A	N6_2	212.77	298.06	171.387	0.18823529411764706	0.3137254901960784	0.9725490196078431
A	N1_2	211.12	299.673	171.453	0.18823529411764706	0.3137254901960784	0.9725490196078431
A	C2_2	210.759	300.951	171.296	0.5647058823529412	0.5647058823529412	0.5647058823529412
A	N3_2	211.498	301.998	170.935	0.18823529411764706	0.3137254901960784	0.9725490196078431
A	C4_2	212.773	301.626	170.717	0.5647058823529412	0.5647058823529412	0.5647058823529412
