U	P_1	125.364	289.701	168.668	1.0	0.5019607843137255	0.0
U	OP1_1	125.333	291.113	169.151	1.0	0.050980392156862744	0.050980392156862744
U	OP2_1	125.489	289.428	167.212	1.0	0.050980392156862744	0.050980392156862744
U	O5'_1	126.551	288.942	169.413	1.0	0.050980392156862744	0.050980392156862744
U	C5'_1	126.819	289.17	170.812	0.5647058823529412	0.5647058823529412	0.5647058823529412
U	C4'_1	128.03	288.379	171.243	0.5647058823529412	0.5647058823529412	0.5647058823529412
U	O4'_1	127.75	286.959	171.118	1.0	0.050980392156862744	0.050980392156862744
U	C3'_1	129.289	288.585	170.414	0.5647058823529412	0.5647058823529412	0.5647058823529412
U	O3'_1	129.998	289.757	170.817	1.0	0.050980392156862744	0.050980392156862744
U	C2'_1	130.069	287.302	170.686	0.5647058823529412	0.5647058823529412	0.5647058823529412
U	O2'_1	130.741	287.323	171.929	1.0	0.050980392156862744	0.050980392156862744
U	C1'_1	128.939	286.271	170.76	0.5647058823529412	0.5647058823529412	0.5647058823529412
U	N1_1	128.7	285.525	169.513	0.18823529411764706	0.3137254901960784	0.9725490196078431
U	C2_1	129.465	284.384	169.284	0.5647058823529412	0.5647058823529412	0.5647058823529412
U	O2_1	130.338	283.997	170.05	1.0	0.050980392156862744	0.050980392156862744
U	N3_1	129.166	283.714	168.122	0.18823529411764706	0.3137254901960784	0.9725490196078431
U	C4_1	128.206	284.057	167.186	0.5647058823529412	0.5647058823529412	0.5647058823529412
U	O4_1	128.024	283.32	166.215	1.0	0.050980392156862744	0.050980392156862744
U	C5_1	127.474	285.253	167.484	0.5647058823529412	0.5647058823529412	0.5647058823529412
U	C6_1	127.738	285.928	168.602	0.5647058823529412	0.5647058823529412	0.5647058823529412
A	P_2	128.452	279.99	160.386	1.0	0.5019607843137255	0.0
A	OP1_2	127.54	279.094	159.611	1.0	0.050980392156862744	0.050980392156862744
A	OP2_2	127.887	281.172	161.101	1.0	0.050980392156862744	0.050980392156862744
A	O5'_2	129.245	279.085	161.439	1.0	0.050980392156862744	0.050980392156862744
A	C5'_2	128.538	278.176	162.32	0.5647058823529412	0.5647058823529412	0.5647058823529412
A	C4'_2	129.515	277.314	163.099	0.5647058823529412	0.5647058823529412	0.5647058823529412
A	O4'_2	130.421	278.163	163.866	1.0	0.050980392156862744	0.050980392156862744
A	C3'_2	128.852	276.376	164.118	0.5647058823529412	0.5647058823529412	0.5647058823529412
A	O3'_2	129.565	275.141	164.355	1.0	0.050980392156862744	0.050980392156862744
A	C2'_2	128.963	277.185	165.408	0.5647058823529412	0.5647058823529412	0.5647058823529412
A	O2'_2	128.902	276.392	166.58	1.0	0.050980392156862744	0.050980392156862744
A	C1'_2	130.349	277.803	165.232	0.5647058823529412	0.5647058823529412	0.5647058823529412
A	N9_2	130.623	278.975	166.07	0.18823529411764706	0.3137254901960784	0.9725490196078431
A	C8_2	129.976	280.188	166.116	0.5647058823529412	0.5647058823529412	0.5647058823529412
A	N7_2	130.452	281.009	167.027	0.18823529411764706	0.3137254901960784	0.9725490196078431
A	C5_2	131.49	280.294	167.611	0.5647058823529412	0.5647058823529412	0.5647058823529412
A	C6_2	132.393	280.602	168.654	0.5647058823529412	0.5647058823529412	0.5647058823529412
A	N6_2	132.392	281.759	169.321	0.18823529411764706	0.3137254901960784	0.9725490196078431
A	N1_2	133.308	279.663	168.991	0.18823529411764706	0.3137254901960784	0.9725490196078431
A	C2_2	133.306	278.499	168.327	0.5647058823529412	0.5647058823529412	0.5647058823529412
A	N3_2	132.515	278.094	167.338	0.18823529411764706	0.3137254901960784	0.9725490196078431
A	C4_2	131.616	279.045	167.023	0.5647058823529412	0.5647058823529412	0.5647058823529412
