A	P_1	179.619	330.509	171.88	1.0	0.5019607843137255	0.0
A	OP1_1	179.969	331.883	171.415	1.0	0.050980392156862744	0.050980392156862744
A	OP2_1	180.707	329.542	172.204	1.0	0.050980392156862744	0.050980392156862744
A	O5'_1	178.675	330.643	173.156	1.0	0.050980392156862744	0.050980392156862744
A	C5'_1	177.462	331.418	173.095	0.5647058823529412	0.5647058823529412	0.5647058823529412
A	C4'_1	176.659	331.233	174.357	0.5647058823529412	0.5647058823529412	0.5647058823529412
A	O4'_1	176.127	329.881	174.42	1.0	0.050980392156862744	0.050980392156862744
A	C3'_1	177.437	331.385	175.653	0.5647058823529412	0.5647058823529412	0.5647058823529412
A	O3'_1	177.627	332.757	175.989	1.0	0.050980392156862744	0.050980392156862744
A	C2'_1	176.558	330.627	176.645	0.5647058823529412	0.5647058823529412	0.5647058823529412
A	O2'_1	175.444	331.376	177.088	1.0	0.050980392156862744	0.050980392156862744
A	C1'_1	176.064	329.46	175.778	0.5647058823529412	0.5647058823529412	0.5647058823529412
A	N9_1	176.863	328.241	175.928	0.18823529411764706	0.3137254901960784	0.9725490196078431
A	C8_1	177.832	327.752	175.08	0.5647058823529412	0.5647058823529412	0.5647058823529412
A	N7_1	178.38	326.634	175.493	0.18823529411764706	0.3137254901960784	0.9725490196078431
A	C5_1	177.731	326.364	176.692	0.5647058823529412	0.5647058823529412	0.5647058823529412
A	C6_1	177.862	325.317	177.625	0.5647058823529412	0.5647058823529412	0.5647058823529412
A	N6_1	178.729	324.31	177.491	0.18823529411764706	0.3137254901960784	0.9725490196078431
A	N1_1	177.063	325.342	178.715	0.18823529411764706	0.3137254901960784	0.9725490196078431
A	C2_1	176.199	326.356	178.853	0.5647058823529412	0.5647058823529412	0.5647058823529412
A	N3_1	175.985	327.4	178.048	0.18823529411764706	0.3137254901960784	0.9725490196078431
A	C4_1	176.792	327.343	176.971	0.5647058823529412	0.5647058823529412	0.5647058823529412
U	P_2	177.543	317.685	185.392	1.0	0.5019607843137255	0.0
U	OP1_2	176.844	316.712	186.278	1.0	0.050980392156862744	0.050980392156862744
U	OP2_2	177.908	317.285	184.003	1.0	0.050980392156862744	0.050980392156862744
U	O5'_2	176.663	319.011	185.305	1.0	0.050980392156862744	0.050980392156862744
U	C5'_2	176.152	319.644	186.495	0.5647058823529412	0.5647058823529412	0.5647058823529412
U	C4'_2	175.421	320.918	186.14	0.5647058823529412	0.5647058823529412	0.5647058823529412
U	O4'_2	176.354	321.899	185.611	1.0	0.050980392156862744	0.050980392156862744
U	C3'_2	174.363	320.797	185.057	0.5647058823529412	0.5647058823529412	0.5647058823529412
U	O3'_2	173.143	320.269	185.574	1.0	0.050980392156862744	0.050980392156862744
U	C2'_2	174.238	322.235	184.562	0.5647058823529412	0.5647058823529412	0.5647058823529412
U	O2'_2	173.438	323.05	185.397	1.0	0.050980392156862744	0.050980392156862744
U	C1'_2	175.693	322.711	184.646	0.5647058823529412	0.5647058823529412	0.5647058823529412
U	N1_2	176.434	322.65	183.372	0.18823529411764706	0.3137254901960784	0.9725490196078431
U	C2_2	176.333	323.737	182.504	0.5647058823529412	0.5647058823529412	0.5647058823529412
U	O2_2	175.654	324.726	182.745	1.0	0.050980392156862744	0.050980392156862744
U	N3_2	177.057	323.615	181.343	0.18823529411764706	0.3137254901960784	0.9725490196078431
U	C4_2	177.851	322.55	180.962	0.5647058823529412	0.5647058823529412	0.5647058823529412
U	O4_2	178.439	322.594	179.882	1.0	0.050980392156862744	0.050980392156862744
U	C5_2	177.904	321.473	181.903	0.5647058823529412	0.5647058823529412	0.5647058823529412
U	C6_2	177.21	321.555	183.045	0.5647058823529412	0.5647058823529412	0.5647058823529412
