U	P_1	146.68	216.696	162.379	1.0	0.5019607843137255	0.0
U	OP1_1	145.409	216.486	163.129	1.0	0.050980392156862744	0.050980392156862744
U	OP2_1	146.929	215.926	161.127	1.0	0.050980392156862744	0.050980392156862744
U	O5'_1	146.816	218.248	162.035	1.0	0.050980392156862744	0.050980392156862744
U	C5'_1	145.804	219.208	162.428	0.5647058823529412	0.5647058823529412	0.5647058823529412
U	C4'_1	146.394	220.253	163.357	0.5647058823529412	0.5647058823529412	0.5647058823529412
U	O4'_1	146.381	219.763	164.732	1.0	0.050980392156862744	0.050980392156862744
U	C3'_1	147.83	220.7	163.07	0.5647058823529412	0.5647058823529412	0.5647058823529412
U	O3'_1	147.979	222.103	163.337	1.0	0.050980392156862744	0.050980392156862744
U	C2'_1	148.64	219.857	164.066	0.5647058823529412	0.5647058823529412	0.5647058823529412
U	O2'_1	149.894	220.42	164.41	1.0	0.050980392156862744	0.050980392156862744
U	C1'_1	147.693	219.817	165.271	0.5647058823529412	0.5647058823529412	0.5647058823529412
U	N1_1	147.867	218.683	166.202	0.18823529411764706	0.3137254901960784	0.9725490196078431
U	C2_1	148.912	218.749	167.13	0.5647058823529412	0.5647058823529412	0.5647058823529412
U	O2_1	149.688	219.694	167.202	1.0	0.050980392156862744	0.050980392156862744
U	N3_1	149.003	217.663	167.973	0.18823529411764706	0.3137254901960784	0.9725490196078431
U	C4_1	148.178	216.547	167.995	0.5647058823529412	0.5647058823529412	0.5647058823529412
U	O4_1	148.394	215.651	168.813	1.0	0.050980392156862744	0.050980392156862744
U	C5_1	147.131	216.553	167.016	0.5647058823529412	0.5647058823529412	0.5647058823529412
U	C6_1	147.014	217.585	166.174	0.5647058823529412	0.5647058823529412	0.5647058823529412
A	P_2	157.009	216.072	178.986	1.0	0.5019607843137255	0.0
A	OP1_2	157.255	216.394	180.422	1.0	0.050980392156862744	0.050980392156862744
A	OP2_2	156.384	214.766	178.623	1.0	0.050980392156862744	0.050980392156862744
A	O5'_2	156.115	217.246	178.377	1.0	0.050980392156862744	0.050980392156862744
A	C5'_2	155.674	217.189	177.009	0.5647058823529412	0.5647058823529412	0.5647058823529412
A	C4'_2	155.289	218.563	176.516	0.5647058823529412	0.5647058823529412	0.5647058823529412
A	O4'_2	155.419	218.578	175.073	1.0	0.050980392156862744	0.050980392156862744
A	C3'_2	153.854	219.001	176.796	0.5647058823529412	0.5647058823529412	0.5647058823529412
A	O3'_2	153.708	219.585	178.101	1.0	0.050980392156862744	0.050980392156862744
A	C2'_2	153.594	219.991	175.661	0.5647058823529412	0.5647058823529412	0.5647058823529412
A	O2'_2	154.137	221.28	175.89	1.0	0.050980392156862744	0.050980392156862744
A	C1'_2	154.371	219.342	174.51	0.5647058823529412	0.5647058823529412	0.5647058823529412
A	N9_2	153.579	218.464	173.647	0.18823529411764706	0.3137254901960784	0.9725490196078431
A	C8_2	153.579	217.084	173.606	0.5647058823529412	0.5647058823529412	0.5647058823529412
A	N7_2	152.778	216.583	172.696	0.18823529411764706	0.3137254901960784	0.9725490196078431
A	C5_2	152.204	217.704	172.103	0.5647058823529412	0.5647058823529412	0.5647058823529412
A	C6_2	151.267	217.849	171.059	0.5647058823529412	0.5647058823529412	0.5647058823529412
A	N6_2	150.725	216.815	170.404	0.18823529411764706	0.3137254901960784	0.9725490196078431
A	N1_2	150.906	219.107	170.708	0.18823529411764706	0.3137254901960784	0.9725490196078431
A	C2_2	151.453	220.142	171.369	0.5647058823529412	0.5647058823529412	0.5647058823529412
A	N3_2	152.345	220.134	172.361	0.18823529411764706	0.3137254901960784	0.9725490196078431
A	C4_2	152.684	218.869	172.684	0.5647058823529412	0.5647058823529412	0.5647058823529412
