A	P_1	134.358	200.893	204.625	1.0	0.5019607843137255	0.0
A	OP1_1	133.6	200.127	203.593	1.0	0.050980392156862744	0.050980392156862744
A	OP2_1	134.817	200.203	205.859	1.0	0.050980392156862744	0.050980392156862744
A	O5'_1	135.637	201.538	203.928	1.0	0.050980392156862744	0.050980392156862744
A	C5'_1	135.618	201.924	202.538	0.5647058823529412	0.5647058823529412	0.5647058823529412
A	C4'_1	136.951	202.517	202.149	0.5647058823529412	0.5647058823529412	0.5647058823529412
A	O4'_1	137.196	203.692	202.969	1.0	0.050980392156862744	0.050980392156862744
A	C3'_1	138.167	201.632	202.393	0.5647058823529412	0.5647058823529412	0.5647058823529412
A	O3'_1	138.382	200.718	201.315	1.0	0.050980392156862744	0.050980392156862744
A	C2'_1	139.291	202.654	202.519	0.5647058823529412	0.5647058823529412	0.5647058823529412
A	O2'_1	139.75	203.135	201.273	1.0	0.050980392156862744	0.050980392156862744
A	C1'_1	138.582	203.789	203.262	0.5647058823529412	0.5647058823529412	0.5647058823529412
A	N9_1	138.758	203.72	204.713	0.18823529411764706	0.3137254901960784	0.9725490196078431
A	C8_1	137.864	203.277	205.658	0.5647058823529412	0.5647058823529412	0.5647058823529412
A	N7_1	138.324	203.325	206.884	0.18823529411764706	0.3137254901960784	0.9725490196078431
A	C5_1	139.605	203.836	206.738	0.5647058823529412	0.5647058823529412	0.5647058823529412
A	C6_1	140.615	204.123	207.668	0.5647058823529412	0.5647058823529412	0.5647058823529412
A	N6_1	140.486	203.919	208.979	0.18823529411764706	0.3137254901960784	0.9725490196078431
A	N1_1	141.776	204.628	207.2	0.18823529411764706	0.3137254901960784	0.9725490196078431
A	C2_1	141.903	204.821	205.882	0.5647058823529412	0.5647058823529412	0.5647058823529412
A	N3_1	141.029	204.586	204.908	0.18823529411764706	0.3137254901960784	0.9725490196078431
A	C4_1	139.884	204.089	205.408	0.5647058823529412	0.5647058823529412	0.5647058823529412
U	P_2	149.024	208.118	212.462	1.0	0.5019607843137255	0.0
U	OP1_2	149.632	209.438	212.794	1.0	0.050980392156862744	0.050980392156862744
U	OP2_2	147.783	207.686	213.162	1.0	0.050980392156862744	0.050980392156862744
U	O5'_2	148.736	208.092	210.894	1.0	0.050980392156862744	0.050980392156862744
U	C5'_2	149.807	208.238	209.942	0.5647058823529412	0.5647058823529412	0.5647058823529412
U	C4'_2	149.296	207.979	208.549	0.5647058823529412	0.5647058823529412	0.5647058823529412
U	O4'_2	148.787	206.62	208.479	1.0	0.050980392156862744	0.050980392156862744
U	C3'_2	148.12	208.84	208.117	0.5647058823529412	0.5647058823529412	0.5647058823529412
U	O3'_2	148.561	210.099	207.619	1.0	0.050980392156862744	0.050980392156862744
U	C2'_2	147.464	207.979	207.045	0.5647058823529412	0.5647058823529412	0.5647058823529412
U	O2'_2	148.135	208.046	205.803	1.0	0.050980392156862744	0.050980392156862744
U	C1'_2	147.647	206.578	207.635	0.5647058823529412	0.5647058823529412	0.5647058823529412
U	N1_2	146.498	206.103	208.421	0.18823529411764706	0.3137254901960784	0.9725490196078431
U	C2_2	145.462	205.482	207.739	0.5647058823529412	0.5647058823529412	0.5647058823529412
U	O2_2	145.463	205.326	206.527	1.0	0.050980392156862744	0.050980392156862744
U	N3_2	144.427	205.054	208.531	0.18823529411764706	0.3137254901960784	0.9725490196078431
U	C4_2	144.321	205.181	209.904	0.5647058823529412	0.5647058823529412	0.5647058823529412
U	O4_2	143.32	204.748	210.475	1.0	0.050980392156862744	0.050980392156862744
U	C5_2	145.424	205.833	210.534	0.5647058823529412	0.5647058823529412	0.5647058823529412
U	C6_2	146.448	206.263	209.792	0.5647058823529412	0.5647058823529412	0.5647058823529412
