A	P_1	186.443	160.687	173.105	1.0	0.5019607843137255	0.0
A	OP1_1	185.573	161.849	172.753	1.0	0.050980392156862744	0.050980392156862744
A	OP2_1	187.339	160.768	174.294	1.0	0.050980392156862744	0.050980392156862744
A	O5'_1	185.489	159.423	173.284	1.0	0.050980392156862744	0.050980392156862744
A	C5'_1	186.039	158.128	173.575	0.5647058823529412	0.5647058823529412	0.5647058823529412
A	C4'_1	184.957	157.073	173.568	0.5647058823529412	0.5647058823529412	0.5647058823529412
A	O4'_1	185.544	155.791	173.217	1.0	0.050980392156862744	0.050980392156862744
A	C3'_1	184.228	156.861	174.887	0.5647058823529412	0.5647058823529412	0.5647058823529412
A	O3'_1	183.092	157.722	175.011	1.0	0.050980392156862744	0.050980392156862744
A	C2'_1	183.874	155.376	174.844	0.5647058823529412	0.5647058823529412	0.5647058823529412
A	O2'_1	182.709	155.1	174.085	1.0	0.050980392156862744	0.050980392156862744
A	C1'_1	185.093	154.796	174.117	0.5647058823529412	0.5647058823529412	0.5647058823529412
A	N9_1	186.228	154.42	174.962	0.18823529411764706	0.3137254901960784	0.9725490196078431
A	C8_1	187.346	155.175	175.249	0.5647058823529412	0.5647058823529412	0.5647058823529412
A	N7_1	188.211	154.565	176.022	0.18823529411764706	0.3137254901960784	0.9725490196078431
A	C5_1	187.627	153.329	176.267	0.5647058823529412	0.5647058823529412	0.5647058823529412
A	C6_1	188.047	152.217	177.027	0.5647058823529412	0.5647058823529412	0.5647058823529412
A	N6_1	189.194	152.183	177.716	0.18823529411764706	0.3137254901960784	0.9725490196078431
A	N1_1	187.236	151.131	177.056	0.18823529411764706	0.3137254901960784	0.9725490196078431
A	C2_1	186.08	151.175	176.372	0.5647058823529412	0.5647058823529412	0.5647058823529412
A	N3_1	185.573	152.165	175.632	0.18823529411764706	0.3137254901960784	0.9725490196078431
A	C4_1	186.405	153.225	175.62	0.5647058823529412	0.5647058823529412	0.5647058823529412
U	P_2	189.914	141.562	178.767	1.0	0.5019607843137255	0.0
U	OP1_2	189.789	140.229	178.11	1.0	0.050980392156862744	0.050980392156862744
U	OP2_2	191.166	142.341	178.598	1.0	0.050980392156862744	0.050980392156862744
U	O5'_2	188.693	142.468	178.292	1.0	0.050980392156862744	0.050980392156862744
U	C5'_2	187.393	141.886	178.086	0.5647058823529412	0.5647058823529412	0.5647058823529412
U	C4'_2	186.554	142.779	177.207	0.5647058823529412	0.5647058823529412	0.5647058823529412
U	O4'_2	186.095	143.933	177.958	1.0	0.050980392156862744	0.050980392156862744
U	C3'_2	187.265	143.377	176.005	0.5647058823529412	0.5647058823529412	0.5647058823529412
U	O3'_2	187.385	142.436	174.94	1.0	0.050980392156862744	0.050980392156862744
U	C2'_2	186.377	144.571	175.682	0.5647058823529412	0.5647058823529412	0.5647058823529412
U	O2'_2	185.189	144.211	175.004	1.0	0.050980392156862744	0.050980392156862744
U	C1'_2	186.012	145.052	177.09	0.5647058823529412	0.5647058823529412	0.5647058823529412
U	N1_2	186.908	146.104	177.599	0.18823529411764706	0.3137254901960784	0.9725490196078431
U	C2_2	186.419	147.408	177.654	0.5647058823529412	0.5647058823529412	0.5647058823529412
U	O2_2	185.289	147.714	177.299	1.0	0.050980392156862744	0.050980392156862744
U	N3_2	187.309	148.338	178.139	0.18823529411764706	0.3137254901960784	0.9725490196078431
U	C4_2	188.609	148.109	178.56	0.5647058823529412	0.5647058823529412	0.5647058823529412
U	O4_2	189.291	149.054	178.955	1.0	0.050980392156862744	0.050980392156862744
U	C5_2	189.039	146.744	178.473	0.5647058823529412	0.5647058823529412	0.5647058823529412
U	C6_2	188.197	145.811	178.008	0.5647058823529412	0.5647058823529412	0.5647058823529412
