A	P_1	262.482	215.844	182.752	1.0	0.5019607843137255	0.0
A	OP1_1	263.084	217.14	183.171	1.0	0.050980392156862744	0.050980392156862744
A	OP2_1	260.997	215.677	182.769	1.0	0.050980392156862744	0.050980392156862744
A	O5'_1	263.008	215.498	181.289	1.0	0.050980392156862744	0.050980392156862744
A	C5'_1	264.407	215.641	180.949	0.5647058823529412	0.5647058823529412	0.5647058823529412
A	C4'_1	264.598	215.468	179.459	0.5647058823529412	0.5647058823529412	0.5647058823529412
A	O4'_1	264.375	214.077	179.096	1.0	0.050980392156862744	0.050980392156862744
A	C3'_1	263.605	216.239	178.605	0.5647058823529412	0.5647058823529412	0.5647058823529412
A	O3'_1	263.962	217.607	178.443	1.0	0.050980392156862744	0.050980392156862744
A	C2'_1	263.601	215.436	177.311	0.5647058823529412	0.5647058823529412	0.5647058823529412
A	O2'_1	264.734	215.689	176.504	1.0	0.050980392156862744	0.050980392156862744
A	C1'_1	263.672	214.008	177.859	0.5647058823529412	0.5647058823529412	0.5647058823529412
A	N9_1	262.342	213.445	178.122	0.18823529411764706	0.3137254901960784	0.9725490196078431
A	C8_1	261.669	213.427	179.325	0.5647058823529412	0.5647058823529412	0.5647058823529412
A	N7_1	260.478	212.876	179.257	0.18823529411764706	0.3137254901960784	0.9725490196078431
A	C5_1	260.358	212.505	177.924	0.5647058823529412	0.5647058823529412	0.5647058823529412
A	C6_1	259.317	211.885	177.21	0.5647058823529412	0.5647058823529412	0.5647058823529412
A	N6_1	258.159	211.518	177.765	0.18823529411764706	0.3137254901960784	0.9725490196078431
A	N1_1	259.507	211.657	175.892	0.18823529411764706	0.3137254901960784	0.9725490196078431
A	C2_1	260.67	212.035	175.339	0.5647058823529412	0.5647058823529412	0.5647058823529412
A	N3_1	261.725	212.63	175.906	0.18823529411764706	0.3137254901960784	0.9725490196078431
A	C4_1	261.501	212.84	177.214	0.5647058823529412	0.5647058823529412	0.5647058823529412
U	P_2	254.794	205.5	169.923	1.0	0.5019607843137255	0.0
U	OP1_2	254.916	204.467	168.849	1.0	0.050980392156862744	0.050980392156862744
U	OP2_2	254.758	205.074	171.346	1.0	0.050980392156862744	0.050980392156862744
U	O5'_2	255.976	206.563	169.756	1.0	0.050980392156862744	0.050980392156862744
U	C5'_2	256.45	206.963	168.445	0.5647058823529412	0.5647058823529412	0.5647058823529412
U	C4'_2	257.721	207.781	168.566	0.5647058823529412	0.5647058823529412	0.5647058823529412
U	O4'_2	257.426	209.042	169.227	1.0	0.050980392156862744	0.050980392156862744
U	C3'_2	258.835	207.167	169.408	0.5647058823529412	0.5647058823529412	0.5647058823529412
U	O3'_2	259.6	206.217	168.663	1.0	0.050980392156862744	0.050980392156862744
U	C2'_2	259.64	208.393	169.83	0.5647058823529412	0.5647058823529412	0.5647058823529412
U	O2'_2	260.513	208.868	168.824	1.0	0.050980392156862744	0.050980392156862744
U	C1'_2	258.524	209.42	170.045	0.5647058823529412	0.5647058823529412	0.5647058823529412
U	N1_2	258.066	209.494	171.441	0.18823529411764706	0.3137254901960784	0.9725490196078431
U	C2_2	258.725	210.38	172.288	0.5647058823529412	0.5647058823529412	0.5647058823529412
U	O2_2	259.656	211.091	171.919	1.0	0.050980392156862744	0.050980392156862744
U	N3_2	258.249	210.4	173.58	0.18823529411764706	0.3137254901960784	0.9725490196078431
U	C4_2	257.203	209.645	174.102	0.5647058823529412	0.5647058823529412	0.5647058823529412
U	O4_2	256.89	209.784	175.286	1.0	0.050980392156862744	0.050980392156862744
U	C5_2	256.576	208.759	173.166	0.5647058823529412	0.5647058823529412	0.5647058823529412
U	C6_2	257.015	208.713	171.901	0.5647058823529412	0.5647058823529412	0.5647058823529412
