U	P_1	270.347	233.336	197.159	1.0	0.5019607843137255	0.0
U	OP1_1	270.331	234.7	197.761	1.0	0.050980392156862744	0.050980392156862744
U	OP2_1	269.79	232.189	197.922	1.0	0.050980392156862744	0.050980392156862744
U	O5'_1	269.595	233.423	195.76	1.0	0.050980392156862744	0.050980392156862744
U	C5'_1	268.18	233.242	195.683	0.5647058823529412	0.5647058823529412	0.5647058823529412
U	C4'_1	267.766	233.021	194.253	0.5647058823529412	0.5647058823529412	0.5647058823529412
U	O4'_1	268.619	232.013	193.645	1.0	0.050980392156862744	0.050980392156862744
U	C3'_1	266.351	232.491	194.092	0.5647058823529412	0.5647058823529412	0.5647058823529412
U	O3'_1	265.396	233.547	194.125	1.0	0.050980392156862744	0.050980392156862744
U	C2'_1	266.434	231.747	192.765	0.5647058823529412	0.5647058823529412	0.5647058823529412
U	O2'_1	266.389	232.607	191.643	1.0	0.050980392156862744	0.050980392156862744
U	C1'_1	267.831	231.122	192.871	0.5647058823529412	0.5647058823529412	0.5647058823529412
U	N1_1	267.834	229.813	193.548	0.18823529411764706	0.3137254901960784	0.9725490196078431
U	C2_1	267.331	228.715	192.861	0.5647058823529412	0.5647058823529412	0.5647058823529412
U	O2_1	266.924	228.776	191.71	1.0	0.050980392156862744	0.050980392156862744
U	N3_1	267.327	227.543	193.576	0.18823529411764706	0.3137254901960784	0.9725490196078431
U	C4_1	267.771	227.359	194.873	0.5647058823529412	0.5647058823529412	0.5647058823529412
U	O4_1	267.621	226.262	195.411	1.0	0.050980392156862744	0.050980392156862744
U	C5_1	268.302	228.528	195.497	0.5647058823529412	0.5647058823529412	0.5647058823529412
U	C6_1	268.314	229.683	194.834	0.5647058823529412	0.5647058823529412	0.5647058823529412
A	P_2	260.49	218.234	190.721	1.0	0.5019607843137255	0.0
A	OP1_2	259.505	217.113	190.77	1.0	0.050980392156862744	0.050980392156862744
A	OP2_2	261.808	218.085	191.404	1.0	0.050980392156862744	0.050980392156862744
A	O5'_2	260.76	218.578	189.189	1.0	0.050980392156862744	0.050980392156862744
A	C5'_2	262.054	219.036	188.754	0.5647058823529412	0.5647058823529412	0.5647058823529412
A	C4'_2	261.98	220.47	188.271	0.5647058823529412	0.5647058823529412	0.5647058823529412
A	O4'_2	261.519	221.337	189.346	1.0	0.050980392156862744	0.050980392156862744
A	C3'_2	263.331	221.044	187.868	0.5647058823529412	0.5647058823529412	0.5647058823529412
A	O3'_2	263.651	220.692	186.525	1.0	0.050980392156862744	0.050980392156862744
A	C2'_2	263.142	222.542	188.08	0.5647058823529412	0.5647058823529412	0.5647058823529412
A	O2'_2	262.47	223.174	187.01	1.0	0.050980392156862744	0.050980392156862744
A	C1'_2	262.254	222.558	189.33	0.5647058823529412	0.5647058823529412	0.5647058823529412
A	N9_2	263.002	222.655	190.59	0.18823529411764706	0.3137254901960784	0.9725490196078431
A	C8_2	263.058	221.716	191.602	0.5647058823529412	0.5647058823529412	0.5647058823529412
A	N7_2	263.799	222.077	192.624	0.18823529411764706	0.3137254901960784	0.9725490196078431
A	C5_2	264.265	223.337	192.268	0.5647058823529412	0.5647058823529412	0.5647058823529412
A	C6_2	265.106	224.256	192.932	0.5647058823529412	0.5647058823529412	0.5647058823529412
A	N6_2	265.633	224.034	194.143	0.18823529411764706	0.3137254901960784	0.9725490196078431
A	N1_2	265.388	225.421	192.302	0.18823529411764706	0.3137254901960784	0.9725490196078431
A	C2_2	264.854	225.637	191.089	0.5647058823529412	0.5647058823529412	0.5647058823529412
A	N3_2	264.049	224.851	190.361	0.18823529411764706	0.3137254901960784	0.9725490196078431
A	C4_2	263.789	223.704	191.015	0.5647058823529412	0.5647058823529412	0.5647058823529412
