U	P_1	268.653	222.24	164.695	1.0	0.5019607843137255	0.0
U	OP1_1	268.938	222.867	166.02	1.0	0.050980392156862744	0.050980392156862744
U	OP2_1	267.616	221.177	164.592	1.0	0.050980392156862744	0.050980392156862744
U	O5'_1	268.273	223.39	163.659	1.0	0.050980392156862744	0.050980392156862744
U	C5'_1	268.885	224.692	163.734	0.5647058823529412	0.5647058823529412	0.5647058823529412
U	C4'_1	268.198	225.636	162.781	0.5647058823529412	0.5647058823529412	0.5647058823529412
U	O4'_1	268.377	225.14	161.426	1.0	0.050980392156862744	0.050980392156862744
U	C3'_1	266.688	225.732	162.941	0.5647058823529412	0.5647058823529412	0.5647058823529412
U	O3'_1	266.306	226.64	163.974	1.0	0.050980392156862744	0.050980392156862744
U	C2'_1	266.253	226.202	161.56	0.5647058823529412	0.5647058823529412	0.5647058823529412
U	O2'_1	266.465	227.587	161.36	1.0	0.050980392156862744	0.050980392156862744
U	C1'_1	267.212	225.413	160.663	0.5647058823529412	0.5647058823529412	0.5647058823529412
U	N1_1	266.641	224.14	160.188	0.18823529411764706	0.3137254901960784	0.9725490196078431
U	C2_1	265.905	224.165	159.013	0.5647058823529412	0.5647058823529412	0.5647058823529412
U	O2_1	265.719	225.184	158.366	1.0	0.050980392156862744	0.050980392156862744
U	N3_1	265.391	222.951	158.624	0.18823529411764706	0.3137254901960784	0.9725490196078431
U	C4_1	265.536	221.74	159.272	0.5647058823529412	0.5647058823529412	0.5647058823529412
U	O4_1	265.018	220.733	158.792	1.0	0.050980392156862744	0.050980392156862744
U	C5_1	266.308	221.794	160.477	0.5647058823529412	0.5647058823529412	0.5647058823529412
U	C6_1	266.822	222.962	160.883	0.5647058823529412	0.5647058823529412	0.5647058823529412
A	P_2	259.905	221.604	148.049	1.0	0.5019607843137255	0.0
A	OP1_2	260.041	222.156	146.67	1.0	0.050980392156862744	0.050980392156862744
A	OP2_2	260.668	220.387	148.429	1.0	0.050980392156862744	0.050980392156862744
A	O5'_2	260.264	222.758	149.092	1.0	0.050980392156862744	0.050980392156862744
A	C5'_2	259.568	224.026	149.066	0.5647058823529412	0.5647058823529412	0.5647058823529412
A	C4'_2	260.108	224.956	150.133	0.5647058823529412	0.5647058823529412	0.5647058823529412
A	O4'_2	259.781	224.453	151.458	1.0	0.050980392156862744	0.050980392156862744
A	C3'_2	261.617	225.146	150.18	0.5647058823529412	0.5647058823529412	0.5647058823529412
A	O3'_2	262.076	226.06	149.187	1.0	0.050980392156862744	0.050980392156862744
A	C2'_2	261.829	225.669	151.597	0.5647058823529412	0.5647058823529412	0.5647058823529412
A	O2'_2	261.526	227.042	151.737	1.0	0.050980392156862744	0.050980392156862744
A	C1'_2	260.79	224.854	152.377	0.5647058823529412	0.5647058823529412	0.5647058823529412
A	N9_2	261.348	223.662	153.018	0.18823529411764706	0.3137254901960784	0.9725490196078431
A	C8_2	261.24	222.352	152.613	0.5647058823529412	0.5647058823529412	0.5647058823529412
A	N7_2	261.847	221.502	153.407	0.18823529411764706	0.3137254901960784	0.9725490196078431
A	C5_2	262.395	222.303	154.399	0.5647058823529412	0.5647058823529412	0.5647058823529412
A	C6_2	263.16	222.001	155.541	0.5647058823529412	0.5647058823529412	0.5647058823529412
A	N6_2	263.52	220.761	155.881	0.18823529411764706	0.3137254901960784	0.9725490196078431
A	N1_2	263.545	223.029	156.331	0.18823529411764706	0.3137254901960784	0.9725490196078431
A	C2_2	263.184	224.272	155.984	0.5647058823529412	0.5647058823529412	0.5647058823529412
A	N3_2	262.467	224.682	154.935	0.18823529411764706	0.3137254901960784	0.9725490196078431
A	C4_2	262.097	223.636	154.173	0.5647058823529412	0.5647058823529412	0.5647058823529412
