U	P_1	178.915	247.373	258.897	1.0	0.5019607843137255	0.0
U	OP1_1	179.644	246.137	258.502	1.0	0.050980392156862744	0.050980392156862744
U	OP2_1	177.507	247.275	259.373	1.0	0.050980392156862744	0.050980392156862744
U	O5'_1	179.758	248.119	260.025	1.0	0.050980392156862744	0.050980392156862744
U	C5'_1	181.165	248.372	259.85	0.5647058823529412	0.5647058823529412	0.5647058823529412
U	C4'_1	181.751	248.946	261.115	0.5647058823529412	0.5647058823529412	0.5647058823529412
U	O4'_1	181.155	250.247	261.374	1.0	0.050980392156862744	0.050980392156862744
U	C3'_1	181.477	248.16	262.389	0.5647058823529412	0.5647058823529412	0.5647058823529412
U	O3'_1	182.36	247.049	262.548	1.0	0.050980392156862744	0.050980392156862744
U	C2'_1	181.657	249.226	263.463	0.5647058823529412	0.5647058823529412	0.5647058823529412
U	O2'_1	183.016	249.503	263.743	1.0	0.050980392156862744	0.050980392156862744
U	C1'_1	181.032	250.443	262.776	0.5647058823529412	0.5647058823529412	0.5647058823529412
U	N1_1	179.61	250.629	263.112	0.18823529411764706	0.3137254901960784	0.9725490196078431
U	C2_1	179.306	251.415	264.212	0.5647058823529412	0.5647058823529412	0.5647058823529412
U	O2_1	180.157	251.951	264.904	1.0	0.050980392156862744	0.050980392156862744
U	N3_1	177.964	251.545	264.472	0.18823529411764706	0.3137254901960784	0.9725490196078431
U	C4_1	176.919	250.985	263.763	0.5647058823529412	0.5647058823529412	0.5647058823529412
U	O4_1	175.764	251.188	264.13	1.0	0.050980392156862744	0.050980392156862744
U	C5_1	177.313	250.192	262.643	0.5647058823529412	0.5647058823529412	0.5647058823529412
U	C6_1	178.609	250.041	262.363	0.5647058823529412	0.5647058823529412	0.5647058823529412
A	P_2	172.681	257.267	273.306	1.0	0.5019607843137255	0.0
A	OP1_2	172.672	258.448	274.22	1.0	0.050980392156862744	0.050980392156862744
A	OP2_2	172.0	257.355	271.986	1.0	0.050980392156862744	0.050980392156862744
A	O5'_2	174.198	256.854	273.043	1.0	0.050980392156862744	0.050980392156862744
A	C5'_2	175.132	256.73	274.133	0.5647058823529412	0.5647058823529412	0.5647058823529412
A	C4'_2	176.432	256.134	273.646	0.5647058823529412	0.5647058823529412	0.5647058823529412
A	O4'_2	176.203	254.772	273.194	1.0	0.050980392156862744	0.050980392156862744
A	C3'_2	177.072	256.817	272.445	0.5647058823529412	0.5647058823529412	0.5647058823529412
A	O3'_2	177.812	257.981	272.814	1.0	0.050980392156862744	0.050980392156862744
A	C2'_2	177.958	255.709	271.888	0.5647058823529412	0.5647058823529412	0.5647058823529412
A	O2'_2	179.168	255.544	272.602	1.0	0.050980392156862744	0.050980392156862744
A	C1'_2	177.073	254.478	272.109	0.5647058823529412	0.5647058823529412	0.5647058823529412
A	N9_2	176.263	254.146	270.935	0.18823529411764706	0.3137254901960784	0.9725490196078431
A	C8_2	174.916	254.354	270.735	0.5647058823529412	0.5647058823529412	0.5647058823529412
A	N7_2	174.489	253.953	269.563	0.18823529411764706	0.3137254901960784	0.9725490196078431
A	C5_2	175.629	253.448	268.948	0.5647058823529412	0.5647058823529412	0.5647058823529412
A	C6_2	175.842	252.877	267.685	0.5647058823529412	0.5647058823529412	0.5647058823529412
A	N6_2	174.874	252.712	266.779	0.18823529411764706	0.3137254901960784	0.9725490196078431
A	N1_2	177.096	252.477	267.378	0.18823529411764706	0.3137254901960784	0.9725490196078431
A	C2_2	178.062	252.648	268.288	0.5647058823529412	0.5647058823529412	0.5647058823529412
A	N3_2	177.986	253.169	269.51	0.18823529411764706	0.3137254901960784	0.9725490196078431
A	C4_2	176.726	253.555	269.782	0.5647058823529412	0.5647058823529412	0.5647058823529412
