A	P_1	139.852	253.271	210.521	1.0	0.5019607843137255	0.0
A	OP1_1	138.436	252.968	210.879	1.0	0.050980392156862744	0.050980392156862744
A	OP2_1	140.949	252.76	211.379	1.0	0.050980392156862744	0.050980392156862744
A	O5'_1	140.111	252.755	209.035	1.0	0.050980392156862744	0.050980392156862744
A	C5'_1	139.102	252.884	208.01	0.5647058823529412	0.5647058823529412	0.5647058823529412
A	C4'_1	139.542	252.161	206.751	0.5647058823529412	0.5647058823529412	0.5647058823529412
A	O4'_1	140.758	252.776	206.239	1.0	0.050980392156862744	0.050980392156862744
A	C3'_1	139.912	250.693	206.921	0.5647058823529412	0.5647058823529412	0.5647058823529412
A	O3'_1	138.75	249.856	206.897	1.0	0.050980392156862744	0.050980392156862744
A	C2'_1	140.84	250.453	205.735	0.5647058823529412	0.5647058823529412	0.5647058823529412
A	O2'_1	140.144	250.283	204.518	1.0	0.050980392156862744	0.050980392156862744
A	C1'_1	141.602	251.779	205.679	0.5647058823529412	0.5647058823529412	0.5647058823529412
A	N9_1	142.856	251.764	206.432	0.18823529411764706	0.3137254901960784	0.9725490196078431
A	C8_1	143.08	252.219	207.712	0.5647058823529412	0.5647058823529412	0.5647058823529412
A	N7_1	144.322	252.078	208.115	0.18823529411764706	0.3137254901960784	0.9725490196078431
A	C5_1	144.962	251.488	207.03	0.5647058823529412	0.5647058823529412	0.5647058823529412
A	C6_1	146.304	251.08	206.819	0.5647058823529412	0.5647058823529412	0.5647058823529412
A	N6_1	147.274	251.217	207.732	0.18823529411764706	0.3137254901960784	0.9725490196078431
A	N1_1	146.612	250.523	205.622	0.18823529411764706	0.3137254901960784	0.9725490196078431
A	C2_1	145.638	250.389	204.707	0.5647058823529412	0.5647058823529412	0.5647058823529412
A	N3_1	144.345	250.736	204.784	0.18823529411764706	0.3137254901960784	0.9725490196078431
A	C4_1	144.069	251.286	205.985	0.5647058823529412	0.5647058823529412	0.5647058823529412
U	P_2	155.142	247.215	201.628	1.0	0.5019607843137255	0.0
U	OP1_2	155.979	247.215	200.387	1.0	0.050980392156862744	0.050980392156862744
U	OP2_2	155.466	248.161	202.733	1.0	0.050980392156862744	0.050980392156862744
U	O5'_2	153.612	247.441	201.226	1.0	0.050980392156862744	0.050980392156862744
U	C5'_2	153.033	246.733	200.114	0.5647058823529412	0.5647058823529412	0.5647058823529412
U	C4'_2	151.593	247.149	199.909	0.5647058823529412	0.5647058823529412	0.5647058823529412
U	O4'_2	150.782	246.685	201.023	1.0	0.050980392156862744	0.050980392156862744
U	C3'_2	151.315	248.648	199.861	0.5647058823529412	0.5647058823529412	0.5647058823529412
U	O3'_2	151.645	249.241	198.602	1.0	0.050980392156862744	0.050980392156862744
U	C2'_2	149.824	248.696	200.182	0.5647058823529412	0.5647058823529412	0.5647058823529412
U	O2'_2	149.004	248.338	199.088	1.0	0.050980392156862744	0.050980392156862744
U	C1'_2	149.728	247.613	201.261	0.5647058823529412	0.5647058823529412	0.5647058823529412
U	N1_2	149.882	248.179	202.613	0.18823529411764706	0.3137254901960784	0.9725490196078431
U	C2_2	148.737	248.663	203.234	0.5647058823529412	0.5647058823529412	0.5647058823529412
U	O2_2	147.626	248.618	202.716	1.0	0.050980392156862744	0.050980392156862744
U	N3_2	148.937	249.199	204.482	0.18823529411764706	0.3137254901960784	0.9725490196078431
U	C4_2	150.137	249.298	205.164	0.5647058823529412	0.5647058823529412	0.5647058823529412
U	O4_2	150.151	249.814	206.283	1.0	0.050980392156862744	0.050980392156862744
U	C5_2	151.274	248.774	204.461	0.5647058823529412	0.5647058823529412	0.5647058823529412
U	C6_2	151.113	248.244	203.244	0.5647058823529412	0.5647058823529412	0.5647058823529412
