U	P_1	226.74	255.576	209.659	1.0	0.5019607843137255	0.0
U	OP1_1	225.382	255.277	209.113	1.0	0.050980392156862744	0.050980392156862744
U	OP2_1	227.935	254.982	209.008	1.0	0.050980392156862744	0.050980392156862744
U	O5'_1	226.932	257.161	209.705	1.0	0.050980392156862744	0.050980392156862744
U	C5'_1	225.893	258.02	210.212	0.5647058823529412	0.5647058823529412	0.5647058823529412
U	C4'_1	226.379	259.452	210.307	0.5647058823529412	0.5647058823529412	0.5647058823529412
U	O4'_1	227.476	259.535	211.255	1.0	0.050980392156862744	0.050980392156862744
U	C3'_1	226.935	260.092	209.042	0.5647058823529412	0.5647058823529412	0.5647058823529412
U	O3'_1	225.888	260.572	208.199	1.0	0.050980392156862744	0.050980392156862744
U	C2'_1	227.773	261.234	209.606	0.5647058823529412	0.5647058823529412	0.5647058823529412
U	O2'_1	227.003	262.362	209.967	1.0	0.050980392156862744	0.050980392156862744
U	C1'_1	228.344	260.593	210.875	0.5647058823529412	0.5647058823529412	0.5647058823529412
U	N1_1	229.705	260.059	210.714	0.18823529411764706	0.3137254901960784	0.9725490196078431
U	C2_1	230.767	260.923	210.955	0.5647058823529412	0.5647058823529412	0.5647058823529412
U	O2_1	230.615	262.083	211.313	1.0	0.050980392156862744	0.050980392156862744
U	N3_1	232.01	260.375	210.764	0.18823529411764706	0.3137254901960784	0.9725490196078431
U	C4_1	232.297	259.08	210.371	0.5647058823529412	0.5647058823529412	0.5647058823529412
U	O4_1	233.472	258.749	210.194	1.0	0.050980392156862744	0.050980392156862744
U	C5_1	231.152	258.247	210.163	0.5647058823529412	0.5647058823529412	0.5647058823529412
U	C6_1	229.926	258.752	210.334	0.5647058823529412	0.5647058823529412	0.5647058823529412
A	P_2	242.537	265.135	209.99	1.0	0.5019607843137255	0.0
A	OP1_2	243.537	266.036	210.634	1.0	0.050980392156862744	0.050980392156862744
A	OP2_2	242.461	263.708	210.405	1.0	0.050980392156862744	0.050980392156862744
A	O5'_2	241.087	265.777	210.176	1.0	0.050980392156862744	0.050980392156862744
A	C5'_2	240.839	267.167	209.87	0.5647058823529412	0.5647058823529412	0.5647058823529412
A	C4'_2	239.35	267.45	209.881	0.5647058823529412	0.5647058823529412	0.5647058823529412
A	O4'_2	238.698	266.573	208.923	1.0	0.050980392156862744	0.050980392156862744
A	C3'_2	238.617	267.187	211.193	0.5647058823529412	0.5647058823529412	0.5647058823529412
A	O3'_2	238.706	268.303	212.081	1.0	0.050980392156862744	0.050980392156862744
A	C2'_2	237.186	266.936	210.726	0.5647058823529412	0.5647058823529412	0.5647058823529412
A	O2'_2	236.468	268.122	210.438	1.0	0.050980392156862744	0.050980392156862744
A	C1'_2	237.43	266.176	209.42	0.5647058823529412	0.5647058823529412	0.5647058823529412
A	N9_2	237.439	264.723	209.584	0.18823529411764706	0.3137254901960784	0.9725490196078431
A	C8_2	238.516	263.866	209.521	0.5647058823529412	0.5647058823529412	0.5647058823529412
A	N7_2	238.196	262.603	209.672	0.18823529411764706	0.3137254901960784	0.9725490196078431
A	C5_2	236.819	262.628	209.859	0.5647058823529412	0.5647058823529412	0.5647058823529412
A	C6_2	235.876	261.606	210.068	0.5647058823529412	0.5647058823529412	0.5647058823529412
A	N6_2	236.189	260.307	210.117	0.18823529411764706	0.3137254901960784	0.9725490196078431
A	N1_2	234.582	261.968	210.224	0.18823529411764706	0.3137254901960784	0.9725490196078431
A	C2_2	234.27	263.272	210.168	0.5647058823529412	0.5647058823529412	0.5647058823529412
A	N3_2	235.065	264.323	209.969	0.18823529411764706	0.3137254901960784	0.9725490196078431
A	C4_2	236.342	263.927	209.818	0.5647058823529412	0.5647058823529412	0.5647058823529412
