U	P_1	263.855	240.759	227.491	1.0	0.5019607843137255	0.0
U	OP1_1	262.851	241.159	226.467	1.0	0.050980392156862744	0.050980392156862744
U	OP2_1	263.729	241.275	228.881	1.0	0.050980392156862744	0.050980392156862744
U	O5'_1	263.885	239.17	227.578	1.0	0.050980392156862744	0.050980392156862744
U	C5'_1	263.619	238.358	226.421	0.5647058823529412	0.5647058823529412	0.5647058823529412
U	C4'_1	264.212	236.981	226.604	0.5647058823529412	0.5647058823529412	0.5647058823529412
U	O4'_1	265.661	237.053	226.534	1.0	0.050980392156862744	0.050980392156862744
U	C3'_1	263.939	236.317	227.944	0.5647058823529412	0.5647058823529412	0.5647058823529412
U	O3'_1	262.645	235.72	227.996	1.0	0.050980392156862744	0.050980392156862744
U	C2'_1	265.07	235.298	228.04	0.5647058823529412	0.5647058823529412	0.5647058823529412
U	O2'_1	264.82	234.111	227.312	1.0	0.050980392156862744	0.050980392156862744
U	C1'_1	266.226	236.067	227.389	0.5647058823529412	0.5647058823529412	0.5647058823529412
U	N1_1	267.135	236.725	228.345	0.18823529411764706	0.3137254901960784	0.9725490196078431
U	C2_1	268.233	236.002	228.8	0.5647058823529412	0.5647058823529412	0.5647058823529412
U	O2_1	268.472	234.856	228.448	1.0	0.050980392156862744	0.050980392156862744
U	N3_1	269.04	236.675	229.684	0.18823529411764706	0.3137254901960784	0.9725490196078431
U	C4_1	268.873	237.967	230.149	0.5647058823529412	0.5647058823529412	0.5647058823529412
U	O4_1	269.701	238.438	230.928	1.0	0.050980392156862744	0.050980392156862744
U	C5_1	267.723	238.647	229.634	0.5647058823529412	0.5647058823529412	0.5647058823529412
U	C6_1	266.913	238.019	228.775	0.5647058823529412	0.5647058823529412	0.5647058823529412
A	P_2	279.308	234.416	233.742	1.0	0.5019607843137255	0.0
A	OP1_2	280.665	233.957	233.334	1.0	0.050980392156862744	0.050980392156862744
A	OP2_2	278.893	235.816	233.458	1.0	0.050980392156862744	0.050980392156862744
A	O5'_2	278.239	233.438	233.073	1.0	0.050980392156862744	0.050980392156862744
A	C5'_2	278.303	232.001	233.272	0.5647058823529412	0.5647058823529412	0.5647058823529412
A	C4'_2	277.008	231.357	232.812	0.5647058823529412	0.5647058823529412	0.5647058823529412
A	O4'_2	275.913	231.91	233.592	1.0	0.050980392156862744	0.050980392156862744
A	C3'_2	276.619	231.609	231.357	0.5647058823529412	0.5647058823529412	0.5647058823529412
A	O3'_2	277.225	230.643	230.481	1.0	0.050980392156862744	0.050980392156862744
A	C2'_2	275.099	231.476	231.396	0.5647058823529412	0.5647058823529412	0.5647058823529412
A	O2'_2	274.655	230.133	231.375	1.0	0.050980392156862744	0.050980392156862744
A	C1'_2	274.772	232.074	232.769	0.5647058823529412	0.5647058823529412	0.5647058823529412
A	N9_2	274.409	233.494	232.757	0.18823529411764706	0.3137254901960784	0.9725490196078431
A	C8_2	275.111	234.551	233.287	0.5647058823529412	0.5647058823529412	0.5647058823529412
A	N7_2	274.515	235.709	233.139	0.18823529411764706	0.3137254901960784	0.9725490196078431
A	C5_2	273.346	235.398	232.458	0.5647058823529412	0.5647058823529412	0.5647058823529412
A	C6_2	272.283	236.192	231.997	0.5647058823529412	0.5647058823529412	0.5647058823529412
A	N6_2	272.225	237.516	232.159	0.18823529411764706	0.3137254901960784	0.9725490196078431
A	N1_2	271.268	235.574	231.355	0.18823529411764706	0.3137254901960784	0.9725490196078431
A	C2_2	271.331	234.248	231.188	0.5647058823529412	0.5647058823529412	0.5647058823529412
A	N3_2	272.278	233.392	231.576	0.18823529411764706	0.3137254901960784	0.9725490196078431
A	C4_2	273.268	234.039	232.214	0.5647058823529412	0.5647058823529412	0.5647058823529412
