A	P_1	177.924	218.336	224.255	1.0	0.5019607843137255	0.0
A	OP1_1	179.361	218.748	224.223	1.0	0.050980392156862744	0.050980392156862744
A	OP2_1	177.015	218.762	223.157	1.0	0.050980392156862744	0.050980392156862744
A	O5'_1	177.87	216.746	224.375	1.0	0.050980392156862744	0.050980392156862744
A	C5'_1	178.75	216.05	225.283	0.5647058823529412	0.5647058823529412	0.5647058823529412
A	C4'_1	178.315	214.609	225.459	0.5647058823529412	0.5647058823529412	0.5647058823529412
A	O4'_1	177.023	214.545	226.122	1.0	0.050980392156862744	0.050980392156862744
A	C3'_1	178.113	213.773	224.205	0.5647058823529412	0.5647058823529412	0.5647058823529412
A	O3'_1	179.352	213.309	223.676	1.0	0.050980392156862744	0.050980392156862744
A	C2'_1	177.257	212.623	224.731	0.5647058823529412	0.5647058823529412	0.5647058823529412
A	O2'_1	178.006	211.643	225.419	1.0	0.050980392156862744	0.050980392156862744
A	C1'_1	176.355	213.35	225.735	0.5647058823529412	0.5647058823529412	0.5647058823529412
A	N9_1	175.045	213.694	225.18	0.18823529411764706	0.3137254901960784	0.9725490196078431
A	C8_1	174.66	214.841	224.52	0.5647058823529412	0.5647058823529412	0.5647058823529412
A	N7_1	173.406	214.833	224.131	0.18823529411764706	0.3137254901960784	0.9725490196078431
A	C5_1	172.931	213.601	224.565	0.5647058823529412	0.5647058823529412	0.5647058823529412
A	C6_1	171.67	212.979	224.454	0.5647058823529412	0.5647058823529412	0.5647058823529412
A	N6_1	170.62	213.54	223.845	0.18823529411764706	0.3137254901960784	0.9725490196078431
A	N1_1	171.525	211.746	224.994	0.18823529411764706	0.3137254901960784	0.9725490196078431
A	C2_1	172.583	211.185	225.601	0.5647058823529412	0.5647058823529412	0.5647058823529412
A	N3_1	173.82	211.666	225.765	0.18823529411764706	0.3137254901960784	0.9725490196078431
A	C4_1	173.928	212.891	225.216	0.5647058823529412	0.5647058823529412	0.5647058823529412
U	P_2	162.917	207.274	224.972	1.0	0.5019607843137255	0.0
U	OP1_2	161.891	206.417	225.643	1.0	0.050980392156862744	0.050980392156862744
U	OP2_2	162.76	208.758	224.991	1.0	0.050980392156862744	0.050980392156862744
U	O5'_2	164.338	206.924	225.597	1.0	0.050980392156862744	0.050980392156862744
U	C5'_2	164.718	205.561	225.855	0.5647058823529412	0.5647058823529412	0.5647058823529412
U	C4'_2	166.149	205.514	226.32	0.5647058823529412	0.5647058823529412	0.5647058823529412
U	O4'_2	166.999	205.988	225.24	1.0	0.050980392156862744	0.050980392156862744
U	C3'_2	166.485	206.439	227.487	0.5647058823529412	0.5647058823529412	0.5647058823529412
U	O3'_2	166.143	205.896	228.766	1.0	0.050980392156862744	0.050980392156862744
U	C2'_2	167.981	206.649	227.306	0.5647058823529412	0.5647058823529412	0.5647058823529412
U	O2'_2	168.742	205.542	227.748	1.0	0.050980392156862744	0.050980392156862744
U	C1'_2	168.074	206.748	225.78	0.5647058823529412	0.5647058823529412	0.5647058823529412
U	N1_2	167.974	208.132	225.28	0.18823529411764706	0.3137254901960784	0.9725490196078431
U	C2_2	169.161	208.825	225.059	0.5647058823529412	0.5647058823529412	0.5647058823529412
U	O2_2	170.263	208.341	225.272	1.0	0.050980392156862744	0.050980392156862744
U	N3_2	169.005	210.104	224.577	0.18823529411764706	0.3137254901960784	0.9725490196078431
U	C4_2	167.812	210.754	224.299	0.5647058823529412	0.5647058823529412	0.5647058823529412
U	O4_2	167.84	211.9	223.842	1.0	0.050980392156862744	0.050980392156862744
U	C5_2	166.63	209.981	224.562	0.5647058823529412	0.5647058823529412	0.5647058823529412
U	C6_2	166.746	208.729	225.032	0.5647058823529412	0.5647058823529412	0.5647058823529412
