U	P_1	170.578	296.778	221.042	1.0	0.5019607843137255	0.0
U	OP1_1	170.261	297.997	220.244	1.0	0.050980392156862744	0.050980392156862744
U	OP2_1	169.903	295.495	220.718	1.0	0.050980392156862744	0.050980392156862744
U	O5'_1	172.154	296.542	220.982	1.0	0.050980392156862744	0.050980392156862744
U	C5'_1	173.072	297.581	221.385	0.5647058823529412	0.5647058823529412	0.5647058823529412
U	C4'_1	174.481	297.041	221.473	0.5647058823529412	0.5647058823529412	0.5647058823529412
U	O4'_1	174.565	296.042	222.525	1.0	0.050980392156862744	0.050980392156862744
U	C3'_1	175.004	296.32	220.241	0.5647058823529412	0.5647058823529412	0.5647058823529412
U	O3'_1	175.457	297.238	219.252	1.0	0.050980392156862744	0.050980392156862744
U	C2'_1	176.131	295.472	220.818	0.5647058823529412	0.5647058823529412	0.5647058823529412
U	O2'_1	177.32	296.203	221.038	1.0	0.050980392156862744	0.050980392156862744
U	C1'_1	175.535	295.064	222.17	0.5647058823529412	0.5647058823529412	0.5647058823529412
U	N1_1	174.9	293.733	222.172	0.18823529411764706	0.3137254901960784	0.9725490196078431
U	C2_1	175.727	292.622	222.32	0.5647058823529412	0.5647058823529412	0.5647058823529412
U	O2_1	176.94	292.706	222.453	1.0	0.050980392156862744	0.050980392156862744
U	N3_1	175.075	291.414	222.305	0.18823529411764706	0.3137254901960784	0.9725490196078431
U	C4_1	173.718	291.202	222.164	0.5647058823529412	0.5647058823529412	0.5647058823529412
U	O4_1	173.288	290.049	222.147	1.0	0.050980392156862744	0.050980392156862744
U	C5_1	172.935	292.39	222.028	0.5647058823529412	0.5647058823529412	0.5647058823529412
U	C6_1	173.534	293.583	222.031	0.5647058823529412	0.5647058823529412	0.5647058823529412
A	P_2	178.901	280.612	222.531	1.0	0.5019607843137255	0.0
A	OP1_2	179.909	279.659	223.081	1.0	0.050980392156862744	0.050980392156862744
A	OP2_2	177.625	280.831	223.263	1.0	0.050980392156862744	0.050980392156862744
A	O5'_2	179.609	282.025	222.336	1.0	0.050980392156862744	0.050980392156862744
A	C5'_2	180.977	282.116	221.887	0.5647058823529412	0.5647058823529412	0.5647058823529412
A	C4'_2	181.403	283.564	221.809	0.5647058823529412	0.5647058823529412	0.5647058823529412
A	O4'_2	180.609	284.239	220.797	1.0	0.050980392156862744	0.050980392156862744
A	C3'_2	181.172	284.381	223.071	0.5647058823529412	0.5647058823529412	0.5647058823529412
A	O3'_2	182.222	284.203	224.025	1.0	0.050980392156862744	0.050980392156862744
A	C2'_2	181.085	285.801	222.525	0.5647058823529412	0.5647058823529412	0.5647058823529412
A	O2'_2	182.347	286.364	222.229	1.0	0.050980392156862744	0.050980392156862744
A	C1'_2	180.32	285.565	221.219	0.5647058823529412	0.5647058823529412	0.5647058823529412
A	N9_2	178.873	285.676	221.395	0.18823529411764706	0.3137254901960784	0.9725490196078431
A	C8_2	177.956	284.656	221.506	0.5647058823529412	0.5647058823529412	0.5647058823529412
A	N7_2	176.725	285.07	221.673	0.18823529411764706	0.3137254901960784	0.9725490196078431
A	C5_2	176.834	286.455	221.669	0.5647058823529412	0.5647058823529412	0.5647058823529412
A	C6_2	175.88	287.48	221.81	0.5647058823529412	0.5647058823529412	0.5647058823529412
A	N6_2	174.576	287.256	221.998	0.18823529411764706	0.3137254901960784	0.9725490196078431
A	N1_2	176.318	288.757	221.756	0.18823529411764706	0.3137254901960784	0.9725490196078431
A	C2_2	177.628	288.978	221.579	0.5647058823529412	0.5647058823529412	0.5647058823529412
A	N3_2	178.622	288.1	221.439	0.18823529411764706	0.3137254901960784	0.9725490196078431
A	C4_2	178.151	286.841	221.494	0.5647058823529412	0.5647058823529412	0.5647058823529412
