A	P_1	156.28	212.754	225.291	1.0	0.5019607843137255	0.0
A	OP1_1	156.08	212.209	223.914	1.0	0.050980392156862744	0.050980392156862744
A	OP2_1	157.341	212.175	226.163	1.0	0.050980392156862744	0.050980392156862744
A	O5'_1	156.531	214.328	225.186	1.0	0.050980392156862744	0.050980392156862744
A	C5'_1	155.633	215.172	224.431	0.5647058823529412	0.5647058823529412	0.5647058823529412
A	C4'_1	155.87	216.632	224.764	0.5647058823529412	0.5647058823529412	0.5647058823529412
A	O4'_1	155.621	216.85	226.182	1.0	0.050980392156862744	0.050980392156862744
A	C3'_1	157.284	217.164	224.556	0.5647058823529412	0.5647058823529412	0.5647058823529412
A	O3'_1	157.542	217.512	223.191	1.0	0.050980392156862744	0.050980392156862744
A	C2'_1	157.291	218.387	225.466	0.5647058823529412	0.5647058823529412	0.5647058823529412
A	O2'_1	156.619	219.495	224.897	1.0	0.050980392156862744	0.050980392156862744
A	C1'_1	156.491	217.867	226.665	0.5647058823529412	0.5647058823529412	0.5647058823529412
A	N9_1	157.344	217.297	227.713	0.18823529411764706	0.3137254901960784	0.9725490196078431
A	C8_1	157.8	216.001	227.831	0.5647058823529412	0.5647058823529412	0.5647058823529412
A	N7_1	158.551	215.798	228.89	0.18823529411764706	0.3137254901960784	0.9725490196078431
A	C5_1	158.592	217.039	229.512	0.5647058823529412	0.5647058823529412	0.5647058823529412
A	C6_1	159.224	217.482	230.685	0.5647058823529412	0.5647058823529412	0.5647058823529412
A	N6_1	159.964	216.693	231.466	0.18823529411764706	0.3137254901960784	0.9725490196078431
A	N1_1	159.067	218.778	231.03	0.18823529411764706	0.3137254901960784	0.9725490196078431
A	C2_1	158.324	219.569	230.238	0.5647058823529412	0.5647058823529412	0.5647058823529412
A	N3_1	157.683	219.27	229.11	0.18823529411764706	0.3137254901960784	0.9725490196078431
A	C4_1	157.857	217.973	228.798	0.5647058823529412	0.5647058823529412	0.5647058823529412
U	P_2	163.192	222.792	239.005	1.0	0.5019607843137255	0.0
U	OP1_2	163.195	223.969	239.931	1.0	0.050980392156862744	0.050980392156862744
U	OP2_2	162.629	221.505	239.471	1.0	0.050980392156862744	0.050980392156862744
U	O5'_2	162.441	223.227	237.668	1.0	0.050980392156862744	0.050980392156862744
U	C5'_2	162.627	224.549	237.121	0.5647058823529412	0.5647058823529412	0.5647058823529412
U	C4'_2	161.719	224.76	235.937	0.5647058823529412	0.5647058823529412	0.5647058823529412
U	O4'_2	162.169	223.957	234.823	1.0	0.050980392156862744	0.050980392156862744
U	C3'_2	160.264	224.377	236.158	0.5647058823529412	0.5647058823529412	0.5647058823529412
U	O3'_2	159.566	225.477	236.751	1.0	0.050980392156862744	0.050980392156862744
U	C2'_2	159.785	224.069	234.743	0.5647058823529412	0.5647058823529412	0.5647058823529412
U	O2'_2	159.45	225.231	234.015	1.0	0.050980392156862744	0.050980392156862744
U	C1'_2	161.045	223.455	234.119	0.5647058823529412	0.5647058823529412	0.5647058823529412
U	N1_2	161.122	221.985	234.134	0.18823529411764706	0.3137254901960784	0.9725490196078431
U	C2_2	160.801	221.298	232.965	0.5647058823529412	0.5647058823529412	0.5647058823529412
U	O2_2	160.394	221.856	231.951	1.0	0.050980392156862744	0.050980392156862744
U	N3_2	160.97	219.931	233.029	0.18823529411764706	0.3137254901960784	0.9725490196078431
U	C4_2	161.405	219.194	234.118	0.5647058823529412	0.5647058823529412	0.5647058823529412
U	O4_2	161.517	217.971	234.018	1.0	0.050980392156862744	0.050980392156862744
U	C5_2	161.686	219.969	235.295	0.5647058823529412	0.5647058823529412	0.5647058823529412
U	C6_2	161.532	221.305	235.267	0.5647058823529412	0.5647058823529412	0.5647058823529412
