U	P_1	244.98	190.044	160.714	1.0	0.5019607843137255	0.0
U	OP1_1	245.728	189.778	159.447	1.0	0.050980392156862744	0.050980392156862744
U	OP2_1	245.178	191.336	161.425	1.0	0.050980392156862744	0.050980392156862744
U	O5'_1	243.426	189.868	160.42	1.0	0.050980392156862744	0.050980392156862744
U	C5'_1	242.943	188.656	159.814	0.5647058823529412	0.5647058823529412	0.5647058823529412
U	C4'_1	241.435	188.665	159.74	0.5647058823529412	0.5647058823529412	0.5647058823529412
U	O4'_1	240.855	188.499	161.061	1.0	0.050980392156862744	0.050980392156862744
U	C3'_1	240.794	189.935	159.206	0.5647058823529412	0.5647058823529412	0.5647058823529412
U	O3'_1	240.858	189.964	157.783	1.0	0.050980392156862744	0.050980392156862744
U	C2'_1	239.37	189.81	159.736	0.5647058823529412	0.5647058823529412	0.5647058823529412
U	O2'_1	238.587	188.897	158.991	1.0	0.050980392156862744	0.050980392156862744
U	C1'_1	239.621	189.204	161.122	0.5647058823529412	0.5647058823529412	0.5647058823529412
U	N1_1	239.7	190.199	162.204	0.18823529411764706	0.3137254901960784	0.9725490196078431
U	C2_1	238.513	190.616	162.795	0.5647058823529412	0.5647058823529412	0.5647058823529412
U	O2_1	237.415	190.2	162.456	1.0	0.050980392156862744	0.050980392156862744
U	N3_1	238.667	191.54	163.797	0.18823529411764706	0.3137254901960784	0.9725490196078431
U	C4_1	239.853	192.079	164.26	0.5647058823529412	0.5647058823529412	0.5647058823529412
U	O4_1	239.822	192.928	165.151	1.0	0.050980392156862744	0.050980392156862744
U	C5_1	241.028	191.6	163.604	0.5647058823529412	0.5647058823529412	0.5647058823529412
U	C6_1	240.917	190.704	162.623	0.5647058823529412	0.5647058823529412	0.5647058823529412
A	P_2	230.928	197.266	168.546	1.0	0.5019607843137255	0.0
A	OP1_2	230.105	198.479	168.829	1.0	0.050980392156862744	0.050980392156862744
A	OP2_2	230.903	196.118	169.498	1.0	0.050980392156862744	0.050980392156862744
A	O5'_2	230.535	196.731	167.097	1.0	0.050980392156862744	0.050980392156862744
A	C5'_2	229.248	196.141	166.833	0.5647058823529412	0.5647058823529412	0.5647058823529412
A	C4'_2	229.41	194.931	165.941	0.5647058823529412	0.5647058823529412	0.5647058823529412
A	O4'_2	230.234	195.309	164.799	1.0	0.050980392156862744	0.050980392156862744
A	C3'_2	230.163	193.756	166.556	0.5647058823529412	0.5647058823529412	0.5647058823529412
A	O3'_2	229.33	192.914	167.362	1.0	0.050980392156862744	0.050980392156862744
A	C2'_2	230.7	193.044	165.323	0.5647058823529412	0.5647058823529412	0.5647058823529412
A	O2'_2	229.72	192.273	164.656	1.0	0.050980392156862744	0.050980392156862744
A	C1'_2	231.107	194.239	164.457	0.5647058823529412	0.5647058823529412	0.5647058823529412
A	N9_2	232.478	194.651	164.759	0.18823529411764706	0.3137254901960784	0.9725490196078431
A	C8_2	232.896	195.703	165.538	0.5647058823529412	0.5647058823529412	0.5647058823529412
A	N7_2	234.2	195.788	165.656	0.18823529411764706	0.3137254901960784	0.9725490196078431
A	C5_2	234.675	194.726	164.898	0.5647058823529412	0.5647058823529412	0.5647058823529412
A	C6_2	235.979	194.268	164.623	0.5647058823529412	0.5647058823529412	0.5647058823529412
A	N6_2	237.081	194.839	165.115	0.18823529411764706	0.3137254901960784	0.9725490196078431
A	N1_2	236.109	193.186	163.821	0.18823529411764706	0.3137254901960784	0.9725490196078431
A	C2_2	234.999	192.608	163.34	0.5647058823529412	0.5647058823529412	0.5647058823529412
A	N3_2	233.721	192.942	163.533	0.18823529411764706	0.3137254901960784	0.9725490196078431
A	C4_2	233.626	194.023	164.33	0.5647058823529412	0.5647058823529412	0.5647058823529412
