U	P_1	274.426	182.676	217.892	1.0	0.5019607843137255	0.0
U	OP1_1	273.121	183.17	218.416	1.0	0.050980392156862744	0.050980392156862744
U	OP2_1	275.55	182.428	218.838	1.0	0.050980392156862744	0.050980392156862744
U	O5'_1	274.155	181.338	217.07	1.0	0.050980392156862744	0.050980392156862744
U	C5'_1	273.108	181.275	216.08	0.5647058823529412	0.5647058823529412	0.5647058823529412
U	C4'_1	273.27	180.036	215.227	0.5647058823529412	0.5647058823529412	0.5647058823529412
U	O4'_1	274.539	180.106	214.521	1.0	0.050980392156862744	0.050980392156862744
U	C3'_1	273.329	178.714	215.98	0.5647058823529412	0.5647058823529412	0.5647058823529412
U	O3'_1	272.022	178.226	216.28	1.0	0.050980392156862744	0.050980392156862744
U	C2'_1	274.075	177.818	214.999	0.5647058823529412	0.5647058823529412	0.5647058823529412
U	O2'_1	273.25	177.325	213.962	1.0	0.050980392156862744	0.050980392156862744
U	C1'_1	275.09	178.802	214.406	0.5647058823529412	0.5647058823529412	0.5647058823529412
U	N1_1	276.394	178.778	215.089	0.18823529411764706	0.3137254901960784	0.9725490196078431
U	C2_1	277.39	177.971	214.552	0.5647058823529412	0.5647058823529412	0.5647058823529412
U	O2_1	277.231	177.295	213.541	1.0	0.050980392156862744	0.050980392156862744
U	N3_1	278.576	177.986	215.244	0.18823529411764706	0.3137254901960784	0.9725490196078431
U	C4_1	278.866	178.708	216.39	0.5647058823529412	0.5647058823529412	0.5647058823529412
U	O4_1	279.976	178.591	216.911	1.0	0.050980392156862744	0.050980392156862744
U	C5_1	277.795	179.52	216.876	0.5647058823529412	0.5647058823529412	0.5647058823529412
U	C6_1	276.624	179.527	216.227	0.5647058823529412	0.5647058823529412	0.5647058823529412
A	P_2	286.854	169.259	215.103	1.0	0.5019607843137255	0.0
A	OP1_2	287.599	168.407	214.133	1.0	0.050980392156862744	0.050980392156862744
A	OP2_2	287.449	170.545	215.553	1.0	0.050980392156862744	0.050980392156862744
A	O5'_2	285.41	169.562	214.495	1.0	0.050980392156862744	0.050980392156862744
A	C5'_2	284.61	168.505	213.92	0.5647058823529412	0.5647058823529412	0.5647058823529412
A	C4'_2	283.341	169.066	213.31	0.5647058823529412	0.5647058823529412	0.5647058823529412
A	O4'_2	282.491	169.614	214.355	1.0	0.050980392156862744	0.050980392156862744
A	C3'_2	283.511	170.223	212.335	0.5647058823529412	0.5647058823529412	0.5647058823529412
A	O3'_2	283.87	169.795	211.023	1.0	0.050980392156862744	0.050980392156862744
A	C2'_2	282.134	170.87	212.366	0.5647058823529412	0.5647058823529412	0.5647058823529412
A	O2'_2	281.184	170.165	211.595	1.0	0.050980392156862744	0.050980392156862744
A	C1'_2	281.777	170.735	213.847	0.5647058823529412	0.5647058823529412	0.5647058823529412
A	N9_2	282.138	171.92	214.629	0.18823529411764706	0.3137254901960784	0.9725490196078431
A	C8_2	283.179	172.088	215.513	0.5647058823529412	0.5647058823529412	0.5647058823529412
A	N7_2	283.213	173.275	216.07	0.18823529411764706	0.3137254901960784	0.9725490196078431
A	C5_2	282.127	173.936	215.511	0.5647058823529412	0.5647058823529412	0.5647058823529412
A	C6_2	281.613	175.231	215.691	0.5647058823529412	0.5647058823529412	0.5647058823529412
A	N6_2	282.149	176.128	216.522	0.18823529411764706	0.3137254901960784	0.9725490196078431
A	N1_2	280.516	175.578	214.981	0.18823529411764706	0.3137254901960784	0.9725490196078431
A	C2_2	279.98	174.677	214.146	0.5647058823529412	0.5647058823529412	0.5647058823529412
A	N3_2	280.369	173.429	213.892	0.18823529411764706	0.3137254901960784	0.9725490196078431
A	C4_2	281.459	173.115	214.618	0.5647058823529412	0.5647058823529412	0.5647058823529412
