A	P_1	265.919	143.518	230.684	1.0	0.5019607843137255	0.0
A	OP1_1	266.671	143.446	231.971	1.0	0.050980392156862744	0.050980392156862744
A	OP2_1	264.702	142.684	230.498	1.0	0.050980392156862744	0.050980392156862744
A	O5'_1	265.526	145.041	230.413	1.0	0.050980392156862744	0.050980392156862744
A	C5'_1	266.446	146.116	230.71	0.5647058823529412	0.5647058823529412	0.5647058823529412
A	C4'_1	265.844	147.447	230.313	0.5647058823529412	0.5647058823529412	0.5647058823529412
A	O4'_1	265.681	147.495	228.867	1.0	0.050980392156862744	0.050980392156862744
A	C3'_1	264.447	147.729	230.848	0.5647058823529412	0.5647058823529412	0.5647058823529412
A	O3'_1	264.447	148.186	232.2	1.0	0.050980392156862744	0.050980392156862744
A	C2'_1	263.933	148.764	229.855	0.5647058823529412	0.5647058823529412	0.5647058823529412
A	O2'_1	264.454	150.059	230.072	1.0	0.050980392156862744	0.050980392156862744
A	C1'_1	264.495	148.213	228.543	0.5647058823529412	0.5647058823529412	0.5647058823529412
A	N9_1	263.56	147.29	227.898	0.18823529411764706	0.3137254901960784	0.9725490196078431
A	C8_1	263.503	145.922	228.029	0.5647058823529412	0.5647058823529412	0.5647058823529412
A	N7_1	262.544	145.362	227.331	0.18823529411764706	0.3137254901960784	0.9725490196078431
A	C5_1	261.927	146.431	226.696	0.5647058823529412	0.5647058823529412	0.5647058823529412
A	C6_1	260.834	146.5	225.81	0.5647058823529412	0.5647058823529412	0.5647058823529412
A	N6_1	260.142	145.43	225.41	0.18823529411764706	0.3137254901960784	0.9725490196078431
A	N1_1	260.473	147.718	225.35	0.18823529411764706	0.3137254901960784	0.9725490196078431
A	C2_1	261.165	148.789	225.766	0.5647058823529412	0.5647058823529412	0.5647058823529412
A	N3_1	262.206	148.853	226.6	0.18823529411764706	0.3137254901960784	0.9725490196078431
A	C4_1	262.543	147.625	227.033	0.5647058823529412	0.5647058823529412	0.5647058823529412
U	P_2	253.592	148.385	217.725	1.0	0.5019607843137255	0.0
U	OP1_2	253.099	149.203	216.581	1.0	0.050980392156862744	0.050980392156862744
U	OP2_2	254.155	147.031	217.469	1.0	0.050980392156862744	0.050980392156862744
U	O5'_2	254.674	149.246	218.521	1.0	0.050980392156862744	0.050980392156862744
U	C5'_2	254.33	150.537	219.065	0.5647058823529412	0.5647058823529412	0.5647058823529412
U	C4'_2	255.477	151.106	219.876	0.5647058823529412	0.5647058823529412	0.5647058823529412
U	O4'_2	255.745	150.242	221.021	1.0	0.050980392156862744	0.050980392156862744
U	C3'_2	256.816	151.29	219.155	0.5647058823529412	0.5647058823529412	0.5647058823529412
U	O3'_2	257.473	152.444	219.687	1.0	0.050980392156862744	0.050980392156862744
U	C2'_2	257.593	150.045	219.589	0.5647058823529412	0.5647058823529412	0.5647058823529412
U	O2'_2	259.0	150.209	219.525	1.0	0.050980392156862744	0.050980392156862744
U	C1'_2	257.12	149.907	221.038	0.5647058823529412	0.5647058823529412	0.5647058823529412
U	N1_2	257.288	148.586	221.671	0.18823529411764706	0.3137254901960784	0.9725490196078431
U	C2_2	258.155	148.508	222.761	0.5647058823529412	0.5647058823529412	0.5647058823529412
U	O2_2	258.772	149.476	223.195	1.0	0.050980392156862744	0.050980392156862744
U	N3_2	258.269	147.258	223.322	0.18823529411764706	0.3137254901960784	0.9725490196078431
U	C4_2	257.628	146.104	222.921	0.5647058823529412	0.5647058823529412	0.5647058823529412
U	O4_2	257.831	145.058	223.54	1.0	0.050980392156862744	0.050980392156862744
U	C5_2	256.753	146.26	221.792	0.5647058823529412	0.5647058823529412	0.5647058823529412
U	C6_2	256.616	147.463	221.218	0.5647058823529412	0.5647058823529412	0.5647058823529412
