U	P_1	172.737	277.051	229.579	1.0	0.5019607843137255	0.0
U	OP1_1	171.861	276.349	228.598	1.0	0.050980392156862744	0.050980392156862744
U	OP2_1	173.51	278.244	229.151	1.0	0.050980392156862744	0.050980392156862744
U	O5'_1	171.859	277.464	230.844	1.0	0.050980392156862744	0.050980392156862744
U	C5'_1	170.901	276.549	231.412	0.5647058823529412	0.5647058823529412	0.5647058823529412
U	C4'_1	169.936	277.288	232.311	0.5647058823529412	0.5647058823529412	0.5647058823529412
U	O4'_1	170.597	277.67	233.549	1.0	0.050980392156862744	0.050980392156862744
U	C3'_1	169.385	278.596	231.764	0.5647058823529412	0.5647058823529412	0.5647058823529412
U	O3'_1	168.315	278.384	230.84	1.0	0.050980392156862744	0.050980392156862744
U	C2'_1	168.958	279.317	233.037	0.5647058823529412	0.5647058823529412	0.5647058823529412
U	O2'_1	167.731	278.84	233.549	1.0	0.050980392156862744	0.050980392156862744
U	C1'_1	170.079	278.914	233.999	0.5647058823529412	0.5647058823529412	0.5647058823529412
U	N1_1	171.181	279.887	234.069	0.18823529411764706	0.3137254901960784	0.9725490196078431
U	C2_1	171.011	281.005	234.878	0.5647058823529412	0.5647058823529412	0.5647058823529412
U	O2_1	169.988	281.22	235.515	1.0	0.050980392156862744	0.050980392156862744
U	N3_1	172.088	281.863	234.91	0.18823529411764706	0.3137254901960784	0.9725490196078431
U	C4_1	173.29	281.722	234.232	0.5647058823529412	0.5647058823529412	0.5647058823529412
U	O4_1	174.181	282.56	234.393	1.0	0.050980392156862744	0.050980392156862744
U	C5_1	173.381	280.552	233.413	0.5647058823529412	0.5647058823529412	0.5647058823529412
U	C6_1	172.351	279.696	233.36	0.5647058823529412	0.5647058823529412	0.5647058823529412
A	P_2	169.375	283.048	246.131	1.0	0.5019607843137255	0.0
A	OP1_2	169.093	284.496	246.323	1.0	0.050980392156862744	0.050980392156862744
A	OP2_2	170.502	282.414	246.865	1.0	0.050980392156862744	0.050980392156862744
A	O5'_2	168.045	282.238	246.485	1.0	0.050980392156862744	0.050980392156862744
A	C5'_2	167.958	280.814	246.241	0.5647058823529412	0.5647058823529412	0.5647058823529412
A	C4'_2	166.614	280.456	245.637	0.5647058823529412	0.5647058823529412	0.5647058823529412
A	O4'_2	166.293	281.384	244.567	1.0	0.050980392156862744	0.050980392156862744
A	C3'_2	166.548	279.082	244.987	0.5647058823529412	0.5647058823529412	0.5647058823529412
A	O3'_2	166.282	278.045	245.926	1.0	0.050980392156862744	0.050980392156862744
A	C2'_2	165.44	279.253	243.956	0.5647058823529412	0.5647058823529412	0.5647058823529412
A	O2'_2	164.14	279.166	244.506	1.0	0.050980392156862744	0.050980392156862744
A	C1'_2	165.696	280.687	243.482	0.5647058823529412	0.5647058823529412	0.5647058823529412
A	N9_2	166.59	280.811	242.326	0.18823529411764706	0.3137254901960784	0.9725490196078431
A	C8_2	167.642	281.688	242.201	0.5647058823529412	0.5647058823529412	0.5647058823529412
A	N7_2	168.276	281.6	241.057	0.18823529411764706	0.3137254901960784	0.9725490196078431
A	C5_2	167.602	280.596	240.379	0.5647058823529412	0.5647058823529412	0.5647058823529412
A	C6_2	167.786	280.033	239.104	0.5647058823529412	0.5647058823529412	0.5647058823529412
A	N6_2	168.751	280.414	238.262	0.18823529411764706	0.3137254901960784	0.9725490196078431
A	N1_2	166.936	279.053	238.72	0.18823529411764706	0.3137254901960784	0.9725490196078431
A	C2_2	165.971	278.671	239.571	0.5647058823529412	0.5647058823529412	0.5647058823529412
A	N3_2	165.698	279.121	240.798	0.18823529411764706	0.3137254901960784	0.9725490196078431
A	C4_2	166.559	280.097	241.148	0.5647058823529412	0.5647058823529412	0.5647058823529412
