A	P_1	223.507	168.648	160.267	1.0	0.5019607843137255	0.0
A	OP1_1	223.483	167.192	160.593	1.0	0.050980392156862744	0.050980392156862744
A	OP2_1	222.305	169.276	159.651	1.0	0.050980392156862744	0.050980392156862744
A	O5'_1	223.89	169.451	161.591	1.0	0.050980392156862744	0.050980392156862744
A	C5'_1	224.216	168.76	162.823	0.5647058823529412	0.5647058823529412	0.5647058823529412
A	C4'_1	224.465	169.766	163.925	0.5647058823529412	0.5647058823529412	0.5647058823529412
A	O4'_1	224.438	169.102	165.223	1.0	0.050980392156862744	0.050980392156862744
A	C3'_1	225.794	170.523	163.856	0.5647058823529412	0.5647058823529412	0.5647058823529412
A	O3'_1	225.594	171.862	164.324	1.0	0.050980392156862744	0.050980392156862744
A	C2'_1	226.661	169.745	164.851	0.5647058823529412	0.5647058823529412	0.5647058823529412
A	O2'_1	227.721	170.517	165.385	1.0	0.050980392156862744	0.050980392156862744
A	C1'_1	225.628	169.399	165.928	0.5647058823529412	0.5647058823529412	0.5647058823529412
A	N9_1	225.949	168.26	166.794	0.18823529411764706	0.3137254901960784	0.9725490196078431
A	C8_1	226.379	167.003	166.433	0.5647058823529412	0.5647058823529412	0.5647058823529412
A	N7_1	226.559	166.191	167.452	0.18823529411764706	0.3137254901960784	0.9725490196078431
A	C5_1	226.232	166.965	168.56	0.5647058823529412	0.5647058823529412	0.5647058823529412
A	C6_1	226.207	166.681	169.949	0.5647058823529412	0.5647058823529412	0.5647058823529412
A	N6_1	226.538	165.494	170.47	0.18823529411764706	0.3137254901960784	0.9725490196078431
A	N1_1	225.824	167.674	170.789	0.18823529411764706	0.3137254901960784	0.9725490196078431
A	C2_1	225.495	168.867	170.265	0.5647058823529412	0.5647058823529412	0.5647058823529412
A	N3_1	225.48	169.255	168.981	0.18823529411764706	0.3137254901960784	0.9725490196078431
A	C4_1	225.86	168.245	168.171	0.5647058823529412	0.5647058823529412	0.5647058823529412
U	P_2	227.167	159.685	177.33	1.0	0.5019607843137255	0.0
U	OP1_2	226.406	159.249	178.54	1.0	0.050980392156862744	0.050980392156862744
U	OP2_2	227.877	158.666	176.499	1.0	0.050980392156862744	0.050980392156862744
U	O5'_2	226.156	160.481	176.391	1.0	0.050980392156862744	0.050980392156862744
U	C5'_2	225.638	159.898	175.181	0.5647058823529412	0.5647058823529412	0.5647058823529412
U	C4'_2	225.467	160.97	174.134	0.5647058823529412	0.5647058823529412	0.5647058823529412
U	O4'_2	226.77	161.484	173.741	1.0	0.050980392156862744	0.050980392156862744
U	C3'_2	224.849	160.526	172.822	0.5647058823529412	0.5647058823529412	0.5647058823529412
U	O3'_2	223.44	160.455	172.938	1.0	0.050980392156862744	0.050980392156862744
U	C2'_2	225.309	161.618	171.863	0.5647058823529412	0.5647058823529412	0.5647058823529412
U	O2'_2	224.552	162.808	171.981	1.0	0.050980392156862744	0.050980392156862744
U	C1'_2	226.731	161.878	172.375	0.5647058823529412	0.5647058823529412	0.5647058823529412
U	N1_2	227.775	161.145	171.641	0.18823529411764706	0.3137254901960784	0.9725490196078431
U	C2_2	228.499	161.842	170.68	0.5647058823529412	0.5647058823529412	0.5647058823529412
U	O2_2	228.317	163.029	170.433	1.0	0.050980392156862744	0.050980392156862744
U	N3_2	229.448	161.095	170.02	0.18823529411764706	0.3137254901960784	0.9725490196078431
U	C4_2	229.746	159.757	170.223	0.5647058823529412	0.5647058823529412	0.5647058823529412
U	O4_2	230.628	159.225	169.548	1.0	0.050980392156862744	0.050980392156862744
U	C5_2	228.964	159.116	171.236	0.5647058823529412	0.5647058823529412	0.5647058823529412
U	C6_2	228.031	159.811	171.892	0.5647058823529412	0.5647058823529412	0.5647058823529412
