A	P_1	172.856	291.617	241.429	1.0	0.5019607843137255	0.0
A	OP1_1	172.622	292.346	242.709	1.0	0.050980392156862744	0.050980392156862744
A	OP2_1	174.117	290.85	241.244	1.0	0.050980392156862744	0.050980392156862744
A	O5'_1	171.626	290.632	241.188	1.0	0.050980392156862744	0.050980392156862744
A	C5'_1	170.263	291.109	241.261	0.5647058823529412	0.5647058823529412	0.5647058823529412
A	C4'_1	169.304	290.012	240.857	0.5647058823529412	0.5647058823529412	0.5647058823529412
A	O4'_1	169.49	289.696	239.45	1.0	0.050980392156862744	0.050980392156862744
A	C3'_1	169.498	288.681	241.568	0.5647058823529412	0.5647058823529412	0.5647058823529412
A	O3'_1	168.857	288.67	242.846	1.0	0.050980392156862744	0.050980392156862744
A	C2'_1	168.877	287.692	240.586	0.5647058823529412	0.5647058823529412	0.5647058823529412
A	O2'_1	167.465	287.635	240.665	1.0	0.050980392156862744	0.050980392156862744
A	C1'_1	169.286	288.304	239.242	0.5647058823529412	0.5647058823529412	0.5647058823529412
A	N9_1	170.514	287.735	238.684	0.18823529411764706	0.3137254901960784	0.9725490196078431
A	C8_1	171.794	288.231	238.772	0.5647058823529412	0.5647058823529412	0.5647058823529412
A	N7_1	172.688	287.497	238.155	0.18823529411764706	0.3137254901960784	0.9725490196078431
A	C5_1	171.95	286.446	237.626	0.5647058823529412	0.5647058823529412	0.5647058823529412
A	C6_1	172.318	285.325	236.863	0.5647058823529412	0.5647058823529412	0.5647058823529412
A	N6_1	173.571	285.07	236.481	0.18823529411764706	0.3137254901960784	0.9725490196078431
A	N1_1	171.342	284.464	236.502	0.18823529411764706	0.3137254901960784	0.9725490196078431
A	C2_1	170.083	284.723	236.886	0.5647058823529412	0.5647058823529412	0.5647058823529412
A	N3_1	169.615	285.741	237.605	0.18823529411764706	0.3137254901960784	0.9725490196078431
A	C4_1	170.611	286.577	237.947	0.5647058823529412	0.5647058823529412	0.5647058823529412
U	P_2	172.737	277.051	229.579	1.0	0.5019607843137255	0.0
U	OP1_2	171.861	276.349	228.598	1.0	0.050980392156862744	0.050980392156862744
U	OP2_2	173.51	278.244	229.151	1.0	0.050980392156862744	0.050980392156862744
U	O5'_2	171.859	277.464	230.844	1.0	0.050980392156862744	0.050980392156862744
U	C5'_2	170.901	276.549	231.412	0.5647058823529412	0.5647058823529412	0.5647058823529412
U	C4'_2	169.936	277.288	232.311	0.5647058823529412	0.5647058823529412	0.5647058823529412
U	O4'_2	170.597	277.67	233.549	1.0	0.050980392156862744	0.050980392156862744
U	C3'_2	169.385	278.596	231.764	0.5647058823529412	0.5647058823529412	0.5647058823529412
U	O3'_2	168.315	278.384	230.84	1.0	0.050980392156862744	0.050980392156862744
U	C2'_2	168.958	279.317	233.037	0.5647058823529412	0.5647058823529412	0.5647058823529412
U	O2'_2	167.731	278.84	233.549	1.0	0.050980392156862744	0.050980392156862744
U	C1'_2	170.079	278.914	233.999	0.5647058823529412	0.5647058823529412	0.5647058823529412
U	N1_2	171.181	279.887	234.069	0.18823529411764706	0.3137254901960784	0.9725490196078431
U	C2_2	171.011	281.005	234.878	0.5647058823529412	0.5647058823529412	0.5647058823529412
U	O2_2	169.988	281.22	235.515	1.0	0.050980392156862744	0.050980392156862744
U	N3_2	172.088	281.863	234.91	0.18823529411764706	0.3137254901960784	0.9725490196078431
U	C4_2	173.29	281.722	234.232	0.5647058823529412	0.5647058823529412	0.5647058823529412
U	O4_2	174.181	282.56	234.393	1.0	0.050980392156862744	0.050980392156862744
U	C5_2	173.381	280.552	233.413	0.5647058823529412	0.5647058823529412	0.5647058823529412
U	C6_2	172.351	279.696	233.36	0.5647058823529412	0.5647058823529412	0.5647058823529412
