U	P_1	107.64	214.571	203.069	1.0	0.5019607843137255	0.0
U	OP1_1	106.618	213.836	203.871	1.0	0.050980392156862744	0.050980392156862744
U	OP2_1	108.194	215.849	203.588	1.0	0.050980392156862744	0.050980392156862744
U	O5'_1	108.859	213.583	202.775	1.0	0.050980392156862744	0.050980392156862744
U	C5'_1	108.618	212.238	202.313	0.5647058823529412	0.5647058823529412	0.5647058823529412
U	C4'_1	109.925	211.519	202.06	0.5647058823529412	0.5647058823529412	0.5647058823529412
U	O4'_1	110.649	212.196	200.998	1.0	0.050980392156862744	0.050980392156862744
U	C3'_1	110.91	211.463	203.22	0.5647058823529412	0.5647058823529412	0.5647058823529412
U	O3'_1	110.573	210.404	204.126	1.0	0.050980392156862744	0.050980392156862744
U	C2'_1	112.238	211.242	202.498	0.5647058823529412	0.5647058823529412	0.5647058823529412
U	O2'_1	112.438	209.901	202.094	1.0	0.050980392156862744	0.050980392156862744
U	C1'_1	112.046	212.099	201.239	0.5647058823529412	0.5647058823529412	0.5647058823529412
U	N1_1	112.61	213.457	201.337	0.18823529411764706	0.3137254901960784	0.9725490196078431
U	C2_1	113.99	213.596	201.2	0.5647058823529412	0.5647058823529412	0.5647058823529412
U	O2_1	114.74	212.65	201.0	1.0	0.050980392156862744	0.050980392156862744
U	N3_1	114.452	214.885	201.303	0.18823529411764706	0.3137254901960784	0.9725490196078431
U	C4_1	113.699	216.026	201.52	0.5647058823529412	0.5647058823529412	0.5647058823529412
U	O4_1	114.268	217.112	201.62	1.0	0.050980392156862744	0.050980392156862744
U	C5_1	112.288	215.804	201.642	0.5647058823529412	0.5647058823529412	0.5647058823529412
U	C6_1	111.804	214.561	201.552	0.5647058823529412	0.5647058823529412	0.5647058823529412
A	P_2	124.433	218.021	198.56	1.0	0.5019607843137255	0.0
A	OP1_2	125.372	217.698	197.442	1.0	0.050980392156862744	0.050980392156862744
A	OP2_2	123.142	218.713	198.268	1.0	0.050980392156862744	0.050980392156862744
A	O5'_2	124.065	216.656	199.303	1.0	0.050980392156862744	0.050980392156862744
A	C5'_2	125.091	215.721	199.709	0.5647058823529412	0.5647058823529412	0.5647058823529412
A	C4'_2	124.46	214.455	200.248	0.5647058823529412	0.5647058823529412	0.5647058823529412
A	O4'_2	123.715	214.752	201.46	1.0	0.050980392156862744	0.050980392156862744
A	C3'_2	123.455	213.783	199.325	0.5647058823529412	0.5647058823529412	0.5647058823529412
A	O3'_2	124.13	212.937	198.387	1.0	0.050980392156862744	0.050980392156862744
A	C2'_2	122.571	213.009	200.301	0.5647058823529412	0.5647058823529412	0.5647058823529412
A	O2'_2	123.133	211.78	200.716	1.0	0.050980392156862744	0.050980392156862744
A	C1'_2	122.544	213.951	201.511	0.5647058823529412	0.5647058823529412	0.5647058823529412
A	N9_2	121.383	214.843	201.622	0.18823529411764706	0.3137254901960784	0.9725490196078431
A	C8_2	121.413	216.211	201.789	0.5647058823529412	0.5647058823529412	0.5647058823529412
A	N7_2	120.227	216.759	201.905	0.18823529411764706	0.3137254901960784	0.9725490196078431
A	C5_2	119.35	215.685	201.797	0.5647058823529412	0.5647058823529412	0.5647058823529412
A	C6_2	117.941	215.604	201.842	0.5647058823529412	0.5647058823529412	0.5647058823529412
A	N6_2	117.146	216.665	202.022	0.18823529411764706	0.3137254901960784	0.9725490196078431
A	N1_2	117.375	214.386	201.696	0.18823529411764706	0.3137254901960784	0.9725490196078431
A	C2_2	118.176	213.326	201.517	0.5647058823529412	0.5647058823529412	0.5647058823529412
A	N3_2	119.512	213.271	201.461	0.18823529411764706	0.3137254901960784	0.9725490196078431
A	C4_2	120.046	214.498	201.611	0.5647058823529412	0.5647058823529412	0.5647058823529412
