U	P_1	261.652	189.097	259.673	1.0	0.5019607843137255	0.0
U	OP1_1	261.136	189.748	260.914	1.0	0.050980392156862744	0.050980392156862744
U	OP2_1	262.795	189.713	258.941	1.0	0.050980392156862744	0.050980392156862744
U	O5'_1	262.029	187.583	260.012	1.0	0.050980392156862744	0.050980392156862744
U	C5'_1	261.116	186.745	260.752	0.5647058823529412	0.5647058823529412	0.5647058823529412
U	C4'_1	261.646	185.329	260.853	0.5647058823529412	0.5647058823529412	0.5647058823529412
U	O4'_1	261.633	184.688	259.548	1.0	0.050980392156862744	0.050980392156862744
U	C3'_1	263.082	185.144	261.318	0.5647058823529412	0.5647058823529412	0.5647058823529412
U	O3'_1	263.222	185.295	262.728	1.0	0.050980392156862744	0.050980392156862744
U	C2'_1	263.372	183.722	260.852	0.5647058823529412	0.5647058823529412	0.5647058823529412
U	O2'_1	262.791	182.74	261.688	1.0	0.050980392156862744	0.050980392156862744
U	C1'_1	262.655	183.699	259.5	0.5647058823529412	0.5647058823529412	0.5647058823529412
U	N1_1	263.556	183.977	258.369	0.18823529411764706	0.3137254901960784	0.9725490196078431
U	C2_1	264.197	182.893	257.772	0.5647058823529412	0.5647058823529412	0.5647058823529412
U	O2_1	264.02	181.733	258.123	1.0	0.050980392156862744	0.050980392156862744
U	N3_1	265.048	183.222	256.748	0.18823529411764706	0.3137254901960784	0.9725490196078431
U	C4_1	265.318	184.487	256.264	0.5647058823529412	0.5647058823529412	0.5647058823529412
U	O4_1	266.155	184.62	255.369	1.0	0.050980392156862744	0.050980392156862744
U	C5_1	264.608	185.546	256.913	0.5647058823529412	0.5647058823529412	0.5647058823529412
U	C6_1	263.772	185.264	257.916	0.5647058823529412	0.5647058823529412	0.5647058823529412
A	P_2	272.687	176.878	250.134	1.0	0.5019607843137255	0.0
A	OP1_2	273.071	175.671	249.342	1.0	0.050980392156862744	0.050980392156862744
A	OP2_2	272.304	178.13	249.423	1.0	0.050980392156862744	0.050980392156862744
A	O5'_2	271.492	176.472	251.11	1.0	0.050980392156862744	0.050980392156862744
A	C5'_2	271.564	175.27	251.907	0.5647058823529412	0.5647058823529412	0.5647058823529412
A	C4'_2	270.642	175.377	253.1	0.5647058823529412	0.5647058823529412	0.5647058823529412
A	O4'_2	270.993	176.564	253.863	1.0	0.050980392156862744	0.050980392156862744
A	C3'_2	269.157	175.559	252.806	0.5647058823529412	0.5647058823529412	0.5647058823529412
A	O3'_2	268.514	174.314	252.521	1.0	0.050980392156862744	0.050980392156862744
A	C2'_2	268.651	176.185	254.102	0.5647058823529412	0.5647058823529412	0.5647058823529412
A	O2'_2	268.449	175.24	255.135	1.0	0.050980392156862744	0.050980392156862744
A	C1'_2	269.827	177.095	254.477	0.5647058823529412	0.5647058823529412	0.5647058823529412
A	N9_2	269.652	178.482	254.042	0.18823529411764706	0.3137254901960784	0.9725490196078431
A	C8_2	270.251	179.14	252.992	0.5647058823529412	0.5647058823529412	0.5647058823529412
A	N7_2	269.875	180.392	252.869	0.18823529411764706	0.3137254901960784	0.9725490196078431
A	C5_2	268.971	180.573	253.91	0.5647058823529412	0.5647058823529412	0.5647058823529412
A	C6_2	268.216	181.687	254.328	0.5647058823529412	0.5647058823529412	0.5647058823529412
A	N6_2	268.26	182.877	253.726	0.18823529411764706	0.3137254901960784	0.9725490196078431
A	N1_2	267.407	181.531	255.401	0.18823529411764706	0.3137254901960784	0.9725490196078431
A	C2_2	267.367	180.337	256.005	0.5647058823529412	0.5647058823529412	0.5647058823529412
A	N3_2	268.025	179.218	255.708	0.18823529411764706	0.3137254901960784	0.9725490196078431
A	C4_2	268.821	179.404	254.637	0.5647058823529412	0.5647058823529412	0.5647058823529412
