A	P_1	203.6	265.456	215.218	1.0	0.5019607843137255	0.0
A	OP1_1	202.244	266.016	214.939	1.0	0.050980392156862744	0.050980392156862744
A	OP2_1	204.808	266.216	214.791	1.0	0.050980392156862744	0.050980392156862744
A	O5'_1	203.714	265.183	216.784	1.0	0.050980392156862744	0.050980392156862744
A	C5'_1	202.588	265.394	217.661	0.5647058823529412	0.5647058823529412	0.5647058823529412
A	C4'_1	203.073	265.767	219.04	0.5647058823529412	0.5647058823529412	0.5647058823529412
A	O4'_1	203.869	264.673	219.569	1.0	0.050980392156862744	0.050980392156862744
A	C3'_1	203.994	266.978	219.101	0.5647058823529412	0.5647058823529412	0.5647058823529412
A	O3'_1	203.237	268.191	219.163	1.0	0.050980392156862744	0.050980392156862744
A	C2'_1	204.789	266.718	220.376	0.5647058823529412	0.5647058823529412	0.5647058823529412
A	O2'_1	204.084	267.074	221.546	1.0	0.050980392156862744	0.050980392156862744
A	C1'_1	204.946	265.193	220.333	0.5647058823529412	0.5647058823529412	0.5647058823529412
A	N9_1	206.202	264.746	219.73	0.18823529411764706	0.3137254901960784	0.9725490196078431
A	C8_1	206.414	264.273	218.456	0.5647058823529412	0.5647058823529412	0.5647058823529412
A	N7_1	207.665	263.967	218.206	0.18823529411764706	0.3137254901960784	0.9725490196078431
A	C5_1	208.322	264.258	219.394	0.5647058823529412	0.5647058823529412	0.5647058823529412
A	C6_1	209.67	264.157	219.776	0.5647058823529412	0.5647058823529412	0.5647058823529412
A	N6_1	210.637	263.729	218.962	0.18823529411764706	0.3137254901960784	0.9725490196078431
A	N1_1	209.996	264.52	221.036	0.18823529411764706	0.3137254901960784	0.9725490196078431
A	C2_1	209.025	264.959	221.848	0.5647058823529412	0.5647058823529412	0.5647058823529412
A	N3_1	207.722	265.102	221.604	0.18823529411764706	0.3137254901960784	0.9725490196078431
A	C4_1	207.433	264.729	220.343	0.5647058823529412	0.5647058823529412	0.5647058823529412
U	P_2	218.546	262.5	225.244	1.0	0.5019607843137255	0.0
U	OP1_2	219.262	261.97	226.443	1.0	0.050980392156862744	0.050980392156862744
U	OP2_2	218.363	261.625	224.056	1.0	0.050980392156862744	0.050980392156862744
U	O5'_2	217.105	263.028	225.694	1.0	0.050980392156862744	0.050980392156862744
U	C5'_2	216.901	263.64	226.988	0.5647058823529412	0.5647058823529412	0.5647058823529412
U	C4'_2	215.468	264.111	227.132	0.5647058823529412	0.5647058823529412	0.5647058823529412
U	O4'_2	215.178	265.07	226.077	1.0	0.050980392156862744	0.050980392156862744
U	C3'_2	214.374	263.059	226.987	0.5647058823529412	0.5647058823529412	0.5647058823529412
U	O3'_2	214.136	262.334	228.195	1.0	0.050980392156862744	0.050980392156862744
U	C2'_2	213.168	263.904	226.588	0.5647058823529412	0.5647058823529412	0.5647058823529412
U	O2'_2	212.561	264.562	227.686	1.0	0.050980392156862744	0.050980392156862744
U	C1'_2	213.822	264.942	225.672	0.5647058823529412	0.5647058823529412	0.5647058823529412
U	N1_2	213.786	264.575	224.245	0.18823529411764706	0.3137254901960784	0.9725490196078431
U	C2_2	212.632	264.869	223.525	0.5647058823529412	0.5647058823529412	0.5647058823529412
U	O2_2	211.651	265.403	224.024	1.0	0.050980392156862744	0.050980392156862744
U	N3_2	212.674	264.511	222.2	0.18823529411764706	0.3137254901960784	0.9725490196078431
U	C4_2	213.722	263.9	221.533	0.5647058823529412	0.5647058823529412	0.5647058823529412
U	O4_2	213.606	263.636	220.336	1.0	0.050980392156862744	0.050980392156862744
U	C5_2	214.866	263.622	222.342	0.5647058823529412	0.5647058823529412	0.5647058823529412
U	C6_2	214.862	263.959	223.635	0.5647058823529412	0.5647058823529412	0.5647058823529412
