U	P_1	264.997	148.471	183.175	1.0	0.5019607843137255	0.0
U	OP1_1	266.159	149.401	183.102	1.0	0.050980392156862744	0.050980392156862744
U	OP2_1	265.084	147.135	182.525	1.0	0.050980392156862744	0.050980392156862744
U	O5'_1	264.622	148.267	184.709	1.0	0.050980392156862744	0.050980392156862744
U	C5'_1	264.54	149.398	185.597	0.5647058823529412	0.5647058823529412	0.5647058823529412
U	C4'_1	263.914	148.997	186.913	0.5647058823529412	0.5647058823529412	0.5647058823529412
U	O4'_1	262.548	148.559	186.693	1.0	0.050980392156862744	0.050980392156862744
U	C3'_1	264.569	147.833	187.641	0.5647058823529412	0.5647058823529412	0.5647058823529412
U	O3'_1	265.702	148.277	188.387	1.0	0.050980392156862744	0.050980392156862744
U	C2'_1	263.439	147.337	188.539	0.5647058823529412	0.5647058823529412	0.5647058823529412
U	O2'_1	263.282	148.119	189.709	1.0	0.050980392156862744	0.050980392156862744
U	C1'_1	262.217	147.55	187.636	0.5647058823529412	0.5647058823529412	0.5647058823529412
U	N1_1	261.763	146.352	186.91	0.18823529411764706	0.3137254901960784	0.9725490196078431
U	C2_1	260.716	145.622	187.463	0.5647058823529412	0.5647058823529412	0.5647058823529412
U	O2_1	260.176	145.924	188.518	1.0	0.050980392156862744	0.050980392156862744
U	N3_1	260.326	144.526	186.732	0.18823529411764706	0.3137254901960784	0.9725490196078431
U	C4_1	260.861	144.09	185.534	0.5647058823529412	0.5647058823529412	0.5647058823529412
U	O4_1	260.404	143.077	185.003	1.0	0.050980392156862744	0.050980392156862744
U	C5_1	261.941	144.891	185.03	0.5647058823529412	0.5647058823529412	0.5647058823529412
U	C6_1	262.345	145.964	185.717	0.5647058823529412	0.5647058823529412	0.5647058823529412
A	P_2	254.293	134.726	189.646	1.0	0.5019607843137255	0.0
A	OP1_2	253.111	134.062	190.277	1.0	0.050980392156862744	0.050980392156862744
A	OP2_2	254.26	135.06	188.197	1.0	0.050980392156862744	0.050980392156862744
A	O5'_2	254.604	136.059	190.461	1.0	0.050980392156862744	0.050980392156862744
A	C5'_2	254.907	136.002	191.87	0.5647058823529412	0.5647058823529412	0.5647058823529412
A	C4'_2	255.4	137.345	192.352	0.5647058823529412	0.5647058823529412	0.5647058823529412
A	O4'_2	256.669	137.659	191.723	1.0	0.050980392156862744	0.050980392156862744
A	C3'_2	254.503	138.527	192.021	0.5647058823529412	0.5647058823529412	0.5647058823529412
A	O3'_2	253.43	138.614	192.964	1.0	0.050980392156862744	0.050980392156862744
A	C2'_2	255.482	139.701	192.064	0.5647058823529412	0.5647058823529412	0.5647058823529412
A	O2'_2	255.759	140.153	193.376	1.0	0.050980392156862744	0.050980392156862744
A	C1'_2	256.752	139.057	191.493	0.5647058823529412	0.5647058823529412	0.5647058823529412
A	N9_2	256.981	139.272	190.063	0.18823529411764706	0.3137254901960784	0.9725490196078431
A	C8_2	256.561	138.493	189.009	0.5647058823529412	0.5647058823529412	0.5647058823529412
A	N7_2	256.975	138.918	187.84	0.18823529411764706	0.3137254901960784	0.9725490196078431
A	C5_2	257.706	140.061	188.141	0.5647058823529412	0.5647058823529412	0.5647058823529412
A	C6_2	258.417	140.968	187.335	0.5647058823529412	0.5647058823529412	0.5647058823529412
A	N6_2	258.525	140.851	186.007	0.18823529411764706	0.3137254901960784	0.9725490196078431
A	N1_2	259.026	142.008	187.944	0.18823529411764706	0.3137254901960784	0.9725490196078431
A	C2_2	258.932	142.114	189.275	0.5647058823529412	0.5647058823529412	0.5647058823529412
A	N3_2	258.303	141.32	190.142	0.18823529411764706	0.3137254901960784	0.9725490196078431
A	C4_2	257.703	140.3	189.503	0.5647058823529412	0.5647058823529412	0.5647058823529412
