A	P_1	261.415	184.183	135.663	1.0	0.5019607843137255	0.0
A	OP1_1	260.346	183.197	135.332	1.0	0.050980392156862744	0.050980392156862744
A	OP2_1	261.041	185.523	136.191	1.0	0.050980392156862744	0.050980392156862744
A	O5'_1	262.407	183.479	136.693	1.0	0.050980392156862744	0.050980392156862744
A	C5'_1	263.36	184.246	137.461	0.5647058823529412	0.5647058823529412	0.5647058823529412
A	C4'_1	264.772	183.819	137.117	0.5647058823529412	0.5647058823529412	0.5647058823529412
A	O4'_1	265.137	184.371	135.818	1.0	0.050980392156862744	0.050980392156862744
A	C3'_1	265.857	184.337	138.048	0.5647058823529412	0.5647058823529412	0.5647058823529412
A	O3'_1	265.974	183.525	139.218	1.0	0.050980392156862744	0.050980392156862744
A	C2'_1	267.096	184.27	137.161	0.5647058823529412	0.5647058823529412	0.5647058823529412
A	O2'_1	267.628	182.965	137.034	1.0	0.050980392156862744	0.050980392156862744
A	C1'_1	266.519	184.715	135.812	0.5647058823529412	0.5647058823529412	0.5647058823529412
A	N9_1	266.638	186.16	135.595	0.18823529411764706	0.3137254901960784	0.9725490196078431
A	C8_1	265.631	187.062	135.339	0.5647058823529412	0.5647058823529412	0.5647058823529412
A	N7_1	266.045	188.301	135.222	0.18823529411764706	0.3137254901960784	0.9725490196078431
A	C5_1	267.417	188.214	135.41	0.5647058823529412	0.5647058823529412	0.5647058823529412
A	C6_1	268.433	189.188	135.413	0.5647058823529412	0.5647058823529412	0.5647058823529412
A	N6_1	268.206	190.492	135.23	0.18823529411764706	0.3137254901960784	0.9725490196078431
A	N1_1	269.704	188.772	135.617	0.18823529411764706	0.3137254901960784	0.9725490196078431
A	C2_1	269.925	187.463	135.815	0.5647058823529412	0.5647058823529412	0.5647058823529412
A	N3_1	269.052	186.452	135.841	0.18823529411764706	0.3137254901960784	0.9725490196078431
A	C4_1	267.8	186.9	135.627	0.5647058823529412	0.5647058823529412	0.5647058823529412
U	P_2	259.38	195.993	133.658	1.0	0.5019607843137255	0.0
U	OP1_2	259.05	197.441	133.738	1.0	0.050980392156862744	0.050980392156862744
U	OP2_2	259.024	195.228	132.431	1.0	0.050980392156862744	0.050980392156862744
U	O5'_2	260.945	195.797	133.897	1.0	0.050980392156862744	0.050980392156862744
U	C5'_2	261.709	196.763	134.64	0.5647058823529412	0.5647058823529412	0.5647058823529412
U	C4'_2	263.075	196.209	134.962	0.5647058823529412	0.5647058823529412	0.5647058823529412
U	O4'_2	262.912	194.945	135.648	1.0	0.050980392156862744	0.050980392156862744
U	C3'_2	263.978	195.879	133.78	0.5647058823529412	0.5647058823529412	0.5647058823529412
U	O3'_2	264.665	197.068	133.37	1.0	0.050980392156862744	0.050980392156862744
U	C2'_2	264.931	194.839	134.372	0.5647058823529412	0.5647058823529412	0.5647058823529412
U	O2'_2	266.001	195.406	135.104	1.0	0.050980392156862744	0.050980392156862744
U	C1'_2	264.021	194.111	135.366	0.5647058823529412	0.5647058823529412	0.5647058823529412
U	N1_2	263.538	192.764	135.017	0.18823529411764706	0.3137254901960784	0.9725490196078431
U	C2_2	264.437	191.711	135.102	0.5647058823529412	0.5647058823529412	0.5647058823529412
U	O2_2	265.617	191.864	135.373	1.0	0.050980392156862744	0.050980392156862744
U	N3_2	263.899	190.474	134.852	0.18823529411764706	0.3137254901960784	0.9725490196078431
U	C4_2	262.589	190.188	134.524	0.5647058823529412	0.5647058823529412	0.5647058823529412
U	O4_2	262.238	189.013	134.413	1.0	0.050980392156862744	0.050980392156862744
U	C5_2	261.734	191.329	134.417	0.5647058823529412	0.5647058823529412	0.5647058823529412
U	C6_2	262.224	192.545	134.654	0.5647058823529412	0.5647058823529412	0.5647058823529412
