U	P_1	239.427	226.636	267.2	1.0	0.5019607843137255	0.0
U	OP1_1	240.765	226.102	266.804	1.0	0.050980392156862744	0.050980392156862744
U	OP2_1	238.248	225.723	267.212	1.0	0.050980392156862744	0.050980392156862744
U	O5'_1	239.555	227.291	268.648	1.0	0.050980392156862744	0.050980392156862744
U	C5'_1	240.671	228.135	268.989	0.5647058823529412	0.5647058823529412	0.5647058823529412
U	C4'_1	240.504	228.679	270.389	0.5647058823529412	0.5647058823529412	0.5647058823529412
U	O4'_1	239.338	229.544	270.431	1.0	0.050980392156862744	0.050980392156862744
U	C3'_1	240.25	227.642	271.474	0.5647058823529412	0.5647058823529412	0.5647058823529412
U	O3'_1	241.468	227.068	271.947	1.0	0.050980392156862744	0.050980392156862744
U	C2'_1	239.529	228.453	272.545	0.5647058823529412	0.5647058823529412	0.5647058823529412
U	O2'_1	240.411	229.207	273.351	1.0	0.050980392156862744	0.050980392156862744
U	C1'_1	238.691	229.407	271.688	0.5647058823529412	0.5647058823529412	0.5647058823529412
U	N1_1	237.305	228.972	271.451	0.18823529411764706	0.3137254901960784	0.9725490196078431
U	C2_1	236.301	229.564	272.204	0.5647058823529412	0.5647058823529412	0.5647058823529412
U	O2_1	236.519	230.4	273.071	1.0	0.050980392156862744	0.050980392156862744
U	N3_1	235.031	229.141	271.905	0.18823529411764706	0.3137254901960784	0.9725490196078431
U	C4_1	234.669	228.204	270.956	0.5647058823529412	0.5647058823529412	0.5647058823529412
U	O4_1	233.478	227.951	270.784	1.0	0.050980392156862744	0.050980392156862744
U	C5_1	235.761	227.626	270.233	0.5647058823529412	0.5647058823529412	0.5647058823529412
U	C6_1	237.009	228.017	270.5	0.5647058823529412	0.5647058823529412	0.5647058823529412
A	P_2	226.081	231.359	279.326	1.0	0.5019607843137255	0.0
A	OP1_2	225.559	232.327	280.331	1.0	0.050980392156862744	0.050980392156862744
A	OP2_2	225.728	231.532	277.891	1.0	0.050980392156862744	0.050980392156862744
A	O5'_2	227.668	231.323	279.458	1.0	0.050980392156862744	0.050980392156862744
A	C5'_2	228.293	231.081	280.736	0.5647058823529412	0.5647058823529412	0.5647058823529412
A	C4'_2	229.793	230.977	280.579	0.5647058823529412	0.5647058823529412	0.5647058823529412
A	O4'_2	230.129	229.77	279.845	1.0	0.050980392156862744	0.050980392156862744
A	C3'_2	230.45	232.096	279.782	0.5647058823529412	0.5647058823529412	0.5647058823529412
A	O3'_2	230.662	233.262	280.582	1.0	0.050980392156862744	0.050980392156862744
A	C2'_2	231.75	231.441	279.324	0.5647058823529412	0.5647058823529412	0.5647058823529412
A	O2'_2	232.742	231.417	280.334	1.0	0.050980392156862744	0.050980392156862744
A	C1'_2	231.281	230.007	279.048	0.5647058823529412	0.5647058823529412	0.5647058823529412
A	N9_2	230.941	229.752	277.646	0.18823529411764706	0.3137254901960784	0.9725490196078431
A	C8_2	229.694	229.573	277.086	0.5647058823529412	0.5647058823529412	0.5647058823529412
A	N7_2	229.722	229.343	275.795	0.18823529411764706	0.3137254901960784	0.9725490196078431
A	C5_2	231.076	229.376	275.48	0.5647058823529412	0.5647058823529412	0.5647058823529412
A	C6_2	231.769	229.202	274.269	0.5647058823529412	0.5647058823529412	0.5647058823529412
A	N6_2	231.167	228.952	273.105	0.18823529411764706	0.3137254901960784	0.9725490196078431
A	N1_2	233.118	229.297	274.296	0.18823529411764706	0.3137254901960784	0.9725490196078431
A	C2_2	233.717	229.552	275.466	0.5647058823529412	0.5647058823529412	0.5647058823529412
A	N3_2	233.177	229.734	276.669	0.18823529411764706	0.3137254901960784	0.9725490196078431
A	C4_2	231.837	229.631	276.608	0.5647058823529412	0.5647058823529412	0.5647058823529412
