U	P_1	110.51	207.171	257.533	1.0	0.5019607843137255	0.0
U	OP1_1	111.486	207.105	258.661	1.0	0.050980392156862744	0.050980392156862744
U	OP2_1	109.577	208.323	257.438	1.0	0.050980392156862744	0.050980392156862744
U	O5'_1	111.311	207.076	256.157	1.0	0.050980392156862744	0.050980392156862744
U	C5'_1	112.322	206.064	255.942	0.5647058823529412	0.5647058823529412	0.5647058823529412
U	C4'_1	112.923	206.218	254.562	0.5647058823529412	0.5647058823529412	0.5647058823529412
U	O4'_1	111.898	205.978	253.561	1.0	0.050980392156862744	0.050980392156862744
U	C3'_1	113.459	207.605	254.235	0.5647058823529412	0.5647058823529412	0.5647058823529412
U	O3'_1	114.786	207.775	254.726	1.0	0.050980392156862744	0.050980392156862744
U	C2'_1	113.376	207.639	252.713	0.5647058823529412	0.5647058823529412	0.5647058823529412
U	O2'_1	114.437	206.952	252.08	1.0	0.050980392156862744	0.050980392156862744
U	C1'_1	112.077	206.868	252.47	0.5647058823529412	0.5647058823529412	0.5647058823529412
U	N1_1	110.874	207.712	252.356	0.18823529411764706	0.3137254901960784	0.9725490196078431
U	C2_1	110.572	208.251	251.113	0.5647058823529412	0.5647058823529412	0.5647058823529412
U	O2_1	111.276	208.089	250.127	1.0	0.050980392156862744	0.050980392156862744
U	N3_1	109.414	208.989	251.072	0.18823529411764706	0.3137254901960784	0.9725490196078431
U	C4_1	108.553	209.248	252.121	0.5647058823529412	0.5647058823529412	0.5647058823529412
U	O4_1	107.535	209.909	251.917	1.0	0.050980392156862744	0.050980392156862744
U	C5_1	108.942	208.677	253.369	0.5647058823529412	0.5647058823529412	0.5647058823529412
U	C6_1	110.061	207.951	253.444	0.5647058823529412	0.5647058823529412	0.5647058823529412
A	P_2	105.645	215.053	242.142	1.0	0.5019607843137255	0.0
A	OP1_2	104.803	215.051	240.912	1.0	0.050980392156862744	0.050980392156862744
A	OP2_2	104.993	215.117	243.476	1.0	0.050980392156862744	0.050980392156862744
A	O5'_2	106.585	213.761	242.111	1.0	0.050980392156862744	0.050980392156862744
A	C5'_2	107.579	213.58	241.077	0.5647058823529412	0.5647058823529412	0.5647058823529412
A	C4'_2	108.732	212.748	241.594	0.5647058823529412	0.5647058823529412	0.5647058823529412
A	O4'_2	109.144	213.281	242.883	1.0	0.050980392156862744	0.050980392156862744
A	C3'_2	108.451	211.277	241.874	0.5647058823529412	0.5647058823529412	0.5647058823529412
A	O3'_2	108.573	210.494	240.681	1.0	0.050980392156862744	0.050980392156862744
A	C2'_2	109.533	210.931	242.893	0.5647058823529412	0.5647058823529412	0.5647058823529412
A	O2'_2	110.792	210.693	242.294	1.0	0.050980392156862744	0.050980392156862744
A	C1'_2	109.61	212.226	243.711	0.5647058823529412	0.5647058823529412	0.5647058823529412
A	N9_2	108.827	212.217	244.951	0.18823529411764706	0.3137254901960784	0.9725490196078431
A	C8_2	107.59	212.774	245.186	0.5647058823529412	0.5647058823529412	0.5647058823529412
A	N7_2	107.154	212.598	246.412	0.18823529411764706	0.3137254901960784	0.9725490196078431
A	C5_2	108.169	211.876	247.027	0.5647058823529412	0.5647058823529412	0.5647058823529412
A	C6_2	108.317	211.372	248.336	0.5647058823529412	0.5647058823529412	0.5647058823529412
A	N6_2	107.399	211.527	249.296	0.18823529411764706	0.3137254901960784	0.9725490196078431
A	N1_2	109.453	210.696	248.626	0.18823529411764706	0.3137254901960784	0.9725490196078431
A	C2_2	110.369	210.54	247.662	0.5647058823529412	0.5647058823529412	0.5647058823529412
A	N3_2	110.346	210.963	246.398	0.18823529411764706	0.3137254901960784	0.9725490196078431
A	C4_2	109.206	211.634	246.14	0.5647058823529412	0.5647058823529412	0.5647058823529412
