A	P_1	193.827	315.135	199.676	1.0	0.5019607843137255	0.0
A	OP1_1	193.282	316.522	199.674	1.0	0.050980392156862744	0.050980392156862744
A	OP2_1	194.364	314.556	198.413	1.0	0.050980392156862744	0.050980392156862744
A	O5'_1	194.96	315.033	200.794	1.0	0.050980392156862744	0.050980392156862744
A	C5'_1	194.699	315.452	202.15	0.5647058823529412	0.5647058823529412	0.5647058823529412
A	C4'_1	195.865	315.104	203.049	0.5647058823529412	0.5647058823529412	0.5647058823529412
A	O4'_1	195.971	313.663	203.201	1.0	0.050980392156862744	0.050980392156862744
A	C3'_1	197.246	315.516	202.561	0.5647058823529412	0.5647058823529412	0.5647058823529412
A	O3'_1	197.505	316.9	202.794	1.0	0.050980392156862744	0.050980392156862744
A	C2'_1	198.156	314.598	203.373	0.5647058823529412	0.5647058823529412	0.5647058823529412
A	O2'_1	198.345	315.029	204.708	1.0	0.050980392156862744	0.050980392156862744
A	C1'_1	197.336	313.304	203.383	0.5647058823529412	0.5647058823529412	0.5647058823529412
A	N9_1	197.727	312.376	202.319	0.18823529411764706	0.3137254901960784	0.9725490196078431
A	C8_1	197.14	312.177	201.089	0.5647058823529412	0.5647058823529412	0.5647058823529412
A	N7_1	197.745	311.275	200.354	0.18823529411764706	0.3137254901960784	0.9725490196078431
A	C5_1	198.799	310.85	201.151	0.5647058823529412	0.5647058823529412	0.5647058823529412
A	C6_1	199.819	309.909	200.943	0.5647058823529412	0.5647058823529412	0.5647058823529412
A	N6_1	199.953	309.198	199.822	0.18823529411764706	0.3137254901960784	0.9725490196078431
A	N1_1	200.712	309.722	201.939	0.18823529411764706	0.3137254901960784	0.9725490196078431
A	C2_1	200.582	310.44	203.061	0.5647058823529412	0.5647058823529412	0.5647058823529412
A	N3_1	199.671	311.356	203.374	0.18823529411764706	0.3137254901960784	0.9725490196078431
A	C4_1	198.798	311.517	202.364	0.5647058823529412	0.5647058823529412	0.5647058823529412
U	P_2	207.819	302.59	200.38	1.0	0.5019607843137255	0.0
U	OP1_2	208.613	301.432	200.874	1.0	0.050980392156862744	0.050980392156862744
U	OP2_2	206.689	302.357	199.439	1.0	0.050980392156862744	0.050980392156862744
U	O5'_2	207.257	303.374	201.645	1.0	0.050980392156862744	0.050980392156862744
U	C5'_2	208.131	303.753	202.723	0.5647058823529412	0.5647058823529412	0.5647058823529412
U	C4'_2	207.419	304.696	203.66	0.5647058823529412	0.5647058823529412	0.5647058823529412
U	O4'_2	207.111	305.935	202.965	1.0	0.050980392156862744	0.050980392156862744
U	C3'_2	206.069	304.225	204.175	0.5647058823529412	0.5647058823529412	0.5647058823529412
U	O3'_2	206.208	303.306	205.257	1.0	0.050980392156862744	0.050980392156862744
U	C2'_2	205.411	305.536	204.589	0.5647058823529412	0.5647058823529412	0.5647058823529412
U	O2'_2	205.871	306.011	205.839	1.0	0.050980392156862744	0.050980392156862744
U	C1'_2	205.905	306.479	203.485	0.5647058823529412	0.5647058823529412	0.5647058823529412
U	N1_2	204.943	306.672	202.386	0.18823529411764706	0.3137254901960784	0.9725490196078431
U	C2_2	204.02	307.703	202.513	0.5647058823529412	0.5647058823529412	0.5647058823529412
U	O2_2	203.982	308.448	203.483	1.0	0.050980392156862744	0.050980392156862744
U	N3_2	203.144	307.83	201.463	0.18823529411764706	0.3137254901960784	0.9725490196078431
U	C4_2	203.094	307.055	200.323	0.5647058823529412	0.5647058823529412	0.5647058823529412
U	O4_2	202.231	307.285	199.477	1.0	0.050980392156862744	0.050980392156862744
U	C5_2	204.081	306.018	200.258	0.5647058823529412	0.5647058823529412	0.5647058823529412
U	C6_2	204.947	305.864	201.266	0.5647058823529412	0.5647058823529412	0.5647058823529412
