U	P_1	224.964	202.729	213.678	1.0	0.5019607843137255	0.0
U	OP1_1	226.142	201.964	214.216	1.0	0.050980392156862744	0.050980392156862744
U	OP2_1	225.187	204.021	212.965	1.0	0.050980392156862744	0.050980392156862744
U	O5'_1	224.125	201.776	212.712	1.0	0.050980392156862744	0.050980392156862744
U	C5'_1	223.717	200.466	213.151	0.5647058823529412	0.5647058823529412	0.5647058823529412
U	C4'_1	222.907	199.779	212.079	0.5647058823529412	0.5647058823529412	0.5647058823529412
U	O4'_1	221.707	200.54	211.836	1.0	0.050980392156862744	0.050980392156862744
U	C3'_1	223.537	199.709	210.697	0.5647058823529412	0.5647058823529412	0.5647058823529412
U	O3'_1	224.461	198.619	210.655	1.0	0.050980392156862744	0.050980392156862744
U	C2'_1	222.325	199.449	209.803	0.5647058823529412	0.5647058823529412	0.5647058823529412
U	O2'_1	221.998	198.076	209.75	1.0	0.050980392156862744	0.050980392156862744
U	C1'_1	221.208	200.185	210.563	0.5647058823529412	0.5647058823529412	0.5647058823529412
U	N1_1	220.606	201.374	209.938	0.18823529411764706	0.3137254901960784	0.9725490196078431
U	C2_1	219.484	201.171	209.149	0.5647058823529412	0.5647058823529412	0.5647058823529412
U	O2_1	219.017	200.058	208.937	1.0	0.050980392156862744	0.050980392156862744
U	N3_1	218.928	202.315	208.624	0.18823529411764706	0.3137254901960784	0.9725490196078431
U	C4_1	219.366	203.616	208.802	0.5647058823529412	0.5647058823529412	0.5647058823529412
U	O4_1	218.721	204.541	208.301	1.0	0.050980392156862744	0.050980392156862744
U	C5_1	220.541	203.749	209.622	0.5647058823529412	0.5647058823529412	0.5647058823529412
U	C6_1	221.113	202.65	210.143	0.5647058823529412	0.5647058823529412	0.5647058823529412
A	P_2	218.466	208.641	203.151	1.0	0.5019607843137255	0.0
A	OP1_2	219.047	208.611	201.777	1.0	0.050980392156862744	0.050980392156862744
A	OP2_2	218.246	209.952	203.829	1.0	0.050980392156862744	0.050980392156862744
A	O5'_2	217.075	207.872	203.109	1.0	0.050980392156862744	0.050980392156862744
A	C5'_2	216.353	207.633	204.323	0.5647058823529412	0.5647058823529412	0.5647058823529412
A	C4'_2	215.136	206.785	204.052	0.5647058823529412	0.5647058823529412	0.5647058823529412
A	O4'_2	215.532	205.448	203.631	1.0	0.050980392156862744	0.050980392156862744
A	C3'_2	214.267	206.542	205.271	0.5647058823529412	0.5647058823529412	0.5647058823529412
A	O3'_2	213.427	207.665	205.491	1.0	0.050980392156862744	0.050980392156862744
A	C2'_2	213.509	205.275	204.885	0.5647058823529412	0.5647058823529412	0.5647058823529412
A	O2'_2	212.433	205.526	203.999	1.0	0.050980392156862744	0.050980392156862744
A	C1'_2	214.601	204.497	204.141	0.5647058823529412	0.5647058823529412	0.5647058823529412
A	N9_2	215.327	203.533	204.977	0.18823529411764706	0.3137254901960784	0.9725490196078431
A	C8_2	216.254	203.772	205.977	0.5647058823529412	0.5647058823529412	0.5647058823529412
A	N7_2	216.731	202.677	206.526	0.18823529411764706	0.3137254901960784	0.9725490196078431
A	C5_2	216.074	201.649	205.851	0.5647058823529412	0.5647058823529412	0.5647058823529412
A	C6_2	216.141	200.24	205.959	0.5647058823529412	0.5647058823529412	0.5647058823529412
A	N6_2	216.928	199.597	206.827	0.18823529411764706	0.3137254901960784	0.9725490196078431
A	N1_2	215.357	199.509	205.132	0.18823529411764706	0.3137254901960784	0.9725490196078431
A	C2_2	214.559	200.155	204.262	0.5647058823529412	0.5647058823529412	0.5647058823529412
A	N3_2	214.41	201.465	204.065	0.18823529411764706	0.3137254901960784	0.9725490196078431
A	C4_2	215.205	202.164	204.897	0.5647058823529412	0.5647058823529412	0.5647058823529412
