U	P_1	107.087	213.911	154.502	1.0	0.5019607843137255	0.0
U	OP1_1	106.174	214.97	153.989	1.0	0.050980392156862744	0.050980392156862744
U	OP2_1	107.808	213.032	153.537	1.0	0.050980392156862744	0.050980392156862744
U	O5'_1	108.158	214.588	155.472	1.0	0.050980392156862744	0.050980392156862744
U	C5'_1	108.268	216.024	155.613	0.5647058823529412	0.5647058823529412	0.5647058823529412
U	C4'_1	107.836	216.444	157.002	0.5647058823529412	0.5647058823529412	0.5647058823529412
U	O4'_1	108.142	215.387	157.943	1.0	0.050980392156862744	0.050980392156862744
U	C3'_1	108.493	217.69	157.583	0.5647058823529412	0.5647058823529412	0.5647058823529412
U	O3'_1	107.84	218.881	157.112	1.0	0.050980392156862744	0.050980392156862744
U	C2'_1	108.323	217.472	159.087	0.5647058823529412	0.5647058823529412	0.5647058823529412
U	O2'_1	107.044	217.847	159.551	1.0	0.050980392156862744	0.050980392156862744
U	C1'_1	108.46	215.949	159.202	0.5647058823529412	0.5647058823529412	0.5647058823529412
U	N1_1	109.772	215.434	159.631	0.18823529411764706	0.3137254901960784	0.9725490196078431
U	C2_1	110.139	215.605	160.961	0.5647058823529412	0.5647058823529412	0.5647058823529412
U	O2_1	109.431	216.171	161.784	1.0	0.050980392156862744	0.050980392156862744
U	N3_1	111.365	215.083	161.29	0.18823529411764706	0.3137254901960784	0.9725490196078431
U	C4_1	112.243	214.423	160.447	0.5647058823529412	0.5647058823529412	0.5647058823529412
U	O4_1	113.326	214.033	160.884	1.0	0.050980392156862744	0.050980392156862744
U	C5_1	111.791	214.289	159.099	0.5647058823529412	0.5647058823529412	0.5647058823529412
U	C6_1	110.607	214.788	158.745	0.5647058823529412	0.5647058823529412	0.5647058823529412
A	P_2	118.094	216.646	160.208	1.0	0.5019607843137255	0.0
A	OP1_2	118.305	218.093	159.936	1.0	0.050980392156862744	0.050980392156862744
A	OP2_2	118.567	215.635	159.221	1.0	0.050980392156862744	0.050980392156862744
A	O5'_2	118.783	216.322	161.614	1.0	0.050980392156862744	0.050980392156862744
A	C5'_2	118.455	215.129	162.367	0.5647058823529412	0.5647058823529412	0.5647058823529412
A	C4'_2	118.312	215.466	163.838	0.5647058823529412	0.5647058823529412	0.5647058823529412
A	O4'_2	117.351	216.543	163.985	1.0	0.050980392156862744	0.050980392156862744
A	C3'_2	117.793	214.352	164.74	0.5647058823529412	0.5647058823529412	0.5647058823529412
A	O3'_2	118.871	213.518	165.174	1.0	0.050980392156862744	0.050980392156862744
A	C2'_2	117.154	215.124	165.893	0.5647058823529412	0.5647058823529412	0.5647058823529412
A	O2'_2	118.099	215.565	166.85	1.0	0.050980392156862744	0.050980392156862744
A	C1'_2	116.59	216.348	165.166	0.5647058823529412	0.5647058823529412	0.5647058823529412
A	N9_2	115.179	216.271	164.787	0.18823529411764706	0.3137254901960784	0.9725490196078431
A	C8_2	114.617	215.606	163.72	0.5647058823529412	0.5647058823529412	0.5647058823529412
A	N7_2	113.32	215.78	163.613	0.18823529411764706	0.3137254901960784	0.9725490196078431
A	C5_2	113.004	216.607	164.685	0.5647058823529412	0.5647058823529412	0.5647058823529412
A	C6_2	111.787	217.168	165.126	0.5647058823529412	0.5647058823529412	0.5647058823529412
A	N6_2	110.62	216.987	164.503	0.18823529411764706	0.3137254901960784	0.9725490196078431
A	N1_2	111.814	217.936	166.24	0.18823529411764706	0.3137254901960784	0.9725490196078431
A	C2_2	112.989	218.128	166.856	0.5647058823529412	0.5647058823529412	0.5647058823529412
A	N3_2	114.197	217.663	166.535	0.18823529411764706	0.3137254901960784	0.9725490196078431
A	C4_2	114.136	216.902	165.427	0.5647058823529412	0.5647058823529412	0.5647058823529412
