A	P_1	174.622	152.32	263.748	1.0	0.5019607843137255	0.0
A	OP1_1	174.633	153.708	264.299	1.0	0.050980392156862744	0.050980392156862744
A	OP2_1	175.333	152.033	262.472	1.0	0.050980392156862744	0.050980392156862744
A	O5'_1	175.193	151.333	264.864	1.0	0.050980392156862744	0.050980392156862744
A	C5'_1	174.857	151.515	266.257	0.5647058823529412	0.5647058823529412	0.5647058823529412
A	C4'_1	175.515	150.446	267.102	0.5647058823529412	0.5647058823529412	0.5647058823529412
A	O4'_1	174.928	149.144	266.804	1.0	0.050980392156862744	0.050980392156862744
A	C3'_1	177.001	150.221	266.864	0.5647058823529412	0.5647058823529412	0.5647058823529412
A	O3'_1	177.824	151.207	267.48	1.0	0.050980392156862744	0.050980392156862744
A	C2'_1	177.201	148.819	267.43	0.5647058823529412	0.5647058823529412	0.5647058823529412
A	O2'_1	177.259	148.787	268.845	1.0	0.050980392156862744	0.050980392156862744
A	C1'_1	175.919	148.13	266.951	0.5647058823529412	0.5647058823529412	0.5647058823529412
A	N9_1	176.126	147.477	265.656	0.18823529411764706	0.3137254901960784	0.9725490196078431
A	C8_1	175.88	147.973	264.393	0.5647058823529412	0.5647058823529412	0.5647058823529412
A	N7_1	176.227	147.155	263.427	0.18823529411764706	0.3137254901960784	0.9725490196078431
A	C5_1	176.727	146.042	264.095	0.5647058823529412	0.5647058823529412	0.5647058823529412
A	C6_1	177.268	144.822	263.635	0.5647058823529412	0.5647058823529412	0.5647058823529412
A	N6_1	177.413	144.518	262.343	0.18823529411764706	0.3137254901960784	0.9725490196078431
A	N1_1	177.666	143.92	264.563	0.18823529411764706	0.3137254901960784	0.9725490196078431
A	C2_1	177.534	144.236	265.862	0.5647058823529412	0.5647058823529412	0.5647058823529412
A	N3_1	177.048	145.348	266.416	0.18823529411764706	0.3137254901960784	0.9725490196078431
A	C4_1	176.656	146.22	265.467	0.5647058823529412	0.5647058823529412	0.5647058823529412
U	P_2	181.232	135.248	260.381	1.0	0.5019607843137255	0.0
U	OP1_2	181.297	133.759	260.438	1.0	0.050980392156862744	0.050980392156862744
U	OP2_2	180.491	135.91	259.276	1.0	0.050980392156862744	0.050980392156862744
U	O5'_2	180.645	135.786	261.764	1.0	0.050980392156862744	0.050980392156862744
U	C5'_2	181.185	135.333	263.023	0.5647058823529412	0.5647058823529412	0.5647058823529412
U	C4'_2	180.615	136.136	264.174	0.5647058823529412	0.5647058823529412	0.5647058823529412
U	O4'_2	181.104	137.507	264.128	1.0	0.050980392156862744	0.050980392156862744
U	C3'_2	179.105	136.308	264.224	0.5647058823529412	0.5647058823529412	0.5647058823529412
U	O3'_2	178.425	135.147	264.687	1.0	0.050980392156862744	0.050980392156862744
U	C2'_2	178.963	137.5	265.166	0.5647058823529412	0.5647058823529412	0.5647058823529412
U	O2'_2	179.128	137.165	266.531	1.0	0.050980392156862744	0.050980392156862744
U	C1'_2	180.136	138.373	264.713	0.5647058823529412	0.5647058823529412	0.5647058823529412
U	N1_2	179.724	139.385	263.725	0.18823529411764706	0.3137254901960784	0.9725490196078431
U	C2_2	179.382	140.65	264.197	0.5647058823529412	0.5647058823529412	0.5647058823529412
U	O2_2	179.428	140.957	265.382	1.0	0.050980392156862744	0.050980392156862744
U	N3_2	178.984	141.537	263.226	0.18823529411764706	0.3137254901960784	0.9725490196078431
U	C4_2	178.889	141.3	261.864	0.5647058823529412	0.5647058823529412	0.5647058823529412
U	O4_2	178.471	142.194	261.124	1.0	0.050980392156862744	0.050980392156862744
U	C5_2	179.267	139.979	261.456	0.5647058823529412	0.5647058823529412	0.5647058823529412
U	C6_2	179.664	139.091	262.375	0.5647058823529412	0.5647058823529412	0.5647058823529412
