U	P_1	211.592	178.605	213.356	1.0	0.5019607843137255	0.0
U	OP1_1	211.327	179.539	214.497	1.0	0.050980392156862744	0.050980392156862744
U	OP2_1	212.21	177.269	213.631	1.0	0.050980392156862744	0.050980392156862744
U	O5'_1	210.215	178.359	212.576	1.0	0.050980392156862744	0.050980392156862744
U	C5'_1	209.446	179.465	212.043	0.5647058823529412	0.5647058823529412	0.5647058823529412
U	C4'_1	208.313	178.949	211.177	0.5647058823529412	0.5647058823529412	0.5647058823529412
U	O4'_1	208.851	178.197	210.061	1.0	0.050980392156862744	0.050980392156862744
U	C3'_1	207.359	177.969	211.843	0.5647058823529412	0.5647058823529412	0.5647058823529412
U	O3'_1	206.393	178.702	212.594	1.0	0.050980392156862744	0.050980392156862744
U	C2'_1	206.743	177.243	210.648	0.5647058823529412	0.5647058823529412	0.5647058823529412
U	O2'_1	205.705	177.973	210.03	1.0	0.050980392156862744	0.050980392156862744
U	C1'_1	207.925	177.196	209.675	0.5647058823529412	0.5647058823529412	0.5647058823529412
U	N1_1	208.635	175.913	209.531	0.18823529411764706	0.3137254901960784	0.9725490196078431
U	C2_1	207.947	174.859	208.955	0.5647058823529412	0.5647058823529412	0.5647058823529412
U	O2_1	206.781	174.948	208.6	1.0	0.050980392156862744	0.050980392156862744
U	N3_1	208.678	173.698	208.806	0.18823529411764706	0.3137254901960784	0.9725490196078431
U	C4_1	209.998	173.49	209.168	0.5647058823529412	0.5647058823529412	0.5647058823529412
U	O4_1	210.517	172.39	208.966	1.0	0.050980392156862744	0.050980392156862744
U	C5_1	210.635	174.62	209.768	0.5647058823529412	0.5647058823529412	0.5647058823529412
U	C6_1	209.95	175.762	209.93	0.5647058823529412	0.5647058823529412	0.5647058823529412
A	P_2	202.359	162.822	205.018	1.0	0.5019607843137255	0.0
A	OP1_2	201.146	162.028	205.373	1.0	0.050980392156862744	0.050980392156862744
A	OP2_2	203.255	162.349	203.922	1.0	0.050980392156862744	0.050980392156862744
A	O5'_2	201.883	164.309	204.687	1.0	0.050980392156862744	0.050980392156862744
A	C5'_2	202.73	165.224	203.943	0.5647058823529412	0.5647058823529412	0.5647058823529412
A	C4'_2	202.42	166.656	204.333	0.5647058823529412	0.5647058823529412	0.5647058823529412
A	O4'_2	202.98	166.943	205.647	1.0	0.050980392156862744	0.050980392156862744
A	C3'_2	203.045	167.725	203.449	0.5647058823529412	0.5647058823529412	0.5647058823529412
A	O3'_2	202.278	167.907	202.252	1.0	0.050980392156862744	0.050980392156862744
A	C2'_2	203.024	168.951	204.361	0.5647058823529412	0.5647058823529412	0.5647058823529412
A	O2'_2	201.75	169.568	204.438	1.0	0.050980392156862744	0.050980392156862744
A	C1'_2	203.344	168.319	205.72	0.5647058823529412	0.5647058823529412	0.5647058823529412
A	N9_2	204.752	168.428	206.123	0.18823529411764706	0.3137254901960784	0.9725490196078431
A	C8_2	205.723	167.45	206.12	0.5647058823529412	0.5647058823529412	0.5647058823529412
A	N7_2	206.895	167.864	206.555	0.18823529411764706	0.3137254901960784	0.9725490196078431
A	C5_2	206.687	169.204	206.861	0.5647058823529412	0.5647058823529412	0.5647058823529412
A	C6_2	207.545	170.208	207.359	0.5647058823529412	0.5647058823529412	0.5647058823529412
A	N6_2	208.825	170.004	207.655	0.18823529411764706	0.3137254901960784	0.9725490196078431
A	N1_2	207.03	171.443	207.543	0.18823529411764706	0.3137254901960784	0.9725490196078431
A	C2_2	205.736	171.648	207.249	0.5647058823529412	0.5647058823529412	0.5647058823529412
A	N3_2	204.828	170.788	206.777	0.18823529411764706	0.3137254901960784	0.9725490196078431
A	C4_2	205.372	169.568	206.599	0.5647058823529412	0.5647058823529412	0.5647058823529412
