U	P_1	82.751	199.607	161.108	1.0	0.5019607843137255	0.0
U	OP1_1	82.533	198.632	162.217	1.0	0.050980392156862744	0.050980392156862744
U	OP2_1	84.112	200.162	160.88	1.0	0.050980392156862744	0.050980392156862744
U	O5'_1	82.258	198.94	159.746	1.0	0.050980392156862744	0.050980392156862744
U	C5'_1	81.167	197.995	159.722	0.5647058823529412	0.5647058823529412	0.5647058823529412
U	C4'_1	81.0	197.436	158.326	0.5647058823529412	0.5647058823529412	0.5647058823529412
U	O4'_1	80.657	198.521	157.421	1.0	0.050980392156862744	0.050980392156862744
U	C3'_1	82.258	196.822	157.724	0.5647058823529412	0.5647058823529412	0.5647058823529412
U	O3'_1	82.45	195.465	158.136	1.0	0.050980392156862744	0.050980392156862744
U	C2'_1	82.014	196.967	156.225	0.5647058823529412	0.5647058823529412	0.5647058823529412
U	O2'_1	81.159	195.971	155.699	1.0	0.050980392156862744	0.050980392156862744
U	C1'_1	81.306	198.326	156.169	0.5647058823529412	0.5647058823529412	0.5647058823529412
U	N1_1	82.205	199.469	155.919	0.18823529411764706	0.3137254901960784	0.9725490196078431
U	C2_1	82.459	199.828	154.593	0.5647058823529412	0.5647058823529412	0.5647058823529412
U	O2_1	81.982	199.237	153.632	1.0	0.050980392156862744	0.050980392156862744
U	N3_1	83.295	200.907	154.443	0.18823529411764706	0.3137254901960784	0.9725490196078431
U	C4_1	83.892	201.651	155.449	0.5647058823529412	0.5647058823529412	0.5647058823529412
U	O4_1	84.615	202.6	155.148	1.0	0.050980392156862744	0.050980392156862744
U	C5_1	83.588	201.221	156.779	0.5647058823529412	0.5647058823529412	0.5647058823529412
U	C6_1	82.779	200.174	156.966	0.5647058823529412	0.5647058823529412	0.5647058823529412
A	P_2	87.718	205.715	144.901	1.0	0.5019607843137255	0.0
A	OP1_2	87.303	206.255	143.575	1.0	0.050980392156862744	0.050980392156862744
A	OP2_2	87.571	206.561	146.116	1.0	0.050980392156862744	0.050980392156862744
A	O5'_2	86.93	204.351	145.155	1.0	0.050980392156862744	0.050980392156862744
A	C5'_2	86.917	203.3	144.163	0.5647058823529412	0.5647058823529412	0.5647058823529412
A	C4'_2	86.102	202.122	144.653	0.5647058823529412	0.5647058823529412	0.5647058823529412
A	O4'_2	86.73	201.553	145.833	1.0	0.050980392156862744	0.050980392156862744
A	C3'_2	84.681	202.442	145.1	0.5647058823529412	0.5647058823529412	0.5647058823529412
A	O3'_2	83.784	202.512	143.985	1.0	0.050980392156862744	0.050980392156862744
A	C2'_2	84.367	201.289	146.05	0.5647058823529412	0.5647058823529412	0.5647058823529412
A	O2'_2	83.978	200.104	145.381	1.0	0.050980392156862744	0.050980392156862744
A	C1'_2	85.73	201.068	146.719	0.5647058823529412	0.5647058823529412	0.5647058823529412
A	N9_2	85.89	201.733	148.017	0.18823529411764706	0.3137254901960784	0.9725490196078431
A	C8_2	86.638	202.852	148.312	0.5647058823529412	0.5647058823529412	0.5647058823529412
A	N7_2	86.598	203.197	149.577	0.18823529411764706	0.3137254901960784	0.9725490196078431
A	C5_2	85.765	202.248	150.157	0.5647058823529412	0.5647058823529412	0.5647058823529412
A	C6_2	85.323	202.06	151.48	0.5647058823529412	0.5647058823529412	0.5647058823529412
A	N6_2	85.678	202.854	152.494	0.18823529411764706	0.3137254901960784	0.9725490196078431
A	N1_2	84.497	201.019	151.727	0.18823529411764706	0.3137254901960784	0.9725490196078431
A	C2_2	84.145	200.226	150.707	0.5647058823529412	0.5647058823529412	0.5647058823529412
A	N3_2	84.495	200.296	149.421	0.18823529411764706	0.3137254901960784	0.9725490196078431
A	C4_2	85.318	201.342	149.209	0.5647058823529412	0.5647058823529412	0.5647058823529412
