A	P_1	241.075	132.109	203.951	1.0	0.5019607843137255	0.0
A	OP1_1	241.515	131.092	204.947	1.0	0.050980392156862744	0.050980392156862744
A	OP2_1	241.545	132.01	202.544	1.0	0.050980392156862744	0.050980392156862744
A	O5'_1	239.482	132.147	203.953	1.0	0.050980392156862744	0.050980392156862744
A	C5'_1	238.722	131.432	202.961	0.5647058823529412	0.5647058823529412	0.5647058823529412
A	C4'_1	237.331	132.007	202.862	0.5647058823529412	0.5647058823529412	0.5647058823529412
A	O4'_1	237.418	133.439	202.637	1.0	0.050980392156862744	0.050980392156862744
A	C3'_1	236.491	131.483	201.708	0.5647058823529412	0.5647058823529412	0.5647058823529412
A	O3'_1	235.844	130.264	202.066	1.0	0.050980392156862744	0.050980392156862744
A	C2'_1	235.507	132.626	201.471	0.5647058823529412	0.5647058823529412	0.5647058823529412
A	O2'_1	234.426	132.635	202.382	1.0	0.050980392156862744	0.050980392156862744
A	C1'_1	236.391	133.847	201.747	0.5647058823529412	0.5647058823529412	0.5647058823529412
A	N9_1	237.023	134.419	200.556	0.18823529411764706	0.3137254901960784	0.9725490196078431
A	C8_1	238.372	134.529	200.285	0.5647058823529412	0.5647058823529412	0.5647058823529412
A	N7_1	238.635	135.093	199.129	0.18823529411764706	0.3137254901960784	0.9725490196078431
A	C5_1	237.381	135.371	198.602	0.5647058823529412	0.5647058823529412	0.5647058823529412
A	C6_1	236.976	135.966	197.395	0.5647058823529412	0.5647058823529412	0.5647058823529412
A	N6_1	237.829	136.39	196.455	0.18823529411764706	0.3137254901960784	0.9725490196078431
A	N1_1	235.647	136.11	197.179	0.18823529411764706	0.3137254901960784	0.9725490196078431
A	C2_1	234.794	135.667	198.113	0.5647058823529412	0.5647058823529412	0.5647058823529412
A	N3_1	235.053	135.083	199.282	0.18823529411764706	0.3137254901960784	0.9725490196078431
A	C4_1	236.379	134.965	199.471	0.5647058823529412	0.5647058823529412	0.5647058823529412
U	P_2	231.992	141.201	189.686	1.0	0.5019607843137255	0.0
U	OP1_2	230.953	142.144	189.16	1.0	0.050980392156862744	0.050980392156862744
U	OP2_2	233.309	141.735	190.142	1.0	0.050980392156862744	0.050980392156862744
U	O5'_2	231.341	140.363	190.875	1.0	0.050980392156862744	0.050980392156862744
U	C5'_2	230.01	139.817	190.756	0.5647058823529412	0.5647058823529412	0.5647058823529412
U	C4'_2	229.629	139.082	192.022	0.5647058823529412	0.5647058823529412	0.5647058823529412
U	O4'_2	230.444	137.886	192.153	1.0	0.050980392156862744	0.050980392156862744
U	C3'_2	229.863	139.841	193.321	0.5647058823529412	0.5647058823529412	0.5647058823529412
U	O3'_2	228.813	140.757	193.618	1.0	0.050980392156862744	0.050980392156862744
U	C2'_2	229.977	138.713	194.338	0.5647058823529412	0.5647058823529412	0.5647058823529412
U	O2'_2	228.722	138.2	194.741	1.0	0.050980392156862744	0.050980392156862744
U	C1'_2	230.736	137.657	193.525	0.5647058823529412	0.5647058823529412	0.5647058823529412
U	N1_2	232.195	137.729	193.713	0.18823529411764706	0.3137254901960784	0.9725490196078431
U	C2_2	232.76	136.991	194.75	0.5647058823529412	0.5647058823529412	0.5647058823529412
U	O2_2	232.104	136.263	195.494	1.0	0.050980392156862744	0.050980392156862744
U	N3_2	234.121	137.134	194.879	0.18823529411764706	0.3137254901960784	0.9725490196078431
U	C4_2	234.959	137.911	194.093	0.5647058823529412	0.5647058823529412	0.5647058823529412
U	O4_2	236.166	137.949	194.349	1.0	0.050980392156862744	0.050980392156862744
U	C5_2	234.303	138.624	193.04	0.5647058823529412	0.5647058823529412	0.5647058823529412
U	C6_2	232.982	138.513	192.89	0.5647058823529412	0.5647058823529412	0.5647058823529412
