U	P_1	108.316	220.333	157.637	1.0	0.5019607843137255	0.0
U	OP1_1	108.066	221.309	156.539	1.0	0.050980392156862744	0.050980392156862744
U	OP2_1	109.685	220.219	158.218	1.0	0.050980392156862744	0.050980392156862744
U	O5'_1	107.301	220.666	158.824	1.0	0.050980392156862744	0.050980392156862744
U	C5'_1	105.916	220.974	158.555	0.5647058823529412	0.5647058823529412	0.5647058823529412
U	C4'_1	105.076	220.729	159.787	0.5647058823529412	0.5647058823529412	0.5647058823529412
U	O4'_1	105.611	221.511	160.894	1.0	0.050980392156862744	0.050980392156862744
U	C3'_1	103.605	221.115	159.668	0.5647058823529412	0.5647058823529412	0.5647058823529412
U	O3'_1	102.802	220.209	160.421	1.0	0.050980392156862744	0.050980392156862744
U	C2'_1	103.571	222.508	160.292	0.5647058823529412	0.5647058823529412	0.5647058823529412
U	O2'_1	102.306	222.877	160.806	1.0	0.050980392156862744	0.050980392156862744
U	C1'_1	104.602	222.365	161.408	0.5647058823529412	0.5647058823529412	0.5647058823529412
U	N1_1	105.214	223.645	161.801	0.18823529411764706	0.3137254901960784	0.9725490196078431
U	C2_1	104.592	224.377	162.802	0.5647058823529412	0.5647058823529412	0.5647058823529412
U	O2_1	103.569	224.01	163.36	1.0	0.050980392156862744	0.050980392156862744
U	N3_1	105.215	225.56	163.124	0.18823529411764706	0.3137254901960784	0.9725490196078431
U	C4_1	106.37	226.075	162.561	0.5647058823529412	0.5647058823529412	0.5647058823529412
U	O4_1	106.815	227.15	162.968	1.0	0.050980392156862744	0.050980392156862744
U	C5_1	106.949	225.264	161.535	0.5647058823529412	0.5647058823529412	0.5647058823529412
U	C6_1	106.369	224.109	161.197	0.5647058823529412	0.5647058823529412	0.5647058823529412
A	P_2	109.058	231.795	161.394	1.0	0.5019607843137255	0.0
A	OP1_2	110.266	232.639	161.166	1.0	0.050980392156862744	0.050980392156862744
A	OP2_2	109.22	230.352	161.725	1.0	0.050980392156862744	0.050980392156862744
A	O5'_2	108.176	232.489	162.529	1.0	0.050980392156862744	0.050980392156862744
A	C5'_2	108.242	232.052	163.905	0.5647058823529412	0.5647058823529412	0.5647058823529412
A	C4'_2	107.061	232.598	164.678	0.5647058823529412	0.5647058823529412	0.5647058823529412
A	O4'_2	105.828	232.195	164.017	1.0	0.050980392156862744	0.050980392156862744
A	C3'_2	106.889	232.075	166.094	0.5647058823529412	0.5647058823529412	0.5647058823529412
A	O3'_2	107.738	232.707	167.047	1.0	0.050980392156862744	0.050980392156862744
A	C2'_2	105.409	232.328	166.35	0.5647058823529412	0.5647058823529412	0.5647058823529412
A	O2'_2	105.11	233.675	166.656	1.0	0.050980392156862744	0.050980392156862744
A	C1'_2	104.813	231.967	164.988	0.5647058823529412	0.5647058823529412	0.5647058823529412
A	N9_2	104.394	230.564	164.908	0.18823529411764706	0.3137254901960784	0.9725490196078431
A	C8_2	104.997	229.537	164.219	0.5647058823529412	0.5647058823529412	0.5647058823529412
A	N7_2	104.386	228.383	164.346	0.18823529411764706	0.3137254901960784	0.9725490196078431
A	C5_2	103.309	228.665	165.175	0.5647058823529412	0.5647058823529412	0.5647058823529412
A	C6_2	102.278	227.86	165.689	0.5647058823529412	0.5647058823529412	0.5647058823529412
A	N6_2	102.165	226.553	165.437	0.18823529411764706	0.3137254901960784	0.9725490196078431
A	N1_2	101.356	228.451	166.482	0.18823529411764706	0.3137254901960784	0.9725490196078431
A	C2_2	101.476	229.761	166.741	0.5647058823529412	0.5647058823529412	0.5647058823529412
A	N3_2	102.401	230.622	166.318	0.18823529411764706	0.3137254901960784	0.9725490196078431
A	C4_2	103.299	230.005	165.527	0.5647058823529412	0.5647058823529412	0.5647058823529412
