A	P_1	236.452	167.117	198.375	1.0	0.5019607843137255	0.0
A	OP1_1	236.72	168.29	199.26	1.0	0.050980392156862744	0.050980392156862744
A	OP2_1	237.257	165.87	198.542	1.0	0.050980392156862744	0.050980392156862744
A	O5'_1	234.909	166.754	198.504	1.0	0.050980392156862744	0.050980392156862744
A	C5'_1	234.036	167.597	199.264	0.5647058823529412	0.5647058823529412	0.5647058823529412
A	C4'_1	233.345	168.589	198.36	0.5647058823529412	0.5647058823529412	0.5647058823529412
A	O4'_1	232.624	167.884	197.313	1.0	0.050980392156862744	0.050980392156862744
A	C3'_1	232.315	169.425	199.104	0.5647058823529412	0.5647058823529412	0.5647058823529412
A	O3'_1	232.936	170.627	199.563	1.0	0.050980392156862744	0.050980392156862744
A	C2'_1	231.22	169.653	198.065	0.5647058823529412	0.5647058823529412	0.5647058823529412
A	O2'_1	231.503	170.752	197.22	1.0	0.050980392156862744	0.050980392156862744
A	C1'_1	231.287	168.354	197.249	0.5647058823529412	0.5647058823529412	0.5647058823529412
A	N9_1	230.412	167.255	197.67	0.18823529411764706	0.3137254901960784	0.9725490196078431
A	C8_1	230.738	166.243	198.546	0.5647058823529412	0.5647058823529412	0.5647058823529412
A	N7_1	229.789	165.352	198.704	0.18823529411764706	0.3137254901960784	0.9725490196078431
A	C5_1	228.763	165.807	197.889	0.5647058823529412	0.5647058823529412	0.5647058823529412
A	C6_1	227.48	165.289	197.609	0.5647058823529412	0.5647058823529412	0.5647058823529412
A	N6_1	227.003	164.156	198.141	0.18823529411764706	0.3137254901960784	0.9725490196078431
A	N1_1	226.697	165.984	196.752	0.18823529411764706	0.3137254901960784	0.9725490196078431
A	C2_1	227.181	167.119	196.221	0.5647058823529412	0.5647058823529412	0.5647058823529412
A	N3_1	228.371	167.702	196.402	0.18823529411764706	0.3137254901960784	0.9725490196078431
A	C4_1	229.126	166.989	197.255	0.5647058823529412	0.5647058823529412	0.5647058823529412
U	P_2	233.249	156.806	202.218	1.0	0.5019607843137255	0.0
U	OP1_2	233.272	155.352	202.551	1.0	0.050980392156862744	0.050980392156862744
U	OP2_2	234.382	157.402	201.453	1.0	0.050980392156862744	0.050980392156862744
U	O5'_2	231.895	157.115	201.439	1.0	0.050980392156862744	0.050980392156862744
U	C5'_2	230.632	156.669	201.96	0.5647058823529412	0.5647058823529412	0.5647058823529412
U	C4'_2	229.501	157.492	201.38	0.5647058823529412	0.5647058823529412	0.5647058823529412
U	O4'_2	229.545	158.854	201.887	1.0	0.050980392156862744	0.050980392156862744
U	C3'_2	229.491	157.668	199.869	0.5647058823529412	0.5647058823529412	0.5647058823529412
U	O3'_2	228.985	156.509	199.214	1.0	0.050980392156862744	0.050980392156862744
U	C2'_2	228.602	158.896	199.698	0.5647058823529412	0.5647058823529412	0.5647058823529412
U	O2'_2	227.223	158.604	199.819	1.0	0.050980392156862744	0.050980392156862744
U	C1'_2	229.037	159.742	200.897	0.5647058823529412	0.5647058823529412	0.5647058823529412
U	N1_2	230.074	160.739	200.573	0.18823529411764706	0.3137254901960784	0.9725490196078431
U	C2_2	229.65	162.02	200.247	0.5647058823529412	0.5647058823529412	0.5647058823529412
U	O2_2	228.463	162.335	200.185	1.0	0.050980392156862744	0.050980392156862744
U	N3_2	230.665	162.918	199.987	0.18823529411764706	0.3137254901960784	0.9725490196078431
U	C4_2	232.03	162.673	200.004	0.5647058823529412	0.5647058823529412	0.5647058823529412
U	O4_2	232.812	163.585	199.728	1.0	0.050980392156862744	0.050980392156862744
U	C5_2	232.391	161.327	200.333	0.5647058823529412	0.5647058823529412	0.5647058823529412
U	C6_2	231.427	160.426	200.599	0.5647058823529412	0.5647058823529412	0.5647058823529412
