U	P_1	267.972	142.669	192.318	1.0	0.5019607843137255	0.0
U	OP1_1	269.016	142.774	193.38	1.0	0.050980392156862744	0.050980392156862744
U	OP2_1	268.372	142.742	190.888	1.0	0.050980392156862744	0.050980392156862744
U	O5'_1	267.161	141.312	192.536	1.0	0.050980392156862744	0.050980392156862744
U	C5'_1	266.656	140.957	193.838	0.5647058823529412	0.5647058823529412	0.5647058823529412
U	C4'_1	266.095	139.554	193.824	0.5647058823529412	0.5647058823529412	0.5647058823529412
U	O4'_1	264.906	139.51	192.994	1.0	0.050980392156862744	0.050980392156862744
U	C3'_1	266.996	138.472	193.245	0.5647058823529412	0.5647058823529412	0.5647058823529412
U	O3'_1	267.946	138.017	194.209	1.0	0.050980392156862744	0.050980392156862744
U	C2'_1	265.993	137.387	192.861	0.5647058823529412	0.5647058823529412	0.5647058823529412
U	O2'_1	265.596	136.578	193.954	1.0	0.050980392156862744	0.050980392156862744
U	C1'_1	264.799	138.228	192.392	0.5647058823529412	0.5647058823529412	0.5647058823529412
U	N1_1	264.718	138.393	190.933	0.18823529411764706	0.3137254901960784	0.9725490196078431
U	C2_1	263.881	137.534	190.233	0.5647058823529412	0.5647058823529412	0.5647058823529412
U	O2_1	263.211	136.667	190.777	1.0	0.050980392156862744	0.050980392156862744
U	N3_1	263.858	137.73	188.875	0.18823529411764706	0.3137254901960784	0.9725490196078431
U	C4_1	264.566	138.679	188.159	0.5647058823529412	0.5647058823529412	0.5647058823529412
U	O4_1	264.466	138.709	186.933	1.0	0.050980392156862744	0.050980392156862744
U	C5_1	265.399	139.53	188.952	0.5647058823529412	0.5647058823529412	0.5647058823529412
U	C6_1	265.447	139.362	190.28	0.5647058823529412	0.5647058823529412	0.5647058823529412
A	P_2	259.649	129.987	179.603	1.0	0.5019607843137255	0.0
A	OP1_2	258.674	129.063	178.953	1.0	0.050980392156862744	0.050980392156862744
A	OP2_2	259.595	131.448	179.301	1.0	0.050980392156862744	0.050980392156862744
A	O5'_2	259.56	129.787	181.183	1.0	0.050980392156862744	0.050980392156862744
A	C5'_2	258.825	130.711	182.012	0.5647058823529412	0.5647058823529412	0.5647058823529412
A	C4'_2	259.229	130.547	183.462	0.5647058823529412	0.5647058823529412	0.5647058823529412
A	O4'_2	260.659	130.77	183.599	1.0	0.050980392156862744	0.050980392156862744
A	C3'_2	258.603	131.533	184.433	0.5647058823529412	0.5647058823529412	0.5647058823529412
A	O3'_2	257.299	131.103	184.819	1.0	0.050980392156862744	0.050980392156862744
A	C2'_2	259.594	131.523	185.591	0.5647058823529412	0.5647058823529412	0.5647058823529412
A	O2'_2	259.446	130.402	186.438	1.0	0.050980392156862744	0.050980392156862744
A	C1'_2	260.927	131.406	184.844	0.5647058823529412	0.5647058823529412	0.5647058823529412
A	N9_2	261.556	132.699	184.572	0.18823529411764706	0.3137254901960784	0.9725490196078431
A	C8_2	261.719	133.32	183.352	0.5647058823529412	0.5647058823529412	0.5647058823529412
A	N7_2	262.299	134.494	183.43	0.18823529411764706	0.3137254901960784	0.9725490196078431
A	C5_2	262.541	134.657	184.788	0.5647058823529412	0.5647058823529412	0.5647058823529412
A	C6_2	263.127	135.703	185.521	0.5647058823529412	0.5647058823529412	0.5647058823529412
A	N6_2	263.583	136.827	184.966	0.18823529411764706	0.3137254901960784	0.9725490196078431
A	N1_2	263.226	135.554	186.86	0.18823529411764706	0.3137254901960784	0.9725490196078431
A	C2_2	262.756	134.426	187.415	0.5647058823529412	0.5647058823529412	0.5647058823529412
A	N3_2	262.179	133.374	186.833	0.18823529411764706	0.3137254901960784	0.9725490196078431
A	C4_2	262.1	133.554	185.503	0.5647058823529412	0.5647058823529412	0.5647058823529412
