A	P_1	179.675	153.102	251.769	1.0	0.5019607843137255	0.0
A	OP1_1	178.455	153.312	250.936	1.0	0.050980392156862744	0.050980392156862744
A	OP2_1	179.542	153.001	253.251	1.0	0.050980392156862744	0.050980392156862744
A	O5'_1	180.417	151.79	251.244	1.0	0.050980392156862744	0.050980392156862744
A	C5'_1	180.67	151.583	249.834	0.5647058823529412	0.5647058823529412	0.5647058823529412
A	C4'_1	181.922	150.751	249.641	0.5647058823529412	0.5647058823529412	0.5647058823529412
A	O4'_1	183.05	151.435	250.26	1.0	0.050980392156862744	0.050980392156862744
A	C3'_1	181.933	149.376	250.299	0.5647058823529412	0.5647058823529412	0.5647058823529412
A	O3'_1	181.244	148.388	249.531	1.0	0.050980392156862744	0.050980392156862744
A	C2'_1	183.427	149.092	250.413	0.5647058823529412	0.5647058823529412	0.5647058823529412
A	O2'_1	184.002	148.679	249.188	1.0	0.050980392156862744	0.050980392156862744
A	C1'_1	183.962	150.477	250.785	0.5647058823529412	0.5647058823529412	0.5647058823529412
A	N9_1	184.053	150.661	252.237	0.18823529411764706	0.3137254901960784	0.9725490196078431
A	C8_1	183.152	151.285	253.072	0.5647058823529412	0.5647058823529412	0.5647058823529412
A	N7_1	183.499	151.259	254.338	0.18823529411764706	0.3137254901960784	0.9725490196078431
A	C5_1	184.71	150.581	254.337	0.5647058823529412	0.5647058823529412	0.5647058823529412
A	C6_1	185.589	150.218	255.373	0.5647058823529412	0.5647058823529412	0.5647058823529412
A	N6_1	185.365	150.492	256.662	0.18823529411764706	0.3137254901960784	0.9725490196078431
A	N1_1	186.716	149.552	255.036	0.18823529411764706	0.3137254901960784	0.9725490196078431
A	C2_1	186.931	149.268	253.745	0.5647058823529412	0.5647058823529412	0.5647058823529412
A	N3_1	186.177	149.548	252.682	0.18823529411764706	0.3137254901960784	0.9725490196078431
A	C4_1	185.069	150.214	253.05	0.5647058823529412	0.5647058823529412	0.5647058823529412
U	P_2	193.472	145.955	261.803	1.0	0.5019607843137255	0.0
U	OP1_2	194.871	145.428	261.858	1.0	0.050980392156862744	0.050980392156862744
U	OP2_2	193.178	147.31	262.344	1.0	0.050980392156862744	0.050980392156862744
U	O5'_2	192.971	145.914	260.289	1.0	0.050980392156862744	0.050980392156862744
U	C5'_2	193.132	144.726	259.485	0.5647058823529412	0.5647058823529412	0.5647058823529412
U	C4'_2	192.678	144.988	258.066	0.5647058823529412	0.5647058823529412	0.5647058823529412
U	O4'_2	191.229	145.044	258.005	1.0	0.050980392156862744	0.050980392156862744
U	C3'_2	193.126	146.307	257.455	0.5647058823529412	0.5647058823529412	0.5647058823529412
U	O3'_2	194.471	146.238	256.981	1.0	0.050980392156862744	0.050980392156862744
U	C2'_2	192.112	146.494	256.33	0.5647058823529412	0.5647058823529412	0.5647058823529412
U	O2'_2	192.412	145.718	255.186	1.0	0.050980392156862744	0.050980392156862744
U	C1'_2	190.836	145.947	256.981	0.5647058823529412	0.5647058823529412	0.5647058823529412
U	N1_2	189.954	146.975	257.562	0.18823529411764706	0.3137254901960784	0.9725490196078431
U	C2_2	189.012	147.564	256.725	0.5647058823529412	0.5647058823529412	0.5647058823529412
U	O2_2	188.897	147.276	255.539	1.0	0.050980392156862744	0.050980392156862744
U	N3_2	188.211	148.505	257.329	0.18823529411764706	0.3137254901960784	0.9725490196078431
U	C4_2	188.253	148.914	258.65	0.5647058823529412	0.5647058823529412	0.5647058823529412
U	O4_2	187.472	149.781	259.038	1.0	0.050980392156862744	0.050980392156862744
U	C5_2	189.252	148.264	259.448	0.5647058823529412	0.5647058823529412	0.5647058823529412
U	C6_2	190.048	147.345	258.893	0.5647058823529412	0.5647058823529412	0.5647058823529412
