A	P_1	166.663	226.417	162.033	1.0	0.5019607843137255	0.0
A	OP1_1	166.133	225.604	163.172	1.0	0.050980392156862744	0.050980392156862744
A	OP2_1	167.64	225.804	161.085	1.0	0.050980392156862744	0.050980392156862744
A	O5'_1	165.409	226.906	161.176	1.0	0.050980392156862744	0.050980392156862744
A	C5'_1	165.553	227.96	160.204	0.5647058823529412	0.5647058823529412	0.5647058823529412
A	C4'_1	164.724	229.145	160.621	0.5647058823529412	0.5647058823529412	0.5647058823529412
A	O4'_1	165.347	230.37	160.145	1.0	0.050980392156862744	0.050980392156862744
A	C3'_1	163.276	229.154	160.137	0.5647058823529412	0.5647058823529412	0.5647058823529412
A	O3'_1	162.403	229.646	161.165	1.0	0.050980392156862744	0.050980392156862744
A	C2'_1	163.341	230.114	158.941	0.5647058823529412	0.5647058823529412	0.5647058823529412
A	O2'_1	162.126	230.792	158.699	1.0	0.050980392156862744	0.050980392156862744
A	C1'_1	164.413	231.112	159.386	0.5647058823529412	0.5647058823529412	0.5647058823529412
A	N9_1	165.129	231.753	158.279	0.18823529411764706	0.3137254901960784	0.9725490196078431
A	C8_1	166.274	231.314	157.652	0.5647058823529412	0.5647058823529412	0.5647058823529412
A	N7_1	166.693	232.112	156.696	0.18823529411764706	0.3137254901960784	0.9725490196078431
A	C5_1	165.762	233.145	156.69	0.5647058823529412	0.5647058823529412	0.5647058823529412
A	C6_1	165.645	234.309	155.903	0.5647058823529412	0.5647058823529412	0.5647058823529412
A	N6_1	166.506	234.636	154.934	0.18823529411764706	0.3137254901960784	0.9725490196078431
A	N1_1	164.6	235.13	156.149	0.18823529411764706	0.3137254901960784	0.9725490196078431
A	C2_1	163.738	234.796	157.121	0.5647058823529412	0.5647058823529412	0.5647058823529412
A	N3_1	163.74	233.731	157.926	0.18823529411764706	0.3137254901960784	0.9725490196078431
A	C4_1	164.791	232.935	157.657	0.5647058823529412	0.5647058823529412	0.5647058823529412
U	P_2	165.363	243.398	151.511	1.0	0.5019607843137255	0.0
U	OP1_2	165.522	244.883	151.545	1.0	0.050980392156862744	0.050980392156862744
U	OP2_2	166.57	242.528	151.6	1.0	0.050980392156862744	0.050980392156862744
U	O5'_2	164.371	242.977	152.683	1.0	0.050980392156862744	0.050980392156862744
U	C5'_2	163.001	243.432	152.702	0.5647058823529412	0.5647058823529412	0.5647058823529412
U	C4'_2	162.203	242.616	153.69	0.5647058823529412	0.5647058823529412	0.5647058823529412
U	O4'_2	162.058	241.255	153.198	1.0	0.050980392156862744	0.050980392156862744
U	C3'_2	162.864	242.459	155.05	0.5647058823529412	0.5647058823529412	0.5647058823529412
U	O3'_2	162.644	243.602	155.874	1.0	0.050980392156862744	0.050980392156862744
U	C2'_2	162.244	241.168	155.571	0.5647058823529412	0.5647058823529412	0.5647058823529412
U	O2'_2	160.94	241.341	156.093	1.0	0.050980392156862744	0.050980392156862744
U	C1'_2	162.163	240.341	154.282	0.5647058823529412	0.5647058823529412	0.5647058823529412
U	N1_2	163.337	239.481	154.049	0.18823529411764706	0.3137254901960784	0.9725490196078431
U	C2_2	163.322	238.188	154.573	0.5647058823529412	0.5647058823529412	0.5647058823529412
U	O2_2	162.384	237.737	155.219	1.0	0.050980392156862744	0.050980392156862744
U	N3_2	164.45	237.449	154.307	0.18823529411764706	0.3137254901960784	0.9725490196078431
U	C4_2	165.568	237.856	153.59	0.5647058823529412	0.5647058823529412	0.5647058823529412
U	O4_2	166.505	237.072	153.439	1.0	0.050980392156862744	0.050980392156862744
U	C5_2	165.507	239.194	153.086	0.5647058823529412	0.5647058823529412	0.5647058823529412
U	C6_2	164.425	239.942	153.327	0.5647058823529412	0.5647058823529412	0.5647058823529412
