A	P_1	227.029	163.203	115.938	1.0	0.5019607843137255	0.0
A	OP1_1	227.45	163.822	114.649	1.0	0.050980392156862744	0.050980392156862744
A	OP2_1	226.175	163.978	116.888	1.0	0.050980392156862744	0.050980392156862744
A	O5'_1	226.299	161.82	115.628	1.0	0.050980392156862744	0.050980392156862744
A	C5'_1	226.864	160.873	114.698	0.5647058823529412	0.5647058823529412	0.5647058823529412
A	C4'_1	225.934	159.694	114.526	0.5647058823529412	0.5647058823529412	0.5647058823529412
A	O4'_1	225.871	158.936	115.767	1.0	0.050980392156862744	0.050980392156862744
A	C3'_1	224.483	160.049	114.239	0.5647058823529412	0.5647058823529412	0.5647058823529412
A	O3'_1	224.255	160.352	112.864	1.0	0.050980392156862744	0.050980392156862744
A	C2'_1	223.745	158.8	114.706	0.5647058823529412	0.5647058823529412	0.5647058823529412
A	O2'_1	223.809	157.739	113.773	1.0	0.050980392156862744	0.050980392156862744
A	C1'_1	224.554	158.428	115.951	0.5647058823529412	0.5647058823529412	0.5647058823529412
A	N9_1	224.004	159.003	117.181	0.18823529411764706	0.3137254901960784	0.9725490196078431
A	C8_1	224.425	160.14	117.841	0.5647058823529412	0.5647058823529412	0.5647058823529412
A	N7_1	223.738	160.408	118.929	0.18823529411764706	0.3137254901960784	0.9725490196078431
A	C5_1	222.805	159.38	118.995	0.5647058823529412	0.5647058823529412	0.5647058823529412
A	C6_1	221.789	159.091	119.922	0.5647058823529412	0.5647058823529412	0.5647058823529412
A	N6_1	221.543	159.837	121.003	0.18823529411764706	0.3137254901960784	0.9725490196078431
A	N1_1	221.028	157.995	119.699	0.18823529411764706	0.3137254901960784	0.9725490196078431
A	C2_1	221.285	157.247	118.617	0.5647058823529412	0.5647058823529412	0.5647058823529412
A	N3_1	222.213	157.415	117.672	0.18823529411764706	0.3137254901960784	0.9725490196078431
A	C4_1	222.951	158.512	117.922	0.5647058823529412	0.5647058823529412	0.5647058823529412
U	P_2	213.196	154.304	125.273	1.0	0.5019607843137255	0.0
U	OP1_2	212.612	153.014	125.74	1.0	0.050980392156862744	0.050980392156862744
U	OP2_2	214.08	155.08	126.182	1.0	0.050980392156862744	0.050980392156862744
U	O5'_2	213.991	154.044	123.916	1.0	0.050980392156862744	0.050980392156862744
U	C5'_2	213.34	153.42	122.793	0.5647058823529412	0.5647058823529412	0.5647058823529412
U	C4'_2	214.306	153.259	121.643	0.5647058823529412	0.5647058823529412	0.5647058823529412
U	O4'_2	214.609	154.551	121.052	1.0	0.050980392156862744	0.050980392156862744
U	C3'_2	215.675	152.693	121.983	0.5647058823529412	0.5647058823529412	0.5647058823529412
U	O3'_2	215.644	151.282	122.151	1.0	0.050980392156862744	0.050980392156862744
U	C2'_2	216.501	153.127	120.779	0.5647058823529412	0.5647058823529412	0.5647058823529412
U	O2'_2	216.303	152.31	119.644	1.0	0.050980392156862744	0.050980392156862744
U	C1'_2	215.921	154.518	120.505	0.5647058823529412	0.5647058823529412	0.5647058823529412
U	N1_2	216.719	155.6	121.102	0.18823529411764706	0.3137254901960784	0.9725490196078431
U	C2_2	217.74	156.142	120.333	0.5647058823529412	0.5647058823529412	0.5647058823529412
U	O2_2	217.985	155.775	119.191	1.0	0.050980392156862744	0.050980392156862744
U	N3_2	218.46	157.131	120.952	0.18823529411764706	0.3137254901960784	0.9725490196078431
U	C4_2	218.267	157.626	122.227	0.5647058823529412	0.5647058823529412	0.5647058823529412
U	O4_2	219.012	158.51	122.648	1.0	0.050980392156862744	0.050980392156862744
U	C5_2	217.189	157.026	122.948	0.5647058823529412	0.5647058823529412	0.5647058823529412
U	C6_2	216.471	156.057	122.378	0.5647058823529412	0.5647058823529412	0.5647058823529412
