U	P_1	157.169	233.421	248.98	1.0	0.5019607843137255	0.0
U	OP1_1	157.698	232.726	247.771	1.0	0.050980392156862744	0.050980392156862744
U	OP2_1	156.9	234.883	248.926	1.0	0.050980392156862744	0.050980392156862744
U	O5'_1	155.83	232.679	249.444	1.0	0.050980392156862744	0.050980392156862744
U	C5'_1	155.725	231.238	249.387	0.5647058823529412	0.5647058823529412	0.5647058823529412
U	C4'_1	154.353	230.767	249.835	0.5647058823529412	0.5647058823529412	0.5647058823529412
U	O4'_1	154.151	231.065	251.242	1.0	0.050980392156862744	0.050980392156862744
U	C3'_1	153.125	231.362	249.161	0.5647058823529412	0.5647058823529412	0.5647058823529412
U	O3'_1	152.874	230.773	247.886	1.0	0.050980392156862744	0.050980392156862744
U	C2'_1	152.025	231.017	250.161	0.5647058823529412	0.5647058823529412	0.5647058823529412
U	O2'_1	151.582	229.68	250.054	1.0	0.050980392156862744	0.050980392156862744
U	C1'_1	152.756	231.203	251.496	0.5647058823529412	0.5647058823529412	0.5647058823529412
U	N1_1	152.499	232.503	252.143	0.18823529411764706	0.3137254901960784	0.9725490196078431
U	C2_1	151.287	232.668	252.812	0.5647058823529412	0.5647058823529412	0.5647058823529412
U	O2_1	150.458	231.778	252.921	1.0	0.050980392156862744	0.050980392156862744
U	N3_1	151.094	233.915	253.352	0.18823529411764706	0.3137254901960784	0.9725490196078431
U	C4_1	151.963	234.987	253.307	0.5647058823529412	0.5647058823529412	0.5647058823529412
U	O4_1	151.618	236.064	253.794	1.0	0.050980392156862744	0.050980392156862744
U	C5_1	153.196	234.732	252.632	0.5647058823529412	0.5647058823529412	0.5647058823529412
U	C6_1	153.418	233.533	252.084	0.5647058823529412	0.5647058823529412	0.5647058823529412
A	P_2	142.851	237.887	260.345	1.0	0.5019607843137255	0.0
A	OP1_2	142.087	237.58	261.586	1.0	0.050980392156862744	0.050980392156862744
A	OP2_2	144.13	238.642	260.438	1.0	0.050980392156862744	0.050980392156862744
A	O5'_2	143.133	236.517	259.581	1.0	0.050980392156862744	0.050980392156862744
A	C5'_2	142.071	235.567	259.356	0.5647058823529412	0.5647058823529412	0.5647058823529412
A	C4'_2	142.604	234.353	258.638	0.5647058823529412	0.5647058823529412	0.5647058823529412
A	O4'_2	143.009	234.727	257.296	1.0	0.050980392156862744	0.050980392156862744
A	C3'_2	143.846	233.726	259.255	0.5647058823529412	0.5647058823529412	0.5647058823529412
A	O3'_2	143.495	232.83	260.311	1.0	0.050980392156862744	0.050980392156862744
A	C2'_2	144.477	233.017	258.062	0.5647058823529412	0.5647058823529412	0.5647058823529412
A	O2'_2	143.872	231.774	257.766	1.0	0.050980392156862744	0.050980392156862744
A	C1'_2	144.176	234.006	256.931	0.5647058823529412	0.5647058823529412	0.5647058823529412
A	N9_2	145.253	234.971	256.699	0.18823529411764706	0.3137254901960784	0.9725490196078431
A	C8_2	145.33	236.273	257.137	0.5647058823529412	0.5647058823529412	0.5647058823529412
A	N7_2	146.433	236.887	256.778	0.18823529411764706	0.3137254901960784	0.9725490196078431
A	C5_2	147.127	235.927	256.053	0.5647058823529412	0.5647058823529412	0.5647058823529412
A	C6_2	148.38	235.948	255.415	0.5647058823529412	0.5647058823529412	0.5647058823529412
A	N6_2	149.19	237.008	255.413	0.18823529411764706	0.3137254901960784	0.9725490196078431
A	N1_2	148.78	234.825	254.777	0.18823529411764706	0.3137254901960784	0.9725490196078431
A	C2_2	147.972	233.755	254.796	0.5647058823529412	0.5647058823529412	0.5647058823529412
A	N3_2	146.779	233.609	255.372	0.18823529411764706	0.3137254901960784	0.9725490196078431
A	C4_2	146.41	234.744	255.991	0.5647058823529412	0.5647058823529412	0.5647058823529412
