A	P_1	213.854	226.978	180.126	1.0	0.5019607843137255	0.0
A	OP1_1	212.947	227.209	178.954	1.0	0.050980392156862744	0.050980392156862744
A	OP2_1	213.47	227.514	181.47	1.0	0.050980392156862744	0.050980392156862744
A	O5'_1	214.105	225.404	180.259	1.0	0.050980392156862744	0.050980392156862744
A	C5'_1	214.044	224.551	179.093	0.5647058823529412	0.5647058823529412	0.5647058823529412
A	C4'_1	214.292	223.101	179.465	0.5647058823529412	0.5647058823529412	0.5647058823529412
A	O4'_1	215.682	222.928	179.847	1.0	0.050980392156862744	0.050980392156862744
A	C3'_1	213.458	222.521	180.608	0.5647058823529412	0.5647058823529412	0.5647058823529412
A	O3'_1	213.22	221.132	180.368	1.0	0.050980392156862744	0.050980392156862744
A	C2'_1	214.408	222.647	181.793	0.5647058823529412	0.5647058823529412	0.5647058823529412
A	O2'_1	214.114	221.72	182.822	1.0	0.050980392156862744	0.050980392156862744
A	C1'_1	215.739	222.316	181.117	0.5647058823529412	0.5647058823529412	0.5647058823529412
A	N9_1	216.952	222.768	181.798	0.18823529411764706	0.3137254901960784	0.9725490196078431
A	C8_1	217.446	224.048	181.928	0.5647058823529412	0.5647058823529412	0.5647058823529412
A	N7_1	218.597	224.108	182.559	0.18823529411764706	0.3137254901960784	0.9725490196078431
A	C5_1	218.875	222.782	182.874	0.5647058823529412	0.5647058823529412	0.5647058823529412
A	C6_1	219.958	222.172	183.538	0.5647058823529412	0.5647058823529412	0.5647058823529412
A	N6_1	221.009	222.85	184.015	0.18823529411764706	0.3137254901960784	0.9725490196078431
A	N1_1	219.923	220.828	183.693	0.18823529411764706	0.3137254901960784	0.9725490196078431
A	C2_1	218.867	220.152	183.206	0.5647058823529412	0.5647058823529412	0.5647058823529412
A	N3_1	217.796	220.611	182.563	0.18823529411764706	0.3137254901960784	0.9725490196078431
A	C4_1	217.862	221.948	182.426	0.5647058823529412	0.5647058823529412	0.5647058823529412
U	P_2	223.708	232.763	184.55	1.0	0.5019607843137255	0.0
U	OP1_2	224.2	234.071	185.078	1.0	0.050980392156862744	0.050980392156862744
U	OP2_2	222.54	232.738	183.632	1.0	0.050980392156862744	0.050980392156862744
U	O5'_2	224.935	232.033	183.839	1.0	0.050980392156862744	0.050980392156862744
U	C5'_2	224.73	231.096	182.757	0.5647058823529412	0.5647058823529412	0.5647058823529412
U	C4'_2	224.944	229.68	183.244	0.5647058823529412	0.5647058823529412	0.5647058823529412
U	O4'_2	223.829	229.312	184.1	1.0	0.050980392156862744	0.050980392156862744
U	C3'_2	224.973	228.594	182.171	0.5647058823529412	0.5647058823529412	0.5647058823529412
U	O3'_2	226.3	228.473	181.637	1.0	0.050980392156862744	0.050980392156862744
U	C2'_2	224.56	227.348	182.952	0.5647058823529412	0.5647058823529412	0.5647058823529412
U	O2'_2	225.624	226.77	183.681	1.0	0.050980392156862744	0.050980392156862744
U	C1'_2	223.544	227.928	183.942	0.5647058823529412	0.5647058823529412	0.5647058823529412
U	N1_2	222.129	227.763	183.563	0.18823529411764706	0.3137254901960784	0.9725490196078431
U	C2_2	221.612	226.476	183.553	0.5647058823529412	0.5647058823529412	0.5647058823529412
U	O2_2	222.278	225.488	183.823	1.0	0.050980392156862744	0.050980392156862744
U	N3_2	220.28	226.392	183.22	0.18823529411764706	0.3137254901960784	0.9725490196078431
U	C4_2	219.425	227.441	182.909	0.5647058823529412	0.5647058823529412	0.5647058823529412
U	O4_2	218.235	227.209	182.702	1.0	0.050980392156862744	0.050980392156862744
U	C5_2	220.034	228.736	182.928	0.5647058823529412	0.5647058823529412	0.5647058823529412
U	C6_2	221.331	228.852	183.243	0.5647058823529412	0.5647058823529412	0.5647058823529412
