U	P_1	208.257	129.087	146.194	1.0	0.5019607843137255	0.0
U	OP1_1	207.632	129.769	145.021	1.0	0.050980392156862744	0.050980392156862744
U	OP2_1	207.677	129.278	147.548	1.0	0.050980392156862744	0.050980392156862744
U	O5'_1	208.315	127.522	145.89	1.0	0.050980392156862744	0.050980392156862744
U	C5'_1	208.698	127.025	144.589	0.5647058823529412	0.5647058823529412	0.5647058823529412
U	C4'_1	208.477	125.533	144.522	0.5647058823529412	0.5647058823529412	0.5647058823529412
U	O4'_1	209.4	124.875	145.427	1.0	0.050980392156862744	0.050980392156862744
U	C3'_1	207.094	125.081	144.969	0.5647058823529412	0.5647058823529412	0.5647058823529412
U	O3'_1	206.162	125.151	143.892	1.0	0.050980392156862744	0.050980392156862744
U	C2'_1	207.35	123.662	145.457	0.5647058823529412	0.5647058823529412	0.5647058823529412
U	O2'_1	207.431	122.728	144.4	1.0	0.050980392156862744	0.050980392156862744
U	C1'_1	208.738	123.808	146.089	0.5647058823529412	0.5647058823529412	0.5647058823529412
U	N1_1	208.747	124.093	147.533	0.18823529411764706	0.3137254901960784	0.9725490196078431
U	C2_1	208.845	123.02	148.419	0.5647058823529412	0.5647058823529412	0.5647058823529412
U	O2_1	208.869	121.853	148.055	1.0	0.050980392156862744	0.050980392156862744
U	N3_1	208.91	123.375	149.744	0.18823529411764706	0.3137254901960784	0.9725490196078431
U	C4_1	208.879	124.659	150.268	0.5647058823529412	0.5647058823529412	0.5647058823529412
U	O4_1	208.999	124.821	151.484	1.0	0.050980392156862744	0.050980392156862744
U	C5_1	208.746	125.701	149.298	0.5647058823529412	0.5647058823529412	0.5647058823529412
U	C6_1	208.684	125.393	147.997	0.5647058823529412	0.5647058823529412	0.5647058823529412
A	P_2	208.051	115.477	158.449	1.0	0.5019607843137255	0.0
A	OP1_2	208.367	114.111	158.952	1.0	0.050980392156862744	0.050980392156862744
A	OP2_2	208.922	116.621	158.839	1.0	0.050980392156862744	0.050980392156862744
A	O5'_2	207.979	115.417	156.855	1.0	0.050980392156862744	0.050980392156862744
A	C5'_2	207.218	114.387	156.188	0.5647058823529412	0.5647058823529412	0.5647058823529412
A	C4'_2	207.25	114.588	154.687	0.5647058823529412	0.5647058823529412	0.5647058823529412
A	O4'_2	206.53	115.799	154.332	1.0	0.050980392156862744	0.050980392156862744
A	C3'_2	208.624	114.779	154.064	0.5647058823529412	0.5647058823529412	0.5647058823529412
A	O3'_2	209.271	113.525	153.85	1.0	0.050980392156862744	0.050980392156862744
A	C2'_2	208.294	115.489	152.755	0.5647058823529412	0.5647058823529412	0.5647058823529412
A	O2'_2	207.844	114.607	151.748	1.0	0.050980392156862744	0.050980392156862744
A	C1'_2	207.127	116.384	153.183	0.5647058823529412	0.5647058823529412	0.5647058823529412
A	N9_2	207.503	117.763	153.501	0.18823529411764706	0.3137254901960784	0.9725490196078431
A	C8_2	207.62	118.349	154.743	0.5647058823529412	0.5647058823529412	0.5647058823529412
A	N7_2	207.941	119.622	154.7	0.18823529411764706	0.3137254901960784	0.9725490196078431
A	C5_2	208.05	119.892	153.341	0.5647058823529412	0.5647058823529412	0.5647058823529412
A	C6_2	208.361	121.069	152.633	0.5647058823529412	0.5647058823529412	0.5647058823529412
A	N6_2	208.626	122.236	153.225	0.18823529411764706	0.3137254901960784	0.9725490196078431
A	N1_2	208.389	121.003	151.28	0.18823529411764706	0.3137254901960784	0.9725490196078431
A	C2_2	208.125	119.829	150.691	0.5647058823529412	0.5647058823529412	0.5647058823529412
A	N3_2	207.816	118.655	151.248	0.18823529411764706	0.3137254901960784	0.9725490196078431
A	C4_2	207.792	118.755	152.591	0.5647058823529412	0.5647058823529412	0.5647058823529412
