A	P_1	186.265	272.498	255.595	1.0	0.5019607843137255	0.0
A	OP1_1	187.382	272.266	256.554	1.0	0.050980392156862744	0.050980392156862744
A	OP2_1	185.76	271.368	254.768	1.0	0.050980392156862744	0.050980392156862744
A	O5'_1	185.025	273.113	256.387	1.0	0.050980392156862744	0.050980392156862744
A	C5'_1	185.222	274.105	257.416	0.5647058823529412	0.5647058823529412	0.5647058823529412
A	C4'_1	183.912	274.413	258.11	0.5647058823529412	0.5647058823529412	0.5647058823529412
A	O4'_1	182.994	275.045	257.176	1.0	0.050980392156862744	0.050980392156862744
A	C3'_1	183.127	273.221	258.637	0.5647058823529412	0.5647058823529412	0.5647058823529412
A	O3'_1	183.629	272.744	259.887	1.0	0.050980392156862744	0.050980392156862744
A	C2'_1	181.718	273.793	258.748	0.5647058823529412	0.5647058823529412	0.5647058823529412
A	O2'_1	181.516	274.586	259.9	1.0	0.050980392156862744	0.050980392156862744
A	C1'_1	181.659	274.682	257.503	0.5647058823529412	0.5647058823529412	0.5647058823529412
A	N9_1	181.067	273.982	256.363	0.18823529411764706	0.3137254901960784	0.9725490196078431
A	C8_1	181.697	273.379	255.297	0.5647058823529412	0.5647058823529412	0.5647058823529412
A	N7_1	180.873	272.798	254.457	0.18823529411764706	0.3137254901960784	0.9725490196078431
A	C5_1	179.618	273.045	254.999	0.5647058823529412	0.5647058823529412	0.5647058823529412
A	C6_1	178.323	272.687	254.586	0.5647058823529412	0.5647058823529412	0.5647058823529412
A	N6_1	178.068	271.968	253.49	0.18823529411764706	0.3137254901960784	0.9725490196078431
A	N1_1	177.285	273.093	255.349	0.18823529411764706	0.3137254901960784	0.9725490196078431
A	C2_1	177.543	273.807	256.454	0.5647058823529412	0.5647058823529412	0.5647058823529412
A	N3_1	178.715	274.2	256.95	0.18823529411764706	0.3137254901960784	0.9725490196078431
A	C4_1	179.723	273.781	256.167	0.5647058823529412	0.5647058823529412	0.5647058823529412
U	P_2	167.262	272.227	253.47	1.0	0.5019607843137255	0.0
U	OP1_2	166.012	273.029	253.567	1.0	0.050980392156862744	0.050980392156862744
U	OP2_2	168.009	272.18	252.182	1.0	0.050980392156862744	0.050980392156862744
U	O5'_2	168.259	272.728	254.606	1.0	0.050980392156862744	0.050980392156862744
U	C5'_2	167.783	272.981	255.942	0.5647058823529412	0.5647058823529412	0.5647058823529412
U	C4'_2	168.85	273.675	256.75	0.5647058823529412	0.5647058823529412	0.5647058823529412
U	O4'_2	169.952	272.763	257.005	1.0	0.050980392156862744	0.050980392156862744
U	C3'_2	169.513	274.86	256.068	0.5647058823529412	0.5647058823529412	0.5647058823529412
U	O3'_2	168.719	276.037	256.15	1.0	0.050980392156862744	0.050980392156862744
U	C2'_2	170.826	274.973	256.831	0.5647058823529412	0.5647058823529412	0.5647058823529412
U	O2'_2	170.678	275.594	258.092	1.0	0.050980392156862744	0.050980392156862744
U	C1'_2	171.171	273.496	257.042	0.5647058823529412	0.5647058823529412	0.5647058823529412
U	N1_2	172.089	272.964	256.021	0.18823529411764706	0.3137254901960784	0.9725490196078431
U	C2_2	173.454	273.089	256.254	0.5647058823529412	0.5647058823529412	0.5647058823529412
U	O2_2	173.915	273.605	257.262	1.0	0.050980392156862744	0.050980392156862744
U	N3_2	174.254	272.586	255.26	0.18823529411764706	0.3137254901960784	0.9725490196078431
U	C4_2	173.845	271.981	254.086	0.5647058823529412	0.5647058823529412	0.5647058823529412
U	O4_2	174.694	271.592	253.283	1.0	0.050980392156862744	0.050980392156862744
U	C5_2	172.428	271.879	253.922	0.5647058823529412	0.5647058823529412	0.5647058823529412
U	C6_2	171.618	272.364	254.868	0.5647058823529412	0.5647058823529412	0.5647058823529412
