A	P_1	162.802	156.824	267.206	1.0	0.5019607843137255	0.0
A	OP1_1	164.07	157.575	266.968	1.0	0.050980392156862744	0.050980392156862744
A	OP2_1	161.568	157.225	266.478	1.0	0.050980392156862744	0.050980392156862744
A	O5'_1	163.073	155.281	266.907	1.0	0.050980392156862744	0.050980392156862744
A	C5'_1	164.346	154.666	267.212	0.5647058823529412	0.5647058823529412	0.5647058823529412
A	C4'_1	164.419	153.286	266.594	0.5647058823529412	0.5647058823529412	0.5647058823529412
A	O4'_1	163.509	152.379	267.28	1.0	0.050980392156862744	0.050980392156862744
A	C3'_1	163.984	153.222	265.138	0.5647058823529412	0.5647058823529412	0.5647058823529412
A	O3'_1	165.033	153.632	264.259	1.0	0.050980392156862744	0.050980392156862744
A	C2'_1	163.581	151.757	264.976	0.5647058823529412	0.5647058823529412	0.5647058823529412
A	O2'_1	164.686	150.896	264.775	1.0	0.050980392156862744	0.050980392156862744
A	C1'_1	162.953	151.459	266.344	0.5647058823529412	0.5647058823529412	0.5647058823529412
A	N9_1	161.488	151.554	266.408	0.18823529411764706	0.3137254901960784	0.9725490196078431
A	C8_1	160.74	152.565	266.971	0.5647058823529412	0.5647058823529412	0.5647058823529412
A	N7_1	159.445	152.364	266.912	0.18823529411764706	0.3137254901960784	0.9725490196078431
A	C5_1	159.325	151.145	266.26	0.5647058823529412	0.5647058823529412	0.5647058823529412
A	C6_1	158.199	150.374	265.895	0.5647058823529412	0.5647058823529412	0.5647058823529412
A	N6_1	156.938	150.736	266.156	0.18823529411764706	0.3137254901960784	0.9725490196078431
A	N1_1	158.419	149.205	265.251	0.18823529411764706	0.3137254901960784	0.9725490196078431
A	C2_1	159.686	148.844	264.995	0.5647058823529412	0.5647058823529412	0.5647058823529412
A	N3_1	160.825	149.477	265.295	0.18823529411764706	0.3137254901960784	0.9725490196078431
A	C4_1	160.574	150.635	265.936	0.5647058823529412	0.5647058823529412	0.5647058823529412
U	P_2	150.394	142.806	262.201	1.0	0.5019607843137255	0.0
U	OP1_2	149.86	141.427	262.017	1.0	0.050980392156862744	0.050980392156862744
U	OP2_2	150.041	143.575	263.426	1.0	0.050980392156862744	0.050980392156862744
U	O5'_2	151.984	142.738	262.086	1.0	0.050980392156862744	0.050980392156862744
U	C5'_2	152.804	142.385	263.22	0.5647058823529412	0.5647058823529412	0.5647058823529412
U	C4'_2	154.217	142.871	263.003	0.5647058823529412	0.5647058823529412	0.5647058823529412
U	O4'_2	154.178	144.281	262.66	1.0	0.050980392156862744	0.050980392156862744
U	C3'_2	155.159	142.801	264.2	0.5647058823529412	0.5647058823529412	0.5647058823529412
U	O3'_2	155.737	141.498	264.344	1.0	0.050980392156862744	0.050980392156862744
U	C2'_2	156.203	143.86	263.851	0.5647058823529412	0.5647058823529412	0.5647058823529412
U	O2'_2	157.183	143.394	262.94	1.0	0.050980392156862744	0.050980392156862744
U	C1'_2	155.341	144.921	263.155	0.5647058823529412	0.5647058823529412	0.5647058823529412
U	N1_2	154.946	146.082	263.973	0.18823529411764706	0.3137254901960784	0.9725490196078431
U	C2_2	155.886	147.096	264.142	0.5647058823529412	0.5647058823529412	0.5647058823529412
U	O2_2	157.013	147.049	263.665	1.0	0.050980392156862744	0.050980392156862744
U	N3_2	155.455	148.167	264.888	0.18823529411764706	0.3137254901960784	0.9725490196078431
U	C4_2	154.213	148.33	265.475	0.5647058823529412	0.5647058823529412	0.5647058823529412
U	O4_2	153.981	149.355	266.117	1.0	0.050980392156862744	0.050980392156862744
U	C5_2	153.302	147.241	265.266	0.5647058823529412	0.5647058823529412	0.5647058823529412
U	C6_2	153.689	146.182	264.544	0.5647058823529412	0.5647058823529412	0.5647058823529412
