U	P_1	120.726	180.308	207.751	1.0	0.5019607843137255	0.0
U	OP1_1	119.93	179.787	206.605	1.0	0.050980392156862744	0.050980392156862744
U	OP2_1	121.718	179.424	208.422	1.0	0.050980392156862744	0.050980392156862744
U	O5'_1	121.48	181.628	207.275	1.0	0.050980392156862744	0.050980392156862744
U	C5'_1	120.77	182.684	206.595	0.5647058823529412	0.5647058823529412	0.5647058823529412
U	C4'_1	121.724	183.796	206.233	0.5647058823529412	0.5647058823529412	0.5647058823529412
U	O4'_1	122.195	184.443	207.446	1.0	0.050980392156862744	0.050980392156862744
U	C3'_1	122.992	183.35	205.513	0.5647058823529412	0.5647058823529412	0.5647058823529412
U	O3'_1	122.755	183.222	204.107	1.0	0.050980392156862744	0.050980392156862744
U	C2'_1	123.973	184.47	205.858	0.5647058823529412	0.5647058823529412	0.5647058823529412
U	O2'_1	123.803	185.631	205.067	1.0	0.050980392156862744	0.050980392156862744
U	C1'_1	123.559	184.805	207.295	0.5647058823529412	0.5647058823529412	0.5647058823529412
U	N1_1	124.346	184.119	208.333	0.18823529411764706	0.3137254901960784	0.9725490196078431
U	C2_1	125.596	184.637	208.651	0.5647058823529412	0.5647058823529412	0.5647058823529412
U	O2_1	126.073	185.622	208.103	1.0	0.050980392156862744	0.050980392156862744
U	N3_1	126.265	183.957	209.641	0.18823529411764706	0.3137254901960784	0.9725490196078431
U	C4_1	125.827	182.843	210.33	0.5647058823529412	0.5647058823529412	0.5647058823529412
U	O4_1	126.535	182.363	211.21	1.0	0.050980392156862744	0.050980392156862744
U	C5_1	124.54	182.367	209.941	0.5647058823529412	0.5647058823529412	0.5647058823529412
U	C6_1	123.862	183.001	208.979	0.5647058823529412	0.5647058823529412	0.5647058823529412
A	P_2	137.093	185.501	213.715	1.0	0.5019607843137255	0.0
A	OP1_2	137.929	186.26	214.692	1.0	0.050980392156862744	0.050980392156862744
A	OP2_2	136.358	184.285	214.163	1.0	0.050980392156862744	0.050980392156862744
A	O5'_2	136.032	186.515	213.086	1.0	0.050980392156862744	0.050980392156862744
A	C5'_2	136.461	187.659	212.317	0.5647058823529412	0.5647058823529412	0.5647058823529412
A	C4'_2	135.369	188.092	211.362	0.5647058823529412	0.5647058823529412	0.5647058823529412
A	O4'_2	134.933	186.938	210.587	1.0	0.050980392156862744	0.050980392156862744
A	C3'_2	134.079	188.615	211.981	0.5647058823529412	0.5647058823529412	0.5647058823529412
A	O3'_2	134.178	189.99	212.357	1.0	0.050980392156862744	0.050980392156862744
A	C2'_2	133.082	188.406	210.847	0.5647058823529412	0.5647058823529412	0.5647058823529412
A	O2'_2	133.15	189.388	209.836	1.0	0.050980392156862744	0.050980392156862744
A	C1'_2	133.552	187.069	210.274	0.5647058823529412	0.5647058823529412	0.5647058823529412
A	N9_2	132.818	185.958	210.876	0.18823529411764706	0.3137254901960784	0.9725490196078431
A	C8_2	133.204	185.124	211.897	0.5647058823529412	0.5647058823529412	0.5647058823529412
A	N7_2	132.284	184.256	212.248	0.18823529411764706	0.3137254901960784	0.9725490196078431
A	C5_2	131.225	184.53	211.393	0.5647058823529412	0.5647058823529412	0.5647058823529412
A	C6_2	129.947	183.962	211.259	0.5647058823529412	0.5647058823529412	0.5647058823529412
A	N6_2	129.497	182.968	212.028	0.18823529411764706	0.3137254901960784	0.9725490196078431
A	N1_2	129.135	184.458	210.3	0.18823529411764706	0.3137254901960784	0.9725490196078431
A	C2_2	129.585	185.466	209.539	0.5647058823529412	0.5647058823529412	0.5647058823529412
A	N3_2	130.762	186.088	209.573	0.18823529411764706	0.3137254901960784	0.9725490196078431
A	C4_2	131.546	185.566	210.532	0.5647058823529412	0.5647058823529412	0.5647058823529412
