U	P_1	122.692	190.641	203.786	1.0	0.5019607843137255	0.0
U	OP1_1	122.555	191.275	205.131	1.0	0.050980392156862744	0.050980392156862744
U	OP2_1	123.276	189.278	203.671	1.0	0.050980392156862744	0.050980392156862744
U	O5'_1	121.262	190.627	203.08	1.0	0.050980392156862744	0.050980392156862744
U	C5'_1	120.395	191.775	203.143	0.5647058823529412	0.5647058823529412	0.5647058823529412
U	C4'_1	119.071	191.465	202.486	0.5647058823529412	0.5647058823529412	0.5647058823529412
U	O4'_1	119.285	191.204	201.074	1.0	0.050980392156862744	0.050980392156862744
U	C3'_1	118.352	190.218	202.979	0.5647058823529412	0.5647058823529412	0.5647058823529412
U	O3'_1	117.631	190.449	204.185	1.0	0.050980392156862744	0.050980392156862744
U	C2'_1	117.44	189.891	201.803	0.5647058823529412	0.5647058823529412	0.5647058823529412
U	O2'_1	116.297	190.723	201.738	1.0	0.050980392156862744	0.050980392156862744
U	C1'_1	118.355	190.227	200.624	0.5647058823529412	0.5647058823529412	0.5647058823529412
U	N1_1	119.097	189.064	200.109	0.18823529411764706	0.3137254901960784	0.9725490196078431
U	C2_1	118.518	188.341	199.071	0.5647058823529412	0.5647058823529412	0.5647058823529412
U	O2_1	117.429	188.623	198.589	1.0	0.050980392156862744	0.050980392156862744
U	N3_1	119.262	187.278	198.619	0.18823529411764706	0.3137254901960784	0.9725490196078431
U	C4_1	120.502	186.871	199.085	0.5647058823529412	0.5647058823529412	0.5647058823529412
U	O4_1	121.06	185.91	198.553	1.0	0.050980392156862744	0.050980392156862744
U	C5_1	121.032	187.661	200.165	0.5647058823529412	0.5647058823529412	0.5647058823529412
U	C6_1	120.327	188.702	200.629	0.5647058823529412	0.5647058823529412	0.5647058823529412
A	P_2	116.536	180.335	189.68	1.0	0.5019607843137255	0.0
A	OP1_2	115.787	180.174	188.402	1.0	0.050980392156862744	0.050980392156862744
A	OP2_2	117.92	180.881	189.655	1.0	0.050980392156862744	0.050980392156862744
A	O5'_2	115.669	181.245	190.658	1.0	0.050980392156862744	0.050980392156862744
A	C5'_2	114.235	181.105	190.723	0.5647058823529412	0.5647058823529412	0.5647058823529412
A	C4'_2	113.639	182.211	191.566	0.5647058823529412	0.5647058823529412	0.5647058823529412
A	O4'_2	114.026	182.038	192.957	1.0	0.050980392156862744	0.050980392156862744
A	C3'_2	114.099	183.625	191.227	0.5647058823529412	0.5647058823529412	0.5647058823529412
A	O3'_2	113.388	184.163	190.11	1.0	0.050980392156862744	0.050980392156862744
A	C2'_2	113.814	184.375	192.523	0.5647058823529412	0.5647058823529412	0.5647058823529412
A	O2'_2	112.453	184.74	192.666	1.0	0.050980392156862744	0.050980392156862744
A	C1'_2	114.168	183.312	193.571	0.5647058823529412	0.5647058823529412	0.5647058823529412
A	N9_2	115.537	183.441	194.078	0.18823529411764706	0.3137254901960784	0.9725490196078431
A	C8_2	116.669	182.781	193.653	0.5647058823529412	0.5647058823529412	0.5647058823529412
A	N7_2	117.758	183.128	194.302	0.18823529411764706	0.3137254901960784	0.9725490196078431
A	C5_2	117.315	184.079	195.214	0.5647058823529412	0.5647058823529412	0.5647058823529412
A	C6_2	117.989	184.841	196.187	0.5647058823529412	0.5647058823529412	0.5647058823529412
A	N6_2	119.308	184.774	196.394	0.18823529411764706	0.3137254901960784	0.9725490196078431
A	N1_2	117.256	185.691	196.941	0.18823529411764706	0.3137254901960784	0.9725490196078431
A	C2_2	115.939	185.774	196.711	0.5647058823529412	0.5647058823529412	0.5647058823529412
A	N3_2	115.193	185.118	195.818	0.18823529411764706	0.3137254901960784	0.9725490196078431
A	C4_2	115.95	184.275	195.093	0.5647058823529412	0.5647058823529412	0.5647058823529412
