U	P_1	145.204	148.371	164.185	1.0	0.5019607843137255	0.0
U	OP1_1	144.449	149.498	163.566	1.0	0.050980392156862744	0.050980392156862744
U	OP2_1	145.846	148.559	165.514	1.0	0.050980392156862744	0.050980392156862744
U	O5'_1	144.245	147.1	164.278	1.0	0.050980392156862744	0.050980392156862744
U	C5'_1	143.544	146.611	163.114	0.5647058823529412	0.5647058823529412	0.5647058823529412
U	C4'_1	142.797	145.339	163.446	0.5647058823529412	0.5647058823529412	0.5647058823529412
U	O4'_1	143.743	144.271	163.728	1.0	0.050980392156862744	0.050980392156862744
U	C3'_1	141.927	145.399	164.691	0.5647058823529412	0.5647058823529412	0.5647058823529412
U	O3'_1	140.676	146.024	164.432	1.0	0.050980392156862744	0.050980392156862744
U	C2'_1	141.81	143.929	165.075	0.5647058823529412	0.5647058823529412	0.5647058823529412
U	O2'_1	140.873	143.222	164.285	1.0	0.050980392156862744	0.050980392156862744
U	C1'_1	143.219	143.427	164.745	0.5647058823529412	0.5647058823529412	0.5647058823529412
U	N1_1	144.139	143.444	165.896	0.18823529411764706	0.3137254901960784	0.9725490196078431
U	C2_1	144.275	142.274	166.632	0.5647058823529412	0.5647058823529412	0.5647058823529412
U	O2_1	143.685	141.24	166.356	1.0	0.050980392156862744	0.050980392156862744
U	N3_1	145.132	142.365	167.702	0.18823529411764706	0.3137254901960784	0.9725490196078431
U	C4_1	145.855	143.473	168.101	0.5647058823529412	0.5647058823529412	0.5647058823529412
U	O4_1	146.569	143.398	169.103	1.0	0.050980392156862744	0.050980392156862744
U	C5_1	145.674	144.633	167.287	0.5647058823529412	0.5647058823529412	0.5647058823529412
U	C6_1	144.844	144.583	166.243	0.5647058823529412	0.5647058823529412	0.5647058823529412
A	P_2	146.032	133.806	176.061	1.0	0.5019607843137255	0.0
A	OP1_2	146.043	132.33	176.292	1.0	0.050980392156862744	0.050980392156862744
A	OP2_2	147.325	134.535	175.921	1.0	0.050980392156862744	0.050980392156862744
A	O5'_2	145.158	134.105	174.76	1.0	0.050980392156862744	0.050980392156862744
A	C5'_2	143.9	133.434	174.54	0.5647058823529412	0.5647058823529412	0.5647058823529412
A	C4'_2	143.354	133.773	173.171	0.5647058823529412	0.5647058823529412	0.5647058823529412
A	O4'_2	142.931	135.163	173.132	1.0	0.050980392156862744	0.050980392156862744
A	C3'_2	144.337	133.661	172.019	0.5647058823529412	0.5647058823529412	0.5647058823529412
A	O3'_2	144.513	132.316	171.589	1.0	0.050980392156862744	0.050980392156862744
A	C2'_2	143.693	134.55	170.963	0.5647058823529412	0.5647058823529412	0.5647058823529412
A	O2'_2	142.624	133.922	170.287	1.0	0.050980392156862744	0.050980392156862744
A	C1'_2	143.15	135.69	171.828	0.5647058823529412	0.5647058823529412	0.5647058823529412
A	N9_2	144.086	136.812	171.927	0.18823529411764706	0.3137254901960784	0.9725490196078431
A	C8_2	145.023	137.05	172.909	0.5647058823529412	0.5647058823529412	0.5647058823529412
A	N7_2	145.724	138.143	172.715	0.18823529411764706	0.3137254901960784	0.9725490196078431
A	C5_2	145.216	138.659	171.529	0.5647058823529412	0.5647058823529412	0.5647058823529412
A	C6_2	145.538	139.808	170.786	0.5647058823529412	0.5647058823529412	0.5647058823529412
A	N6_2	146.484	140.68	171.14	0.18823529411764706	0.3137254901960784	0.9725490196078431
A	N1_2	144.844	140.035	169.651	0.18823529411764706	0.3137254901960784	0.9725490196078431
A	C2_2	143.895	139.16	169.294	0.5647058823529412	0.5647058823529412	0.5647058823529412
A	N3_2	143.5	138.047	169.909	0.18823529411764706	0.3137254901960784	0.9725490196078431
A	C4_2	144.208	137.852	171.034	0.5647058823529412	0.5647058823529412	0.5647058823529412
