U	P_1	269.442	186.535	144.597	1.0	0.5019607843137255	0.0
U	OP1_1	270.32	185.956	145.655	1.0	0.050980392156862744	0.050980392156862744
U	OP2_1	267.997	186.171	144.566	1.0	0.050980392156862744	0.050980392156862744
U	O5'_1	269.555	188.125	144.686	1.0	0.050980392156862744	0.050980392156862744
U	C5'_1	268.468	188.959	144.242	0.5647058823529412	0.5647058823529412	0.5647058823529412
U	C4'_1	268.318	190.177	145.129	0.5647058823529412	0.5647058823529412	0.5647058823529412
U	O4'_1	267.182	190.941	144.639	1.0	0.050980392156862744	0.050980392156862744
U	C3'_1	268.052	189.925	146.617	0.5647058823529412	0.5647058823529412	0.5647058823529412
U	O3'_1	269.258	190.035	147.383	1.0	0.050980392156862744	0.050980392156862744
U	C2'_1	267.07	191.034	146.991	0.5647058823529412	0.5647058823529412	0.5647058823529412
U	O2'_1	267.705	192.267	147.272	1.0	0.050980392156862744	0.050980392156862744
U	C1'_1	266.27	191.182	145.695	0.5647058823529412	0.5647058823529412	0.5647058823529412
U	N1_1	265.108	190.285	145.532	0.18823529411764706	0.3137254901960784	0.9725490196078431
U	C2_1	264.041	190.426	146.411	0.5647058823529412	0.5647058823529412	0.5647058823529412
U	O2_1	264.041	191.22	147.34	1.0	0.050980392156862744	0.050980392156862744
U	N3_1	262.974	189.597	146.16	0.18823529411764706	0.3137254901960784	0.9725490196078431
U	C4_1	262.868	188.655	145.154	0.5647058823529412	0.5647058823529412	0.5647058823529412
U	O4_1	261.817	188.023	145.025	1.0	0.050980392156862744	0.050980392156862744
U	C5_1	264.014	188.552	144.309	0.5647058823529412	0.5647058823529412	0.5647058823529412
U	C6_1	265.066	189.344	144.52	0.5647058823529412	0.5647058823529412	0.5647058823529412
A	P_2	257.685	184.788	145.713	1.0	0.5019607843137255	0.0
A	OP1_2	256.749	184.62	144.552	1.0	0.050980392156862744	0.050980392156862744
A	OP2_2	259.149	184.866	145.461	1.0	0.050980392156862744	0.050980392156862744
A	O5'_2	257.263	186.099	146.517	1.0	0.050980392156862744	0.050980392156862744
A	C5'_2	255.964	186.208	147.144	0.5647058823529412	0.5647058823529412	0.5647058823529412
A	C4'_2	255.719	187.633	147.589	0.5647058823529412	0.5647058823529412	0.5647058823529412
A	O4'_2	256.69	187.985	148.608	1.0	0.050980392156862744	0.050980392156862744
A	C3'_2	255.922	188.692	146.513	0.5647058823529412	0.5647058823529412	0.5647058823529412
A	O3'_2	254.747	188.805	145.686	1.0	0.050980392156862744	0.050980392156862744
A	C2'_2	256.194	189.953	147.344	0.5647058823529412	0.5647058823529412	0.5647058823529412
A	O2'_2	255.015	190.582	147.803	1.0	0.050980392156862744	0.050980392156862744
A	C1'_2	256.923	189.381	148.57	0.5647058823529412	0.5647058823529412	0.5647058823529412
A	N9_2	258.366	189.628	148.684	0.18823529411764706	0.3137254901960784	0.9725490196078431
A	C8_2	259.387	189.04	147.975	0.5647058823529412	0.5647058823529412	0.5647058823529412
A	N7_2	260.584	189.468	148.314	0.18823529411764706	0.3137254901960784	0.9725490196078431
A	C5_2	260.336	190.4	149.313	0.5647058823529412	0.5647058823529412	0.5647058823529412
A	C6_2	261.192	191.216	150.086	0.5647058823529412	0.5647058823529412	0.5647058823529412
A	N6_2	262.519	191.227	149.956	0.18823529411764706	0.3137254901960784	0.9725490196078431
A	N1_2	260.627	192.031	151.003	0.18823529411764706	0.3137254901960784	0.9725490196078431
A	C2_2	259.295	192.025	151.127	0.5647058823529412	0.5647058823529412	0.5647058823529412
A	N3_2	258.383	191.312	150.457	0.18823529411764706	0.3137254901960784	0.9725490196078431
A	C4_2	258.974	190.509	149.553	0.5647058823529412	0.5647058823529412	0.5647058823529412
