A	P_1	239.639	134.322	267.916	1.0	0.5019607843137255	0.0
A	OP1_1	238.807	135.513	268.265	1.0	0.050980392156862744	0.050980392156862744
A	OP2_1	241.004	134.524	267.356	1.0	0.050980392156862744	0.050980392156862744
A	O5'_1	239.746	133.416	269.224	1.0	0.050980392156862744	0.050980392156862744
A	C5'_1	240.843	132.494	269.409	0.5647058823529412	0.5647058823529412	0.5647058823529412
A	C4'_1	240.345	131.195	270.007	0.5647058823529412	0.5647058823529412	0.5647058823529412
A	O4'_1	239.555	130.474	269.013	1.0	0.050980392156862744	0.050980392156862744
A	C3'_1	241.434	130.202	270.387	0.5647058823529412	0.5647058823529412	0.5647058823529412
A	O3'_1	242.015	130.505	271.655	1.0	0.050980392156862744	0.050980392156862744
A	C2'_1	240.683	128.875	270.364	0.5647058823529412	0.5647058823529412	0.5647058823529412
A	O2'_1	239.883	128.657	271.508	1.0	0.050980392156862744	0.050980392156862744
A	C1'_1	239.781	129.071	269.142	0.5647058823529412	0.5647058823529412	0.5647058823529412
A	N9_1	240.421	128.59	267.915	0.18823529411764706	0.3137254901960784	0.9725490196078431
A	C8_1	241.064	129.336	266.955	0.5647058823529412	0.5647058823529412	0.5647058823529412
A	N7_1	241.563	128.624	265.975	0.18823529411764706	0.3137254901960784	0.9725490196078431
A	C5_1	241.224	127.319	266.305	0.5647058823529412	0.5647058823529412	0.5647058823529412
A	C6_1	241.468	126.09	265.664	0.5647058823529412	0.5647058823529412	0.5647058823529412
A	N6_1	242.145	125.98	264.517	0.18823529411764706	0.3137254901960784	0.9725490196078431
A	N1_1	240.991	124.968	266.249	0.18823529411764706	0.3137254901960784	0.9725490196078431
A	C2_1	240.323	125.086	267.405	0.5647058823529412	0.5647058823529412	0.5647058823529412
A	N3_1	240.033	126.185	268.108	0.18823529411764706	0.3137254901960784	0.9725490196078431
A	C4_1	240.516	127.283	267.495	0.5647058823529412	0.5647058823529412	0.5647058823529412
U	P_2	243.01	117.082	260.917	1.0	0.5019607843137255	0.0
U	OP1_2	242.534	115.781	260.354	1.0	0.050980392156862744	0.050980392156862744
U	OP2_2	242.939	118.312	260.082	1.0	0.050980392156862744	0.050980392156862744
U	O5'_2	242.218	117.362	262.276	1.0	0.050980392156862744	0.050980392156862744
U	C5'_2	241.995	116.313	263.25	0.5647058823529412	0.5647058823529412	0.5647058823529412
U	C4'_2	241.347	116.883	264.495	0.5647058823529412	0.5647058823529412	0.5647058823529412
U	O4'_2	242.23	117.885	265.068	1.0	0.050980392156862744	0.050980392156862744
U	C3'_2	240.02	117.605	264.287	0.5647058823529412	0.5647058823529412	0.5647058823529412
U	O3'_2	238.923	116.683	264.292	1.0	0.050980392156862744	0.050980392156862744
U	C2'_2	239.983	118.571	265.467	0.5647058823529412	0.5647058823529412	0.5647058823529412
U	O2'_2	239.577	117.949	266.668	1.0	0.050980392156862744	0.050980392156862744
U	C1'_2	241.461	118.959	265.589	0.5647058823529412	0.5647058823529412	0.5647058823529412
U	N1_2	241.847	120.194	264.882	0.18823529411764706	0.3137254901960784	0.9725490196078431
U	C2_2	241.752	121.401	265.572	0.5647058823529412	0.5647058823529412	0.5647058823529412
U	O2_2	241.341	121.484	266.722	1.0	0.050980392156862744	0.050980392156862744
U	N3_2	242.16	122.503	264.86	0.18823529411764706	0.3137254901960784	0.9725490196078431
U	C4_2	242.638	122.527	263.558	0.5647058823529412	0.5647058823529412	0.5647058823529412
U	O4_2	242.998	123.598	263.067	1.0	0.050980392156862744	0.050980392156862744
U	C5_2	242.694	121.251	262.914	0.5647058823529412	0.5647058823529412	0.5647058823529412
U	C6_2	242.305	120.159	263.576	0.5647058823529412	0.5647058823529412	0.5647058823529412
