U	P_1	124.955	246.828	189.062	1.0	0.5019607843137255	0.0
U	OP1_1	124.226	246.458	190.31	1.0	0.050980392156862744	0.050980392156862744
U	OP2_1	126.246	246.152	188.732	1.0	0.050980392156862744	0.050980392156862744
U	O5'_1	123.956	246.64	187.829	1.0	0.050980392156862744	0.050980392156862744
U	C5'_1	123.975	245.437	187.022	0.5647058823529412	0.5647058823529412	0.5647058823529412
U	C4'_1	123.517	245.745	185.61	0.5647058823529412	0.5647058823529412	0.5647058823529412
U	O4'_1	124.259	246.887	185.106	1.0	0.050980392156862744	0.050980392156862744
U	C3'_1	123.759	244.644	184.584	0.5647058823529412	0.5647058823529412	0.5647058823529412
U	O3'_1	122.708	243.676	184.589	1.0	0.050980392156862744	0.050980392156862744
U	C2'_1	123.842	245.419	183.272	0.5647058823529412	0.5647058823529412	0.5647058823529412
U	O2'_1	122.574	245.74	182.729	1.0	0.050980392156862744	0.050980392156862744
U	C1'_1	124.543	246.703	183.729	0.5647058823529412	0.5647058823529412	0.5647058823529412
U	N1_1	126.004	246.704	183.556	0.18823529411764706	0.3137254901960784	0.9725490196078431
U	C2_1	126.504	247.012	182.299	0.5647058823529412	0.5647058823529412	0.5647058823529412
U	O2_1	125.786	247.255	181.335	1.0	0.050980392156862744	0.050980392156862744
U	N3_1	127.876	247.024	182.212	0.18823529411764706	0.3137254901960784	0.9725490196078431
U	C4_1	128.78	246.765	183.23	0.5647058823529412	0.5647058823529412	0.5647058823529412
U	O4_1	129.987	246.849	182.999	1.0	0.050980392156862744	0.050980392156862744
U	C5_1	128.187	246.446	184.493	0.5647058823529412	0.5647058823529412	0.5647058823529412
U	C6_1	126.854	246.422	184.609	0.5647058823529412	0.5647058823529412	0.5647058823529412
A	P_2	134.595	248.901	172.94	1.0	0.5019607843137255	0.0
A	OP1_2	134.824	249.765	171.74	1.0	0.050980392156862744	0.050980392156862744
A	OP2_2	135.133	249.323	174.262	1.0	0.050980392156862744	0.050980392156862744
A	O5'_2	133.024	248.667	173.103	1.0	0.050980392156862744	0.050980392156862744
A	C5'_2	132.178	248.431	171.954	0.5647058823529412	0.5647058823529412	0.5647058823529412
A	C4'_2	130.723	248.405	172.371	0.5647058823529412	0.5647058823529412	0.5647058823529412
A	O4'_2	130.499	247.288	173.277	1.0	0.050980392156862744	0.050980392156862744
A	C3'_2	130.229	249.618	173.148	0.5647058823529412	0.5647058823529412	0.5647058823529412
A	O3'_2	129.881	250.701	172.289	1.0	0.050980392156862744	0.050980392156862744
A	C2'_2	129.031	249.056	173.903	0.5647058823529412	0.5647058823529412	0.5647058823529412
A	O2'_2	127.869	248.951	173.104	1.0	0.050980392156862744	0.050980392156862744
A	C1'_2	129.534	247.653	174.255	0.5647058823529412	0.5647058823529412	0.5647058823529412
A	N9_2	130.162	247.576	175.576	0.18823529411764706	0.3137254901960784	0.9725490196078431
A	C8_2	131.506	247.606	175.877	0.5647058823529412	0.5647058823529412	0.5647058823529412
A	N7_2	131.764	247.504	177.16	0.18823529411764706	0.3137254901960784	0.9725490196078431
A	C5_2	130.508	247.405	177.747	0.5647058823529412	0.5647058823529412	0.5647058823529412
A	C6_2	130.097	247.269	179.089	0.5647058823529412	0.5647058823529412	0.5647058823529412
A	N6_2	130.941	247.212	180.122	0.18823529411764706	0.3137254901960784	0.9725490196078431
A	N1_2	128.771	247.194	179.335	0.18823529411764706	0.3137254901960784	0.9725490196078431
A	C2_2	127.922	247.259	178.299	0.5647058823529412	0.5647058823529412	0.5647058823529412
A	N3_2	128.184	247.385	176.997	0.18823529411764706	0.3137254901960784	0.9725490196078431
A	C4_2	129.511	247.451	176.784	0.5647058823529412	0.5647058823529412	0.5647058823529412
