A	P_1	25.912	10.685	5.253	1.0	0.5019607843137255	0.0
A	OP1_1	26.555	9.772	6.232	1.0	0.050980392156862744	0.050980392156862744
A	OP2_1	24.914	11.676	5.731	1.0	0.050980392156862744	0.050980392156862744
A	O5'_1	27.053	11.49	4.486	1.0	0.050980392156862744	0.050980392156862744
A	C5'_1	28.135	10.799	3.861	0.5647058823529412	0.5647058823529412	0.5647058823529412
A	C4'_1	28.38	11.328	2.464	0.5647058823529412	0.5647058823529412	0.5647058823529412
A	O4'_1	27.239	11.04	1.61	1.0	0.050980392156862744	0.050980392156862744
A	C3'_1	28.546	12.83	2.313	0.5647058823529412	0.5647058823529412	0.5647058823529412
A	O3'_1	29.834	13.29	2.697	1.0	0.050980392156862744	0.050980392156862744
A	C2'_1	28.291	13.01	0.824	0.5647058823529412	0.5647058823529412	0.5647058823529412
A	O2'_1	29.373	12.613	0.009	1.0	0.050980392156862744	0.050980392156862744
A	C1'_1	27.122	12.052	0.618	0.5647058823529412	0.5647058823529412	0.5647058823529412
A	N9_1	25.864	12.764	0.82	0.18823529411764706	0.3137254901960784	0.9725490196078431
A	C8_1	25.095	12.831	1.953	0.5647058823529412	0.5647058823529412	0.5647058823529412
A	N7_1	24.032	13.586	1.824	0.18823529411764706	0.3137254901960784	0.9725490196078431
A	C5_1	24.103	14.043	0.514	0.5647058823529412	0.5647058823529412	0.5647058823529412
A	C6_1	23.27	14.892	-0.244	0.5647058823529412	0.5647058823529412	0.5647058823529412
A	N6_1	22.151	15.45	0.229	0.18823529411764706	0.3137254901960784	0.9725490196078431
A	N1_1	23.631	15.15	-1.52	0.18823529411764706	0.3137254901960784	0.9725490196078431
A	C2_1	24.751	14.59	-1.993	0.5647058823529412	0.5647058823529412	0.5647058823529412
A	N3_1	25.612	13.778	-1.382	0.18823529411764706	0.3137254901960784	0.9725490196078431
A	C4_1	25.225	13.541	-0.116	0.5647058823529412	0.5647058823529412	0.5647058823529412
G	P_2	13.776	19.14	-0.073	1.0	0.5019607843137255	0.0
G	OP1_2	13.241	19.54	-1.401	1.0	0.050980392156862744	0.050980392156862744
G	OP2_2	13.015	18.17	0.766	1.0	0.050980392156862744	0.050980392156862744
G	O5'_2	15.245	18.553	-0.287	1.0	0.050980392156862744	0.050980392156862744
G	C5'_2	16.14	19.109	-1.257	0.5647058823529412	0.5647058823529412	0.5647058823529412
G	C4'_2	17.373	18.237	-1.397	0.5647058823529412	0.5647058823529412	0.5647058823529412
G	O4'_2	18.097	18.225	-0.138	1.0	0.050980392156862744	0.050980392156862744
G	C3'_2	17.109	16.767	-1.703	0.5647058823529412	0.5647058823529412	0.5647058823529412
G	O3'_2	16.963	16.551	-3.108	1.0	0.050980392156862744	0.050980392156862744
G	C2'_2	18.358	16.087	-1.152	0.5647058823529412	0.5647058823529412	0.5647058823529412
G	O2'_2	19.46	16.127	-2.036	1.0	0.050980392156862744	0.050980392156862744
G	C1'_2	18.651	16.939	0.086	0.5647058823529412	0.5647058823529412	0.5647058823529412
G	N9_2	18.072	16.393	1.311	0.18823529411764706	0.3137254901960784	0.9725490196078431
G	C8_2	16.832	16.668	1.841	0.5647058823529412	0.5647058823529412	0.5647058823529412
G	N7_2	16.589	16.013	2.944	0.18823529411764706	0.3137254901960784	0.9725490196078431
G	C5_2	17.737	15.263	3.157	0.5647058823529412	0.5647058823529412	0.5647058823529412
G	C6_2	18.061	14.356	4.199	0.5647058823529412	0.5647058823529412	0.5647058823529412
G	O6_2	17.376	14.021	5.172	1.0	0.050980392156862744	0.050980392156862744
G	N1_2	19.333	13.82	4.03	0.18823529411764706	0.3137254901960784	0.9725490196078431
G	C2_2	20.184	14.116	2.994	0.5647058823529412	0.5647058823529412	0.5647058823529412
G	N2_2	21.369	13.498	3.012	0.18823529411764706	0.3137254901960784	0.9725490196078431
G	N3_2	19.894	14.956	2.016	0.18823529411764706	0.3137254901960784	0.9725490196078431
G	C4_2	18.663	15.49	2.16	0.5647058823529412	0.5647058823529412	0.5647058823529412
