A	P_1	248.787	127.414	210.335	1.0	0.5019607843137255	0.0
A	OP1_1	249.05	128.79	209.829	1.0	0.050980392156862744	0.050980392156862744
A	OP2_1	249.716	126.312	209.968	1.0	0.050980392156862744	0.050980392156862744
A	O5'_1	248.691	127.486	211.927	1.0	0.050980392156862744	0.050980392156862744
A	C5'_1	247.951	128.539	212.577	0.5647058823529412	0.5647058823529412	0.5647058823529412
A	C4'_1	247.662	128.169	214.018	0.5647058823529412	0.5647058823529412	0.5647058823529412
A	O4'_1	246.829	126.978	214.055	1.0	0.050980392156862744	0.050980392156862744
A	C3'_1	248.86	127.807	214.889	0.5647058823529412	0.5647058823529412	0.5647058823529412
A	O3'_1	249.511	128.972	215.406	1.0	0.050980392156862744	0.050980392156862744
A	C2'_1	248.211	126.982	215.999	0.5647058823529412	0.5647058823529412	0.5647058823529412
A	O2'_1	247.597	127.768	217.0	1.0	0.050980392156862744	0.050980392156862744
A	C1'_1	247.128	126.226	215.223	0.5647058823529412	0.5647058823529412	0.5647058823529412
A	N9_1	247.547	124.88	214.831	0.18823529411764706	0.3137254901960784	0.9725490196078431
A	C8_1	248.271	124.491	213.724	0.5647058823529412	0.5647058823529412	0.5647058823529412
A	N7_1	248.513	123.202	213.678	0.18823529411764706	0.3137254901960784	0.9725490196078431
A	C5_1	247.907	122.708	214.826	0.5647058823529412	0.5647058823529412	0.5647058823529412
A	C6_1	247.822	121.414	215.363	0.5647058823529412	0.5647058823529412	0.5647058823529412
A	N6_1	248.38	120.343	214.795	0.18823529411764706	0.3137254901960784	0.9725490196078431
A	N1_1	247.141	121.255	216.52	0.18823529411764706	0.3137254901960784	0.9725490196078431
A	C2_1	246.597	122.337	217.097	0.5647058823529412	0.5647058823529412	0.5647058823529412
A	N3_1	246.619	123.606	216.696	0.18823529411764706	0.3137254901960784	0.9725490196078431
A	C4_1	247.298	123.726	215.54	0.5647058823529412	0.5647058823529412	0.5647058823529412
G	P_2	251.509	112.127	213.969	1.0	0.5019607843137255	0.0
G	OP1_2	251.338	111.244	215.161	1.0	0.050980392156862744	0.050980392156862744
G	OP2_2	251.176	111.608	212.617	1.0	0.050980392156862744	0.050980392156862744
G	O5'_2	250.68	113.47	214.207	1.0	0.050980392156862744	0.050980392156862744
G	C5'_2	250.53	114.034	215.527	0.5647058823529412	0.5647058823529412	0.5647058823529412
G	C4'_2	249.755	115.334	215.46	0.5647058823529412	0.5647058823529412	0.5647058823529412
G	O4'_2	250.555	116.358	214.809	1.0	0.050980392156862744	0.050980392156862744
G	C3'_2	248.463	115.307	214.654	0.5647058823529412	0.5647058823529412	0.5647058823529412
G	O3'_2	247.377	114.758	215.399	1.0	0.050980392156862744	0.050980392156862744
G	C2'_2	248.257	116.784	214.336	0.5647058823529412	0.5647058823529412	0.5647058823529412
G	O2'_2	247.701	117.505	215.419	1.0	0.050980392156862744	0.050980392156862744
G	C1'_2	249.7	117.25	214.106	0.5647058823529412	0.5647058823529412	0.5647058823529412
G	N9_2	250.098	117.28	212.698	0.18823529411764706	0.3137254901960784	0.9725490196078431
G	C8_2	250.593	116.234	211.953	0.5647058823529412	0.5647058823529412	0.5647058823529412
G	N7_2	250.869	116.566	210.72	0.18823529411764706	0.3137254901960784	0.9725490196078431
G	C5_2	250.535	117.914	210.64	0.5647058823529412	0.5647058823529412	0.5647058823529412
G	C6_2	250.619	118.825	209.543	0.5647058823529412	0.5647058823529412	0.5647058823529412
G	O6_2	251.017	118.609	208.391	1.0	0.050980392156862744	0.050980392156862744
G	N1_2	250.175	120.098	209.901	0.18823529411764706	0.3137254901960784	0.9725490196078431
G	C2_2	249.711	120.451	211.147	0.5647058823529412	0.5647058823529412	0.5647058823529412
G	N2_2	249.335	121.73	211.294	0.18823529411764706	0.3137254901960784	0.9725490196078431
G	N3_2	249.625	119.613	212.174	0.18823529411764706	0.3137254901960784	0.9725490196078431
G	C4_2	250.053	118.372	211.852	0.5647058823529412	0.5647058823529412	0.5647058823529412
