G	P_1	153.557	260.932	209.866	1.0	0.5019607843137255	0.0
G	OP1_1	153.14	261.843	210.982	1.0	0.050980392156862744	0.050980392156862744
G	OP2_1	154.888	260.264	209.922	1.0	0.050980392156862744	0.050980392156862744
G	O5'_1	152.437	259.815	209.666	1.0	0.050980392156862744	0.050980392156862744
G	C5'_1	151.061	260.191	209.481	0.5647058823529412	0.5647058823529412	0.5647058823529412
G	C4'_1	150.318	259.132	208.703	0.5647058823529412	0.5647058823529412	0.5647058823529412
G	O4'_1	150.918	258.975	207.392	1.0	0.050980392156862744	0.050980392156862744
G	C3'_1	150.366	257.714	209.249	0.5647058823529412	0.5647058823529412	0.5647058823529412
G	O3'_1	149.476	257.541	210.355	1.0	0.050980392156862744	0.050980392156862744
G	C2'_1	149.918	256.911	208.03	0.5647058823529412	0.5647058823529412	0.5647058823529412
G	O2'_1	148.516	256.941	207.841	1.0	0.050980392156862744	0.050980392156862744
G	C1'_1	150.586	257.689	206.889	0.5647058823529412	0.5647058823529412	0.5647058823529412
G	N9_1	151.79	257.052	206.359	0.18823529411764706	0.3137254901960784	0.9725490196078431
G	C8_1	153.05	257.055	206.914	0.5647058823529412	0.5647058823529412	0.5647058823529412
G	N7_1	153.926	256.392	206.204	0.18823529411764706	0.3137254901960784	0.9725490196078431
G	C5_1	153.203	255.921	205.114	0.5647058823529412	0.5647058823529412	0.5647058823529412
G	C6_1	153.617	255.129	204.004	0.5647058823529412	0.5647058823529412	0.5647058823529412
G	O6_1	154.748	254.684	203.752	1.0	0.050980392156862744	0.050980392156862744
G	N1_1	152.557	254.867	203.135	0.18823529411764706	0.3137254901960784	0.9725490196078431
G	C2_1	151.265	255.31	203.307	0.5647058823529412	0.5647058823529412	0.5647058823529412
G	N2_1	150.379	254.951	202.358	0.18823529411764706	0.3137254901960784	0.9725490196078431
G	N3_1	150.868	256.052	204.335	0.18823529411764706	0.3137254901960784	0.9725490196078431
G	C4_1	151.882	256.317	205.194	0.5647058823529412	0.5647058823529412	0.5647058823529412
A	P_2	148.219	255.263	196.74	1.0	0.5019607843137255	0.0
A	OP1_2	148.203	255.7	195.313	1.0	0.050980392156862744	0.050980392156862744
A	OP2_2	149.451	255.46	197.554	1.0	0.050980392156862744	0.050980392156862744
A	O5'_2	147.003	255.973	197.487	1.0	0.050980392156862744	0.050980392156862744
A	C5'_2	145.666	255.922	196.94	0.5647058823529412	0.5647058823529412	0.5647058823529412
A	C4'_2	144.685	256.587	197.883	0.5647058823529412	0.5647058823529412	0.5647058823529412
A	O4'_2	144.656	255.859	199.138	1.0	0.050980392156862744	0.050980392156862744
A	C3'_2	145.002	258.023	198.281	0.5647058823529412	0.5647058823529412	0.5647058823529412
A	O3'_2	144.528	258.944	197.291	1.0	0.050980392156862744	0.050980392156862744
A	C2'_2	144.255	258.164	199.606	0.5647058823529412	0.5647058823529412	0.5647058823529412
A	O2'_2	142.874	258.425	199.448	1.0	0.050980392156862744	0.050980392156862744
A	C1'_2	144.427	256.764	200.207	0.5647058823529412	0.5647058823529412	0.5647058823529412
A	N9_2	145.53	256.644	201.163	0.18823529411764706	0.3137254901960784	0.9725490196078431
A	C8_2	146.795	256.144	200.952	0.5647058823529412	0.5647058823529412	0.5647058823529412
A	N7_2	147.559	256.168	202.018	0.18823529411764706	0.3137254901960784	0.9725490196078431
A	C5_2	146.746	256.725	202.998	0.5647058823529412	0.5647058823529412	0.5647058823529412
A	C6_2	146.97	257.025	204.357	0.5647058823529412	0.5647058823529412	0.5647058823529412
A	N6_2	148.13	256.804	204.979	0.18823529411764706	0.3137254901960784	0.9725490196078431
A	N1_2	145.949	257.571	205.06	0.18823529411764706	0.3137254901960784	0.9725490196078431
A	C2_2	144.787	257.801	204.43	0.5647058823529412	0.5647058823529412	0.5647058823529412
A	N3_2	144.454	257.564	203.155	0.18823529411764706	0.3137254901960784	0.9725490196078431
A	C4_2	145.491	257.02	202.487	0.5647058823529412	0.5647058823529412	0.5647058823529412
