A	P_1	179.596	205.445	209.16	1.0	0.5019607843137255	0.0
A	OP1_1	178.5	206.401	208.832	1.0	0.050980392156862744	0.050980392156862744
A	OP2_1	180.339	204.774	208.059	1.0	0.050980392156862744	0.050980392156862744
A	O5'_1	180.65	206.189	210.095	1.0	0.050980392156862744	0.050980392156862744
A	C5'_1	180.21	206.977	211.219	0.5647058823529412	0.5647058823529412	0.5647058823529412
A	C4'_1	181.399	207.532	211.97	0.5647058823529412	0.5647058823529412	0.5647058823529412
A	O4'_1	182.152	206.446	212.569	1.0	0.050980392156862744	0.050980392156862744
A	C3'_1	182.425	208.282	211.137	0.5647058823529412	0.5647058823529412	0.5647058823529412
A	O3'_1	182.015	209.628	210.901	1.0	0.050980392156862744	0.050980392156862744
A	C2'_1	183.672	208.19	212.008	0.5647058823529412	0.5647058823529412	0.5647058823529412
A	O2'_1	183.669	209.116	213.077	1.0	0.050980392156862744	0.050980392156862744
A	C1'_1	183.533	206.776	212.581	0.5647058823529412	0.5647058823529412	0.5647058823529412
A	N9_1	184.259	205.758	211.819	0.18823529411764706	0.3137254901960784	0.9725490196078431
A	C8_1	183.747	204.812	210.957	0.5647058823529412	0.5647058823529412	0.5647058823529412
A	N7_1	184.657	204.025	210.432	0.18823529411764706	0.3137254901960784	0.9725490196078431
A	C5_1	185.849	204.483	210.978	0.5647058823529412	0.5647058823529412	0.5647058823529412
A	C6_1	187.188	204.067	210.816	0.5647058823529412	0.5647058823529412	0.5647058823529412
A	N6_1	187.557	203.05	210.023	0.18823529411764706	0.3137254901960784	0.9725490196078431
A	N1_1	188.146	204.739	211.504	0.18823529411764706	0.3137254901960784	0.9725490196078431
A	C2_1	187.772	205.757	212.295	0.5647058823529412	0.5647058823529412	0.5647058823529412
A	N3_1	186.545	206.242	212.528	0.18823529411764706	0.3137254901960784	0.9725490196078431
A	C4_1	185.62	205.553	211.832	0.5647058823529412	0.5647058823529412	0.5647058823529412
G	P_2	192.502	196.946	206.0	1.0	0.5019607843137255	0.0
G	OP1_2	193.891	196.706	206.531	1.0	0.050980392156862744	0.050980392156862744
G	OP2_2	191.557	195.791	205.864	1.0	0.050980392156862744	0.050980392156862744
G	O5'_2	191.785	198.053	206.906	1.0	0.050980392156862744	0.050980392156862744
G	C5'_2	192.522	199.16	207.484	0.5647058823529412	0.5647058823529412	0.5647058823529412
G	C4'_2	191.617	199.988	208.381	0.5647058823529412	0.5647058823529412	0.5647058823529412
G	O4'_2	190.631	200.707	207.58	1.0	0.050980392156862744	0.050980392156862744
G	C3'_2	190.768	199.194	209.361	0.5647058823529412	0.5647058823529412	0.5647058823529412
G	O3'_2	191.481	198.762	210.509	1.0	0.050980392156862744	0.050980392156862744
G	C2'_2	189.634	200.161	209.666	0.5647058823529412	0.5647058823529412	0.5647058823529412
G	O2'_2	190.017	201.184	210.562	1.0	0.050980392156862744	0.050980392156862744
G	C1'_2	189.386	200.758	208.279	0.5647058823529412	0.5647058823529412	0.5647058823529412
G	N9_2	188.398	199.992	207.517	0.18823529411764706	0.3137254901960784	0.9725490196078431
G	C8_2	188.645	198.89	206.726	0.5647058823529412	0.5647058823529412	0.5647058823529412
G	N7_2	187.57	198.405	206.166	0.18823529411764706	0.3137254901960784	0.9725490196078431
G	C5_2	186.549	199.235	206.609	0.5647058823529412	0.5647058823529412	0.5647058823529412
G	C6_2	185.156	199.206	206.323	0.5647058823529412	0.5647058823529412	0.5647058823529412
G	O6_2	184.529	198.412	205.6	1.0	0.050980392156862744	0.050980392156862744
G	N1_2	184.482	200.235	206.977	0.18823529411764706	0.3137254901960784	0.9725490196078431
G	C2_2	185.069	201.167	207.801	0.5647058823529412	0.5647058823529412	0.5647058823529412
G	N2_2	184.24	202.075	208.352	0.18823529411764706	0.3137254901960784	0.9725490196078431
G	N3_2	186.368	201.207	208.072	0.18823529411764706	0.3137254901960784	0.9725490196078431
G	C4_2	187.042	200.22	207.446	0.5647058823529412	0.5647058823529412	0.5647058823529412
