G	P_1	109.178	186.079	200.786	1.0	0.5019607843137255	0.0
G	OP1_1	110.242	186.277	201.808	1.0	0.050980392156862744	0.050980392156862744
G	OP2_1	107.752	186.018	201.214	1.0	0.050980392156862744	0.050980392156862744
G	O5'_1	109.324	187.242	199.71	1.0	0.050980392156862744	0.050980392156862744
G	C5'_1	110.619	187.649	199.235	0.5647058823529412	0.5647058823529412	0.5647058823529412
G	C4'_1	110.519	188.988	198.546	0.5647058823529412	0.5647058823529412	0.5647058823529412
G	O4'_1	109.72	188.857	197.337	1.0	0.050980392156862744	0.050980392156862744
G	C3'_1	109.816	190.08	199.341	0.5647058823529412	0.5647058823529412	0.5647058823529412
G	O3'_1	110.7	190.709	200.269	1.0	0.050980392156862744	0.050980392156862744
G	C2'_1	109.348	191.03	198.246	0.5647058823529412	0.5647058823529412	0.5647058823529412
G	O2'_1	110.38	191.875	197.78	1.0	0.050980392156862744	0.050980392156862744
G	C1'_1	108.973	190.049	197.13	0.5647058823529412	0.5647058823529412	0.5647058823529412
G	N9_1	107.55	189.713	197.048	0.18823529411764706	0.3137254901960784	0.9725490196078431
G	C8_1	106.982	188.46	197.149	0.5647058823529412	0.5647058823529412	0.5647058823529412
G	N7_1	105.683	188.47	197.01	0.18823529411764706	0.3137254901960784	0.9725490196078431
G	C5_1	105.366	189.809	196.81	0.5647058823529412	0.5647058823529412	0.5647058823529412
G	C6_1	104.109	190.43	196.596	0.5647058823529412	0.5647058823529412	0.5647058823529412
G	O6_1	102.993	189.905	196.538	1.0	0.050980392156862744	0.050980392156862744
G	N1_1	104.24	191.806	196.44	0.18823529411764706	0.3137254901960784	0.9725490196078431
G	C2_1	105.425	192.499	196.486	0.5647058823529412	0.5647058823529412	0.5647058823529412
G	N2_1	105.34	193.827	196.324	0.18823529411764706	0.3137254901960784	0.9725490196078431
G	N3_1	106.607	191.932	196.681	0.18823529411764706	0.3137254901960784	0.9725490196078431
G	C4_1	106.504	190.593	196.834	0.5647058823529412	0.5647058823529412	0.5647058823529412
A	P_2	93.144	193.574	195.619	1.0	0.5019607843137255	0.0
A	OP1_2	91.875	194.206	195.155	1.0	0.050980392156862744	0.050980392156862744
A	OP2_2	93.679	192.384	194.901	1.0	0.050980392156862744	0.050980392156862744
A	O5'_2	94.267	194.702	195.625	1.0	0.050980392156862744	0.050980392156862744
A	C5'_2	94.033	195.994	196.235	0.5647058823529412	0.5647058823529412	0.5647058823529412
A	C4'_2	95.316	196.793	196.239	0.5647058823529412	0.5647058823529412	0.5647058823529412
A	O4'_2	96.29	196.105	197.068	1.0	0.050980392156862744	0.050980392156862744
A	C3'_2	95.975	196.912	194.869	0.5647058823529412	0.5647058823529412	0.5647058823529412
A	O3'_2	95.471	198.04	194.157	1.0	0.050980392156862744	0.050980392156862744
A	C2'_2	97.456	197.04	195.205	0.5647058823529412	0.5647058823529412	0.5647058823529412
A	O2'_2	97.832	198.356	195.552	1.0	0.050980392156862744	0.050980392156862744
A	C1'_2	97.563	196.143	196.443	0.5647058823529412	0.5647058823529412	0.5647058823529412
A	N9_2	97.974	194.762	196.183	0.18823529411764706	0.3137254901960784	0.9725490196078431
A	C8_2	97.188	193.687	195.843	0.5647058823529412	0.5647058823529412	0.5647058823529412
A	N7_2	97.851	192.561	195.74	0.18823529411764706	0.3137254901960784	0.9725490196078431
A	C5_2	99.162	192.921	196.019	0.5647058823529412	0.5647058823529412	0.5647058823529412
A	C6_2	100.355	192.179	196.088	0.5647058823529412	0.5647058823529412	0.5647058823529412
A	N6_2	100.42	190.863	195.878	0.18823529411764706	0.3137254901960784	0.9725490196078431
A	N1_2	101.493	192.843	196.389	0.18823529411764706	0.3137254901960784	0.9725490196078431
A	C2_2	101.425	194.164	196.605	0.5647058823529412	0.5647058823529412	0.5647058823529412
A	N3_2	100.365	194.97	196.574	0.18823529411764706	0.3137254901960784	0.9725490196078431
A	C4_2	99.254	194.278	196.275	0.5647058823529412	0.5647058823529412	0.5647058823529412
