G	P_1	111.69	165.259	201.964	1.0	0.5019607843137255	0.0
G	OP1_1	110.817	166.257	202.646	1.0	0.050980392156862744	0.050980392156862744
G	OP2_1	111.112	164.371	200.917	1.0	0.050980392156862744	0.050980392156862744
G	O5'_1	112.931	166.031	201.327	1.0	0.050980392156862744	0.050980392156862744
G	C5'_1	113.589	167.105	202.034	0.5647058823529412	0.5647058823529412	0.5647058823529412
G	C4'_1	114.668	167.713	201.166	0.5647058823529412	0.5647058823529412	0.5647058823529412
G	O4'_1	115.77	166.773	201.027	1.0	0.050980392156862744	0.050980392156862744
G	C3'_1	114.237	168.019	199.739	0.5647058823529412	0.5647058823529412	0.5647058823529412
G	O3'_1	113.553	169.278	199.648	1.0	0.050980392156862744	0.050980392156862744
G	C2'_1	115.564	167.974	198.985	0.5647058823529412	0.5647058823529412	0.5647058823529412
G	O2'_1	116.321	169.156	199.147	1.0	0.050980392156862744	0.050980392156862744
G	C1'_1	116.284	166.825	199.703	0.5647058823529412	0.5647058823529412	0.5647058823529412
G	N9_1	116.088	165.509	199.092	0.18823529411764706	0.3137254901960784	0.9725490196078431
G	C8_1	115.007	164.675	199.273	0.5647058823529412	0.5647058823529412	0.5647058823529412
G	N7_1	115.103	163.552	198.61	0.18823529411764706	0.3137254901960784	0.9725490196078431
G	C5_1	116.319	163.642	197.948	0.5647058823529412	0.5647058823529412	0.5647058823529412
G	C6_1	116.96	162.718	197.081	0.5647058823529412	0.5647058823529412	0.5647058823529412
G	O6_1	116.565	161.603	196.715	1.0	0.050980392156862744	0.050980392156862744
G	N1_1	118.185	163.205	196.63	0.18823529411764706	0.3137254901960784	0.9725490196078431
G	C2_1	118.727	164.423	196.967	0.5647058823529412	0.5647058823529412	0.5647058823529412
G	N2_1	119.926	164.707	196.422	0.18823529411764706	0.3137254901960784	0.9725490196078431
G	N3_1	118.139	165.299	197.777	0.18823529411764706	0.3137254901960784	0.9725490196078431
G	C4_1	116.945	164.845	198.23	0.5647058823529412	0.5647058823529412	0.5647058823529412
A	P_2	125.793	164.49	194.539	1.0	0.5019607843137255	0.0
A	OP1_2	127.209	164.05	194.41	1.0	0.050980392156862744	0.050980392156862744
A	OP2_2	124.884	163.77	195.471	1.0	0.050980392156862744	0.050980392156862744
A	O5'_2	125.78	166.036	194.938	1.0	0.050980392156862744	0.050980392156862744
A	C5'_2	126.662	166.983	194.291	0.5647058823529412	0.5647058823529412	0.5647058823529412
A	C4'_2	126.385	168.391	194.782	0.5647058823529412	0.5647058823529412	0.5647058823529412
A	O4'_2	125.046	168.792	194.387	1.0	0.050980392156862744	0.050980392156862744
A	C3'_2	126.413	168.595	196.292	0.5647058823529412	0.5647058823529412	0.5647058823529412
A	O3'_2	127.741	168.802	196.773	1.0	0.050980392156862744	0.050980392156862744
A	C2'_2	125.551	169.84	196.469	0.5647058823529412	0.5647058823529412	0.5647058823529412
A	O2'_2	126.255	171.036	196.203	1.0	0.050980392156862744	0.050980392156862744
A	C1'_2	124.486	169.63	195.388	0.5647058823529412	0.5647058823529412	0.5647058823529412
A	N9_2	123.255	169.006	195.88	0.18823529411764706	0.3137254901960784	0.9725490196078431
A	C8_2	122.837	167.701	195.718	0.5647058823529412	0.5647058823529412	0.5647058823529412
A	N7_2	121.667	167.447	196.262	0.18823529411764706	0.3137254901960784	0.9725490196078431
A	C5_2	121.291	168.661	196.823	0.5647058823529412	0.5647058823529412	0.5647058823529412
A	C6_2	120.146	169.056	197.54	0.5647058823529412	0.5647058823529412	0.5647058823529412
A	N6_2	119.131	168.234	197.825	0.18823529411764706	0.3137254901960784	0.9725490196078431
A	N1_2	120.079	170.34	197.958	0.18823529411764706	0.3137254901960784	0.9725490196078431
A	C2_2	121.099	171.162	197.671	0.5647058823529412	0.5647058823529412	0.5647058823529412
A	N3_2	122.227	170.91	197.007	0.18823529411764706	0.3137254901960784	0.9725490196078431
A	C4_2	122.262	169.628	196.602	0.5647058823529412	0.5647058823529412	0.5647058823529412
