A	P_1	146.047	230.599	179.607	1.0	0.5019607843137255	0.0
A	OP1_1	147.307	230.257	178.891	1.0	0.050980392156862744	0.050980392156862744
A	OP2_1	146.101	231.023	181.033	1.0	0.050980392156862744	0.050980392156862744
A	O5'_1	145.309	231.742	178.775	1.0	0.050980392156862744	0.050980392156862744
A	C5'_1	145.2	231.67	177.336	0.5647058823529412	0.5647058823529412	0.5647058823529412
A	C4'_1	144.295	232.772	176.826	0.5647058823529412	0.5647058823529412	0.5647058823529412
A	O4'_1	142.963	232.593	177.385	1.0	0.050980392156862744	0.050980392156862744
A	C3'_1	144.7	234.184	177.235	0.5647058823529412	0.5647058823529412	0.5647058823529412
A	O3'_1	145.68	234.726	176.347	1.0	0.050980392156862744	0.050980392156862744
A	C2'_1	143.371	234.934	177.201	0.5647058823529412	0.5647058823529412	0.5647058823529412
A	O2'_1	142.98	235.319	175.894	1.0	0.050980392156862744	0.050980392156862744
A	C1'_1	142.409	233.858	177.72	0.5647058823529412	0.5647058823529412	0.5647058823529412
A	N9_1	142.194	233.883	179.169	0.18823529411764706	0.3137254901960784	0.9725490196078431
A	C8_1	142.966	233.308	180.159	0.5647058823529412	0.5647058823529412	0.5647058823529412
A	N7_1	142.493	233.49	181.372	0.18823529411764706	0.3137254901960784	0.9725490196078431
A	C5_1	141.337	234.237	181.171	0.5647058823529412	0.5647058823529412	0.5647058823529412
A	C6_1	140.367	234.757	182.063	0.5647058823529412	0.5647058823529412	0.5647058823529412
A	N6_1	140.408	234.593	183.39	0.18823529411764706	0.3137254901960784	0.9725490196078431
A	N1_1	139.337	235.458	181.532	0.18823529411764706	0.3137254901960784	0.9725490196078431
A	C2_1	139.289	235.62	180.198	0.5647058823529412	0.5647058823529412	0.5647058823529412
A	N3_1	140.133	235.182	179.261	0.18823529411764706	0.3137254901960784	0.9725490196078431
A	C4_1	141.144	234.49	179.818	0.5647058823529412	0.5647058823529412	0.5647058823529412
G	P_2	135.307	233.903	191.132	1.0	0.5019607843137255	0.0
G	OP1_2	133.82	233.79	191.128	1.0	0.050980392156862744	0.050980392156862744
G	OP2_2	136.101	233.103	192.106	1.0	0.050980392156862744	0.050980392156862744
G	O5'_2	135.835	233.554	189.668	1.0	0.050980392156862744	0.050980392156862744
G	C5'_2	135.253	234.184	188.515	0.5647058823529412	0.5647058823529412	0.5647058823529412
G	C4'_2	136.059	233.872	187.269	0.5647058823529412	0.5647058823529412	0.5647058823529412
G	O4'_2	137.439	234.287	187.459	1.0	0.050980392156862744	0.050980392156862744
G	C3'_2	136.207	232.41	186.859	0.5647058823529412	0.5647058823529412	0.5647058823529412
G	O3'_2	135.035	231.922	186.2	1.0	0.050980392156862744	0.050980392156862744
G	C2'_2	137.383	232.494	185.887	0.5647058823529412	0.5647058823529412	0.5647058823529412
G	O2'_2	137.013	232.965	184.602	1.0	0.050980392156862744	0.050980392156862744
G	C1'_2	138.266	233.551	186.568	0.5647058823529412	0.5647058823529412	0.5647058823529412
G	N9_2	139.364	232.938	187.311	0.18823529411764706	0.3137254901960784	0.9725490196078431
G	C8_2	139.456	232.709	188.667	0.5647058823529412	0.5647058823529412	0.5647058823529412
G	N7_2	140.558	232.091	189.007	0.18823529411764706	0.3137254901960784	0.9725490196078431
G	C5_2	141.238	231.91	187.806	0.5647058823529412	0.5647058823529412	0.5647058823529412
G	C6_2	142.497	231.293	187.534	0.5647058823529412	0.5647058823529412	0.5647058823529412
G	O6_2	143.277	230.759	188.329	1.0	0.050980392156862744	0.050980392156862744
G	N1_2	142.812	231.337	186.174	0.18823529411764706	0.3137254901960784	0.9725490196078431
G	C2_2	142.024	231.903	185.196	0.5647058823529412	0.5647058823529412	0.5647058823529412
G	N2_2	142.505	231.86	183.931	0.18823529411764706	0.3137254901960784	0.9725490196078431
G	N3_2	140.849	232.474	185.438	0.18823529411764706	0.3137254901960784	0.9725490196078431
G	C4_2	140.522	232.441	186.754	0.5647058823529412	0.5647058823529412	0.5647058823529412
