A	P_1	243.883	168.007	181.452	1.0	0.5019607843137255	0.0
A	OP1_1	243.542	169.445	181.269	1.0	0.050980392156862744	0.050980392156862744
A	OP2_1	245.268	167.629	181.861	1.0	0.050980392156862744	0.050980392156862744
A	O5'_1	242.881	167.391	182.53	1.0	0.050980392156862744	0.050980392156862744
A	C5'_1	241.48	167.224	182.23	0.5647058823529412	0.5647058823529412	0.5647058823529412
A	C4'_1	240.796	166.426	183.321	0.5647058823529412	0.5647058823529412	0.5647058823529412
A	O4'_1	241.458	165.143	183.464	1.0	0.050980392156862744	0.050980392156862744
A	C3'_1	240.825	167.019	184.724	0.5647058823529412	0.5647058823529412	0.5647058823529412
A	O3'_1	239.774	167.985	184.857	1.0	0.050980392156862744	0.050980392156862744
A	C2'_1	240.604	165.786	185.606	0.5647058823529412	0.5647058823529412	0.5647058823529412
A	O2'_1	239.245	165.414	185.726	1.0	0.050980392156862744	0.050980392156862744
A	C1'_1	241.336	164.699	184.806	0.5647058823529412	0.5647058823529412	0.5647058823529412
A	N9_1	242.659	164.287	185.289	0.18823529411764706	0.3137254901960784	0.9725490196078431
A	C8_1	243.904	164.664	184.823	0.5647058823529412	0.5647058823529412	0.5647058823529412
A	N7_1	244.902	164.074	185.444	0.18823529411764706	0.3137254901960784	0.9725490196078431
A	C5_1	244.277	163.261	186.385	0.5647058823529412	0.5647058823529412	0.5647058823529412
A	C6_1	244.781	162.363	187.355	0.5647058823529412	0.5647058823529412	0.5647058823529412
A	N6_1	246.084	162.115	187.528	0.18823529411764706	0.3137254901960784	0.9725490196078431
A	N1_1	243.887	161.719	188.142	0.18823529411764706	0.3137254901960784	0.9725490196078431
A	C2_1	242.581	161.955	187.954	0.5647058823529412	0.5647058823529412	0.5647058823529412
A	N3_1	241.985	162.761	187.073	0.18823529411764706	0.3137254901960784	0.9725490196078431
A	C4_1	242.897	163.393	186.31	0.5647058823529412	0.5647058823529412	0.5647058823529412
G	P_2	253.731	157.398	189.345	1.0	0.5019607843137255	0.0
G	OP1_2	253.679	156.358	190.42	1.0	0.050980392156862744	0.050980392156862744
G	OP2_2	254.18	157.014	187.979	1.0	0.050980392156862744	0.050980392156862744
G	O5'_2	252.283	158.065	189.225	1.0	0.050980392156862744	0.050980392156862744
G	C5'_2	251.494	158.381	190.4	0.5647058823529412	0.5647058823529412	0.5647058823529412
G	C4'_2	250.145	158.932	189.988	0.5647058823529412	0.5647058823529412	0.5647058823529412
G	O4'_2	250.344	160.182	189.269	1.0	0.050980392156862744	0.050980392156862744
G	C3'_2	249.345	158.057	189.029	0.5647058823529412	0.5647058823529412	0.5647058823529412
G	O3'_2	248.585	157.055	189.725	1.0	0.050980392156862744	0.050980392156862744
G	C2'_2	248.455	159.077	188.318	0.5647058823529412	0.5647058823529412	0.5647058823529412
G	O2'_2	247.297	159.435	189.052	1.0	0.050980392156862744	0.050980392156862744
G	C1'_2	249.389	160.291	188.223	0.5647058823529412	0.5647058823529412	0.5647058823529412
G	N9_2	250.101	160.369	186.948	0.18823529411764706	0.3137254901960784	0.9725490196078431
G	C8_2	251.366	159.897	186.669	0.5647058823529412	0.5647058823529412	0.5647058823529412
G	N7_2	251.724	160.086	185.425	0.18823529411764706	0.3137254901960784	0.9725490196078431
G	C5_2	250.636	160.725	184.845	0.5647058823529412	0.5647058823529412	0.5647058823529412
G	C6_2	250.439	161.171	183.508	0.5647058823529412	0.5647058823529412	0.5647058823529412
G	O6_2	251.207	161.075	182.545	1.0	0.050980392156862744	0.050980392156862744
G	N1_2	249.193	161.779	183.348	0.18823529411764706	0.3137254901960784	0.9725490196078431
G	C2_2	248.255	161.935	184.345	0.5647058823529412	0.5647058823529412	0.5647058823529412
G	N2_2	247.114	162.561	183.997	0.18823529411764706	0.3137254901960784	0.9725490196078431
G	N3_2	248.423	161.511	185.596	0.18823529411764706	0.3137254901960784	0.9725490196078431
G	C4_2	249.629	160.921	185.773	0.5647058823529412	0.5647058823529412	0.5647058823529412
