G	P_1	232.31	150.987	233.811	1.0	0.5019607843137255	0.0
G	OP1_1	231.076	150.466	234.463	1.0	0.050980392156862744	0.050980392156862744
G	OP2_1	232.543	150.721	232.366	1.0	0.050980392156862744	0.050980392156862744
G	O5'_1	232.374	152.564	234.04	1.0	0.050980392156862744	0.050980392156862744
G	C5'_1	232.166	153.133	235.349	0.5647058823529412	0.5647058823529412	0.5647058823529412
G	C4'_1	232.3	154.639	235.298	0.5647058823529412	0.5647058823529412	0.5647058823529412
G	O4'_1	233.664	155.0	234.949	1.0	0.050980392156862744	0.050980392156862744
G	C3'_1	231.451	155.342	234.25	0.5647058823529412	0.5647058823529412	0.5647058823529412
G	O3'_1	230.114	155.545	234.691	1.0	0.050980392156862744	0.050980392156862744
G	C2'_1	232.206	156.649	234.039	0.5647058823529412	0.5647058823529412	0.5647058823529412
G	O2'_1	231.959	157.601	235.057	1.0	0.050980392156862744	0.050980392156862744
G	C1'_1	233.657	156.171	234.14	0.5647058823529412	0.5647058823529412	0.5647058823529412
G	N9_1	234.263	155.847	232.848	0.18823529411764706	0.3137254901960784	0.9725490196078431
G	C8_1	234.579	154.594	232.366	0.5647058823529412	0.5647058823529412	0.5647058823529412
G	N7_1	235.136	154.623	231.185	0.18823529411764706	0.3137254901960784	0.9725490196078431
G	C5_1	235.185	155.973	230.861	0.5647058823529412	0.5647058823529412	0.5647058823529412
G	C6_1	235.685	156.621	229.699	0.5647058823529412	0.5647058823529412	0.5647058823529412
G	O6_1	236.209	156.111	228.697	1.0	0.050980392156862744	0.050980392156862744
G	N1_1	235.531	158.005	229.777	0.18823529411764706	0.3137254901960784	0.9725490196078431
G	C2_1	234.971	158.679	230.839	0.5647058823529412	0.5647058823529412	0.5647058823529412
G	N2_1	234.917	160.02	230.73	0.18823529411764706	0.3137254901960784	0.9725490196078431
G	N3_1	234.503	158.085	231.93	0.18823529411764706	0.3137254901960784	0.9725490196078431
G	C4_1	234.643	156.743	231.874	0.5647058823529412	0.5647058823529412	0.5647058823529412
A	P_2	226.048	164.878	239.177	1.0	0.5019607843137255	0.0
A	OP1_2	224.691	164.735	238.579	1.0	0.050980392156862744	0.050980392156862744
A	OP2_2	226.263	164.509	240.602	1.0	0.050980392156862744	0.050980392156862744
A	O5'_2	227.054	164.019	238.286	1.0	0.050980392156862744	0.050980392156862744
A	C5'_2	228.478	164.042	238.525	0.5647058823529412	0.5647058823529412	0.5647058823529412
A	C4'_2	229.068	162.671	238.278	0.5647058823529412	0.5647058823529412	0.5647058823529412
A	O4'_2	228.564	162.134	237.025	1.0	0.050980392156862744	0.050980392156862744
A	C3'_2	230.582	162.623	238.14	0.5647058823529412	0.5647058823529412	0.5647058823529412
A	O3'_2	231.217	162.551	239.417	1.0	0.050980392156862744	0.050980392156862744
A	C2'_2	230.793	161.356	237.316	0.5647058823529412	0.5647058823529412	0.5647058823529412
A	O2'_2	230.719	160.179	238.093	1.0	0.050980392156862744	0.050980392156862744
A	C1'_2	229.587	161.403	236.369	0.5647058823529412	0.5647058823529412	0.5647058823529412
A	N9_2	229.831	162.035	235.068	0.18823529411764706	0.3137254901960784	0.9725490196078431
A	C8_2	229.016	162.94	234.423	0.5647058823529412	0.5647058823529412	0.5647058823529412
A	N7_2	229.478	163.339	233.263	0.18823529411764706	0.3137254901960784	0.9725490196078431
A	C5_2	230.678	162.656	233.129	0.5647058823529412	0.5647058823529412	0.5647058823529412
A	C6_2	231.65	162.641	232.105	0.5647058823529412	0.5647058823529412	0.5647058823529412
A	N6_2	231.56	163.366	230.985	0.18823529411764706	0.3137254901960784	0.9725490196078431
A	N1_2	232.728	161.845	232.276	0.18823529411764706	0.3137254901960784	0.9725490196078431
A	C2_2	232.818	161.118	233.403	0.5647058823529412	0.5647058823529412	0.5647058823529412
A	N3_2	231.973	161.046	234.435	0.18823529411764706	0.3137254901960784	0.9725490196078431
A	C4_2	230.91	161.848	234.234	0.5647058823529412	0.5647058823529412	0.5647058823529412
