A	P_1	206.288	190.405	120.702	1.0	0.5019607843137255	0.0
A	OP1_1	204.99	190.121	121.377	1.0	0.050980392156862744	0.050980392156862744
A	OP2_1	207.56	190.118	121.415	1.0	0.050980392156862744	0.050980392156862744
A	O5'_1	206.332	189.614	119.316	1.0	0.050980392156862744	0.050980392156862744
A	C5'_1	207.248	190.032	118.278	0.5647058823529412	0.5647058823529412	0.5647058823529412
A	C4'_1	207.316	189.013	117.163	0.5647058823529412	0.5647058823529412	0.5647058823529412
A	O4'_1	206.01	188.862	116.539	1.0	0.050980392156862744	0.050980392156862744
A	C3'_1	208.229	189.429	116.019	0.5647058823529412	0.5647058823529412	0.5647058823529412
A	O3'_1	209.597	189.138	116.306	1.0	0.050980392156862744	0.050980392156862744
A	C2'_1	207.669	188.64	114.843	0.5647058823529412	0.5647058823529412	0.5647058823529412
A	O2'_1	208.095	187.292	114.823	1.0	0.050980392156862744	0.050980392156862744
A	C1'_1	206.164	188.704	115.132	0.5647058823529412	0.5647058823529412	0.5647058823529412
A	N9_1	205.465	189.814	114.472	0.18823529411764706	0.3137254901960784	0.9725490196078431
A	C8_1	204.526	190.649	115.036	0.5647058823529412	0.5647058823529412	0.5647058823529412
A	N7_1	204.064	191.562	114.214	0.18823529411764706	0.3137254901960784	0.9725490196078431
A	C5_1	204.741	191.316	113.029	0.5647058823529412	0.5647058823529412	0.5647058823529412
A	C6_1	204.698	191.943	111.774	0.5647058823529412	0.5647058823529412	0.5647058823529412
A	N6_1	203.906	192.984	111.493	0.18823529411764706	0.3137254901960784	0.9725490196078431
A	N1_1	205.504	191.461	110.802	0.18823529411764706	0.3137254901960784	0.9725490196078431
A	C2_1	206.292	190.414	111.084	0.5647058823529412	0.5647058823529412	0.5647058823529412
A	N3_1	206.418	189.735	112.223	0.18823529411764706	0.3137254901960784	0.9725490196078431
A	C4_1	205.607	190.242	113.169	0.5647058823529412	0.5647058823529412	0.5647058823529412
G	P_2	199.948	199.689	106.936	1.0	0.5019607843137255	0.0
G	OP1_2	199.724	199.597	105.464	1.0	0.050980392156862744	0.050980392156862744
G	OP2_2	198.851	200.178	107.816	1.0	0.050980392156862744	0.050980392156862744
G	O5'_2	200.403	198.255	107.467	1.0	0.050980392156862744	0.050980392156862744
G	C5'_2	201.462	197.528	106.818	0.5647058823529412	0.5647058823529412	0.5647058823529412
G	C4'_2	201.848	196.314	107.635	0.5647058823529412	0.5647058823529412	0.5647058823529412
G	O4'_2	202.377	196.731	108.927	1.0	0.050980392156862744	0.050980392156862744
G	C3'_2	200.726	195.358	108.009	0.5647058823529412	0.5647058823529412	0.5647058823529412
G	O3'_2	200.369	194.485	106.948	1.0	0.050980392156862744	0.050980392156862744
G	C2'_2	201.339	194.609	109.184	0.5647058823529412	0.5647058823529412	0.5647058823529412
G	O2'_2	202.274	193.625	108.788	1.0	0.050980392156862744	0.050980392156862744
G	C1'_2	202.061	195.747	109.909	0.5647058823529412	0.5647058823529412	0.5647058823529412
G	N9_2	201.182	196.341	110.917	0.18823529411764706	0.3137254901960784	0.9725490196078431
G	C8_2	200.443	197.496	110.806	0.5647058823529412	0.5647058823529412	0.5647058823529412
G	N7_2	199.697	197.733	111.853	0.18823529411764706	0.3137254901960784	0.9725490196078431
G	C5_2	199.973	196.68	112.717	0.5647058823529412	0.5647058823529412	0.5647058823529412
G	C6_2	199.456	196.392	114.007	0.5647058823529412	0.5647058823529412	0.5647058823529412
G	O6_2	198.627	197.034	114.665	1.0	0.050980392156862744	0.050980392156862744
G	N1_2	200.002	195.222	114.526	0.18823529411764706	0.3137254901960784	0.9725490196078431
G	C2_2	200.929	194.431	113.887	0.5647058823529412	0.5647058823529412	0.5647058823529412
G	N2_2	201.336	193.339	114.551	0.18823529411764706	0.3137254901960784	0.9725490196078431
G	N3_2	201.419	194.69	112.685	0.18823529411764706	0.3137254901960784	0.9725490196078431
G	C4_2	200.899	195.82	112.161	0.5647058823529412	0.5647058823529412	0.5647058823529412
