A	P_1	98.728	193.642	247.161	1.0	0.5019607843137255	0.0
A	OP1_1	98.475	192.175	247.213	1.0	0.050980392156862744	0.050980392156862744
A	OP2_1	99.206	194.261	245.892	1.0	0.050980392156862744	0.050980392156862744
A	O5'_1	97.391	194.388	247.6	1.0	0.050980392156862744	0.050980392156862744
A	C5'_1	96.766	194.103	248.87	0.5647058823529412	0.5647058823529412	0.5647058823529412
A	C4'_1	95.65	195.086	249.129	0.5647058823529412	0.5647058823529412	0.5647058823529412
A	O4'_1	96.205	196.423	249.259	1.0	0.050980392156862744	0.050980392156862744
A	C3'_1	94.63	195.211	248.007	0.5647058823529412	0.5647058823529412	0.5647058823529412
A	O3'_1	93.642	194.188	248.082	1.0	0.050980392156862744	0.050980392156862744
A	C2'_1	94.065	196.608	248.231	0.5647058823529412	0.5647058823529412	0.5647058823529412
A	O2'_1	93.11	196.651	249.274	1.0	0.050980392156862744	0.050980392156862744
A	C1'_1	95.321	197.367	248.673	0.5647058823529412	0.5647058823529412	0.5647058823529412
A	N9_1	96.026	198.043	247.58	0.18823529411764706	0.3137254901960784	0.9725490196078431
A	C8_1	97.207	197.675	246.975	0.5647058823529412	0.5647058823529412	0.5647058823529412
A	N7_1	97.608	198.51	246.046	0.18823529411764706	0.3137254901960784	0.9725490196078431
A	C5_1	96.623	199.489	246.03	0.5647058823529412	0.5647058823529412	0.5647058823529412
A	C6_1	96.468	200.661	245.269	0.5647058823529412	0.5647058823529412	0.5647058823529412
A	N6_1	97.346	201.066	244.349	0.18823529411764706	0.3137254901960784	0.9725490196078431
A	N1_1	95.369	201.414	245.493	0.18823529411764706	0.3137254901960784	0.9725490196078431
A	C2_1	94.495	201.01	246.425	0.5647058823529412	0.5647058823529412	0.5647058823529412
A	N3_1	94.533	199.934	247.209	0.18823529411764706	0.3137254901960784	0.9725490196078431
A	C4_1	95.636	199.208	246.96	0.5647058823529412	0.5647058823529412	0.5647058823529412
G	P_2	103.733	199.622	235.892	1.0	0.5019607843137255	0.0
G	OP1_2	103.277	198.716	234.801	1.0	0.050980392156862744	0.050980392156862744
G	OP2_2	104.771	199.154	236.849	1.0	0.050980392156862744	0.050980392156862744
G	O5'_2	104.263	200.956	235.199	1.0	0.050980392156862744	0.050980392156862744
G	C5'_2	104.954	201.975	235.956	0.5647058823529412	0.5647058823529412	0.5647058823529412
G	C4'_2	104.194	203.283	235.885	0.5647058823529412	0.5647058823529412	0.5647058823529412
G	O4'_2	102.994	203.191	236.713	1.0	0.050980392156862744	0.050980392156862744
G	C3'_2	104.951	204.51	236.385	0.5647058823529412	0.5647058823529412	0.5647058823529412
G	O3'_2	104.541	205.637	235.606	1.0	0.050980392156862744	0.050980392156862744
G	C2'_2	104.495	204.617	237.842	0.5647058823529412	0.5647058823529412	0.5647058823529412
G	O2'_2	104.59	205.926	238.364	1.0	0.050980392156862744	0.050980392156862744
G	C1'_2	103.035	204.173	237.739	0.5647058823529412	0.5647058823529412	0.5647058823529412
G	N9_2	102.488	203.576	238.958	0.18823529411764706	0.3137254901960784	0.9725490196078431
G	C8_2	102.94	202.445	239.602	0.5647058823529412	0.5647058823529412	0.5647058823529412
G	N7_2	102.204	202.108	240.628	0.18823529411764706	0.3137254901960784	0.9725490196078431
G	C5_2	101.212	203.08	240.679	0.5647058823529412	0.5647058823529412	0.5647058823529412
G	C6_2	100.109	203.23	241.574	0.5647058823529412	0.5647058823529412	0.5647058823529412
G	O6_2	99.773	202.499	242.52	1.0	0.050980392156862744	0.050980392156862744
G	N1_2	99.358	204.363	241.277	0.18823529411764706	0.3137254901960784	0.9725490196078431
G	C2_2	99.621	205.242	240.256	0.5647058823529412	0.5647058823529412	0.5647058823529412
G	N2_2	98.78	206.288	240.145	0.18823529411764706	0.3137254901960784	0.9725490196078431
G	N3_2	100.638	205.109	239.404	0.18823529411764706	0.3137254901960784	0.9725490196078431
G	C4_2	101.385	204.01	239.672	0.5647058823529412	0.5647058823529412	0.5647058823529412
