A	P_1	265.526	166.377	231.871	1.0	0.5019607843137255	0.0
A	OP1_1	266.604	165.616	231.177	1.0	0.050980392156862744	0.050980392156862744
A	OP2_1	265.684	167.843	232.085	1.0	0.050980392156862744	0.050980392156862744
A	O5'_1	264.161	166.128	231.085	1.0	0.050980392156862744	0.050980392156862744
A	C5'_1	263.769	164.797	230.671	0.5647058823529412	0.5647058823529412	0.5647058823529412
A	C4'_1	262.46	164.852	229.918	0.5647058823529412	0.5647058823529412	0.5647058823529412
A	O4'_1	261.409	165.281	230.822	1.0	0.050980392156862744	0.050980392156862744
A	C3'_1	262.418	165.855	228.775	0.5647058823529412	0.5647058823529412	0.5647058823529412
A	O3'_1	262.963	165.302	227.578	1.0	0.050980392156862744	0.050980392156862744
A	C2'_1	260.932	166.168	228.665	0.5647058823529412	0.5647058823529412	0.5647058823529412
A	O2'_1	260.198	165.183	227.965	1.0	0.050980392156862744	0.050980392156862744
A	C1'_1	260.516	166.147	230.139	0.5647058823529412	0.5647058823529412	0.5647058823529412
A	N9_1	260.58	167.46	230.781	0.18823529411764706	0.3137254901960784	0.9725490196078431
A	C8_1	261.641	168.016	231.461	0.5647058823529412	0.5647058823529412	0.5647058823529412
A	N7_1	261.393	169.211	231.943	0.18823529411764706	0.3137254901960784	0.9725490196078431
A	C5_1	260.083	169.463	231.554	0.5647058823529412	0.5647058823529412	0.5647058823529412
A	C6_1	259.232	170.562	231.761	0.5647058823529412	0.5647058823529412	0.5647058823529412
A	N6_1	259.592	171.655	232.439	0.18823529411764706	0.3137254901960784	0.9725490196078431
A	N1_1	257.984	170.498	231.244	0.18823529411764706	0.3137254901960784	0.9725490196078431
A	C2_1	257.627	169.397	230.566	0.5647058823529412	0.5647058823529412	0.5647058823529412
A	N3_1	258.337	168.298	230.305	0.18823529411764706	0.3137254901960784	0.9725490196078431
A	C4_1	259.572	168.395	230.834	0.5647058823529412	0.5647058823529412	0.5647058823529412
G	P_2	258.614	179.472	236.677	1.0	0.5019607843137255	0.0
G	OP1_2	257.357	180.275	236.75	1.0	0.050980392156862744	0.050980392156862744
G	OP2_2	259.404	179.221	237.917	1.0	0.050980392156862744	0.050980392156862744
G	O5'_2	258.272	178.065	236.004	1.0	0.050980392156862744	0.050980392156862744
G	C5'_2	257.616	177.994	234.715	0.5647058823529412	0.5647058823529412	0.5647058823529412
G	C4'_2	257.778	176.611	234.123	0.5647058823529412	0.5647058823529412	0.5647058823529412
G	O4'_2	259.184	176.345	233.891	1.0	0.050980392156862744	0.050980392156862744
G	C3'_2	257.306	175.463	235.004	0.5647058823529412	0.5647058823529412	0.5647058823529412
G	O3'_2	255.909	175.234	234.816	1.0	0.050980392156862744	0.050980392156862744
G	C2'_2	258.125	174.288	234.476	0.5647058823529412	0.5647058823529412	0.5647058823529412
G	O2'_2	257.58	173.736	233.287	1.0	0.050980392156862744	0.050980392156862744
G	C1'_2	259.453	174.972	234.127	0.5647058823529412	0.5647058823529412	0.5647058823529412
G	N9_2	260.496	174.876	235.147	0.18823529411764706	0.3137254901960784	0.9725490196078431
G	C8_2	260.689	175.724	236.214	0.5647058823529412	0.5647058823529412	0.5647058823529412
G	N7_2	261.742	175.421	236.927	0.18823529411764706	0.3137254901960784	0.9725490196078431
G	C5_2	262.271	174.298	236.306	0.5647058823529412	0.5647058823529412	0.5647058823529412
G	C6_2	263.421	173.53	236.629	0.5647058823529412	0.5647058823529412	0.5647058823529412
G	O6_2	264.23	173.704	237.554	1.0	0.050980392156862744	0.050980392156862744
G	N1_2	263.593	172.468	235.742	0.18823529411764706	0.3137254901960784	0.9725490196078431
G	C2_2	262.764	172.178	234.68	0.5647058823529412	0.5647058823529412	0.5647058823529412
G	N2_2	263.095	171.096	233.948	0.18823529411764706	0.3137254901960784	0.9725490196078431
G	N3_2	261.689	172.896	234.363	0.18823529411764706	0.3137254901960784	0.9725490196078431
G	C4_2	261.505	173.935	235.213	0.5647058823529412	0.5647058823529412	0.5647058823529412
