G	P_1	274.929	231.86	223.861	1.0	0.5019607843137255	0.0
G	OP1_1	274.457	230.975	222.755	1.0	0.050980392156862744	0.050980392156862744
G	OP2_1	276.365	231.843	224.251	1.0	0.050980392156862744	0.050980392156862744
G	O5'_1	274.532	233.36	223.496	1.0	0.050980392156862744	0.050980392156862744
G	C5'_1	273.196	233.692	223.069	0.5647058823529412	0.5647058823529412	0.5647058823529412
G	C4'_1	272.981	235.188	223.137	0.5647058823529412	0.5647058823529412	0.5647058823529412
G	O4'_1	273.095	235.632	224.518	1.0	0.050980392156862744	0.050980392156862744
G	C3'_1	273.998	236.041	222.391	0.5647058823529412	0.5647058823529412	0.5647058823529412
G	O3'_1	273.692	236.142	220.997	1.0	0.050980392156862744	0.050980392156862744
G	C2'_1	273.868	237.384	223.103	0.5647058823529412	0.5647058823529412	0.5647058823529412
G	O2'_1	272.743	238.126	222.673	1.0	0.050980392156862744	0.050980392156862744
G	C1'_1	273.654	236.938	224.554	0.5647058823529412	0.5647058823529412	0.5647058823529412
G	N9_1	274.894	236.896	225.325	0.18823529411764706	0.3137254901960784	0.9725490196078431
G	C8_1	275.728	235.815	225.51	0.5647058823529412	0.5647058823529412	0.5647058823529412
G	N7_1	276.788	236.101	226.217	0.18823529411764706	0.3137254901960784	0.9725490196078431
G	C5_1	276.646	237.448	226.527	0.5647058823529412	0.5647058823529412	0.5647058823529412
G	C6_1	277.499	238.32	227.268	0.5647058823529412	0.5647058823529412	0.5647058823529412
G	O6_1	278.589	238.063	227.807	1.0	0.050980392156862744	0.050980392156862744
G	N1_1	276.969	239.607	227.346	0.18823529411764706	0.3137254901960784	0.9725490196078431
G	C2_1	275.781	240.01	226.781	0.5647058823529412	0.5647058823529412	0.5647058823529412
G	N2_1	275.443	241.296	226.965	0.18823529411764706	0.3137254901960784	0.9725490196078431
G	N3_1	274.982	239.209	226.084	0.18823529411764706	0.3137254901960784	0.9725490196078431
G	C4_1	275.475	237.952	225.997	0.5647058823529412	0.5647058823529412	0.5647058823529412
A	P_2	276.199	247.063	228.816	1.0	0.5019607843137255	0.0
A	OP1_2	276.607	248.182	229.718	1.0	0.050980392156862744	0.050980392156862744
A	OP2_2	276.438	245.655	229.241	1.0	0.050980392156862744	0.050980392156862744
A	O5'_2	274.649	247.232	228.48	1.0	0.050980392156862744	0.050980392156862744
A	C5'_2	274.095	248.52	228.118	0.5647058823529412	0.5647058823529412	0.5647058823529412
A	C4'_2	272.748	248.338	227.453	0.5647058823529412	0.5647058823529412	0.5647058823529412
A	O4'_2	272.924	247.569	226.231	1.0	0.050980392156862744	0.050980392156862744
A	C3'_2	271.723	247.54	228.25	0.5647058823529412	0.5647058823529412	0.5647058823529412
A	O3'_2	271.034	248.352	229.204	1.0	0.050980392156862744	0.050980392156862744
A	C2'_2	270.802	247.007	227.158	0.5647058823529412	0.5647058823529412	0.5647058823529412
A	O2'_2	269.867	247.962	226.697	1.0	0.050980392156862744	0.050980392156862744
A	C1'_2	271.804	246.715	226.039	0.5647058823529412	0.5647058823529412	0.5647058823529412
A	N9_2	272.273	245.329	226.028	0.18823529411764706	0.3137254901960784	0.9725490196078431
A	C8_2	273.312	244.778	226.743	0.5647058823529412	0.5647058823529412	0.5647058823529412
A	N7_2	273.485	243.497	226.519	0.18823529411764706	0.3137254901960784	0.9725490196078431
A	C5_2	272.494	243.182	225.599	0.5647058823529412	0.5647058823529412	0.5647058823529412
A	C6_2	272.141	241.977	224.968	0.5647058823529412	0.5647058823529412	0.5647058823529412
A	N6_2	272.76	240.817	225.196	0.18823529411764706	0.3137254901960784	0.9725490196078431
A	N1_2	271.115	242.004	224.091	0.18823529411764706	0.3137254901960784	0.9725490196078431
A	C2_2	270.481	243.165	223.883	0.5647058823529412	0.5647058823529412	0.5647058823529412
A	N3_2	270.709	244.359	224.426	0.18823529411764706	0.3137254901960784	0.9725490196078431
A	C4_2	271.744	244.301	225.283	0.5647058823529412	0.5647058823529412	0.5647058823529412
