A	P_1	162.427	168.37	246.764	1.0	0.5019607843137255	0.0
A	OP1_1	161.544	167.19	246.964	1.0	0.050980392156862744	0.050980392156862744
A	OP2_1	163.728	168.205	246.056	1.0	0.050980392156862744	0.050980392156862744
A	O5'_1	161.573	169.5	246.032	1.0	0.050980392156862744	0.050980392156862744
A	C5'_1	161.344	169.48	244.607	0.5647058823529412	0.5647058823529412	0.5647058823529412
A	C4'_1	161.256	170.898	244.087	0.5647058823529412	0.5647058823529412	0.5647058823529412
A	O4'_1	162.495	171.593	244.409	1.0	0.050980392156862744	0.050980392156862744
A	C3'_1	161.053	171.084	242.584	0.5647058823529412	0.5647058823529412	0.5647058823529412
A	O3'_1	160.316	172.294	242.392	1.0	0.050980392156862744	0.050980392156862744
A	C2'_1	162.484	171.279	242.085	0.5647058823529412	0.5647058823529412	0.5647058823529412
A	O2'_1	162.572	171.988	240.864	1.0	0.050980392156862744	0.050980392156862744
A	C1'_1	163.071	172.107	243.224	0.5647058823529412	0.5647058823529412	0.5647058823529412
A	N9_1	164.527	172.05	243.344	0.18823529411764706	0.3137254901960784	0.9725490196078431
A	C8_1	165.303	171.058	243.901	0.5647058823529412	0.5647058823529412	0.5647058823529412
A	N7_1	166.589	171.319	243.879	0.18823529411764706	0.3137254901960784	0.9725490196078431
A	C5_1	166.666	172.562	243.26	0.5647058823529412	0.5647058823529412	0.5647058823529412
A	C6_1	167.755	173.39	242.939	0.5647058823529412	0.5647058823529412	0.5647058823529412
A	N6_1	169.025	173.076	243.206	0.18823529411764706	0.3137254901960784	0.9725490196078431
A	N1_1	167.493	174.563	242.324	0.18823529411764706	0.3137254901960784	0.9725490196078431
A	C2_1	166.221	174.871	242.052	0.5647058823529412	0.5647058823529412	0.5647058823529412
A	N3_1	165.111	174.177	242.304	0.18823529411764706	0.3137254901960784	0.9725490196078431
A	C4_1	165.407	173.019	242.919	0.5647058823529412	0.5647058823529412	0.5647058823529412
G	P_2	178.118	173.43	244.081	1.0	0.5019607843137255	0.0
G	OP1_2	179.289	174.263	244.479	1.0	0.050980392156862744	0.050980392156862744
G	OP2_2	177.611	172.381	245.013	1.0	0.050980392156862744	0.050980392156862744
G	O5'_2	176.905	174.409	243.739	1.0	0.050980392156862744	0.050980392156862744
G	C5'_2	175.961	174.8	244.755	0.5647058823529412	0.5647058823529412	0.5647058823529412
G	C4'_2	174.557	174.435	244.33	0.5647058823529412	0.5647058823529412	0.5647058823529412
G	O4'_2	174.521	173.037	243.954	1.0	0.050980392156862744	0.050980392156862744
G	C3'_2	173.496	174.545	245.418	0.5647058823529412	0.5647058823529412	0.5647058823529412
G	O3'_2	173.005	175.885	245.486	1.0	0.050980392156862744	0.050980392156862744
G	C2'_2	172.405	173.592	244.925	0.5647058823529412	0.5647058823529412	0.5647058823529412
G	O2'_2	171.516	174.194	244.008	1.0	0.050980392156862744	0.050980392156862744
G	C1'_2	173.222	172.525	244.186	0.5647058823529412	0.5647058823529412	0.5647058823529412
G	N9_2	173.339	171.214	244.818	0.18823529411764706	0.3137254901960784	0.9725490196078431
G	C8_2	174.467	170.661	245.381	0.5647058823529412	0.5647058823529412	0.5647058823529412
G	N7_2	174.274	169.451	245.833	0.18823529411764706	0.3137254901960784	0.9725490196078431
G	C5_2	172.936	169.19	245.565	0.5647058823529412	0.5647058823529412	0.5647058823529412
G	C6_2	172.157	168.032	245.829	0.5647058823529412	0.5647058823529412	0.5647058823529412
G	O6_2	172.507	166.973	246.37	1.0	0.050980392156862744	0.050980392156862744
G	N1_2	170.844	168.188	245.391	0.18823529411764706	0.3137254901960784	0.9725490196078431
G	C2_2	170.341	169.313	244.78	0.5647058823529412	0.5647058823529412	0.5647058823529412
G	N2_2	169.043	169.274	244.434	0.18823529411764706	0.3137254901960784	0.9725490196078431
G	N3_2	171.058	170.402	244.528	0.18823529411764706	0.3137254901960784	0.9725490196078431
G	C4_2	172.341	170.27	244.944	0.5647058823529412	0.5647058823529412	0.5647058823529412
