G	P_1	242.298	248.896	178.7	1.0	0.5019607843137255	0.0
G	OP1_1	241.169	248.136	179.323	1.0	0.050980392156862744	0.050980392156862744
G	OP2_1	242.004	249.931	177.67	1.0	0.050980392156862744	0.050980392156862744
G	O5'_1	243.142	249.564	179.885	1.0	0.050980392156862744	0.050980392156862744
G	C5'_1	243.138	251.0	180.107	0.5647058823529412	0.5647058823529412	0.5647058823529412
G	C4'_1	244.398	251.613	179.532	0.5647058823529412	0.5647058823529412	0.5647058823529412
G	O4'_1	244.475	251.238	178.138	1.0	0.050980392156862744	0.050980392156862744
G	C3'_1	244.499	253.137	179.495	0.5647058823529412	0.5647058823529412	0.5647058823529412
G	O3'_1	245.0	253.628	180.751	1.0	0.050980392156862744	0.050980392156862744
G	C2'_1	245.524	253.373	178.382	0.5647058823529412	0.5647058823529412	0.5647058823529412
G	O2'_1	246.852	253.278	178.855	1.0	0.050980392156862744	0.050980392156862744
G	C1'_1	245.276	252.175	177.454	0.5647058823529412	0.5647058823529412	0.5647058823529412
G	N9_1	244.723	252.396	176.118	0.18823529411764706	0.3137254901960784	0.9725490196078431
G	C8_1	243.504	251.969	175.64	0.5647058823529412	0.5647058823529412	0.5647058823529412
G	N7_1	243.327	252.232	174.372	0.18823529411764706	0.3137254901960784	0.9725490196078431
G	C5_1	244.489	252.889	173.991	0.5647058823529412	0.5647058823529412	0.5647058823529412
G	C6_1	244.878	253.41	172.726	0.5647058823529412	0.5647058823529412	0.5647058823529412
G	O6_1	244.259	253.373	171.653	1.0	0.050980392156862744	0.050980392156862744
G	N1_1	246.13	254.017	172.784	0.18823529411764706	0.3137254901960784	0.9725490196078431
G	C2_1	246.913	254.105	173.912	0.5647058823529412	0.5647058823529412	0.5647058823529412
G	N2_1	248.092	254.729	173.77	0.18823529411764706	0.3137254901960784	0.9725490196078431
G	N3_1	246.567	253.614	175.096	0.18823529411764706	0.3137254901960784	0.9725490196078431
G	C4_1	245.351	253.023	175.062	0.5647058823529412	0.5647058823529412	0.5647058823529412
A	P_2	251.302	259.265	171.927	1.0	0.5019607843137255	0.0
A	OP1_2	251.306	260.074	170.677	1.0	0.050980392156862744	0.050980392156862744
A	OP2_2	251.025	257.804	171.858	1.0	0.050980392156862744	0.050980392156862744
A	O5'_2	252.703	259.493	172.66	1.0	0.050980392156862744	0.050980392156862744
A	C5'_2	253.606	258.392	172.916	0.5647058823529412	0.5647058823529412	0.5647058823529412
A	C4'_2	254.192	258.502	174.311	0.5647058823529412	0.5647058823529412	0.5647058823529412
A	O4'_2	253.132	258.729	175.281	1.0	0.050980392156862744	0.050980392156862744
A	C3'_2	254.938	257.262	174.796	0.5647058823529412	0.5647058823529412	0.5647058823529412
A	O3'_2	256.313	257.296	174.415	1.0	0.050980392156862744	0.050980392156862744
A	C2'_2	254.72	257.292	176.307	0.5647058823529412	0.5647058823529412	0.5647058823529412
A	O2'_2	255.613	258.151	176.998	1.0	0.050980392156862744	0.050980392156862744
A	C1'_2	253.294	257.851	176.387	0.5647058823529412	0.5647058823529412	0.5647058823529412
A	N9_2	252.238	256.838	176.3	0.18823529411764706	0.3137254901960784	0.9725490196078431
A	C8_2	251.548	256.464	175.17	0.5647058823529412	0.5647058823529412	0.5647058823529412
A	N7_2	250.631	255.552	175.386	0.18823529411764706	0.3137254901960784	0.9725490196078431
A	C5_2	250.728	255.299	176.747	0.5647058823529412	0.5647058823529412	0.5647058823529412
A	C6_2	250.024	254.429	177.593	0.5647058823529412	0.5647058823529412	0.5647058823529412
A	N6_2	249.048	253.624	177.171	0.18823529411764706	0.3137254901960784	0.9725490196078431
A	N1_2	250.359	254.414	178.899	0.18823529411764706	0.3137254901960784	0.9725490196078431
A	C2_2	251.342	255.223	179.316	0.5647058823529412	0.5647058823529412	0.5647058823529412
A	N3_2	252.079	256.088	178.618	0.18823529411764706	0.3137254901960784	0.9725490196078431
A	C4_2	251.717	256.079	177.323	0.5647058823529412	0.5647058823529412	0.5647058823529412
