G	P_1	218.784	272.019	155.243	1.0	0.5019607843137255	0.0
G	OP1_1	219.382	270.663	155.07	1.0	0.050980392156862744	0.050980392156862744
G	OP2_1	218.771	272.969	154.099	1.0	0.050980392156862744	0.050980392156862744
G	O5'_1	217.29	271.853	155.777	1.0	0.050980392156862744	0.050980392156862744
G	C5'_1	216.996	270.995	156.899	0.5647058823529412	0.5647058823529412	0.5647058823529412
G	C4'_1	215.61	271.278	157.439	0.5647058823529412	0.5647058823529412	0.5647058823529412
G	O4'_1	215.558	272.613	158.01	1.0	0.050980392156862744	0.050980392156862744
G	C3'_1	214.462	271.286	156.441	0.5647058823529412	0.5647058823529412	0.5647058823529412
G	O3'_1	214.04	269.974	156.073	1.0	0.050980392156862744	0.050980392156862744
G	C2'_1	213.386	272.039	157.217	0.5647058823529412	0.5647058823529412	0.5647058823529412
G	O2'_1	212.716	271.233	158.165	1.0	0.050980392156862744	0.050980392156862744
G	C1'_1	214.221	273.097	157.947	0.5647058823529412	0.5647058823529412	0.5647058823529412
G	N9_1	214.199	274.378	157.245	0.18823529411764706	0.3137254901960784	0.9725490196078431
G	C8_1	215.11	274.856	156.33	0.5647058823529412	0.5647058823529412	0.5647058823529412
G	N7_1	214.767	276.008	155.819	0.18823529411764706	0.3137254901960784	0.9725490196078431
G	C5_1	213.566	276.316	156.445	0.5647058823529412	0.5647058823529412	0.5647058823529412
G	C6_1	212.711	277.434	156.286	0.5647058823529412	0.5647058823529412	0.5647058823529412
G	O6_1	212.84	278.399	155.524	1.0	0.050980392156862744	0.050980392156862744
G	N1_1	211.603	277.354	157.126	0.18823529411764706	0.3137254901960784	0.9725490196078431
G	C2_1	211.346	276.323	158.0	0.5647058823529412	0.5647058823529412	0.5647058823529412
G	N2_1	210.221	276.427	158.728	0.18823529411764706	0.3137254901960784	0.9725490196078431
G	N3_1	212.131	275.27	158.149	0.18823529411764706	0.3137254901960784	0.9725490196078431
G	C4_1	213.215	275.332	157.345	0.5647058823529412	0.5647058823529412	0.5647058823529412
A	P_2	205.694	276.723	159.324	1.0	0.5019607843137255	0.0
A	OP1_2	204.543	277.665	159.426	1.0	0.050980392156862744	0.050980392156862744
A	OP2_2	207.035	277.24	158.939	1.0	0.050980392156862744	0.050980392156862744
A	O5'_2	205.841	275.965	160.719	1.0	0.050980392156862744	0.050980392156862744
A	C5'_2	204.682	275.56	161.483	0.5647058823529412	0.5647058823529412	0.5647058823529412
A	C4'_2	205.116	274.874	162.761	0.5647058823529412	0.5647058823529412	0.5647058823529412
A	O4'_2	205.855	273.667	162.426	1.0	0.050980392156862744	0.050980392156862744
A	C3'_2	206.08	275.67	163.629	0.5647058823529412	0.5647058823529412	0.5647058823529412
A	O3'_2	205.395	276.598	164.47	1.0	0.050980392156862744	0.050980392156862744
A	C2'_2	206.791	274.574	164.413	0.5647058823529412	0.5647058823529412	0.5647058823529412
A	O2'_2	206.02	274.069	165.485	1.0	0.050980392156862744	0.050980392156862744
A	C1'_2	206.923	273.487	163.346	0.5647058823529412	0.5647058823529412	0.5647058823529412
A	N9_2	208.181	273.554	162.601	0.18823529411764706	0.3137254901960784	0.9725490196078431
A	C8_2	208.464	274.324	161.496	0.5647058823529412	0.5647058823529412	0.5647058823529412
A	N7_2	209.676	274.157	161.032	0.18823529411764706	0.3137254901960784	0.9725490196078431
A	C5_2	210.234	273.218	161.888	0.5647058823529412	0.5647058823529412	0.5647058823529412
A	C6_2	211.501	272.619	161.928	0.5647058823529412	0.5647058823529412	0.5647058823529412
A	N6_2	212.47	272.892	161.051	0.18823529411764706	0.3137254901960784	0.9725490196078431
A	N1_2	211.742	271.723	162.91	0.18823529411764706	0.3137254901960784	0.9725490196078431
A	C2_2	210.765	271.461	163.79	0.5647058823529412	0.5647058823529412	0.5647058823529412
A	N3_2	209.535	271.959	163.856	0.18823529411764706	0.3137254901960784	0.9725490196078431
A	C4_2	209.328	272.842	162.863	0.5647058823529412	0.5647058823529412	0.5647058823529412
