A	P_1	281.095	134.377	202.586	1.0	0.5019607843137255	0.0
A	OP1_1	281.655	133.107	203.126	1.0	0.050980392156862744	0.050980392156862744
A	OP2_1	279.745	134.374	201.965	1.0	0.050980392156862744	0.050980392156862744
A	O5'_1	281.077	135.464	203.754	1.0	0.050980392156862744	0.050980392156862744
A	C5'_1	280.946	136.87	203.442	0.5647058823529412	0.5647058823529412	0.5647058823529412
A	C4'_1	279.79	137.479	204.209	0.5647058823529412	0.5647058823529412	0.5647058823529412
A	O4'_1	280.108	137.516	205.629	1.0	0.050980392156862744	0.050980392156862744
A	C3'_1	279.487	138.931	203.866	0.5647058823529412	0.5647058823529412	0.5647058823529412
A	O3'_1	278.675	139.041	202.7	1.0	0.050980392156862744	0.050980392156862744
A	C2'_1	278.777	139.424	205.122	0.5647058823529412	0.5647058823529412	0.5647058823529412
A	O2'_1	277.417	139.036	205.185	1.0	0.050980392156862744	0.050980392156862744
A	C1'_1	279.568	138.697	206.213	0.5647058823529412	0.5647058823529412	0.5647058823529412
A	N9_1	280.674	139.499	206.742	0.18823529411764706	0.3137254901960784	0.9725490196078431
A	C8_1	282.021	139.332	206.505	0.5647058823529412	0.5647058823529412	0.5647058823529412
A	N7_1	282.779	140.206	207.123	0.18823529411764706	0.3137254901960784	0.9725490196078431
A	C5_1	281.876	141.004	207.814	0.5647058823529412	0.5647058823529412	0.5647058823529412
A	C6_1	282.053	142.115	208.662	0.5647058823529412	0.5647058823529412	0.5647058823529412
A	N6_1	283.248	142.633	208.963	0.18823529411764706	0.3137254901960784	0.9725490196078431
A	N1_1	280.948	142.682	209.195	0.18823529411764706	0.3137254901960784	0.9725490196078431
A	C2_1	279.748	142.164	208.884	0.5647058823529412	0.5647058823529412	0.5647058823529412
A	N3_1	279.452	141.127	208.094	0.18823529411764706	0.3137254901960784	0.9725490196078431
A	C4_1	280.574	140.583	207.587	0.5647058823529412	0.5647058823529412	0.5647058823529412
G	P_2	289.897	147.39	213.639	1.0	0.5019607843137255	0.0
G	OP1_2	289.978	148.003	214.994	1.0	0.050980392156862744	0.050980392156862744
G	OP2_2	290.773	146.233	213.3	1.0	0.050980392156862744	0.050980392156862744
G	O5'_2	288.378	146.991	213.365	1.0	0.050980392156862744	0.050980392156862744
G	C5'_2	287.871	145.676	213.679	0.5647058823529412	0.5647058823529412	0.5647058823529412
G	C4'_2	286.853	145.258	212.64	0.5647058823529412	0.5647058823529412	0.5647058823529412
G	O4'_2	287.492	145.241	211.335	1.0	0.050980392156862744	0.050980392156862744
G	C3'_2	286.265	143.861	212.784	0.5647058823529412	0.5647058823529412	0.5647058823529412
G	O3'_2	285.161	143.863	213.697	1.0	0.050980392156862744	0.050980392156862744
G	C2'_2	285.807	143.548	211.361	0.5647058823529412	0.5647058823529412	0.5647058823529412
G	O2'_2	284.557	144.134	211.044	1.0	0.050980392156862744	0.050980392156862744
G	C1'_2	286.896	144.237	210.528	0.5647058823529412	0.5647058823529412	0.5647058823529412
G	N9_2	287.946	143.38	209.975	0.18823529411764706	0.3137254901960784	0.9725490196078431
G	C8_2	289.307	143.538	210.125	0.5647058823529412	0.5647058823529412	0.5647058823529412
G	N7_2	290.005	142.648	209.47	0.18823529411764706	0.3137254901960784	0.9725490196078431
G	C5_2	289.052	141.845	208.857	0.5647058823529412	0.5647058823529412	0.5647058823529412
G	C6_2	289.211	140.714	208.003	0.5647058823529412	0.5647058823529412	0.5647058823529412
G	O6_2	290.26	140.189	207.603	1.0	0.050980392156862744	0.050980392156862744
G	N1_2	287.98	140.194	207.611	0.18823529411764706	0.3137254901960784	0.9725490196078431
G	C2_2	286.751	140.694	207.987	0.5647058823529412	0.5647058823529412	0.5647058823529412
G	N2_2	285.675	140.047	207.507	0.18823529411764706	0.3137254901960784	0.9725490196078431
G	N3_2	286.589	141.75	208.777	0.18823529411764706	0.3137254901960784	0.9725490196078431
G	C4_2	287.773	142.273	209.17	0.5647058823529412	0.5647058823529412	0.5647058823529412
