G	P_1	152.892	267.02	203.641	1.0	0.5019607843137255	0.0
G	OP1_1	151.684	266.148	203.533	1.0	0.050980392156862744	0.050980392156862744
G	OP2_1	152.78	268.465	203.295	1.0	0.050980392156862744	0.050980392156862744
G	O5'_1	153.442	266.907	205.132	1.0	0.050980392156862744	0.050980392156862744
G	C5'_1	153.645	265.619	205.744	0.5647058823529412	0.5647058823529412	0.5647058823529412
G	C4'_1	154.379	265.768	207.057	0.5647058823529412	0.5647058823529412	0.5647058823529412
G	O4'_1	155.746	266.2	206.823	1.0	0.050980392156862744	0.050980392156862744
G	C3'_1	153.824	266.816	208.004	0.5647058823529412	0.5647058823529412	0.5647058823529412
G	O3'_1	152.688	266.335	208.712	1.0	0.050980392156862744	0.050980392156862744
G	C2'_1	155.021	267.098	208.902	0.5647058823529412	0.5647058823529412	0.5647058823529412
G	O2'_1	155.213	266.11	209.894	1.0	0.050980392156862744	0.050980392156862744
G	C1'_1	156.172	267.034	207.892	0.5647058823529412	0.5647058823529412	0.5647058823529412
G	N9_1	156.51	268.351	207.353	0.18823529411764706	0.3137254901960784	0.9725490196078431
G	C8_1	156.107	268.89	206.151	0.5647058823529412	0.5647058823529412	0.5647058823529412
G	N7_1	156.522	270.116	205.973	0.18823529411764706	0.3137254901960784	0.9725490196078431
G	C5_1	157.254	270.401	207.118	0.5647058823529412	0.5647058823529412	0.5647058823529412
G	C6_1	157.933	271.587	207.5	0.5647058823529412	0.5647058823529412	0.5647058823529412
G	O6_1	158.013	272.662	206.887	1.0	0.050980392156862744	0.050980392156862744
G	N1_1	158.557	271.446	208.739	0.18823529411764706	0.3137254901960784	0.9725490196078431
G	C2_1	158.525	270.312	209.517	0.5647058823529412	0.5647058823529412	0.5647058823529412
G	N2_1	159.192	270.372	210.684	0.18823529411764706	0.3137254901960784	0.9725490196078431
G	N3_1	157.885	269.199	209.176	0.18823529411764706	0.3137254901960784	0.9725490196078431
G	C4_1	157.274	269.315	207.972	0.5647058823529412	0.5647058823529412	0.5647058823529412
A	P_2	159.776	272.578	214.081	1.0	0.5019607843137255	0.0
A	OP1_2	160.471	273.77	214.647	1.0	0.050980392156862744	0.050980392156862744
A	OP2_2	159.896	272.282	212.631	1.0	0.050980392156862744	0.050980392156862744
A	O5'_2	160.261	271.298	214.902	1.0	0.050980392156862744	0.050980392156862744
A	C5'_2	160.579	271.38	216.315	0.5647058823529412	0.5647058823529412	0.5647058823529412
A	C4'_2	160.863	269.998	216.869	0.5647058823529412	0.5647058823529412	0.5647058823529412
A	O4'_2	159.689	269.162	216.68	1.0	0.050980392156862744	0.050980392156862744
A	C3'_2	161.988	269.232	216.183	0.5647058823529412	0.5647058823529412	0.5647058823529412
A	O3'_2	163.27	269.578	216.71	1.0	0.050980392156862744	0.050980392156862744
A	C2'_2	161.612	267.78	216.452	0.5647058823529412	0.5647058823529412	0.5647058823529412
A	O2'_2	161.957	267.343	217.752	1.0	0.050980392156862744	0.050980392156862744
A	C1'_2	160.088	267.844	216.33	0.5647058823529412	0.5647058823529412	0.5647058823529412
A	N9_2	159.614	267.571	214.972	0.18823529411764706	0.3137254901960784	0.9725490196078431
A	C8_2	159.343	268.478	213.974	0.5647058823529412	0.5647058823529412	0.5647058823529412
A	N7_2	158.935	267.931	212.856	0.18823529411764706	0.3137254901960784	0.9725490196078431
A	C5_2	158.935	266.572	213.133	0.5647058823529412	0.5647058823529412	0.5647058823529412
A	C6_2	158.604	265.453	212.352	0.5647058823529412	0.5647058823529412	0.5647058823529412
A	N6_2	158.199	265.54	211.076	0.18823529411764706	0.3137254901960784	0.9725490196078431
A	N1_2	158.706	264.232	212.927	0.18823529411764706	0.3137254901960784	0.9725490196078431
A	C2_2	159.121	264.157	214.203	0.5647058823529412	0.5647058823529412	0.5647058823529412
A	N3_2	159.466	265.139	215.038	0.18823529411764706	0.3137254901960784	0.9725490196078431
A	C4_2	159.349	266.334	214.434	0.5647058823529412	0.5647058823529412	0.5647058823529412
