G	P_1	241.372	174.085	180.027	1.0	0.5019607843137255	0.0
G	OP1_1	241.74	174.817	181.272	1.0	0.050980392156862744	0.050980392156862744
G	OP2_1	240.553	174.774	178.983	1.0	0.050980392156862744	0.050980392156862744
G	O5'_1	242.716	173.579	179.346	1.0	0.050980392156862744	0.050980392156862744
G	C5'_1	243.584	172.675	180.045	0.5647058823529412	0.5647058823529412	0.5647058823529412
G	C4'_1	244.521	172.006	179.076	0.5647058823529412	0.5647058823529412	0.5647058823529412
G	O4'_1	243.759	171.173	178.168	1.0	0.050980392156862744	0.050980392156862744
G	C3'_1	245.282	172.945	178.155	0.5647058823529412	0.5647058823529412	0.5647058823529412
G	O3'_1	246.405	173.509	178.831	1.0	0.050980392156862744	0.050980392156862744
G	C2'_1	245.655	172.019	177.001	0.5647058823529412	0.5647058823529412	0.5647058823529412
G	O2'_1	246.729	171.157	177.319	1.0	0.050980392156862744	0.050980392156862744
G	C1'_1	244.396	171.152	176.899	0.5647058823529412	0.5647058823529412	0.5647058823529412
G	N9_1	243.427	171.56	175.885	0.18823529411764706	0.3137254901960784	0.9725490196078431
G	C8_1	242.351	172.41	176.042	0.5647058823529412	0.5647058823529412	0.5647058823529412
G	N7_1	241.638	172.541	174.952	0.18823529411764706	0.3137254901960784	0.9725490196078431
G	C5_1	242.286	171.74	174.016	0.5647058823529412	0.5647058823529412	0.5647058823529412
G	C6_1	241.975	171.477	172.646	0.5647058823529412	0.5647058823529412	0.5647058823529412
G	O6_1	241.037	171.919	171.967	1.0	0.050980392156862744	0.050980392156862744
G	N1_1	242.896	170.601	172.07	0.18823529411764706	0.3137254901960784	0.9725490196078431
G	C2_1	243.979	170.05	172.72	0.5647058823529412	0.5647058823529412	0.5647058823529412
G	N2_1	244.752	169.225	171.991	0.18823529411764706	0.3137254901960784	0.9725490196078431
G	N3_1	244.282	170.29	173.994	0.18823529411764706	0.3137254901960784	0.9725490196078431
G	C4_1	243.398	171.135	174.575	0.5647058823529412	0.5647058823529412	0.5647058823529412
A	P_2	239.805	166.891	159.796	1.0	0.5019607843137255	0.0
A	OP1_2	241.051	166.137	159.484	1.0	0.050980392156862744	0.050980392156862744
A	OP2_2	238.485	166.296	159.455	1.0	0.050980392156862744	0.050980392156862744
A	O5'_2	239.846	167.196	161.36	1.0	0.050980392156862744	0.050980392156862744
A	C5'_2	240.597	168.32	161.873	0.5647058823529412	0.5647058823529412	0.5647058823529412
A	C4'_2	241.86	167.849	162.564	0.5647058823529412	0.5647058823529412	0.5647058823529412
A	O4'_2	242.612	169.004	163.034	1.0	0.050980392156862744	0.050980392156862744
A	C3'_2	241.655	166.963	163.788	0.5647058823529412	0.5647058823529412	0.5647058823529412
A	O3'_2	241.622	165.585	163.409	1.0	0.050980392156862744	0.050980392156862744
A	C2'_2	242.849	167.313	164.669	0.5647058823529412	0.5647058823529412	0.5647058823529412
A	O2'_2	244.036	166.66	164.268	1.0	0.050980392156862744	0.050980392156862744
A	C1'_2	242.993	168.811	164.388	0.5647058823529412	0.5647058823529412	0.5647058823529412
A	N9_2	242.141	169.662	165.223	0.18823529411764706	0.3137254901960784	0.9725490196078431
A	C8_2	241.045	170.396	164.823	0.5647058823529412	0.5647058823529412	0.5647058823529412
A	N7_2	240.47	171.063	165.796	0.18823529411764706	0.3137254901960784	0.9725490196078431
A	C5_2	241.235	170.751	166.912	0.5647058823529412	0.5647058823529412	0.5647058823529412
A	C6_2	241.137	171.138	168.259	0.5647058823529412	0.5647058823529412	0.5647058823529412
A	N6_2	240.188	171.953	168.722	0.18823529411764706	0.3137254901960784	0.9725490196078431
A	N1_2	242.056	170.654	169.122	0.18823529411764706	0.3137254901960784	0.9725490196078431
A	C2_2	243.007	169.835	168.65	0.5647058823529412	0.5647058823529412	0.5647058823529412
A	N3_2	243.203	169.394	167.404	0.18823529411764706	0.3137254901960784	0.9725490196078431
A	C4_2	242.271	169.895	166.574	0.5647058823529412	0.5647058823529412	0.5647058823529412
