G	P_1	240.923	179.013	240.136	1.0	0.5019607843137255	0.0
G	OP1_1	241.301	177.604	239.82	1.0	0.050980392156862744	0.050980392156862744
G	OP2_1	239.582	179.527	239.725	1.0	0.050980392156862744	0.050980392156862744
G	O5'_1	241.072	179.204	241.712	1.0	0.050980392156862744	0.050980392156862744
G	C5'_1	242.341	178.995	242.367	0.5647058823529412	0.5647058823529412	0.5647058823529412
G	C4'_1	242.329	179.631	243.74	0.5647058823529412	0.5647058823529412	0.5647058823529412
G	O4'_1	242.034	181.05	243.609	1.0	0.050980392156862744	0.050980392156862744
G	C3'_1	241.277	179.105	244.71	0.5647058823529412	0.5647058823529412	0.5647058823529412
G	O3'_1	241.767	177.904	245.334	1.0	0.050980392156862744	0.050980392156862744
G	C2'_1	241.096	180.288	245.662	0.5647058823529412	0.5647058823529412	0.5647058823529412
G	O2'_1	242.128	180.377	246.623	1.0	0.050980392156862744	0.050980392156862744
G	C1'_1	241.232	181.478	244.702	0.5647058823529412	0.5647058823529412	0.5647058823529412
G	N9_1	239.974	182.008	244.174	0.18823529411764706	0.3137254901960784	0.9725490196078431
G	C8_1	239.356	181.659	242.991	0.5647058823529412	0.5647058823529412	0.5647058823529412
G	N7_1	238.237	182.3	242.784	0.18823529411764706	0.3137254901960784	0.9725490196078431
G	C5_1	238.106	183.132	243.891	0.5647058823529412	0.5647058823529412	0.5647058823529412
G	C6_1	237.083	184.067	244.228	0.5647058823529412	0.5647058823529412	0.5647058823529412
G	O6_1	236.062	184.348	243.589	1.0	0.050980392156862744	0.050980392156862744
G	N1_1	237.341	184.697	245.448	0.18823529411764706	0.3137254901960784	0.9725490196078431
G	C2_1	238.443	184.461	246.244	0.5647058823529412	0.5647058823529412	0.5647058823529412
G	N2_1	238.51	185.169	247.386	0.18823529411764706	0.3137254901960784	0.9725490196078431
G	N3_1	239.406	183.593	245.941	0.18823529411764706	0.3137254901960784	0.9725490196078431
G	C4_1	239.172	182.967	244.76	0.5647058823529412	0.5647058823529412	0.5647058823529412
A	P_2	236.112	188.133	251.348	1.0	0.5019607843137255	0.0
A	OP1_2	235.68	189.427	251.958	1.0	0.050980392156862744	0.050980392156862744
A	OP2_2	236.614	188.111	249.944	1.0	0.050980392156862744	0.050980392156862744
A	O5'_2	237.227	187.489	252.286	1.0	0.050980392156862744	0.050980392156862744
A	C5'_2	237.009	187.37	253.706	0.5647058823529412	0.5647058823529412	0.5647058823529412
A	C4'_2	238.174	186.664	254.356	0.5647058823529412	0.5647058823529412	0.5647058823529412
A	O4'_2	238.275	185.31	253.846	1.0	0.050980392156862744	0.050980392156862744
A	C3'_2	239.538	187.276	254.085	0.5647058823529412	0.5647058823529412	0.5647058823529412
A	O3'_2	239.773	188.361	254.981	1.0	0.050980392156862744	0.050980392156862744
A	C2'_2	240.481	186.097	254.31	0.5647058823529412	0.5647058823529412	0.5647058823529412
A	O2'_2	240.751	185.854	255.676	1.0	0.050980392156862744	0.050980392156862744
A	C1'_2	239.642	184.93	253.778	0.5647058823529412	0.5647058823529412	0.5647058823529412
A	N9_2	239.936	184.52	252.403	0.18823529411764706	0.3137254901960784	0.9725490196078431
A	C8_2	239.2	184.787	251.268	0.5647058823529412	0.5647058823529412	0.5647058823529412
A	N7_2	239.693	184.248	250.178	0.18823529411764706	0.3137254901960784	0.9725490196078431
A	C5_2	240.839	183.594	250.617	0.5647058823529412	0.5647058823529412	0.5647058823529412
A	C6_2	241.81	182.829	249.938	0.5647058823529412	0.5647058823529412	0.5647058823529412
A	N6_2	241.775	182.593	248.62	0.18823529411764706	0.3137254901960784	0.9725490196078431
A	N1_2	242.827	182.312	250.668	0.18823529411764706	0.3137254901960784	0.9725490196078431
A	C2_2	242.859	182.557	251.989	0.5647058823529412	0.5647058823529412	0.5647058823529412
A	N3_2	242.006	183.262	252.74	0.18823529411764706	0.3137254901960784	0.9725490196078431
A	C4_2	241.006	183.758	251.985	0.5647058823529412	0.5647058823529412	0.5647058823529412
