G	P_1	296.92	141.039	215.694	1.0	0.5019607843137255	0.0
G	OP1_1	298.248	140.934	215.033	1.0	0.050980392156862744	0.050980392156862744
G	OP2_1	296.228	142.354	215.743	1.0	0.050980392156862744	0.050980392156862744
G	O5'_1	295.942	140.0	214.985	1.0	0.050980392156862744	0.050980392156862744
G	C5'_1	296.29	138.605	214.869	0.5647058823529412	0.5647058823529412	0.5647058823529412
G	C4'_1	295.053	137.791	214.578	0.5647058823529412	0.5647058823529412	0.5647058823529412
G	O4'_1	294.126	137.923	215.692	1.0	0.050980392156862744	0.050980392156862744
G	C3'_1	294.255	138.254	213.366	0.5647058823529412	0.5647058823529412	0.5647058823529412
G	O3'_1	294.783	137.71	212.161	1.0	0.050980392156862744	0.050980392156862744
G	C2'_1	292.852	137.757	213.695	0.5647058823529412	0.5647058823529412	0.5647058823529412
G	O2'_1	292.695	136.37	213.467	1.0	0.050980392156862744	0.050980392156862744
G	C1'_1	292.797	138.019	215.203	0.5647058823529412	0.5647058823529412	0.5647058823529412
G	N9_1	292.29	139.349	215.539	0.18823529411764706	0.3137254901960784	0.9725490196078431
G	C8_1	293.03	140.441	215.939	0.5647058823529412	0.5647058823529412	0.5647058823529412
G	N7_1	292.304	141.503	216.161	0.18823529411764706	0.3137254901960784	0.9725490196078431
G	C5_1	291.004	141.091	215.896	0.5647058823529412	0.5647058823529412	0.5647058823529412
G	C6_1	289.782	141.812	215.964	0.5647058823529412	0.5647058823529412	0.5647058823529412
G	O6_1	289.602	142.994	216.29	1.0	0.050980392156862744	0.050980392156862744
G	N1_1	288.696	141.016	215.606	0.18823529411764706	0.3137254901960784	0.9725490196078431
G	C2_1	288.771	139.696	215.235	0.5647058823529412	0.5647058823529412	0.5647058823529412
G	N2_1	287.605	139.103	214.928	0.18823529411764706	0.3137254901960784	0.9725490196078431
G	N3_1	289.906	139.007	215.17	0.18823529411764706	0.3137254901960784	0.9725490196078431
G	C4_1	290.976	139.763	215.511	0.5647058823529412	0.5647058823529412	0.5647058823529412
A	P_2	282.142	137.746	214.311	1.0	0.5019607843137255	0.0
A	OP1_2	280.711	137.617	214.712	1.0	0.050980392156862744	0.050980392156862744
A	OP2_2	283.098	138.432	215.22	1.0	0.050980392156862744	0.050980392156862744
A	O5'_2	282.701	136.287	213.989	1.0	0.050980392156862744	0.050980392156862744
A	C5'_2	281.964	135.385	213.133	0.5647058823529412	0.5647058823529412	0.5647058823529412
A	C4'_2	282.78	134.142	212.846	0.5647058823529412	0.5647058823529412	0.5647058823529412
A	O4'_2	284.027	134.524	212.212	1.0	0.050980392156862744	0.050980392156862744
A	C3'_2	283.199	133.316	214.055	0.5647058823529412	0.5647058823529412	0.5647058823529412
A	O3'_2	282.163	132.398	214.415	1.0	0.050980392156862744	0.050980392156862744
A	C2'_2	284.44	132.589	213.544	0.5647058823529412	0.5647058823529412	0.5647058823529412
A	O2'_2	284.127	131.45	212.766	1.0	0.050980392156862744	0.050980392156862744
A	C1'_2	285.063	133.65	212.632	0.5647058823529412	0.5647058823529412	0.5647058823529412
A	N9_2	286.125	134.456	213.235	0.18823529411764706	0.3137254901960784	0.9725490196078431
A	C8_2	286.035	135.742	213.716	0.5647058823529412	0.5647058823529412	0.5647058823529412
A	N7_2	287.175	136.227	214.144	0.18823529411764706	0.3137254901960784	0.9725490196078431
A	C5_2	288.075	135.188	213.947	0.5647058823529412	0.5647058823529412	0.5647058823529412
A	C6_2	289.458	135.076	214.19	0.5647058823529412	0.5647058823529412	0.5647058823529412
A	N6_2	290.2	136.06	214.703	0.18823529411764706	0.3137254901960784	0.9725490196078431
A	N1_2	290.057	133.903	213.88	0.18823529411764706	0.3137254901960784	0.9725490196078431
A	C2_2	289.306	132.917	213.364	0.5647058823529412	0.5647058823529412	0.5647058823529412
A	N3_2	288.003	132.905	213.086	0.18823529411764706	0.3137254901960784	0.9725490196078431
A	C4_2	287.439	134.085	213.402	0.5647058823529412	0.5647058823529412	0.5647058823529412
