A	P_1	112.057	171.964	192.986	1.0	0.5019607843137255	0.0
A	OP1_1	111.19	173.159	192.801	1.0	0.050980392156862744	0.050980392156862744
A	OP2_1	111.551	170.622	192.586	1.0	0.050980392156862744	0.050980392156862744
A	O5'_1	113.431	172.241	192.222	1.0	0.050980392156862744	0.050980392156862744
A	C5'_1	114.209	173.421	192.521	0.5647058823529412	0.5647058823529412	0.5647058823529412
A	C4'_1	115.612	173.309	191.954	0.5647058823529412	0.5647058823529412	0.5647058823529412
A	O4'_1	116.301	172.164	192.527	1.0	0.050980392156862744	0.050980392156862744
A	C3'_1	115.746	173.094	190.455	0.5647058823529412	0.5647058823529412	0.5647058823529412
A	O3'_1	115.589	174.316	189.734	1.0	0.050980392156862744	0.050980392156862744
A	C2'_1	117.168	172.557	190.342	0.5647058823529412	0.5647058823529412	0.5647058823529412
A	O2'_1	118.143	173.576	190.403	1.0	0.050980392156862744	0.050980392156862744
A	C1'_1	117.265	171.683	191.598	0.5647058823529412	0.5647058823529412	0.5647058823529412
A	N9_1	117.007	170.265	191.33	0.18823529411764706	0.3137254901960784	0.9725490196078431
A	C8_1	115.854	169.544	191.553	0.5647058823529412	0.5647058823529412	0.5647058823529412
A	N7_1	115.932	168.287	191.177	0.18823529411764706	0.3137254901960784	0.9725490196078431
A	C5_1	117.224	168.168	190.68	0.5647058823529412	0.5647058823529412	0.5647058823529412
A	C6_1	117.924	167.083	190.118	0.5647058823529412	0.5647058823529412	0.5647058823529412
A	N6_1	117.389	165.873	189.946	0.18823529411764706	0.3137254901960784	0.9725490196078431
A	N1_1	119.202	167.293	189.726	0.18823529411764706	0.3137254901960784	0.9725490196078431
A	C2_1	119.727	168.52	189.882	0.5647058823529412	0.5647058823529412	0.5647058823529412
A	N3_1	119.168	169.62	190.389	0.18823529411764706	0.3137254901960784	0.9725490196078431
A	C4_1	117.901	169.376	190.774	0.5647058823529412	0.5647058823529412	0.5647058823529412
G	P_2	117.236	158.607	188.449	1.0	0.5019607843137255	0.0
G	OP1_2	118.497	157.874	188.138	1.0	0.050980392156862744	0.050980392156862744
G	OP2_2	116.066	157.861	188.984	1.0	0.050980392156862744	0.050980392156862744
G	O5'_2	117.593	159.777	189.468	1.0	0.050980392156862744	0.050980392156862744
G	C5'_2	118.39	160.903	189.056	0.5647058823529412	0.5647058823529412	0.5647058823529412
G	C4'_2	118.015	162.122	189.866	0.5647058823529412	0.5647058823529412	0.5647058823529412
G	O4'_2	116.583	162.299	189.79	1.0	0.050980392156862744	0.050980392156862744
G	C3'_2	118.25	162.025	191.369	0.5647058823529412	0.5647058823529412	0.5647058823529412
G	O3'_2	119.61	162.376	191.651	1.0	0.050980392156862744	0.050980392156862744
G	C2'_2	117.29	163.08	191.931	0.5647058823529412	0.5647058823529412	0.5647058823529412
G	O2'_2	117.861	164.37	191.991	1.0	0.050980392156862744	0.050980392156862744
G	C1'_2	116.174	163.1	190.878	0.5647058823529412	0.5647058823529412	0.5647058823529412
G	N9_2	114.84	162.693	191.31	0.18823529411764706	0.3137254901960784	0.9725490196078431
G	C8_2	114.344	161.416	191.431	0.5647058823529412	0.5647058823529412	0.5647058823529412
G	N7_2	113.104	161.384	191.841	0.18823529411764706	0.3137254901960784	0.9725490196078431
G	C5_2	112.76	162.721	192.002	0.5647058823529412	0.5647058823529412	0.5647058823529412
G	C6_2	111.542	163.316	192.438	0.5647058823529412	0.5647058823529412	0.5647058823529412
G	O6_2	110.491	162.758	192.779	1.0	0.050980392156862744	0.050980392156862744
G	N1_2	111.628	164.707	192.459	0.18823529411764706	0.3137254901960784	0.9725490196078431
G	C2_2	112.741	165.436	192.112	0.5647058823529412	0.5647058823529412	0.5647058823529412
G	N2_2	112.627	166.776	192.206	0.18823529411764706	0.3137254901960784	0.9725490196078431
G	N3_2	113.883	164.894	191.704	0.18823529411764706	0.3137254901960784	0.9725490196078431
G	C4_2	113.82	163.541	191.676	0.5647058823529412	0.5647058823529412	0.5647058823529412
