G	P_1	216.781	294.55	213.787	1.0	0.5019607843137255	0.0
G	OP1_1	216.95	293.141	214.25	1.0	0.050980392156862744	0.050980392156862744
G	OP2_1	215.435	295.177	213.826	1.0	0.050980392156862744	0.050980392156862744
G	O5'_1	217.777	295.472	214.621	1.0	0.050980392156862744	0.050980392156862744
G	C5'_1	219.16	295.104	214.794	0.5647058823529412	0.5647058823529412	0.5647058823529412
G	C4'_1	219.946	296.264	215.361	0.5647058823529412	0.5647058823529412	0.5647058823529412
G	O4'_1	220.028	297.337	214.381	1.0	0.050980392156862744	0.050980392156862744
G	C3'_1	219.343	296.942	216.581	0.5647058823529412	0.5647058823529412	0.5647058823529412
G	O3'_1	219.562	296.21	217.788	1.0	0.050980392156862744	0.050980392156862744
G	C2'_1	220.035	298.301	216.556	0.5647058823529412	0.5647058823529412	0.5647058823529412
G	O2'_1	221.363	298.263	217.038	1.0	0.050980392156862744	0.050980392156862744
G	C1'_1	220.051	298.592	215.052	0.5647058823529412	0.5647058823529412	0.5647058823529412
G	N9_1	218.882	299.369	214.646	0.18823529411764706	0.3137254901960784	0.9725490196078431
G	C8_1	217.637	298.893	214.309	0.5647058823529412	0.5647058823529412	0.5647058823529412
G	N7_1	216.78	299.841	214.041	0.18823529411764706	0.3137254901960784	0.9725490196078431
G	C5_1	217.505	301.015	214.199	0.5647058823529412	0.5647058823529412	0.5647058823529412
G	C6_1	217.103	302.373	214.058	0.5647058823529412	0.5647058823529412	0.5647058823529412
G	O6_1	215.987	302.821	213.755	1.0	0.050980392156862744	0.050980392156862744
G	N1_1	218.155	303.247	214.315	0.18823529411764706	0.3137254901960784	0.9725490196078431
G	C2_1	219.427	302.869	214.666	0.5647058823529412	0.5647058823529412	0.5647058823529412
G	N2_1	220.305	303.86	214.876	0.18823529411764706	0.3137254901960784	0.9725490196078431
G	N3_1	219.814	301.609	214.805	0.18823529411764706	0.3137254901960784	0.9725490196078431
G	C4_1	218.808	300.741	214.559	0.5647058823529412	0.5647058823529412	0.5647058823529412
A	P_2	219.651	307.377	216.457	1.0	0.5019607843137255	0.0
A	OP1_2	219.025	308.732	216.524	1.0	0.050980392156862744	0.050980392156862744
A	OP2_2	219.256	306.442	215.372	1.0	0.050980392156862744	0.050980392156862744
A	O5'_2	221.235	307.57	216.404	1.0	0.050980392156862744	0.050980392156862744
A	C5'_2	221.891	308.537	217.253	0.5647058823529412	0.5647058823529412	0.5647058823529412
A	C4'_2	223.394	308.346	217.218	0.5647058823529412	0.5647058823529412	0.5647058823529412
A	O4'_2	223.731	307.007	217.671	1.0	0.050980392156862744	0.050980392156862744
A	C3'_2	224.078	308.464	215.863	0.5647058823529412	0.5647058823529412	0.5647058823529412
A	O3'_2	224.31	309.834	215.523	1.0	0.050980392156862744	0.050980392156862744
A	C2'_2	225.379	307.692	216.087	0.5647058823529412	0.5647058823529412	0.5647058823529412
A	O2'_2	226.372	308.448	216.755	1.0	0.050980392156862744	0.050980392156862744
A	C1'_2	224.911	306.565	217.016	0.5647058823529412	0.5647058823529412	0.5647058823529412
A	N9_2	224.622	305.302	216.334	0.18823529411764706	0.3137254901960784	0.9725490196078431
A	C8_2	223.425	304.873	215.807	0.5647058823529412	0.5647058823529412	0.5647058823529412
A	N7_2	223.489	303.689	215.245	0.18823529411764706	0.3137254901960784	0.9725490196078431
A	C5_2	224.815	303.311	215.413	0.5647058823529412	0.5647058823529412	0.5647058823529412
A	C6_2	225.525	302.158	215.03	0.5647058823529412	0.5647058823529412	0.5647058823529412
A	N6_2	224.974	301.14	214.361	0.18823529411764706	0.3137254901960784	0.9725490196078431
A	N1_2	226.836	302.089	215.358	0.18823529411764706	0.3137254901960784	0.9725490196078431
A	C2_2	227.388	303.118	216.017	0.5647058823529412	0.5647058823529412	0.5647058823529412
A	N3_2	226.826	304.258	216.425	0.18823529411764706	0.3137254901960784	0.9725490196078431
A	C4_2	225.524	304.292	216.088	0.5647058823529412	0.5647058823529412	0.5647058823529412
