G	P_1	178.194	278.835	184.124	1.0	0.5019607843137255	0.0
G	OP1_1	176.812	278.424	183.744	1.0	0.050980392156862744	0.050980392156862744
G	OP2_1	178.476	279.234	185.533	1.0	0.050980392156862744	0.050980392156862744
G	O5'_1	179.18	277.641	183.742	1.0	0.050980392156862744	0.050980392156862744
G	C5'_1	179.201	277.098	182.408	0.5647058823529412	0.5647058823529412	0.5647058823529412
G	C4'_1	180.116	275.896	182.348	0.5647058823529412	0.5647058823529412	0.5647058823529412
G	O4'_1	181.483	276.307	182.623	1.0	0.050980392156862744	0.050980392156862744
G	C3'_1	179.852	274.8	183.372	0.5647058823529412	0.5647058823529412	0.5647058823529412
G	O3'_1	178.792	273.934	182.957	1.0	0.050980392156862744	0.050980392156862744
G	C2'_1	181.195	274.079	183.428	0.5647058823529412	0.5647058823529412	0.5647058823529412
G	O2'_1	181.364	273.163	182.363	1.0	0.050980392156862744	0.050980392156862744
G	C1'_1	182.18	275.244	183.255	0.5647058823529412	0.5647058823529412	0.5647058823529412
G	N9_1	182.757	275.729	184.505	0.18823529411764706	0.3137254901960784	0.9725490196078431
G	C8_1	182.388	276.847	185.218	0.5647058823529412	0.5647058823529412	0.5647058823529412
G	N7_1	183.083	277.011	186.314	0.18823529411764706	0.3137254901960784	0.9725490196078431
G	C5_1	183.97	275.94	186.326	0.5647058823529412	0.5647058823529412	0.5647058823529412
G	C6_1	184.978	275.58	187.277	0.5647058823529412	0.5647058823529412	0.5647058823529412
G	O6_1	185.286	276.153	188.332	1.0	0.050980392156862744	0.050980392156862744
G	N1_1	185.653	274.42	186.895	0.18823529411764706	0.3137254901960784	0.9725490196078431
G	C2_1	185.396	273.695	185.752	0.5647058823529412	0.5647058823529412	0.5647058823529412
G	N2_1	186.164	272.607	185.556	0.18823529411764706	0.3137254901960784	0.9725490196078431
G	N3_1	184.455	274.015	184.864	0.18823529411764706	0.3137254901960784	0.9725490196078431
G	C4_1	183.787	275.141	185.212	0.5647058823529412	0.5647058823529412	0.5647058823529412
A	P_2	183.692	268.1	177.807	1.0	0.5019607843137255	0.0
A	OP1_2	184.682	266.991	177.699	1.0	0.050980392156862744	0.050980392156862744
A	OP2_2	182.409	268.021	177.052	1.0	0.050980392156862744	0.050980392156862744
A	O5'_2	183.35	268.272	179.356	1.0	0.050980392156862744	0.050980392156862744
A	C5'_2	182.411	269.273	179.812	0.5647058823529412	0.5647058823529412	0.5647058823529412
A	C4'_2	182.962	269.995	181.028	0.5647058823529412	0.5647058823529412	0.5647058823529412
A	O4'_2	183.325	269.016	182.041	1.0	0.050980392156862744	0.050980392156862744
A	C3'_2	184.232	270.81	180.813	0.5647058823529412	0.5647058823529412	0.5647058823529412
A	O3'_2	183.917	272.117	180.317	1.0	0.050980392156862744	0.050980392156862744
A	C2'_2	184.836	270.853	182.215	0.5647058823529412	0.5647058823529412	0.5647058823529412
A	O2'_2	184.233	271.825	183.046	1.0	0.050980392156862744	0.050980392156862744
A	C1'_2	184.476	269.461	182.748	0.5647058823529412	0.5647058823529412	0.5647058823529412
A	N9_2	185.537	268.461	182.588	0.18823529411764706	0.3137254901960784	0.9725490196078431
A	C8_2	185.68	267.532	181.579	0.5647058823529412	0.5647058823529412	0.5647058823529412
A	N7_2	186.736	266.763	181.713	0.18823529411764706	0.3137254901960784	0.9725490196078431
A	C5_2	187.332	267.216	182.885	0.5647058823529412	0.5647058823529412	0.5647058823529412
A	C6_2	188.489	266.809	183.575	0.5647058823529412	0.5647058823529412	0.5647058823529412
A	N6_2	189.286	265.818	183.161	0.18823529411764706	0.3137254901960784	0.9725490196078431
A	N1_2	188.803	267.462	184.717	0.18823529411764706	0.3137254901960784	0.9725490196078431
A	C2_2	188.006	268.456	185.126	0.5647058823529412	0.5647058823529412	0.5647058823529412
A	N3_2	186.891	268.93	184.567	0.18823529411764706	0.3137254901960784	0.9725490196078431
A	C4_2	186.604	268.26	183.435	0.5647058823529412	0.5647058823529412	0.5647058823529412
