A	P_1	280.671	151.264	176.04	1.0	0.5019607843137255	0.0
A	OP1_1	280.727	150.354	174.864	1.0	0.050980392156862744	0.050980392156862744
A	OP2_1	280.329	152.699	175.842	1.0	0.050980392156862744	0.050980392156862744
A	O5'_1	279.642	150.658	177.099	1.0	0.050980392156862744	0.050980392156862744
A	C5'_1	279.419	149.233	177.203	0.5647058823529412	0.5647058823529412	0.5647058823529412
A	C4'_1	278.764	148.896	178.531	0.5647058823529412	0.5647058823529412	0.5647058823529412
A	O4'_1	279.706	149.112	179.62	1.0	0.050980392156862744	0.050980392156862744
A	C3'_1	277.547	149.738	178.891	0.5647058823529412	0.5647058823529412	0.5647058823529412
A	O3'_1	276.356	149.232	178.289	1.0	0.050980392156862744	0.050980392156862744
A	C2'_1	277.545	149.681	180.415	0.5647058823529412	0.5647058823529412	0.5647058823529412
A	O2'_1	277.023	148.476	180.932	1.0	0.050980392156862744	0.050980392156862744
A	C1'_1	279.046	149.74	180.712	0.5647058823529412	0.5647058823529412	0.5647058823529412
A	N9_1	279.559	151.11	180.803	0.18823529411764706	0.3137254901960784	0.9725490196078431
A	C8_1	280.492	151.694	179.975	0.5647058823529412	0.5647058823529412	0.5647058823529412
A	N7_1	280.78	152.933	180.291	0.18823529411764706	0.3137254901960784	0.9725490196078431
A	C5_1	279.986	153.186	181.4	0.5647058823529412	0.5647058823529412	0.5647058823529412
A	C6_1	279.834	154.325	182.204	0.5647058823529412	0.5647058823529412	0.5647058823529412
A	N6_1	280.508	155.458	182.003	0.18823529411764706	0.3137254901960784	0.9725490196078431
A	N1_1	278.959	154.259	183.231	0.18823529411764706	0.3137254901960784	0.9725490196078431
A	C2_1	278.286	153.116	183.425	0.5647058823529412	0.5647058823529412	0.5647058823529412
A	N3_1	278.34	151.974	182.734	0.18823529411764706	0.3137254901960784	0.9725490196078431
A	C4_1	279.221	152.075	181.724	0.5647058823529412	0.5647058823529412	0.5647058823529412
G	P_2	282.86	162.47	182.192	1.0	0.5019607843137255	0.0
G	OP1_2	282.695	163.767	182.903	1.0	0.050980392156862744	0.050980392156862744
G	OP2_2	283.832	162.371	181.071	1.0	0.050980392156862744	0.050980392156862744
G	O5'_2	283.24	161.369	183.284	1.0	0.050980392156862744	0.050980392156862744
G	C5'_2	282.312	161.005	184.334	0.5647058823529412	0.5647058823529412	0.5647058823529412
G	C4'_2	282.04	159.518	184.292	0.5647058823529412	0.5647058823529412	0.5647058823529412
G	O4'_2	281.819	159.154	182.908	1.0	0.050980392156862744	0.050980392156862744
G	C3'_2	283.164	158.61	184.778	0.5647058823529412	0.5647058823529412	0.5647058823529412
G	O3'_2	282.989	158.41	186.193	1.0	0.050980392156862744	0.050980392156862744
G	C2'_2	282.955	157.34	183.955	0.5647058823529412	0.5647058823529412	0.5647058823529412
G	O2'_2	281.947	156.511	184.496	1.0	0.050980392156862744	0.050980392156862744
G	C1'_2	282.431	157.91	182.633	0.5647058823529412	0.5647058823529412	0.5647058823529412
G	N9_2	283.394	158.112	181.552	0.18823529411764706	0.3137254901960784	0.9725490196078431
G	C8_2	284.355	159.093	181.464	0.5647058823529412	0.5647058823529412	0.5647058823529412
G	N7_2	285.03	159.053	180.346	0.18823529411764706	0.3137254901960784	0.9725490196078431
G	C5_2	284.493	157.974	179.656	0.5647058823529412	0.5647058823529412	0.5647058823529412
G	C6_2	284.819	157.447	178.379	0.5647058823529412	0.5647058823529412	0.5647058823529412
G	O6_2	285.673	157.847	177.573	1.0	0.050980392156862744	0.050980392156862744
G	N1_2	284.033	156.341	178.068	0.18823529411764706	0.3137254901960784	0.9725490196078431
G	C2_2	283.06	155.808	178.881	0.5647058823529412	0.5647058823529412	0.5647058823529412
G	N2_2	282.426	154.722	178.413	0.18823529411764706	0.3137254901960784	0.9725490196078431
G	N3_2	282.738	156.298	180.068	0.18823529411764706	0.3137254901960784	0.9725490196078431
G	C4_2	283.49	157.373	180.391	0.5647058823529412	0.5647058823529412	0.5647058823529412
