A	P_1	195.426	105.539	229.449	1.0	0.5019607843137255	0.0
A	OP1_1	196.399	105.976	228.406	1.0	0.050980392156862744	0.050980392156862744
A	OP2_1	195.795	105.645	230.888	1.0	0.050980392156862744	0.050980392156862744
A	O5'_1	194.069	106.343	229.22	1.0	0.050980392156862744	0.050980392156862744
A	C5'_1	193.459	106.421	227.915	0.5647058823529412	0.5647058823529412	0.5647058823529412
A	C4'_1	192.023	106.878	228.042	0.5647058823529412	0.5647058823529412	0.5647058823529412
A	O4'_1	191.306	105.941	228.893	1.0	0.050980392156862744	0.050980392156862744
A	C3'_1	191.811	108.228	228.718	0.5647058823529412	0.5647058823529412	0.5647058823529412
A	O3'_1	191.984	109.32	227.815	1.0	0.050980392156862744	0.050980392156862744
A	C2'_1	190.381	108.104	229.234	0.5647058823529412	0.5647058823529412	0.5647058823529412
A	O2'_1	189.407	108.294	228.225	1.0	0.050980392156862744	0.050980392156862744
A	C1'_1	190.361	106.642	229.691	0.5647058823529412	0.5647058823529412	0.5647058823529412
A	N9_1	190.741	106.48	231.099	0.18823529411764706	0.3137254901960784	0.9725490196078431
A	C8_1	191.992	106.637	231.657	0.5647058823529412	0.5647058823529412	0.5647058823529412
A	N7_1	192.022	106.432	232.951	0.18823529411764706	0.3137254901960784	0.9725490196078431
A	C5_1	190.707	106.115	233.271	0.5647058823529412	0.5647058823529412	0.5647058823529412
A	C6_1	190.083	105.787	234.491	0.5647058823529412	0.5647058823529412	0.5647058823529412
A	N6_1	190.731	105.726	235.661	0.18823529411764706	0.3137254901960784	0.9725490196078431
A	N1_1	188.756	105.523	234.467	0.18823529411764706	0.3137254901960784	0.9725490196078431
A	C2_1	188.111	105.587	233.291	0.5647058823529412	0.5647058823529412	0.5647058823529412
A	N3_1	188.588	105.884	232.08	0.18823529411764706	0.3137254901960784	0.9725490196078431
A	C4_1	189.906	106.14	232.14	0.5647058823529412	0.5647058823529412	0.5647058823529412
G	P_2	192.882	102.831	243.92	1.0	0.5019607843137255	0.0
G	OP1_2	192.228	101.8	244.772	1.0	0.050980392156862744	0.050980392156862744
G	OP2_2	194.343	102.742	243.655	1.0	0.050980392156862744	0.050980392156862744
G	O5'_2	192.116	102.894	242.522	1.0	0.050980392156862744	0.050980392156862744
G	C5'_2	192.583	102.142	241.385	0.5647058823529412	0.5647058823529412	0.5647058823529412
G	C4'_2	192.072	102.762	240.105	0.5647058823529412	0.5647058823529412	0.5647058823529412
G	O4'_2	192.484	104.158	240.041	1.0	0.050980392156862744	0.050980392156862744
G	C3'_2	192.631	102.162	238.824	0.5647058823529412	0.5647058823529412	0.5647058823529412
G	O3'_2	191.971	100.956	238.449	1.0	0.050980392156862744	0.050980392156862744
G	C2'_2	192.425	103.295	237.828	0.5647058823529412	0.5647058823529412	0.5647058823529412
G	O2'_2	191.092	103.403	237.361	1.0	0.050980392156862744	0.050980392156862744
G	C1'_2	192.772	104.511	238.694	0.5647058823529412	0.5647058823529412	0.5647058823529412
G	N9_2	194.188	104.861	238.597	0.18823529411764706	0.3137254901960784	0.9725490196078431
G	C8_2	195.127	104.846	239.605	0.5647058823529412	0.5647058823529412	0.5647058823529412
G	N7_2	196.323	105.176	239.197	0.18823529411764706	0.3137254901960784	0.9725490196078431
G	C5_2	196.166	105.431	237.84	0.5647058823529412	0.5647058823529412	0.5647058823529412
G	C6_2	197.12	105.821	236.859	0.5647058823529412	0.5647058823529412	0.5647058823529412
G	O6_2	198.334	106.019	237.0	1.0	0.050980392156862744	0.050980392156862744
G	N1_2	196.531	105.978	235.606	0.18823529411764706	0.3137254901960784	0.9725490196078431
G	C2_2	195.2	105.784	235.328	0.5647058823529412	0.5647058823529412	0.5647058823529412
G	N2_2	194.819	105.997	234.058	0.18823529411764706	0.3137254901960784	0.9725490196078431
G	N3_2	194.302	105.411	236.229	0.18823529411764706	0.3137254901960784	0.9725490196078431
G	C4_2	194.852	105.254	237.456	0.5647058823529412	0.5647058823529412	0.5647058823529412
