G	P_1	97.097	212.405	242.343	1.0	0.5019607843137255	0.0
G	OP1_1	97.283	213.313	241.176	1.0	0.050980392156862744	0.050980392156862744
G	OP2_1	97.018	212.977	243.716	1.0	0.050980392156862744	0.050980392156862744
G	O5'_1	95.786	211.532	242.095	1.0	0.050980392156862744	0.050980392156862744
G	C5'_1	94.475	212.051	242.383	0.5647058823529412	0.5647058823529412	0.5647058823529412
G	C4'_1	93.655	211.028	243.143	0.5647058823529412	0.5647058823529412	0.5647058823529412
G	O4'_1	93.5	209.818	242.347	1.0	0.050980392156862744	0.050980392156862744
G	C3'_1	94.249	210.505	244.443	0.5647058823529412	0.5647058823529412	0.5647058823529412
G	O3'_1	94.086	211.421	245.528	1.0	0.050980392156862744	0.050980392156862744
G	C2'_1	93.459	209.216	244.651	0.5647058823529412	0.5647058823529412	0.5647058823529412
G	O2'_1	92.163	209.419	245.175	1.0	0.050980392156862744	0.050980392156862744
G	C1'_1	93.355	208.696	243.214	0.5647058823529412	0.5647058823529412	0.5647058823529412
G	N9_1	94.397	207.714	242.922	0.18823529411764706	0.3137254901960784	0.9725490196078431
G	C8_1	95.528	207.885	242.16	0.5647058823529412	0.5647058823529412	0.5647058823529412
G	N7_1	96.291	206.825	242.127	0.18823529411764706	0.3137254901960784	0.9725490196078431
G	C5_1	95.619	205.894	242.91	0.5647058823529412	0.5647058823529412	0.5647058823529412
G	C6_1	95.966	204.558	243.256	0.5647058823529412	0.5647058823529412	0.5647058823529412
G	O6_1	96.973	203.913	242.933	1.0	0.050980392156862744	0.050980392156862744
G	N1_1	94.996	203.971	244.068	0.18823529411764706	0.3137254901960784	0.9725490196078431
G	C2_1	93.843	204.587	244.494	0.5647058823529412	0.5647058823529412	0.5647058823529412
G	N2_1	93.025	203.851	245.266	0.18823529411764706	0.3137254901960784	0.9725490196078431
G	N3_1	93.514	205.832	244.185	0.18823529411764706	0.3137254901960784	0.9725490196078431
G	C4_1	94.442	206.421	243.395	0.5647058823529412	0.5647058823529412	0.5647058823529412
A	P_2	98.728	193.642	247.161	1.0	0.5019607843137255	0.0
A	OP1_2	98.475	192.175	247.213	1.0	0.050980392156862744	0.050980392156862744
A	OP2_2	99.206	194.261	245.892	1.0	0.050980392156862744	0.050980392156862744
A	O5'_2	97.391	194.388	247.6	1.0	0.050980392156862744	0.050980392156862744
A	C5'_2	96.766	194.103	248.87	0.5647058823529412	0.5647058823529412	0.5647058823529412
A	C4'_2	95.65	195.086	249.129	0.5647058823529412	0.5647058823529412	0.5647058823529412
A	O4'_2	96.205	196.423	249.259	1.0	0.050980392156862744	0.050980392156862744
A	C3'_2	94.63	195.211	248.007	0.5647058823529412	0.5647058823529412	0.5647058823529412
A	O3'_2	93.642	194.188	248.082	1.0	0.050980392156862744	0.050980392156862744
A	C2'_2	94.065	196.608	248.231	0.5647058823529412	0.5647058823529412	0.5647058823529412
A	O2'_2	93.11	196.651	249.274	1.0	0.050980392156862744	0.050980392156862744
A	C1'_2	95.321	197.367	248.673	0.5647058823529412	0.5647058823529412	0.5647058823529412
A	N9_2	96.026	198.043	247.58	0.18823529411764706	0.3137254901960784	0.9725490196078431
A	C8_2	97.207	197.675	246.975	0.5647058823529412	0.5647058823529412	0.5647058823529412
A	N7_2	97.608	198.51	246.046	0.18823529411764706	0.3137254901960784	0.9725490196078431
A	C5_2	96.623	199.489	246.03	0.5647058823529412	0.5647058823529412	0.5647058823529412
A	C6_2	96.468	200.661	245.269	0.5647058823529412	0.5647058823529412	0.5647058823529412
A	N6_2	97.346	201.066	244.349	0.18823529411764706	0.3137254901960784	0.9725490196078431
A	N1_2	95.369	201.414	245.493	0.18823529411764706	0.3137254901960784	0.9725490196078431
A	C2_2	94.495	201.01	246.425	0.5647058823529412	0.5647058823529412	0.5647058823529412
A	N3_2	94.533	199.934	247.209	0.18823529411764706	0.3137254901960784	0.9725490196078431
A	C4_2	95.636	199.208	246.96	0.5647058823529412	0.5647058823529412	0.5647058823529412
