G	P_1	124.646	181.832	228.546	1.0	0.5019607843137255	0.0
G	OP1_1	125.338	180.641	229.11	1.0	0.050980392156862744	0.050980392156862744
G	OP2_1	125.141	182.439	227.277	1.0	0.050980392156862744	0.050980392156862744
G	O5'_1	123.105	181.471	228.371	1.0	0.050980392156862744	0.050980392156862744
G	C5'_1	122.606	180.932	227.136	0.5647058823529412	0.5647058823529412	0.5647058823529412
G	C4'_1	121.165	181.341	226.937	0.5647058823529412	0.5647058823529412	0.5647058823529412
G	O4'_1	121.054	182.79	226.981	1.0	0.050980392156862744	0.050980392156862744
G	C3'_1	120.569	180.952	225.594	0.5647058823529412	0.5647058823529412	0.5647058823529412
G	O3'_1	120.106	179.603	225.63	1.0	0.050980392156862744	0.050980392156862744
G	C2'_1	119.449	181.978	225.41	0.5647058823529412	0.5647058823529412	0.5647058823529412
G	O2'_1	118.258	181.66	226.107	1.0	0.050980392156862744	0.050980392156862744
G	C1'_1	120.072	183.225	226.047	0.5647058823529412	0.5647058823529412	0.5647058823529412
G	N9_1	120.703	184.16	225.113	0.18823529411764706	0.3137254901960784	0.9725490196078431
G	C8_1	122.053	184.393	224.958	0.5647058823529412	0.5647058823529412	0.5647058823529412
G	N7_1	122.319	185.315	224.069	0.18823529411764706	0.3137254901960784	0.9725490196078431
G	C5_1	121.073	185.714	223.599	0.5647058823529412	0.5647058823529412	0.5647058823529412
G	C6_1	120.727	186.693	222.625	0.5647058823529412	0.5647058823529412	0.5647058823529412
G	O6_1	121.478	187.421	221.966	1.0	0.050980392156862744	0.050980392156862744
G	N1_1	119.348	186.782	222.453	0.18823529411764706	0.3137254901960784	0.9725490196078431
G	C2_1	118.417	186.029	223.13	0.5647058823529412	0.5647058823529412	0.5647058823529412
G	N2_1	117.13	186.269	222.827	0.18823529411764706	0.3137254901960784	0.9725490196078431
G	N3_1	118.725	185.109	224.041	0.18823529411764706	0.3137254901960784	0.9725490196078431
G	C4_1	120.062	185.007	224.226	0.5647058823529412	0.5647058823529412	0.5647058823529412
A	P_2	109.999	180.551	229.194	1.0	0.5019607843137255	0.0
A	OP1_2	109.732	179.791	230.447	1.0	0.050980392156862744	0.050980392156862744
A	OP2_2	109.548	181.966	229.084	1.0	0.050980392156862744	0.050980392156862744
A	O5'_2	111.567	180.508	228.91	1.0	0.050980392156862744	0.050980392156862744
A	C5'_2	112.288	179.252	228.88	0.5647058823529412	0.5647058823529412	0.5647058823529412
A	C4'_2	113.702	179.477	228.391	0.5647058823529412	0.5647058823529412	0.5647058823529412
A	O4'_2	113.658	179.976	227.027	1.0	0.050980392156862744	0.050980392156862744
A	C3'_2	114.484	180.534	229.158	0.5647058823529412	0.5647058823529412	0.5647058823529412
A	O3'_2	115.096	179.998	230.322	1.0	0.050980392156862744	0.050980392156862744
A	C2'_2	115.498	181.008	228.128	0.5647058823529412	0.5647058823529412	0.5647058823529412
A	O2'_2	116.596	180.129	227.988	1.0	0.050980392156862744	0.050980392156862744
A	C1'_2	114.653	180.973	226.851	0.5647058823529412	0.5647058823529412	0.5647058823529412
A	N9_2	113.975	182.244	226.576	0.18823529411764706	0.3137254901960784	0.9725490196078431
A	C8_2	112.622	182.516	226.643	0.5647058823529412	0.5647058823529412	0.5647058823529412
A	N7_2	112.317	183.757	226.338	0.18823529411764706	0.3137254901960784	0.9725490196078431
A	C5_2	113.546	184.342	226.054	0.5647058823529412	0.5647058823529412	0.5647058823529412
A	C6_2	113.902	185.642	225.669	0.5647058823529412	0.5647058823529412	0.5647058823529412
A	N6_2	113.017	186.629	225.506	0.18823529411764706	0.3137254901960784	0.9725490196078431
A	N1_2	115.213	185.902	225.459	0.18823529411764706	0.3137254901960784	0.9725490196078431
A	C2_2	116.098	184.911	225.636	0.5647058823529412	0.5647058823529412	0.5647058823529412
A	N3_2	115.887	183.648	226.0	0.18823529411764706	0.3137254901960784	0.9725490196078431
A	C4_2	114.574	183.424	226.195	0.5647058823529412	0.5647058823529412	0.5647058823529412
