G	P_1	225.623	167.901	244.067	1.0	0.5019607843137255	0.0
G	OP1_1	224.213	167.435	243.914	1.0	0.050980392156862744	0.050980392156862744
G	OP2_1	226.498	167.269	245.095	1.0	0.050980392156862744	0.050980392156862744
G	O5'_1	226.35	167.783	242.648	1.0	0.050980392156862744	0.050980392156862744
G	C5'_1	225.744	168.329	241.451	0.5647058823529412	0.5647058823529412	0.5647058823529412
G	C4'_1	226.754	168.384	240.321	0.5647058823529412	0.5647058823529412	0.5647058823529412
G	O4'_1	227.895	169.186	240.732	1.0	0.050980392156862744	0.050980392156862744
G	C3'_1	227.365	167.058	239.884	0.5647058823529412	0.5647058823529412	0.5647058823529412
G	O3'_1	226.506	166.407	238.941	1.0	0.050980392156862744	0.050980392156862744
G	C2'_1	228.676	167.495	239.228	0.5647058823529412	0.5647058823529412	0.5647058823529412
G	O2'_1	228.508	167.922	237.889	1.0	0.050980392156862744	0.050980392156862744
G	C1'_1	229.067	168.712	240.081	0.5647058823529412	0.5647058823529412	0.5647058823529412
G	N9_1	230.114	168.497	241.083	0.18823529411764706	0.3137254901960784	0.9725490196078431
G	C8_1	229.969	168.496	242.454	0.5647058823529412	0.5647058823529412	0.5647058823529412
G	N7_1	231.091	168.282	243.09	0.18823529411764706	0.3137254901960784	0.9725490196078431
G	C5_1	232.038	168.129	242.084	0.5647058823529412	0.5647058823529412	0.5647058823529412
G	C6_1	233.434	167.866	242.168	0.5647058823529412	0.5647058823529412	0.5647058823529412
G	O6_1	234.128	167.706	243.182	1.0	0.050980392156862744	0.050980392156862744
G	N1_1	234.02	167.792	240.904	0.18823529411764706	0.3137254901960784	0.9725490196078431
G	C2_1	233.351	167.945	239.712	0.5647058823529412	0.5647058823529412	0.5647058823529412
G	N2_1	234.099	167.84	238.596	0.18823529411764706	0.3137254901960784	0.9725490196078431
G	N3_1	232.045	168.184	239.62	0.18823529411764706	0.3137254901960784	0.9725490196078431
G	C4_1	231.457	168.263	240.838	0.5647058823529412	0.5647058823529412	0.5647058823529412
A	P_2	237.651	165.833	238.99	1.0	0.5019607843137255	0.0
A	OP1_2	238.892	165.791	239.821	1.0	0.050980392156862744	0.050980392156862744
A	OP2_2	236.422	166.458	239.544	1.0	0.050980392156862744	0.050980392156862744
A	O5'_2	237.996	166.542	237.599	1.0	0.050980392156862744	0.050980392156862744
A	C5'_2	239.221	166.242	236.882	0.5647058823529412	0.5647058823529412	0.5647058823529412
A	C4'_2	239.161	166.8	235.468	0.5647058823529412	0.5647058823529412	0.5647058823529412
A	O4'_2	237.956	166.306	234.814	1.0	0.050980392156862744	0.050980392156862744
A	C3'_2	239.058	168.315	235.307	0.5647058823529412	0.5647058823529412	0.5647058823529412
A	O3'_2	240.334	168.964	235.388	1.0	0.050980392156862744	0.050980392156862744
A	C2'_2	238.48	168.441	233.9	0.5647058823529412	0.5647058823529412	0.5647058823529412
A	O2'_2	239.448	168.266	232.885	1.0	0.050980392156862744	0.050980392156862744
A	C1'_2	237.5	167.262	233.863	0.5647058823529412	0.5647058823529412	0.5647058823529412
A	N9_2	236.133	167.667	234.205	0.18823529411764706	0.3137254901960784	0.9725490196078431
A	C8_2	235.464	167.52	235.403	0.5647058823529412	0.5647058823529412	0.5647058823529412
A	N7_2	234.263	168.055	235.407	0.18823529411764706	0.3137254901960784	0.9725490196078431
A	C5_2	234.124	168.577	234.125	0.5647058823529412	0.5647058823529412	0.5647058823529412
A	C6_2	233.079	169.293	233.497	0.5647058823529412	0.5647058823529412	0.5647058823529412
A	N6_2	231.943	169.633	234.114	0.18823529411764706	0.3137254901960784	0.9725490196078431
A	N1_2	233.252	169.657	232.206	0.18823529411764706	0.3137254901960784	0.9725490196078431
A	C2_2	234.403	169.333	231.599	0.5647058823529412	0.5647058823529412	0.5647058823529412
A	N3_2	235.463	168.678	232.084	0.18823529411764706	0.3137254901960784	0.9725490196078431
A	C4_2	235.259	168.325	233.367	0.5647058823529412	0.5647058823529412	0.5647058823529412
