G	P_1	195.187	304.581	170.464	1.0	0.5019607843137255	0.0
G	OP1_1	194.554	305.91	170.228	1.0	0.050980392156862744	0.050980392156862744
G	OP2_1	194.793	303.425	169.618	1.0	0.050980392156862744	0.050980392156862744
G	O5'_1	196.766	304.782	170.333	1.0	0.050980392156862744	0.050980392156862744
G	C5'_1	197.5	305.607	171.269	0.5647058823529412	0.5647058823529412	0.5647058823529412
G	C4'_1	198.574	306.411	170.55	0.5647058823529412	0.5647058823529412	0.5647058823529412
G	O4'_1	199.442	305.503	169.81	1.0	0.050980392156862744	0.050980392156862744
G	C3'_1	198.098	307.453	169.537	0.5647058823529412	0.5647058823529412	0.5647058823529412
G	O3'_1	199.01	308.551	169.53	1.0	0.050980392156862744	0.050980392156862744
G	C2'_1	198.191	306.695	168.214	0.5647058823529412	0.5647058823529412	0.5647058823529412
G	O2'_1	198.335	307.538	167.086	1.0	0.050980392156862744	0.050980392156862744
G	C1'_1	199.454	305.864	168.44	0.5647058823529412	0.5647058823529412	0.5647058823529412
G	N9_1	199.56	304.643	167.644	0.18823529411764706	0.3137254901960784	0.9725490196078431
G	C8_1	198.537	303.876	167.131	0.5647058823529412	0.5647058823529412	0.5647058823529412
G	N7_1	198.959	302.828	166.474	0.18823529411764706	0.3137254901960784	0.9725490196078431
G	C5_1	200.345	302.908	166.552	0.5647058823529412	0.5647058823529412	0.5647058823529412
G	C6_1	201.35	302.048	166.03	0.5647058823529412	0.5647058823529412	0.5647058823529412
G	O6_1	201.211	301.004	165.379	1.0	0.050980392156862744	0.050980392156862744
G	N1_1	202.627	302.508	166.338	0.18823529411764706	0.3137254901960784	0.9725490196078431
G	C2_1	202.906	303.646	167.057	0.5647058823529412	0.5647058823529412	0.5647058823529412
G	N2_1	204.203	303.931	167.24	0.18823529411764706	0.3137254901960784	0.9725490196078431
G	N3_1	201.981	304.451	167.557	0.18823529411764706	0.3137254901960784	0.9725490196078431
G	C4_1	200.731	304.026	167.267	0.5647058823529412	0.5647058823529412	0.5647058823529412
A	P_2	198.732	292.095	163.57	1.0	0.5019607843137255	0.0
A	OP1_2	198.193	290.709	163.698	1.0	0.050980392156862744	0.050980392156862744
A	OP2_2	198.403	293.111	164.609	1.0	0.050980392156862744	0.050980392156862744
A	O5'_2	200.318	292.008	163.444	1.0	0.050980392156862744	0.050980392156862744
A	C5'_2	200.944	291.08	162.534	0.5647058823529412	0.5647058823529412	0.5647058823529412
A	C4'_2	202.403	291.425	162.361	0.5647058823529412	0.5647058823529412	0.5647058823529412
A	O4'_2	202.522	292.688	161.648	1.0	0.050980392156862744	0.050980392156862744
A	C3'_2	203.176	291.658	163.65	0.5647058823529412	0.5647058823529412	0.5647058823529412
A	O3'_2	203.587	290.44	164.27	1.0	0.050980392156862744	0.050980392156862744
A	C2'_2	204.341	292.519	163.175	0.5647058823529412	0.5647058823529412	0.5647058823529412
A	O2'_2	205.378	291.779	162.554	1.0	0.050980392156862744	0.050980392156862744
A	C1'_2	203.647	293.409	162.138	0.5647058823529412	0.5647058823529412	0.5647058823529412
A	N9_2	203.179	294.674	162.711	0.18823529411764706	0.3137254901960784	0.9725490196078431
A	C8_2	201.892	295.041	163.036	0.5647058823529412	0.5647058823529412	0.5647058823529412
A	N7_2	201.803	296.239	163.563	0.18823529411764706	0.3137254901960784	0.9725490196078431
A	C5_2	203.115	296.693	163.583	0.5647058823529412	0.5647058823529412	0.5647058823529412
A	C6_2	203.691	297.895	164.029	0.5647058823529412	0.5647058823529412	0.5647058823529412
A	N6_2	202.989	298.896	164.57	0.18823529411764706	0.3137254901960784	0.9725490196078431
A	N1_2	205.029	298.036	163.901	0.18823529411764706	0.3137254901960784	0.9725490196078431
A	C2_2	205.731	297.028	163.365	0.5647058823529412	0.5647058823529412	0.5647058823529412
A	N3_2	205.304	295.851	162.914	0.18823529411764706	0.3137254901960784	0.9725490196078431
A	C4_2	203.97	295.745	163.052	0.5647058823529412	0.5647058823529412	0.5647058823529412
