G	P_1	188.675	123.523	182.596	1.0	0.5019607843137255	0.0
G	OP1_1	187.256	123.386	182.175	1.0	0.050980392156862744	0.050980392156862744
G	OP2_1	188.99	123.942	183.989	1.0	0.050980392156862744	0.050980392156862744
G	O5'_1	189.413	122.139	182.309	1.0	0.050980392156862744	0.050980392156862744
G	C5'_1	189.449	121.583	180.976	0.5647058823529412	0.5647058823529412	0.5647058823529412
G	C4'_1	190.497	120.497	180.887	0.5647058823529412	0.5647058823529412	0.5647058823529412
G	O4'_1	191.803	121.051	181.194	1.0	0.050980392156862744	0.050980392156862744
G	C3'_1	190.341	119.339	181.862	0.5647058823529412	0.5647058823529412	0.5647058823529412
G	O3'_1	189.417	118.38	181.343	1.0	0.050980392156862744	0.050980392156862744
G	C2'_1	191.763	118.784	181.935	0.5647058823529412	0.5647058823529412	0.5647058823529412
G	O2'_1	192.089	117.969	180.826	1.0	0.050980392156862744	0.050980392156862744
G	C1'_1	192.599	120.066	181.839	0.5647058823529412	0.5647058823529412	0.5647058823529412
G	N9_1	193.066	120.606	183.115	0.18823529411764706	0.3137254901960784	0.9725490196078431
G	C8_1	192.523	121.658	183.82	0.5647058823529412	0.5647058823529412	0.5647058823529412
G	N7_1	193.177	121.936	184.917	0.18823529411764706	0.3137254901960784	0.9725490196078431
G	C5_1	194.214	121.009	184.946	0.5647058823529412	0.5647058823529412	0.5647058823529412
G	C6_1	195.252	120.825	185.898	0.5647058823529412	0.5647058823529412	0.5647058823529412
G	O6_1	195.475	121.474	186.93	1.0	0.050980392156862744	0.050980392156862744
G	N1_1	196.082	119.763	185.553	0.18823529411764706	0.3137254901960784	0.9725490196078431
G	C2_1	195.938	118.98	184.436	0.5647058823529412	0.5647058823529412	0.5647058823529412
G	N2_1	196.839	117.994	184.289	0.18823529411764706	0.3137254901960784	0.9725490196078431
G	N3_1	194.979	119.147	183.53	0.18823529411764706	0.3137254901960784	0.9725490196078431
G	C4_1	194.157	120.174	183.848	0.5647058823529412	0.5647058823529412	0.5647058823529412
A	P_2	200.601	115.83	185.566	1.0	0.5019607843137255	0.0
A	OP1_2	202.054	116.071	185.79	1.0	0.050980392156862744	0.050980392156862744
A	OP2_2	199.686	116.988	185.381	1.0	0.050980392156862744	0.050980392156862744
A	O5'_2	200.473	114.886	184.292	1.0	0.050980392156862744	0.050980392156862744
A	C5'_2	201.025	113.553	184.304	0.5647058823529412	0.5647058823529412	0.5647058823529412
A	C4'_2	200.808	112.896	182.965	0.5647058823529412	0.5647058823529412	0.5647058823529412
A	O4'_2	199.383	112.713	182.748	1.0	0.050980392156862744	0.050980392156862744
A	C3'_2	201.272	113.739	181.788	0.5647058823529412	0.5647058823529412	0.5647058823529412
A	O3'_2	202.669	113.57	181.558	1.0	0.050980392156862744	0.050980392156862744
A	C2'_2	200.384	113.239	180.656	0.5647058823529412	0.5647058823529412	0.5647058823529412
A	O2'_2	200.818	112.009	180.109	1.0	0.050980392156862744	0.050980392156862744
A	C1'_2	199.064	113.01	181.398	0.5647058823529412	0.5647058823529412	0.5647058823529412
A	N9_2	198.165	114.165	181.397	0.18823529411764706	0.3137254901960784	0.9725490196078431
A	C8_2	198.163	115.233	182.268	0.5647058823529412	0.5647058823529412	0.5647058823529412
A	N7_2	197.207	116.1	182.038	0.18823529411764706	0.3137254901960784	0.9725490196078431
A	C5_2	196.534	115.572	180.943	0.5647058823529412	0.5647058823529412	0.5647058823529412
A	C6_2	195.41	116.017	180.218	0.5647058823529412	0.5647058823529412	0.5647058823529412
A	N6_2	194.736	117.132	180.512	0.18823529411764706	0.3137254901960784	0.9725490196078431
A	N1_2	194.997	115.264	179.171	0.18823529411764706	0.3137254901960784	0.9725490196078431
A	C2_2	195.671	114.141	178.887	0.5647058823529412	0.5647058823529412	0.5647058823529412
A	N3_2	196.737	113.615	179.497	0.18823529411764706	0.3137254901960784	0.9725490196078431
A	C4_2	197.123	114.388	180.529	0.5647058823529412	0.5647058823529412	0.5647058823529412
