A	P_1	199.263	235.187	207.873	1.0	0.5019607843137255	0.0
A	OP1_1	197.93	235.804	208.136	1.0	0.050980392156862744	0.050980392156862744
A	OP2_1	200.228	235.022	208.995	1.0	0.050980392156862744	0.050980392156862744
A	O5'_1	199.022	233.756	207.204	1.0	0.050980392156862744	0.050980392156862744
A	C5'_1	198.17	233.611	206.041	0.5647058823529412	0.5647058823529412	0.5647058823529412
A	C4'_1	198.299	232.218	205.451	0.5647058823529412	0.5647058823529412	0.5647058823529412
A	O4'_1	199.661	231.997	204.983	1.0	0.050980392156862744	0.050980392156862744
A	C3'_1	198.041	231.055	206.403	0.5647058823529412	0.5647058823529412	0.5647058823529412
A	O3'_1	196.641	230.795	206.564	1.0	0.050980392156862744	0.050980392156862744
A	C2'_1	198.771	229.908	205.706	0.5647058823529412	0.5647058823529412	0.5647058823529412
A	O2'_1	198.05	229.348	204.623	1.0	0.050980392156862744	0.050980392156862744
A	C1'_1	200.008	230.628	205.16	0.5647058823529412	0.5647058823529412	0.5647058823529412
A	N9_1	201.149	230.557	206.072	0.18823529411764706	0.3137254901960784	0.9725490196078431
A	C8_1	201.67	231.567	206.852	0.5647058823529412	0.5647058823529412	0.5647058823529412
A	N7_1	202.703	231.197	207.573	0.18823529411764706	0.3137254901960784	0.9725490196078431
A	C5_1	202.877	229.859	207.246	0.5647058823529412	0.5647058823529412	0.5647058823529412
A	C6_1	203.805	228.895	207.679	0.5647058823529412	0.5647058823529412	0.5647058823529412
A	N6_1	204.772	229.149	208.569	0.18823529411764706	0.3137254901960784	0.9725490196078431
A	N1_1	203.705	227.647	207.165	0.18823529411764706	0.3137254901960784	0.9725490196078431
A	C2_1	202.728	227.396	206.278	0.5647058823529412	0.5647058823529412	0.5647058823529412
A	N3_1	201.793	228.22	205.794	0.18823529411764706	0.3137254901960784	0.9725490196078431
A	C4_1	201.926	229.45	206.324	0.5647058823529412	0.5647058823529412	0.5647058823529412
G	P_2	212.3	228.266	213.365	1.0	0.5019607843137255	0.0
G	OP1_2	213.188	227.125	212.993	1.0	0.050980392156862744	0.050980392156862744
G	OP2_2	212.896	229.599	213.654	1.0	0.050980392156862744	0.050980392156862744
G	O5'_2	211.191	228.424	212.23	1.0	0.050980392156862744	0.050980392156862744
G	C5'_2	210.489	227.264	211.726	0.5647058823529412	0.5647058823529412	0.5647058823529412
G	C4'_2	209.331	227.677	210.842	0.5647058823529412	0.5647058823529412	0.5647058823529412
G	O4'_2	208.325	228.379	211.615	1.0	0.050980392156862744	0.050980392156862744
G	C3'_2	209.645	228.631	209.703	0.5647058823529412	0.5647058823529412	0.5647058823529412
G	O3'_2	210.198	227.925	208.601	1.0	0.050980392156862744	0.050980392156862744
G	C2'_2	208.27	229.204	209.376	0.5647058823529412	0.5647058823529412	0.5647058823529412
G	O2'_2	207.504	228.328	208.57	1.0	0.050980392156862744	0.050980392156862744
G	C1'_2	207.636	229.289	210.771	0.5647058823529412	0.5647058823529412	0.5647058823529412
G	N9_2	207.67	230.614	211.387	0.18823529411764706	0.3137254901960784	0.9725490196078431
G	C8_2	208.557	231.075	212.339	0.5647058823529412	0.5647058823529412	0.5647058823529412
G	N7_2	208.312	232.303	212.724	0.18823529411764706	0.3137254901960784	0.9725490196078431
G	C5_2	207.201	232.684	211.978	0.5647058823529412	0.5647058823529412	0.5647058823529412
G	C6_2	206.468	233.913	211.966	0.5647058823529412	0.5647058823529412	0.5647058823529412
G	O6_2	206.664	234.937	212.64	1.0	0.050980392156862744	0.050980392156862744
G	N1_2	205.413	233.87	211.053	0.18823529411764706	0.3137254901960784	0.9725490196078431
G	C2_2	205.097	232.788	210.254	0.5647058823529412	0.5647058823529412	0.5647058823529412
G	N2_2	204.042	232.943	209.43	0.18823529411764706	0.3137254901960784	0.9725490196078431
G	N3_2	205.767	231.638	210.26	0.18823529411764706	0.3137254901960784	0.9725490196078431
G	C4_2	206.796	231.655	211.139	0.5647058823529412	0.5647058823529412	0.5647058823529412
