A	P_1	190.533	147.698	156.622	1.0	0.5019607843137255	0.0
A	OP1_1	190.527	149.124	157.061	1.0	0.050980392156862744	0.050980392156862744
A	OP2_1	189.241	147.019	156.325	1.0	0.050980392156862744	0.050980392156862744
A	O5'_1	191.463	147.578	155.33	1.0	0.050980392156862744	0.050980392156862744
A	C5'_1	192.657	148.385	155.195	0.5647058823529412	0.5647058823529412	0.5647058823529412
A	C4'_1	193.215	148.274	153.787	0.5647058823529412	0.5647058823529412	0.5647058823529412
A	O4'_1	193.657	146.908	153.541	1.0	0.050980392156862744	0.050980392156862744
A	C3'_1	192.245	148.562	152.648	0.5647058823529412	0.5647058823529412	0.5647058823529412
A	O3'_1	192.091	149.961	152.395	1.0	0.050980392156862744	0.050980392156862744
A	C2'_1	192.899	147.821	151.489	0.5647058823529412	0.5647058823529412	0.5647058823529412
A	O2'_1	194.005	148.519	150.952	1.0	0.050980392156862744	0.050980392156862744
A	C1'_1	193.397	146.555	152.19	0.5647058823529412	0.5647058823529412	0.5647058823529412
A	N9_1	192.392	145.488	152.178	0.18823529411764706	0.3137254901960784	0.9725490196078431
A	C8_1	191.542	145.11	153.2	0.5647058823529412	0.5647058823529412	0.5647058823529412
A	N7_1	190.724	144.138	152.876	0.18823529411764706	0.3137254901960784	0.9725490196078431
A	C5_1	191.055	143.85	151.558	0.5647058823529412	0.5647058823529412	0.5647058823529412
A	C6_1	190.542	142.916	150.641	0.5647058823529412	0.5647058823529412	0.5647058823529412
A	N6_1	189.535	142.081	150.919	0.18823529411764706	0.3137254901960784	0.9725490196078431
A	N1_1	191.102	142.871	149.41	0.18823529411764706	0.3137254901960784	0.9725490196078431
A	C2_1	192.1	143.723	149.127	0.5647058823529412	0.5647058823529412	0.5647058823529412
A	N3_1	192.661	144.653	149.901	0.18823529411764706	0.3137254901960784	0.9725490196078431
A	C4_1	192.089	144.665	151.119	0.5647058823529412	0.5647058823529412	0.5647058823529412
G	P_2	184.049	134.574	151.606	1.0	0.5019607843137255	0.0
G	OP1_2	183.977	133.44	150.647	1.0	0.050980392156862744	0.050980392156862744
G	OP2_2	183.982	134.307	153.069	1.0	0.050980392156862744	0.050980392156862744
G	O5'_2	185.389	135.376	151.306	1.0	0.050980392156862744	0.050980392156862744
G	C5'_2	185.768	135.708	149.955	0.5647058823529412	0.5647058823529412	0.5647058823529412
G	C4'_2	186.809	136.804	149.962	0.5647058823529412	0.5647058823529412	0.5647058823529412
G	O4'_2	186.235	138.026	150.499	1.0	0.050980392156862744	0.050980392156862744
G	C3'_2	188.014	136.529	150.844	0.5647058823529412	0.5647058823529412	0.5647058823529412
G	O3'_2	188.965	135.718	150.162	1.0	0.050980392156862744	0.050980392156862744
G	C2'_2	188.519	137.931	151.16	0.5647058823529412	0.5647058823529412	0.5647058823529412
G	O2'_2	189.291	138.492	150.118	1.0	0.050980392156862744	0.050980392156862744
G	C1'_2	187.202	138.704	151.288	0.5647058823529412	0.5647058823529412	0.5647058823529412
G	N9_2	186.71	138.752	152.662	0.18823529411764706	0.3137254901960784	0.9725490196078431
G	C8_2	185.843	137.863	153.254	0.5647058823529412	0.5647058823529412	0.5647058823529412
G	N7_2	185.608	138.132	154.509	0.18823529411764706	0.3137254901960784	0.9725490196078431
G	C5_2	186.356	139.275	154.763	0.5647058823529412	0.5647058823529412	0.5647058823529412
G	C6_2	186.5	140.028	155.958	0.5647058823529412	0.5647058823529412	0.5647058823529412
G	O6_2	185.975	139.826	157.063	1.0	0.050980392156862744	0.050980392156862744
G	N1_2	187.356	141.113	155.779	0.18823529411764706	0.3137254901960784	0.9725490196078431
G	C2_2	187.99	141.436	154.603	0.5647058823529412	0.5647058823529412	0.5647058823529412
G	N2_2	188.779	142.524	154.636	0.18823529411764706	0.3137254901960784	0.9725490196078431
G	N3_2	187.861	140.742	153.477	0.18823529411764706	0.3137254901960784	0.9725490196078431
G	C4_2	187.036	139.679	153.63	0.5647058823529412	0.5647058823529412	0.5647058823529412
