G	P_1	223.22	193.247	223.305	1.0	0.5019607843137255	0.0
G	OP1_1	223.316	194.538	224.061	1.0	0.050980392156862744	0.050980392156862744
G	OP2_1	222.325	192.162	223.807	1.0	0.050980392156862744	0.050980392156862744
G	O5'_1	222.793	193.584	221.807	1.0	0.050980392156862744	0.050980392156862744
G	C5'_1	223.541	194.527	221.02	0.5647058823529412	0.5647058823529412	0.5647058823529412
G	C4'_1	223.116	194.441	219.579	0.5647058823529412	0.5647058823529412	0.5647058823529412
G	O4'_1	223.42	193.112	219.083	1.0	0.050980392156862744	0.050980392156862744
G	C3'_1	221.621	194.616	219.35	0.5647058823529412	0.5647058823529412	0.5647058823529412
G	O3'_1	221.292	195.999	219.197	1.0	0.050980392156862744	0.050980392156862744
G	C2'_1	221.395	193.851	218.051	0.5647058823529412	0.5647058823529412	0.5647058823529412
G	O2'_1	221.743	194.623	216.916	1.0	0.050980392156862744	0.050980392156862744
G	C1'_1	222.397	192.696	218.194	0.5647058823529412	0.5647058823529412	0.5647058823529412
G	N9_1	221.834	191.44	218.69	0.18823529411764706	0.3137254901960784	0.9725490196078431
G	C8_1	221.94	190.917	219.962	0.5647058823529412	0.5647058823529412	0.5647058823529412
G	N7_1	221.364	189.749	220.087	0.18823529411764706	0.3137254901960784	0.9725490196078431
G	C5_1	220.835	189.487	218.827	0.5647058823529412	0.5647058823529412	0.5647058823529412
G	C6_1	220.097	188.364	218.352	0.5647058823529412	0.5647058823529412	0.5647058823529412
G	O6_1	219.757	187.347	218.974	1.0	0.050980392156862744	0.050980392156862744
G	N1_1	219.753	188.505	217.006	0.18823529411764706	0.3137254901960784	0.9725490196078431
G	C2_1	220.074	189.585	216.216	0.5647058823529412	0.5647058823529412	0.5647058823529412
G	N2_1	219.656	189.533	214.932	0.18823529411764706	0.3137254901960784	0.9725490196078431
G	N3_1	220.76	190.642	216.65	0.18823529411764706	0.3137254901960784	0.9725490196078431
G	C4_1	221.106	190.524	217.955	0.5647058823529412	0.5647058823529412	0.5647058823529412
A	P_2	215.037	194.907	210.719	1.0	0.5019607843137255	0.0
A	OP1_2	214.653	196.349	210.858	1.0	0.050980392156862744	0.050980392156862744
A	OP2_2	214.09	193.94	210.062	1.0	0.050980392156862744	0.050980392156862744
A	O5'_2	216.421	194.847	209.933	1.0	0.050980392156862744	0.050980392156862744
A	C5'_2	216.499	195.178	208.535	0.5647058823529412	0.5647058823529412	0.5647058823529412
A	C4'_2	217.699	194.496	207.902	0.5647058823529412	0.5647058823529412	0.5647058823529412
A	O4'_2	218.905	194.853	208.648	1.0	0.050980392156862744	0.050980392156862744
A	C3'_2	217.705	192.97	207.932	0.5647058823529412	0.5647058823529412	0.5647058823529412
A	O3'_2	216.861	192.377	206.938	1.0	0.050980392156862744	0.050980392156862744
A	C2'_2	219.19	192.674	207.746	0.5647058823529412	0.5647058823529412	0.5647058823529412
A	O2'_2	219.633	192.858	206.415	1.0	0.050980392156862744	0.050980392156862744
A	C1'_2	219.812	193.755	208.641	0.5647058823529412	0.5647058823529412	0.5647058823529412
A	N9_2	220.01	193.301	210.025	0.18823529411764706	0.3137254901960784	0.9725490196078431
A	C8_2	219.487	192.179	210.647	0.5647058823529412	0.5647058823529412	0.5647058823529412
A	N7_2	219.881	192.029	211.891	0.18823529411764706	0.3137254901960784	0.9725490196078431
A	C5_2	220.706	193.125	212.109	0.5647058823529412	0.5647058823529412	0.5647058823529412
A	C6_2	221.441	193.54	213.23	0.5647058823529412	0.5647058823529412	0.5647058823529412
A	N6_2	221.475	192.861	214.381	0.18823529411764706	0.3137254901960784	0.9725490196078431
A	N1_2	222.158	194.685	213.125	0.18823529411764706	0.3137254901960784	0.9725490196078431
A	C2_2	222.136	195.352	211.961	0.5647058823529412	0.5647058823529412	0.5647058823529412
A	N3_2	221.493	195.056	210.832	0.18823529411764706	0.3137254901960784	0.9725490196078431
A	C4_2	220.788	193.919	210.972	0.5647058823529412	0.5647058823529412	0.5647058823529412
