G	P_1	250.442	186.86	208.023	1.0	0.5019607843137255	0.0
G	OP1_1	249.629	188.025	207.564	1.0	0.050980392156862744	0.050980392156862744
G	OP2_1	251.726	187.098	208.735	1.0	0.050980392156862744	0.050980392156862744
G	O5'_1	249.516	185.937	208.938	1.0	0.050980392156862744	0.050980392156862744
G	C5'_1	248.253	185.448	208.446	0.5647058823529412	0.5647058823529412	0.5647058823529412
G	C4'_1	247.651	184.446	209.409	0.5647058823529412	0.5647058823529412	0.5647058823529412
G	O4'_1	248.462	183.238	209.472	1.0	0.050980392156862744	0.050980392156862744
G	C3'_1	247.554	184.859	210.868	0.5647058823529412	0.5647058823529412	0.5647058823529412
G	O3'_1	246.485	185.773	211.106	1.0	0.050980392156862744	0.050980392156862744
G	C2'_1	247.337	183.512	211.551	0.5647058823529412	0.5647058823529412	0.5647058823529412
G	O2'_1	246.013	183.037	211.432	1.0	0.050980392156862744	0.050980392156862744
G	C1'_1	248.262	182.604	210.733	0.5647058823529412	0.5647058823529412	0.5647058823529412
G	N9_1	249.552	182.404	211.393	0.18823529411764706	0.3137254901960784	0.9725490196078431
G	C8_1	250.754	183.018	211.104	0.5647058823529412	0.5647058823529412	0.5647058823529412
G	N7_1	251.716	182.676	211.92	0.18823529411764706	0.3137254901960784	0.9725490196078431
G	C5_1	251.123	181.772	212.797	0.5647058823529412	0.5647058823529412	0.5647058823529412
G	C6_1	251.672	181.072	213.915	0.5647058823529412	0.5647058823529412	0.5647058823529412
G	O6_1	252.821	181.131	214.379	1.0	0.050980392156862744	0.050980392156862744
G	N1_1	250.726	180.241	214.513	0.18823529411764706	0.3137254901960784	0.9725490196078431
G	C2_1	249.418	180.104	214.101	0.5647058823529412	0.5647058823529412	0.5647058823529412
G	N2_1	248.667	179.236	214.802	0.18823529411764706	0.3137254901960784	0.9725490196078431
G	N3_1	248.888	180.765	213.075	0.18823529411764706	0.3137254901960784	0.9725490196078431
G	C4_1	249.792	181.574	212.473	0.5647058823529412	0.5647058823529412	0.5647058823529412
A	P_2	249.439	179.166	218.849	1.0	0.5019607843137255	0.0
A	OP1_2	250.338	178.945	220.022	1.0	0.050980392156862744	0.050980392156862744
A	OP2_2	250.031	179.544	217.534	1.0	0.050980392156862744	0.050980392156862744
A	O5'_2	248.525	177.872	218.641	1.0	0.050980392156862744	0.050980392156862744
A	C5'_2	247.999	177.16	219.779	0.5647058823529412	0.5647058823529412	0.5647058823529412
A	C4'_2	246.764	176.369	219.4	0.5647058823529412	0.5647058823529412	0.5647058823529412
A	O4'_2	245.741	177.265	218.88	1.0	0.050980392156862744	0.050980392156862744
A	C3'_2	246.898	175.309	218.315	0.5647058823529412	0.5647058823529412	0.5647058823529412
A	O3'_2	247.487	174.099	218.805	1.0	0.050980392156862744	0.050980392156862744
A	C2'_2	245.436	175.116	217.911	0.5647058823529412	0.5647058823529412	0.5647058823529412
A	O2'_2	244.681	174.33	218.815	1.0	0.050980392156862744	0.050980392156862744
A	C1'_2	244.92	176.559	217.96	0.5647058823529412	0.5647058823529412	0.5647058823529412
A	N9_2	245.034	177.195	216.648	0.18823529411764706	0.3137254901960784	0.9725490196078431
A	C8_2	246.183	177.467	215.933	0.5647058823529412	0.5647058823529412	0.5647058823529412
A	N7_2	245.957	177.995	214.751	0.18823529411764706	0.3137254901960784	0.9725490196078431
A	C5_2	244.569	178.092	214.687	0.5647058823529412	0.5647058823529412	0.5647058823529412
A	C6_2	243.695	178.569	213.686	0.5647058823529412	0.5647058823529412	0.5647058823529412
A	N6_2	244.113	179.045	212.508	0.18823529411764706	0.3137254901960784	0.9725490196078431
A	N1_2	242.366	178.535	213.942	0.18823529411764706	0.3137254901960784	0.9725490196078431
A	C2_2	241.952	178.046	215.122	0.5647058823529412	0.5647058823529412	0.5647058823529412
A	N3_2	242.674	177.563	216.14	0.18823529411764706	0.3137254901960784	0.9725490196078431
A	C4_2	243.989	177.615	215.855	0.5647058823529412	0.5647058823529412	0.5647058823529412
