G	P_1	165.666	112.363	190.626	1.0	0.5019607843137255	0.0
G	OP1_1	164.24	112.799	190.57	1.0	0.050980392156862744	0.050980392156862744
G	OP2_1	166.115	111.459	191.721	1.0	0.050980392156862744	0.050980392156862744
G	O5'_1	166.034	111.669	189.239	1.0	0.050980392156862744	0.050980392156862744
G	C5'_1	165.614	112.254	187.99	0.5647058823529412	0.5647058823529412	0.5647058823529412
G	C4'_1	166.188	111.482	186.82	0.5647058823529412	0.5647058823529412	0.5647058823529412
G	O4'_1	167.636	111.622	186.782	1.0	0.050980392156862744	0.050980392156862744
G	C3'_1	165.985	109.976	186.82	0.5647058823529412	0.5647058823529412	0.5647058823529412
G	O3'_1	164.671	109.604	186.409	1.0	0.050980392156862744	0.050980392156862744
G	C2'_1	167.052	109.523	185.827	0.5647058823529412	0.5647058823529412	0.5647058823529412
G	O2'_1	166.682	109.734	184.477	1.0	0.050980392156862744	0.050980392156862744
G	C1'_1	168.206	110.466	186.18	0.5647058823529412	0.5647058823529412	0.5647058823529412
G	N9_1	169.143	109.849	187.117	0.18823529411764706	0.3137254901960784	0.9725490196078431
G	C8_1	169.051	109.816	188.491	0.5647058823529412	0.5647058823529412	0.5647058823529412
G	N7_1	170.026	109.154	189.055	0.18823529411764706	0.3137254901960784	0.9725490196078431
G	C5_1	170.816	108.729	187.992	0.5647058823529412	0.5647058823529412	0.5647058823529412
G	C6_1	172.015	107.959	187.982	0.5647058823529412	0.5647058823529412	0.5647058823529412
G	O6_1	172.632	107.48	188.943	1.0	0.050980392156862744	0.050980392156862744
G	N1_1	172.487	107.76	186.687	0.18823529411764706	0.3137254901960784	0.9725490196078431
G	C2_1	171.89	108.235	185.547	0.5647058823529412	0.5647058823529412	0.5647058823529412
G	N2_1	172.507	107.941	184.389	0.18823529411764706	0.3137254901960784	0.9725490196078431
G	N3_1	170.769	108.949	185.539	0.18823529411764706	0.3137254901960784	0.9725490196078431
G	C4_1	170.291	109.157	186.789	0.5647058823529412	0.5647058823529412	0.5647058823529412
A	P_2	174.263	104.349	183.731	1.0	0.5019607843137255	0.0
A	OP1_2	175.318	103.342	184.035	1.0	0.050980392156862744	0.050980392156862744
A	OP2_2	174.095	105.527	184.621	1.0	0.050980392156862744	0.050980392156862744
A	O5'_2	174.504	104.874	182.245	1.0	0.050980392156862744	0.050980392156862744
A	C5'_2	174.683	103.948	181.155	0.5647058823529412	0.5647058823529412	0.5647058823529412
A	C4'_2	174.658	104.682	179.832	0.5647058823529412	0.5647058823529412	0.5647058823529412
A	O4'_2	173.372	105.337	179.661	1.0	0.050980392156862744	0.050980392156862744
A	C3'_2	175.668	105.808	179.684	0.5647058823529412	0.5647058823529412	0.5647058823529412
A	O3'_2	176.958	105.314	179.321	1.0	0.050980392156862744	0.050980392156862744
A	C2'_2	175.036	106.672	178.597	0.5647058823529412	0.5647058823529412	0.5647058823529412
A	O2'_2	175.246	106.18	177.288	1.0	0.050980392156862744	0.050980392156862744
A	C1'_2	173.549	106.553	178.946	0.5647058823529412	0.5647058823529412	0.5647058823529412
A	N9_2	173.066	107.656	179.776	0.18823529411764706	0.3137254901960784	0.9725490196078431
A	C8_2	173.143	107.796	181.143	0.5647058823529412	0.5647058823529412	0.5647058823529412
A	N7_2	172.625	108.913	181.591	0.18823529411764706	0.3137254901960784	0.9725490196078431
A	C5_2	172.175	109.554	180.444	0.5647058823529412	0.5647058823529412	0.5647058823529412
A	C6_2	171.534	110.787	180.242	0.5647058823529412	0.5647058823529412	0.5647058823529412
A	N6_2	171.231	111.63	181.23	0.18823529411764706	0.3137254901960784	0.9725490196078431
A	N1_2	171.213	111.129	178.973	0.18823529411764706	0.3137254901960784	0.9725490196078431
A	C2_2	171.528	110.283	177.983	0.5647058823529412	0.5647058823529412	0.5647058823529412
A	N3_2	172.135	109.1	178.046	0.18823529411764706	0.3137254901960784	0.9725490196078431
A	C4_2	172.436	108.788	179.32	0.5647058823529412	0.5647058823529412	0.5647058823529412
