A	P_1	201.45	124.095	225.721	1.0	0.5019607843137255	0.0
A	OP1_1	200.063	124.614	225.557	1.0	0.050980392156862744	0.050980392156862744
A	OP2_1	202.053	123.266	224.643	1.0	0.050980392156862744	0.050980392156862744
A	O5'_1	202.417	125.337	225.977	1.0	0.050980392156862744	0.050980392156862744
A	C5'_1	202.061	126.391	226.899	0.5647058823529412	0.5647058823529412	0.5647058823529412
A	C4'_1	203.19	127.395	227.001	0.5647058823529412	0.5647058823529412	0.5647058823529412
A	O4'_1	204.38	126.716	227.488	1.0	0.050980392156862744	0.050980392156862744
A	C3'_1	203.623	128.025	225.684	0.5647058823529412	0.5647058823529412	0.5647058823529412
A	O3'_1	202.821	129.161	225.365	1.0	0.050980392156862744	0.050980392156862744
A	C2'_1	205.077	128.394	225.953	0.5647058823529412	0.5647058823529412	0.5647058823529412
A	O2'_1	205.219	129.587	226.697	1.0	0.050980392156862744	0.050980392156862744
A	C1'_1	205.528	127.213	226.816	0.5647058823529412	0.5647058823529412	0.5647058823529412
A	N9_1	206.109	126.115	226.046	0.18823529411764706	0.3137254901960784	0.9725490196078431
A	C8_1	205.512	124.92	225.712	0.5647058823529412	0.5647058823529412	0.5647058823529412
A	N7_1	206.287	124.112	225.03	0.18823529411764706	0.3137254901960784	0.9725490196078431
A	C5_1	207.473	124.822	224.897	0.5647058823529412	0.5647058823529412	0.5647058823529412
A	C6_1	208.694	124.508	224.276	0.5647058823529412	0.5647058823529412	0.5647058823529412
A	N6_1	208.918	123.356	223.638	0.18823529411764706	0.3137254901960784	0.9725490196078431
A	N1_1	209.683	125.43	224.331	0.18823529411764706	0.3137254901960784	0.9725490196078431
A	C2_1	209.444	126.593	224.963	0.5647058823529412	0.5647058823529412	0.5647058823529412
A	N3_1	208.336	127.006	225.583	0.18823529411764706	0.3137254901960784	0.9725490196078431
A	C4_1	207.378	126.062	225.516	0.5647058823529412	0.5647058823529412	0.5647058823529412
G	P_2	212.86	116.383	220.297	1.0	0.5019607843137255	0.0
G	OP1_2	214.337	116.181	220.342	1.0	0.050980392156862744	0.050980392156862744
G	OP2_2	211.953	115.236	220.58	1.0	0.050980392156862744	0.050980392156862744
G	O5'_2	212.498	117.567	221.301	1.0	0.050980392156862744	0.050980392156862744
G	C5'_2	213.201	118.825	221.255	0.5647058823529412	0.5647058823529412	0.5647058823529412
G	C4'_2	212.433	119.883	222.019	0.5647058823529412	0.5647058823529412	0.5647058823529412
G	O4'_2	211.113	120.016	221.435	1.0	0.050980392156862744	0.050980392156862744
G	C3'_2	212.187	119.603	223.498	0.5647058823529412	0.5647058823529412	0.5647058823529412
G	O3'_2	213.307	120.059	224.272	1.0	0.050980392156862744	0.050980392156862744
G	C2'_2	210.922	120.406	223.782	0.5647058823529412	0.5647058823529412	0.5647058823529412
G	O2'_2	211.199	121.773	224.007	1.0	0.050980392156862744	0.050980392156862744
G	C1'_2	210.163	120.269	222.455	0.5647058823529412	0.5647058823529412	0.5647058823529412
G	N9_2	209.149	119.216	222.399	0.18823529411764706	0.3137254901960784	0.9725490196078431
G	C8_2	209.328	117.913	221.995	0.5647058823529412	0.5647058823529412	0.5647058823529412
G	N7_2	208.226	117.212	222.017	0.18823529411764706	0.3137254901960784	0.9725490196078431
G	C5_2	207.261	118.1	222.469	0.5647058823529412	0.5647058823529412	0.5647058823529412
G	C6_2	205.873	117.908	222.695	0.5647058823529412	0.5647058823529412	0.5647058823529412
G	O6_2	205.201	116.88	222.525	1.0	0.050980392156862744	0.050980392156862744
G	N1_2	205.262	119.073	223.163	0.18823529411764706	0.3137254901960784	0.9725490196078431
G	C2_2	205.907	120.27	223.383	0.5647058823529412	0.5647058823529412	0.5647058823529412
G	N2_2	205.143	121.279	223.836	0.18823529411764706	0.3137254901960784	0.9725490196078431
G	N3_2	207.204	120.461	223.173	0.18823529411764706	0.3137254901960784	0.9725490196078431
G	C4_2	207.814	119.341	222.718	0.5647058823529412	0.5647058823529412	0.5647058823529412
