A	P_1	248.733	175.878	171.087	1.0	0.5019607843137255	0.0
A	OP1_1	250.129	175.925	171.627	1.0	0.050980392156862744	0.050980392156862744
A	OP2_1	247.926	177.13	171.015	1.0	0.050980392156862744	0.050980392156862744
A	O5'_1	248.778	175.25	169.622	1.0	0.050980392156862744	0.050980392156862744
A	C5'_1	249.681	174.173	169.292	0.5647058823529412	0.5647058823529412	0.5647058823529412
A	C4'_1	249.605	173.879	167.81	0.5647058823529412	0.5647058823529412	0.5647058823529412
A	O4'_1	248.245	173.491	167.469	1.0	0.050980392156862744	0.050980392156862744
A	C3'_1	249.908	175.074	166.919	0.5647058823529412	0.5647058823529412	0.5647058823529412
A	O3'_1	251.308	175.175	166.692	1.0	0.050980392156862744	0.050980392156862744
A	C2'_1	249.12	174.765	165.648	0.5647058823529412	0.5647058823529412	0.5647058823529412
A	O2'_1	249.794	173.878	164.773	1.0	0.050980392156862744	0.050980392156862744
A	C1'_1	247.876	174.071	166.225	0.5647058823529412	0.5647058823529412	0.5647058823529412
A	N9_1	246.747	174.972	166.468	0.18823529411764706	0.3137254901960784	0.9725490196078431
A	C8_1	246.45	175.64	167.635	0.5647058823529412	0.5647058823529412	0.5647058823529412
A	N7_1	245.37	176.381	167.559	0.18823529411764706	0.3137254901960784	0.9725490196078431
A	C5_1	244.923	176.19	166.258	0.5647058823529412	0.5647058823529412	0.5647058823529412
A	C6_1	243.821	176.705	165.553	0.5647058823529412	0.5647058823529412	0.5647058823529412
A	N6_1	242.928	177.547	166.087	0.18823529411764706	0.3137254901960784	0.9725490196078431
A	N1_1	243.663	176.319	164.265	0.18823529411764706	0.3137254901960784	0.9725490196078431
A	C2_1	244.554	175.468	163.736	0.5647058823529412	0.5647058823529412	0.5647058823529412
A	N3_1	245.63	174.916	164.297	0.18823529411764706	0.3137254901960784	0.9725490196078431
A	C4_1	245.76	175.324	165.573	0.5647058823529412	0.5647058823529412	0.5647058823529412
G	P_2	235.324	179.91	156.669	1.0	0.5019607843137255	0.0
G	OP1_2	234.617	180.038	155.351	1.0	0.050980392156862744	0.050980392156862744
G	OP2_2	234.528	179.797	157.927	1.0	0.050980392156862744	0.050980392156862744
G	O5'_2	236.309	178.66	156.574	1.0	0.050980392156862744	0.050980392156862744
G	C5'_2	237.29	178.596	155.527	0.5647058823529412	0.5647058823529412	0.5647058823529412
G	C4'_2	238.324	177.534	155.82	0.5647058823529412	0.5647058823529412	0.5647058823529412
G	O4'_2	239.031	177.86	157.056	1.0	0.050980392156862744	0.050980392156862744
G	C3'_2	237.827	176.097	155.979	0.5647058823529412	0.5647058823529412	0.5647058823529412
G	O3'_2	238.79	175.222	155.397	1.0	0.050980392156862744	0.050980392156862744
G	C2'_2	237.821	175.912	157.498	0.5647058823529412	0.5647058823529412	0.5647058823529412
G	O2'_2	237.965	174.565	157.907	1.0	0.050980392156862744	0.050980392156862744
G	C1'_2	239.055	176.719	157.893	0.5647058823529412	0.5647058823529412	0.5647058823529412
G	N9_2	239.122	177.151	159.289	0.18823529411764706	0.3137254901960784	0.9725490196078431
G	C8_2	238.146	177.786	160.025	0.5647058823529412	0.5647058823529412	0.5647058823529412
G	N7_2	238.514	178.037	161.257	0.18823529411764706	0.3137254901960784	0.9725490196078431
G	C5_2	239.81	177.539	161.342	0.5647058823529412	0.5647058823529412	0.5647058823529412
G	C6_2	240.73	177.517	162.438	0.5647058823529412	0.5647058823529412	0.5647058823529412
G	O6_2	240.572	177.949	163.594	1.0	0.050980392156862744	0.050980392156862744
G	N1_2	241.935	176.914	162.082	0.18823529411764706	0.3137254901960784	0.9725490196078431
G	C2_2	242.226	176.396	160.844	0.5647058823529412	0.5647058823529412	0.5647058823529412
G	N2_2	243.445	175.847	160.704	0.18823529411764706	0.3137254901960784	0.9725490196078431
G	N3_2	241.385	176.409	159.817	0.18823529411764706	0.3137254901960784	0.9725490196078431
G	C4_2	240.203	176.991	160.135	0.5647058823529412	0.5647058823529412	0.5647058823529412
