A	P_1	144.177	174.581	195.917	1.0	0.5019607843137255	0.0
A	OP1_1	143.799	173.202	195.492	1.0	0.050980392156862744	0.050980392156862744
A	OP2_1	145.212	174.763	196.972	1.0	0.050980392156862744	0.050980392156862744
A	O5'_1	144.644	175.387	194.618	1.0	0.050980392156862744	0.050980392156862744
A	C5'_1	143.731	175.632	193.524	0.5647058823529412	0.5647058823529412	0.5647058823529412
A	C4'_1	144.293	176.683	192.59	0.5647058823529412	0.5647058823529412	0.5647058823529412
A	O4'_1	144.501	177.918	193.328	1.0	0.050980392156862744	0.050980392156862744
A	C3'_1	145.655	176.382	191.977	0.5647058823529412	0.5647058823529412	0.5647058823529412
A	O3'_1	145.543	175.547	190.824	1.0	0.050980392156862744	0.050980392156862744
A	C2'_1	146.176	177.777	191.642	0.5647058823529412	0.5647058823529412	0.5647058823529412
A	O2'_1	145.617	178.323	190.463	1.0	0.050980392156862744	0.050980392156862744
A	C1'_1	145.658	178.582	192.836	0.5647058823529412	0.5647058823529412	0.5647058823529412
A	N9_1	146.623	178.699	193.932	0.18823529411764706	0.3137254901960784	0.9725490196078431
A	C8_1	146.772	177.872	195.021	0.5647058823529412	0.5647058823529412	0.5647058823529412
A	N7_1	147.699	178.266	195.86	0.18823529411764706	0.3137254901960784	0.9725490196078431
A	C5_1	148.202	179.425	195.283	0.5647058823529412	0.5647058823529412	0.5647058823529412
A	C6_1	149.199	180.327	195.691	0.5647058823529412	0.5647058823529412	0.5647058823529412
A	N6_1	149.889	180.2	196.827	0.18823529411764706	0.3137254901960784	0.9725490196078431
A	N1_1	149.464	181.378	194.884	0.18823529411764706	0.3137254901960784	0.9725490196078431
A	C2_1	148.765	181.507	193.75	0.5647058823529412	0.5647058823529412	0.5647058823529412
A	N3_1	147.801	180.728	193.258	0.18823529411764706	0.3137254901960784	0.9725490196078431
A	C4_1	147.561	179.694	194.086	0.5647058823529412	0.5647058823529412	0.5647058823529412
G	P_2	153.538	189.563	201.378	1.0	0.5019607843137255	0.0
G	OP1_2	153.435	191.022	201.688	1.0	0.050980392156862744	0.050980392156862744
G	OP2_2	152.46	188.642	201.822	1.0	0.050980392156862744	0.050980392156862744
G	O5'_2	153.704	189.4	199.799	1.0	0.050980392156862744	0.050980392156862744
G	C5'_2	154.59	190.258	199.047	0.5647058823529412	0.5647058823529412	0.5647058823529412
G	C4'_2	154.55	189.893	197.576	0.5647058823529412	0.5647058823529412	0.5647058823529412
G	O4'_2	155.038	188.533	197.397	1.0	0.050980392156862744	0.050980392156862744
G	C3'_2	153.173	189.881	196.921	0.5647058823529412	0.5647058823529412	0.5647058823529412
G	O3'_2	152.75	191.192	196.532	1.0	0.050980392156862744	0.050980392156862744
G	C2'_2	153.387	188.95	195.729	0.5647058823529412	0.5647058823529412	0.5647058823529412
G	O2'_2	154.017	189.575	194.629	1.0	0.050980392156862744	0.050980392156862744
G	C1'_2	154.341	187.91	196.326	0.5647058823529412	0.5647058823529412	0.5647058823529412
G	N9_2	153.672	186.716	196.837	0.18823529411764706	0.3137254901960784	0.9725490196078431
G	C8_2	153.603	186.303	198.147	0.5647058823529412	0.5647058823529412	0.5647058823529412
G	N7_2	152.946	185.186	198.3	0.18823529411764706	0.3137254901960784	0.9725490196078431
G	C5_2	152.554	184.838	197.015	0.5647058823529412	0.5647058823529412	0.5647058823529412
G	C6_2	151.809	183.721	196.556	0.5647058823529412	0.5647058823529412	0.5647058823529412
G	O6_2	151.336	182.786	197.216	1.0	0.050980392156862744	0.050980392156862744
G	N1_2	151.631	183.755	195.175	0.18823529411764706	0.3137254901960784	0.9725490196078431
G	C2_2	152.107	184.74	194.341	0.5647058823529412	0.5647058823529412	0.5647058823529412
G	N2_2	151.831	184.597	193.031	0.18823529411764706	0.3137254901960784	0.9725490196078431
G	N3_2	152.804	185.79	194.759	0.18823529411764706	0.3137254901960784	0.9725490196078431
G	C4_2	152.99	185.773	196.099	0.5647058823529412	0.5647058823529412	0.5647058823529412
