A	P_1	245.608	262.817	230.973	1.0	0.5019607843137255	0.0
A	OP1_1	245.118	263.819	229.984	1.0	0.050980392156862744	0.050980392156862744
A	OP2_1	244.954	261.483	231.051	1.0	0.050980392156862744	0.050980392156862744
A	O5'_1	247.167	262.6	230.714	1.0	0.050980392156862744	0.050980392156862744
A	C5'_1	248.074	263.725	230.636	0.5647058823529412	0.5647058823529412	0.5647058823529412
A	C4'_1	249.513	263.253	230.69	0.5647058823529412	0.5647058823529412	0.5647058823529412
A	O4'_1	249.742	262.545	231.939	1.0	0.050980392156862744	0.050980392156862744
A	C3'_1	249.943	262.256	229.623	0.5647058823529412	0.5647058823529412	0.5647058823529412
A	O3'_1	250.264	262.884	228.381	1.0	0.050980392156862744	0.050980392156862744
A	C2'_1	251.153	261.597	230.276	0.5647058823529412	0.5647058823529412	0.5647058823529412
A	O2'_1	252.325	262.386	230.219	1.0	0.050980392156862744	0.050980392156862744
A	C1'_1	250.687	261.502	231.73	0.5647058823529412	0.5647058823529412	0.5647058823529412
A	N9_1	250.049	260.219	232.045	0.18823529411764706	0.3137254901960784	0.9725490196078431
A	C8_1	248.705	259.944	232.189	0.5647058823529412	0.5647058823529412	0.5647058823529412
A	N7_1	248.449	258.69	232.482	0.18823529411764706	0.3137254901960784	0.9725490196078431
A	C5_1	249.705	258.097	232.531	0.5647058823529412	0.5647058823529412	0.5647058823529412
A	C6_1	250.113	256.781	232.791	0.5647058823529412	0.5647058823529412	0.5647058823529412
A	N6_1	249.26	255.789	233.061	0.18823529411764706	0.3137254901960784	0.9725490196078431
A	N1_1	251.44	256.515	232.763	0.18823529411764706	0.3137254901960784	0.9725490196078431
A	C2_1	252.289	257.516	232.484	0.5647058823529412	0.5647058823529412	0.5647058823529412
A	N3_1	252.025	258.798	232.22	0.18823529411764706	0.3137254901960784	0.9725490196078431
A	C4_1	250.699	259.025	232.261	0.5647058823529412	0.5647058823529412	0.5647058823529412
G	P_2	244.133	249.155	235.759	1.0	0.5019607843137255	0.0
G	OP1_2	244.552	247.971	236.564	1.0	0.050980392156862744	0.050980392156862744
G	OP2_2	242.818	249.795	236.026	1.0	0.050980392156862744	0.050980392156862744
G	O5'_2	245.268	250.263	235.912	1.0	0.050980392156862744	0.050980392156862744
G	C5'_2	246.64	249.968	235.589	0.5647058823529412	0.5647058823529412	0.5647058823529412
G	C4'_2	247.386	251.244	235.274	0.5647058823529412	0.5647058823529412	0.5647058823529412
G	O4'_2	246.733	251.923	234.168	1.0	0.050980392156862744	0.050980392156862744
G	C3'_2	247.428	252.276	236.39	0.5647058823529412	0.5647058823529412	0.5647058823529412
G	O3'_2	248.511	251.97	237.273	1.0	0.050980392156862744	0.050980392156862744
G	C2'_2	247.624	253.582	235.625	0.5647058823529412	0.5647058823529412	0.5647058823529412
G	O2'_2	248.965	253.787	235.236	1.0	0.050980392156862744	0.050980392156862744
G	C1'_2	246.792	253.326	234.366	0.5647058823529412	0.5647058823529412	0.5647058823529412
G	N9_2	245.425	253.836	234.398	0.18823529411764706	0.3137254901960784	0.9725490196078431
G	C8_2	244.314	253.2	234.899	0.5647058823529412	0.5647058823529412	0.5647058823529412
G	N7_2	243.214	253.887	234.743	0.18823529411764706	0.3137254901960784	0.9725490196078431
G	C5_2	243.622	255.054	234.111	0.5647058823529412	0.5647058823529412	0.5647058823529412
G	C6_2	242.865	256.186	233.684	0.5647058823529412	0.5647058823529412	0.5647058823529412
G	O6_2	241.639	256.378	233.779	1.0	0.050980392156862744	0.050980392156862744
G	N1_2	243.681	257.154	233.095	0.18823529411764706	0.3137254901960784	0.9725490196078431
G	C2_2	245.05	257.049	232.936	0.5647058823529412	0.5647058823529412	0.5647058823529412
G	N2_2	245.666	258.093	232.345	0.18823529411764706	0.3137254901960784	0.9725490196078431
G	N3_2	245.763	255.998	233.328	0.18823529411764706	0.3137254901960784	0.9725490196078431
G	C4_2	244.989	255.045	233.901	0.5647058823529412	0.5647058823529412	0.5647058823529412
