A	P_1	235.532	149.794	172.746	1.0	0.5019607843137255	0.0
A	OP1_1	236.396	150.544	173.707	1.0	0.050980392156862744	0.050980392156862744
A	OP2_1	235.924	148.414	172.325	1.0	0.050980392156862744	0.050980392156862744
A	O5'_1	234.052	149.746	173.338	1.0	0.050980392156862744	0.050980392156862744
A	C5'_1	233.52	150.854	174.09	0.5647058823529412	0.5647058823529412	0.5647058823529412
A	C4'_1	232.292	150.423	174.857	0.5647058823529412	0.5647058823529412	0.5647058823529412
A	O4'_1	231.208	150.131	173.93	1.0	0.050980392156862744	0.050980392156862744
A	C3'_1	232.453	149.146	175.665	0.5647058823529412	0.5647058823529412	0.5647058823529412
A	O3'_1	233.084	149.379	176.918	1.0	0.050980392156862744	0.050980392156862744
A	C2'_1	231.017	148.651	175.779	0.5647058823529412	0.5647058823529412	0.5647058823529412
A	O2'_1	230.267	149.331	176.767	1.0	0.050980392156862744	0.050980392156862744
A	C1'_1	230.479	148.997	174.385	0.5647058823529412	0.5647058823529412	0.5647058823529412
A	N9_1	230.706	147.909	173.429	0.18823529411764706	0.3137254901960784	0.9725490196078431
A	C8_1	231.726	147.81	172.505	0.5647058823529412	0.5647058823529412	0.5647058823529412
A	N7_1	231.701	146.7	171.806	0.18823529411764706	0.3137254901960784	0.9725490196078431
A	C5_1	230.587	146.025	172.29	0.5647058823529412	0.5647058823529412	0.5647058823529412
A	C6_1	230.023	144.779	171.96	0.5647058823529412	0.5647058823529412	0.5647058823529412
A	N6_1	230.532	143.956	171.037	0.18823529411764706	0.3137254901960784	0.9725490196078431
A	N1_1	228.906	144.4	172.623	0.18823529411764706	0.3137254901960784	0.9725490196078431
A	C2_1	228.403	145.224	173.561	0.5647058823529412	0.5647058823529412	0.5647058823529412
A	N3_1	228.851	146.415	173.966	0.18823529411764706	0.3137254901960784	0.9725490196078431
A	C4_1	229.958	146.762	173.283	0.5647058823529412	0.5647058823529412	0.5647058823529412
G	P_2	230.993	138.425	163.048	1.0	0.5019607843137255	0.0
G	OP1_2	229.884	137.847	162.222	1.0	0.050980392156862744	0.050980392156862744
G	OP2_2	232.086	139.194	162.381	1.0	0.050980392156862744	0.050980392156862744
G	O5'_2	230.331	139.357	164.16	1.0	0.050980392156862744	0.050980392156862744
G	C5'_2	229.359	138.832	165.096	0.5647058823529412	0.5647058823529412	0.5647058823529412
G	C4'_2	229.249	139.748	166.295	0.5647058823529412	0.5647058823529412	0.5647058823529412
G	O4'_2	230.54	139.834	166.95	1.0	0.050980392156862744	0.050980392156862744
G	C3'_2	228.874	141.188	165.977	0.5647058823529412	0.5647058823529412	0.5647058823529412
G	O3'_2	227.454	141.31	165.942	1.0	0.050980392156862744	0.050980392156862744
G	C2'_2	229.467	141.956	167.152	0.5647058823529412	0.5647058823529412	0.5647058823529412
G	O2'_2	228.633	141.933	168.293	1.0	0.050980392156862744	0.050980392156862744
G	C1'_2	230.737	141.146	167.447	0.5647058823529412	0.5647058823529412	0.5647058823529412
G	N9_2	231.959	141.69	166.86	0.18823529411764706	0.3137254901960784	0.9725490196078431
G	C8_2	232.659	141.199	165.781	0.5647058823529412	0.5647058823529412	0.5647058823529412
G	N7_2	233.704	141.922	165.476	0.18823529411764706	0.3137254901960784	0.9725490196078431
G	C5_2	233.695	142.951	166.409	0.5647058823529412	0.5647058823529412	0.5647058823529412
G	C6_2	234.576	144.051	166.571	0.5647058823529412	0.5647058823529412	0.5647058823529412
G	O6_2	235.572	144.347	165.895	1.0	0.050980392156862744	0.050980392156862744
G	N1_2	234.201	144.855	167.646	0.18823529411764706	0.3137254901960784	0.9725490196078431
G	C2_2	233.114	144.63	168.458	0.5647058823529412	0.5647058823529412	0.5647058823529412
G	N2_2	232.91	145.521	169.439	0.18823529411764706	0.3137254901960784	0.9725490196078431
G	N3_2	232.285	143.608	168.317	0.18823529411764706	0.3137254901960784	0.9725490196078431
G	C4_2	232.632	142.816	167.279	0.5647058823529412	0.5647058823529412	0.5647058823529412
