G	P_1	236.459	222.261	242.482	1.0	0.5019607843137255	0.0
G	OP1_1	235.018	221.932	242.693	1.0	0.050980392156862744	0.050980392156862744
G	OP2_1	236.881	222.924	241.222	1.0	0.050980392156862744	0.050980392156862744
G	O5'_1	236.904	223.182	243.704	1.0	0.050980392156862744	0.050980392156862744
G	C5'_1	235.956	224.1	244.297	0.5647058823529412	0.5647058823529412	0.5647058823529412
G	C4'_1	236.455	225.53	244.208	0.5647058823529412	0.5647058823529412	0.5647058823529412
G	O4'_1	237.095	225.778	242.926	1.0	0.050980392156862744	0.050980392156862744
G	C3'_1	235.353	226.578	244.297	0.5647058823529412	0.5647058823529412	0.5647058823529412
G	O3'_1	234.985	226.843	245.655	1.0	0.050980392156862744	0.050980392156862744
G	C2'_1	235.983	227.783	243.6	0.5647058823529412	0.5647058823529412	0.5647058823529412
G	O2'_1	236.839	228.529	244.443	1.0	0.050980392156862744	0.050980392156862744
G	C1'_1	236.822	227.109	242.504	0.5647058823529412	0.5647058823529412	0.5647058823529412
G	N9_1	236.203	227.058	241.177	0.18823529411764706	0.3137254901960784	0.9725490196078431
G	C8_1	235.986	225.931	240.413	0.5647058823529412	0.5647058823529412	0.5647058823529412
G	N7_1	235.399	226.185	239.274	0.18823529411764706	0.3137254901960784	0.9725490196078431
G	C5_1	235.216	227.561	239.276	0.5647058823529412	0.5647058823529412	0.5647058823529412
G	C6_1	234.616	228.408	238.303	0.5647058823529412	0.5647058823529412	0.5647058823529412
G	O6_1	234.11	228.094	237.217	1.0	0.050980392156862744	0.050980392156862744
G	N1_1	234.638	229.744	238.703	0.18823529411764706	0.3137254901960784	0.9725490196078431
G	C2_1	235.164	230.206	239.889	0.5647058823529412	0.5647058823529412	0.5647058823529412
G	N2_1	235.085	231.534	240.092	0.18823529411764706	0.3137254901960784	0.9725490196078431
G	N3_1	235.724	229.425	240.809	0.18823529411764706	0.3137254901960784	0.9725490196078431
G	C4_1	235.715	228.122	240.439	0.5647058823529412	0.5647058823529412	0.5647058823529412
A	P_2	228.851	231.087	229.299	1.0	0.5019607843137255	0.0
A	OP1_2	228.358	231.489	227.954	1.0	0.050980392156862744	0.050980392156862744
A	OP2_2	230.168	230.403	229.425	1.0	0.050980392156862744	0.050980392156862744
A	O5'_2	228.879	232.392	230.211	1.0	0.050980392156862744	0.050980392156862744
A	C5'_2	227.661	233.091	230.561	0.5647058823529412	0.5647058823529412	0.5647058823529412
A	C4'_2	227.841	233.804	231.879	0.5647058823529412	0.5647058823529412	0.5647058823529412
A	O4'_2	227.975	232.82	232.947	1.0	0.050980392156862744	0.050980392156862744
A	C3'_2	229.12	234.622	231.973	0.5647058823529412	0.5647058823529412	0.5647058823529412
A	O3'_2	229.011	235.899	231.351	1.0	0.050980392156862744	0.050980392156862744
A	C2'_2	229.362	234.672	233.475	0.5647058823529412	0.5647058823529412	0.5647058823529412
A	O2'_2	228.519	235.596	234.141	1.0	0.050980392156862744	0.050980392156862744
A	C1'_2	228.974	233.246	233.871	0.5647058823529412	0.5647058823529412	0.5647058823529412
A	N9_2	230.091	232.302	233.786	0.18823529411764706	0.3137254901960784	0.9725490196078431
A	C8_2	230.547	231.661	232.656	0.5647058823529412	0.5647058823529412	0.5647058823529412
A	N7_2	231.519	230.812	232.885	0.18823529411764706	0.3137254901960784	0.9725490196078431
A	C5_2	231.727	230.905	234.253	0.5647058823529412	0.5647058823529412	0.5647058823529412
A	C6_2	232.611	230.238	235.116	0.5647058823529412	0.5647058823529412	0.5647058823529412
A	N6_2	233.465	229.295	234.707	0.18823529411764706	0.3137254901960784	0.9725490196078431
A	N1_2	232.582	230.571	236.429	0.18823529411764706	0.3137254901960784	0.9725490196078431
A	C2_2	231.709	231.509	236.833	0.5647058823529412	0.5647058823529412	0.5647058823529412
A	N3_2	230.816	232.198	236.116	0.18823529411764706	0.3137254901960784	0.9725490196078431
A	C4_2	230.874	231.841	234.819	0.5647058823529412	0.5647058823529412	0.5647058823529412
