A	P_1	177.854	188.525	140.181	1.0	0.5019607843137255	0.0
A	OP1_1	177.116	188.377	138.896	1.0	0.050980392156862744	0.050980392156862744
A	OP2_1	178.747	189.7	140.385	1.0	0.050980392156862744	0.050980392156862744
A	O5'_1	176.79	188.498	141.367	1.0	0.050980392156862744	0.050980392156862744
A	C5'_1	175.878	187.388	141.525	0.5647058823529412	0.5647058823529412	0.5647058823529412
A	C4'_1	175.305	187.371	142.926	0.5647058823529412	0.5647058823529412	0.5647058823529412
A	O4'_1	176.357	187.1	143.896	1.0	0.050980392156862744	0.050980392156862744
A	C3'_1	174.703	188.678	143.417	0.5647058823529412	0.5647058823529412	0.5647058823529412
A	O3'_1	173.396	188.909	142.901	1.0	0.050980392156862744	0.050980392156862744
A	C2'_1	174.722	188.491	144.93	0.5647058823529412	0.5647058823529412	0.5647058823529412
A	O2'_1	173.66	187.69	145.411	1.0	0.050980392156862744	0.050980392156862744
A	C1'_1	176.051	187.753	145.125	0.5647058823529412	0.5647058823529412	0.5647058823529412
A	N9_1	177.153	188.652	145.481	0.18823529411764706	0.3137254901960784	0.9725490196078431
A	C8_1	178.191	189.095	144.689	0.5647058823529412	0.5647058823529412	0.5647058823529412
A	N7_1	179.013	189.915	145.303	0.18823529411764706	0.3137254901960784	0.9725490196078431
A	C5_1	178.487	190.018	146.585	0.5647058823529412	0.5647058823529412	0.5647058823529412
A	C6_1	178.898	190.741	147.721	0.5647058823529412	0.5647058823529412	0.5647058823529412
A	N6_1	179.971	191.534	147.739	0.18823529411764706	0.3137254901960784	0.9725490196078431
A	N1_1	178.158	190.622	148.845	0.18823529411764706	0.3137254901960784	0.9725490196078431
A	C2_1	177.073	189.833	148.817	0.5647058823529412	0.5647058823529412	0.5647058823529412
A	N3_1	176.582	189.105	147.811	0.18823529411764706	0.3137254901960784	0.9725490196078431
A	C4_1	177.345	189.242	146.711	0.5647058823529412	0.5647058823529412	0.5647058823529412
G	P_2	187.747	195.397	150.274	1.0	0.5019607843137255	0.0
G	OP1_2	188.346	195.306	151.634	1.0	0.050980392156862744	0.050980392156862744
G	OP2_2	188.619	195.245	149.077	1.0	0.050980392156862744	0.050980392156862744
G	O5'_2	186.576	194.321	150.173	1.0	0.050980392156862744	0.050980392156862744
G	C5'_2	185.421	194.396	151.037	0.5647058823529412	0.5647058823529412	0.5647058823529412
G	C4'_2	184.244	193.682	150.405	0.5647058823529412	0.5647058823529412	0.5647058823529412
G	O4'_2	183.903	194.322	149.149	1.0	0.050980392156862744	0.050980392156862744
G	C3'_2	184.465	192.221	150.041	0.5647058823529412	0.5647058823529412	0.5647058823529412
G	O3'_2	184.229	191.403	151.186	1.0	0.050980392156862744	0.050980392156862744
G	C2'_2	183.42	191.994	148.954	0.5647058823529412	0.5647058823529412	0.5647058823529412
G	O2'_2	182.129	191.778	149.481	1.0	0.050980392156862744	0.050980392156862744
G	C1'_2	183.429	193.347	148.236	0.5647058823529412	0.5647058823529412	0.5647058823529412
G	N9_2	184.236	193.415	147.019	0.18823529411764706	0.3137254901960784	0.9725490196078431
G	C8_2	185.472	194.005	146.863	0.5647058823529412	0.5647058823529412	0.5647058823529412
G	N7_2	185.917	193.948	145.636	0.18823529411764706	0.3137254901960784	0.9725490196078431
G	C5_2	184.921	193.273	144.94	0.5647058823529412	0.5647058823529412	0.5647058823529412
G	C6_2	184.836	192.923	143.566	0.5647058823529412	0.5647058823529412	0.5647058823529412
G	O6_2	185.648	193.16	142.662	1.0	0.050980392156862744	0.050980392156862744
G	N1_2	183.659	192.229	143.282	0.18823529411764706	0.3137254901960784	0.9725490196078431
G	C2_2	182.683	191.917	144.202	0.5647058823529412	0.5647058823529412	0.5647058823529412
G	N2_2	181.623	191.23	143.739	0.18823529411764706	0.3137254901960784	0.9725490196078431
G	N3_2	182.744	192.251	145.485	0.18823529411764706	0.3137254901960784	0.9725490196078431
G	C4_2	183.884	192.922	145.782	0.5647058823529412	0.5647058823529412	0.5647058823529412
