A	P_1	196.951	174.425	139.706	1.0	0.5019607843137255	0.0
A	OP1_1	196.496	173.079	139.265	1.0	0.050980392156862744	0.050980392156862744
A	OP2_1	197.683	175.301	138.75	1.0	0.050980392156862744	0.050980392156862744
A	O5'_1	195.671	175.219	140.233	1.0	0.050980392156862744	0.050980392156862744
A	C5'_1	194.713	174.596	141.117	0.5647058823529412	0.5647058823529412	0.5647058823529412
A	C4'_1	193.713	175.62	141.608	0.5647058823529412	0.5647058823529412	0.5647058823529412
A	O4'_1	194.411	176.646	142.363	1.0	0.050980392156862744	0.050980392156862744
A	C3'_1	192.974	176.385	140.521	0.5647058823529412	0.5647058823529412	0.5647058823529412
A	O3'_1	191.839	175.653	140.061	1.0	0.050980392156862744	0.050980392156862744
A	C2'_1	192.583	177.675	141.237	0.5647058823529412	0.5647058823529412	0.5647058823529412
A	O2'_1	191.447	177.537	142.068	1.0	0.050980392156862744	0.050980392156862744
A	C1'_1	193.811	177.911	142.123	0.5647058823529412	0.5647058823529412	0.5647058823529412
A	N9_1	194.815	178.785	141.513	0.18823529411764706	0.3137254901960784	0.9725490196078431
A	C8_1	195.837	178.42	140.667	0.5647058823529412	0.5647058823529412	0.5647058823529412
A	N7_1	196.593	179.421	140.284	0.18823529411764706	0.3137254901960784	0.9725490196078431
A	C5_1	196.035	180.522	140.917	0.5647058823529412	0.5647058823529412	0.5647058823529412
A	C6_1	196.381	181.885	140.917	0.5647058823529412	0.5647058823529412	0.5647058823529412
A	N6_1	197.421	182.38	140.237	0.18823529411764706	0.3137254901960784	0.9725490196078431
A	N1_1	195.615	182.728	141.647	0.18823529411764706	0.3137254901960784	0.9725490196078431
A	C2_1	194.573	182.22	142.331	0.5647058823529412	0.5647058823529412	0.5647058823529412
A	N3_1	194.151	180.956	142.414	0.18823529411764706	0.3137254901960784	0.9725490196078431
A	C4_1	194.933	180.147	141.676	0.5647058823529412	0.5647058823529412	0.5647058823529412
G	P_2	204.247	187.243	136.639	1.0	0.5019607843137255	0.0
G	OP1_2	204.324	188.658	137.111	1.0	0.050980392156862744	0.050980392156862744
G	OP2_2	205.456	186.373	136.72	1.0	0.050980392156862744	0.050980392156862744
G	O5'_2	203.049	186.528	137.415	1.0	0.050980392156862744	0.050980392156862744
G	C5'_2	201.736	187.131	137.478	0.5647058823529412	0.5647058823529412	0.5647058823529412
G	C4'_2	200.759	186.211	138.187	0.5647058823529412	0.5647058823529412	0.5647058823529412
G	O4'_2	200.527	185.015	137.398	1.0	0.050980392156862744	0.050980392156862744
G	C3'_2	201.188	185.707	139.559	0.5647058823529412	0.5647058823529412	0.5647058823529412
G	O3'_2	200.851	186.686	140.544	1.0	0.050980392156862744	0.050980392156862744
G	C2'_2	200.373	184.421	139.711	0.5647058823529412	0.5647058823529412	0.5647058823529412
G	O2'_2	199.05	184.662	140.148	1.0	0.050980392156862744	0.050980392156862744
G	C1'_2	200.327	183.904	138.264	0.5647058823529412	0.5647058823529412	0.5647058823529412
G	N9_2	201.298	182.868	137.903	0.18823529411764706	0.3137254901960784	0.9725490196078431
G	C8_2	202.59	183.063	137.454	0.5647058823529412	0.5647058823529412	0.5647058823529412
G	N7_2	203.201	181.95	137.141	0.18823529411764706	0.3137254901960784	0.9725490196078431
G	C5_2	202.268	180.954	137.41	0.5647058823529412	0.5647058823529412	0.5647058823529412
G	C6_2	202.359	179.533	137.254	0.5647058823529412	0.5647058823529412	0.5647058823529412
G	O6_2	203.309	178.858	136.817	1.0	0.050980392156862744	0.050980392156862744
G	N1_2	201.186	178.899	137.665	0.18823529411764706	0.3137254901960784	0.9725490196078431
G	C2_2	200.069	179.54	138.158	0.5647058823529412	0.5647058823529412	0.5647058823529412
G	N2_2	199.046	178.746	138.522	0.18823529411764706	0.3137254901960784	0.9725490196078431
G	N3_2	199.964	180.86	138.291	0.18823529411764706	0.3137254901960784	0.9725490196078431
G	C4_2	201.092	181.5	137.902	0.5647058823529412	0.5647058823529412	0.5647058823529412
