G	P_1	225.281	156.014	202.127	1.0	0.5019607843137255	0.0
G	OP1_1	225.564	155.91	200.667	1.0	0.050980392156862744	0.050980392156862744
G	OP2_1	224.155	156.871	202.592	1.0	0.050980392156862744	0.050980392156862744
G	O5'_1	225.061	154.538	202.694	1.0	0.050980392156862744	0.050980392156862744
G	C5'_1	225.992	153.481	202.385	0.5647058823529412	0.5647058823529412	0.5647058823529412
G	C4'_1	225.593	152.199	203.088	0.5647058823529412	0.5647058823529412	0.5647058823529412
G	O4'_1	225.717	152.353	204.53	1.0	0.050980392156862744	0.050980392156862744
G	C3'_1	224.156	151.736	202.898	0.5647058823529412	0.5647058823529412	0.5647058823529412
G	O3'_1	223.988	151.059	201.657	1.0	0.050980392156862744	0.050980392156862744
G	C2'_1	223.961	150.801	204.087	0.5647058823529412	0.5647058823529412	0.5647058823529412
G	O2'_1	224.542	149.528	203.876	1.0	0.050980392156862744	0.050980392156862744
G	C1'_1	224.747	151.536	205.179	0.5647058823529412	0.5647058823529412	0.5647058823529412
G	N9_1	223.909	152.379	206.034	0.18823529411764706	0.3137254901960784	0.9725490196078431
G	C8_1	223.784	153.75	205.99	0.5647058823529412	0.5647058823529412	0.5647058823529412
G	N7_1	222.955	154.22	206.886	0.18823529411764706	0.3137254901960784	0.9725490196078431
G	C5_1	222.502	153.094	207.563	0.5647058823529412	0.5647058823529412	0.5647058823529412
G	C6_1	221.581	152.977	208.644	0.5647058823529412	0.5647058823529412	0.5647058823529412
G	O6_1	220.963	153.874	209.234	1.0	0.050980392156862744	0.050980392156862744
G	N1_1	221.414	151.649	209.031	0.18823529411764706	0.3137254901960784	0.9725490196078431
G	C2_1	222.053	150.572	208.459	0.5647058823529412	0.5647058823529412	0.5647058823529412
G	N2_1	221.781	149.371	208.988	0.18823529411764706	0.3137254901960784	0.9725490196078431
G	N3_1	222.903	150.666	207.444	0.18823529411764706	0.3137254901960784	0.9725490196078431
G	C4_1	223.082	151.948	207.051	0.5647058823529412	0.5647058823529412	0.5647058823529412
A	P_2	218.707	141.547	203.812	1.0	0.5019607843137255	0.0
A	OP1_2	218.962	141.111	202.409	1.0	0.050980392156862744	0.050980392156862744
A	OP2_2	218.854	140.568	204.922	1.0	0.050980392156862744	0.050980392156862744
A	O5'_2	219.649	142.795	204.12	1.0	0.050980392156862744	0.050980392156862744
A	C5'_2	219.847	143.844	203.146	0.5647058823529412	0.5647058823529412	0.5647058823529412
A	C4'_2	220.573	145.007	203.781	0.5647058823529412	0.5647058823529412	0.5647058823529412
A	O4'_2	219.757	145.54	204.859	1.0	0.050980392156862744	0.050980392156862744
A	C3'_2	221.895	144.654	204.448	0.5647058823529412	0.5647058823529412	0.5647058823529412
A	O3'_2	222.97	144.621	203.511	1.0	0.050980392156862744	0.050980392156862744
A	C2'_2	222.038	145.75	205.498	0.5647058823529412	0.5647058823529412	0.5647058823529412
A	O2'_2	222.492	146.979	204.962	1.0	0.050980392156862744	0.050980392156862744
A	C1'_2	220.585	145.911	205.951	0.5647058823529412	0.5647058823529412	0.5647058823529412
A	N9_2	220.226	145.07	207.096	0.18823529411764706	0.3137254901960784	0.9725490196078431
A	C8_2	219.666	143.812	207.072	0.5647058823529412	0.5647058823529412	0.5647058823529412
A	N7_2	219.43	143.316	208.265	0.18823529411764706	0.3137254901960784	0.9725490196078431
A	C5_2	219.87	144.307	209.131	0.5647058823529412	0.5647058823529412	0.5647058823529412
A	C6_2	219.899	144.387	210.534	0.5647058823529412	0.5647058823529412	0.5647058823529412
A	N6_2	219.451	143.417	211.339	0.18823529411764706	0.3137254901960784	0.9725490196078431
A	N1_2	220.41	145.51	211.089	0.18823529411764706	0.3137254901960784	0.9725490196078431
A	C2_2	220.861	146.478	210.277	0.5647058823529412	0.5647058823529412	0.5647058823529412
A	N3_2	220.888	146.517	208.943	0.18823529411764706	0.3137254901960784	0.9725490196078431
A	C4_2	220.369	145.39	208.426	0.5647058823529412	0.5647058823529412	0.5647058823529412
