G	P_1	246.356	209.033	145.097	1.0	0.5019607843137255	0.0
G	OP1_1	247.49	208.636	145.976	1.0	0.050980392156862744	0.050980392156862744
G	OP2_1	246.41	210.341	144.375	1.0	0.050980392156862744	0.050980392156862744
G	O5'_1	246.147	207.879	144.014	1.0	0.050980392156862744	0.050980392156862744
G	C5'_1	246.199	206.485	144.385	0.5647058823529412	0.5647058823529412	0.5647058823529412
G	C4'_1	245.589	205.625	143.296	0.5647058823529412	0.5647058823529412	0.5647058823529412
G	O4'_1	244.228	206.082	143.044	1.0	0.050980392156862744	0.050980392156862744
G	C3'_1	246.252	205.675	141.924	0.5647058823529412	0.5647058823529412	0.5647058823529412
G	O3'_1	247.367	204.785	141.816	1.0	0.050980392156862744	0.050980392156862744
G	C2'_1	245.119	205.246	140.997	0.5647058823529412	0.5647058823529412	0.5647058823529412
G	O2'_1	244.948	203.843	140.97	1.0	0.050980392156862744	0.050980392156862744
G	C1'_1	243.91	205.911	141.667	0.5647058823529412	0.5647058823529412	0.5647058823529412
G	N9_1	243.568	207.214	141.093	0.18823529411764706	0.3137254901960784	0.9725490196078431
G	C8_1	243.794	208.458	141.639	0.5647058823529412	0.5647058823529412	0.5647058823529412
G	N7_1	243.391	209.438	140.873	0.18823529411764706	0.3137254901960784	0.9725490196078431
G	C5_1	242.861	208.805	139.756	0.5647058823529412	0.5647058823529412	0.5647058823529412
G	C6_1	242.272	209.352	138.574	0.5647058823529412	0.5647058823529412	0.5647058823529412
G	O6_1	242.106	210.547	138.274	1.0	0.050980392156862744	0.050980392156862744
G	N1_1	241.864	208.346	137.693	0.18823529411764706	0.3137254901960784	0.9725490196078431
G	C2_1	242.006	206.993	137.914	0.5647058823529412	0.5647058823529412	0.5647058823529412
G	N2_1	241.552	206.183	136.94	0.18823529411764706	0.3137254901960784	0.9725490196078431
G	N3_1	242.555	206.472	139.008	0.18823529411764706	0.3137254901960784	0.9725490196078431
G	C4_1	242.957	207.43	139.878	0.5647058823529412	0.5647058823529412	0.5647058823529412
A	P_2	238.885	204.74	132.598	1.0	0.5019607843137255	0.0
A	OP1_2	237.696	204.778	131.703	1.0	0.050980392156862744	0.050980392156862744
A	OP2_2	238.866	205.507	133.874	1.0	0.050980392156862744	0.050980392156862744
A	O5'_2	239.181	203.211	132.939	1.0	0.050980392156862744	0.050980392156862744
A	C5'_2	239.276	202.217	131.891	0.5647058823529412	0.5647058823529412	0.5647058823529412
A	C4'_2	239.724	200.887	132.465	0.5647058823529412	0.5647058823529412	0.5647058823529412
A	O4'_2	241.072	201.013	132.993	1.0	0.050980392156862744	0.050980392156862744
A	C3'_2	238.902	200.368	133.635	0.5647058823529412	0.5647058823529412	0.5647058823529412
A	O3'_2	237.744	199.666	133.183	1.0	0.050980392156862744	0.050980392156862744
A	C2'_2	239.89	199.457	134.354	0.5647058823529412	0.5647058823529412	0.5647058823529412
A	O2'_2	240.02	198.185	133.75	1.0	0.050980392156862744	0.050980392156862744
A	C1'_2	241.202	200.226	134.17	0.5647058823529412	0.5647058823529412	0.5647058823529412
A	N9_2	241.539	201.118	135.282	0.18823529411764706	0.3137254901960784	0.9725490196078431
A	C8_2	241.6	202.494	135.258	0.5647058823529412	0.5647058823529412	0.5647058823529412
A	N7_2	241.931	203.031	136.407	0.18823529411764706	0.3137254901960784	0.9725490196078431
A	C5_2	242.1	201.939	137.246	0.5647058823529412	0.5647058823529412	0.5647058823529412
A	C6_2	242.445	201.843	138.603	0.5647058823529412	0.5647058823529412	0.5647058823529412
A	N6_2	242.687	202.905	139.383	0.18823529411764706	0.3137254901960784	0.9725490196078431
A	N1_2	242.527	200.607	139.142	0.18823529411764706	0.3137254901960784	0.9725490196078431
A	C2_2	242.268	199.548	138.359	0.5647058823529412	0.5647058823529412	0.5647058823529412
A	N3_2	241.93	199.512	137.071	0.18823529411764706	0.3137254901960784	0.9725490196078431
A	C4_2	241.864	200.755	136.567	0.5647058823529412	0.5647058823529412	0.5647058823529412
