A	P_1	169.338	267.489	173.909	1.0	0.5019607843137255	0.0
A	OP1_1	169.451	266.203	173.157	1.0	0.050980392156862744	0.050980392156862744
A	OP2_1	170.492	267.977	174.711	1.0	0.050980392156862744	0.050980392156862744
A	O5'_1	168.948	268.629	172.862	1.0	0.050980392156862744	0.050980392156862744
A	C5'_1	167.668	268.612	172.196	0.5647058823529412	0.5647058823529412	0.5647058823529412
A	C4'_1	167.179	270.024	171.937	0.5647058823529412	0.5647058823529412	0.5647058823529412
A	O4'_1	166.989	270.722	173.205	1.0	0.050980392156862744	0.050980392156862744
A	C3'_1	168.09	270.911	171.092	0.5647058823529412	0.5647058823529412	0.5647058823529412
A	O3'_1	167.291	271.756	170.262	1.0	0.050980392156862744	0.050980392156862744
A	C2'_1	168.836	271.726	172.149	0.5647058823529412	0.5647058823529412	0.5647058823529412
A	O2'_1	169.308	272.971	171.671	1.0	0.050980392156862744	0.050980392156862744
A	C1'_1	167.751	271.918	173.211	0.5647058823529412	0.5647058823529412	0.5647058823529412
A	N9_1	168.271	272.139	174.568	0.18823529411764706	0.3137254901960784	0.9725490196078431
A	C8_1	168.803	271.213	175.44	0.5647058823529412	0.5647058823529412	0.5647058823529412
A	N7_1	169.177	271.724	176.592	0.18823529411764706	0.3137254901960784	0.9725490196078431
A	C5_1	168.877	273.077	176.474	0.5647058823529412	0.5647058823529412	0.5647058823529412
A	C6_1	169.036	274.172	177.359	0.5647058823529412	0.5647058823529412	0.5647058823529412
A	N6_1	169.551	274.067	178.588	0.18823529411764706	0.3137254901960784	0.9725490196078431
A	N1_1	168.642	275.391	176.929	0.18823529411764706	0.3137254901960784	0.9725490196078431
A	C2_1	168.124	275.499	175.697	0.5647058823529412	0.5647058823529412	0.5647058823529412
A	N3_1	167.918	274.549	174.777	0.18823529411764706	0.3137254901960784	0.9725490196078431
A	C4_1	168.32	273.347	175.232	0.5647058823529412	0.5647058823529412	0.5647058823529412
G	P_2	160.811	282.503	169.844	1.0	0.5019607843137255	0.0
G	OP1_2	159.535	282.601	169.074	1.0	0.050980392156862744	0.050980392156862744
G	OP2_2	160.764	282.304	171.317	1.0	0.050980392156862744	0.050980392156862744
G	O5'_2	161.69	281.331	169.212	1.0	0.050980392156862744	0.050980392156862744
G	C5'_2	161.856	281.205	167.778	0.5647058823529412	0.5647058823529412	0.5647058823529412
G	C4'_2	162.708	279.994	167.451	0.5647058823529412	0.5647058823529412	0.5647058823529412
G	O4'_2	164.051	280.178	167.979	1.0	0.050980392156862744	0.050980392156862744
G	C3'_2	162.241	278.673	168.047	0.5647058823529412	0.5647058823529412	0.5647058823529412
G	O3'_2	161.225	278.074	167.24	1.0	0.050980392156862744	0.050980392156862744
G	C2'_2	163.529	277.856	168.088	0.5647058823529412	0.5647058823529412	0.5647058823529412
G	O2'_2	163.863	277.286	166.841	1.0	0.050980392156862744	0.050980392156862744
G	C1'_2	164.562	278.934	168.435	0.5647058823529412	0.5647058823529412	0.5647058823529412
G	N9_2	164.846	279.053	169.864	0.18823529411764706	0.3137254901960784	0.9725490196078431
G	C8_2	164.429	280.057	170.711	0.5647058823529412	0.5647058823529412	0.5647058823529412
G	N7_2	164.844	279.9	171.94	0.18823529411764706	0.3137254901960784	0.9725490196078431
G	C5_2	165.58	278.722	171.908	0.5647058823529412	0.5647058823529412	0.5647058823529412
G	C6_2	166.273	278.043	172.949	0.5647058823529412	0.5647058823529412	0.5647058823529412
G	O6_2	166.371	278.359	174.143	1.0	0.050980392156862744	0.050980392156862744
G	N1_2	166.89	276.883	172.481	0.18823529411764706	0.3137254901960784	0.9725490196078431
G	C2_2	166.845	276.432	171.184	0.5647058823529412	0.5647058823529412	0.5647058823529412
G	N2_2	167.511	275.295	170.933	0.18823529411764706	0.3137254901960784	0.9725490196078431
G	N3_2	166.197	277.051	170.204	0.18823529411764706	0.3137254901960784	0.9725490196078431
G	C4_2	165.592	278.184	170.634	0.5647058823529412	0.5647058823529412	0.5647058823529412
