A	P_1	120.306	161.911	193.028	1.0	0.5019607843137255	0.0
A	OP1_1	120.666	160.477	192.878	1.0	0.050980392156862744	0.050980392156862744
A	OP2_1	119.456	162.341	194.172	1.0	0.050980392156862744	0.050980392156862744
A	O5'_1	121.659	162.758	193.073	1.0	0.050980392156862744	0.050980392156862744
A	C5'_1	122.594	162.728	191.971	0.5647058823529412	0.5647058823529412	0.5647058823529412
A	C4'_1	123.133	164.118	191.694	0.5647058823529412	0.5647058823529412	0.5647058823529412
A	O4'_1	122.037	164.984	191.29	1.0	0.050980392156862744	0.050980392156862744
A	C3'_1	123.77	164.84	192.878	0.5647058823529412	0.5647058823529412	0.5647058823529412
A	O3'_1	125.14	164.456	193.064	1.0	0.050980392156862744	0.050980392156862744
A	C2'_1	123.623	166.308	192.483	0.5647058823529412	0.5647058823529412	0.5647058823529412
A	O2'_1	124.605	166.738	191.562	1.0	0.050980392156862744	0.050980392156862744
A	C1'_1	122.256	166.299	191.788	0.5647058823529412	0.5647058823529412	0.5647058823529412
A	N9_1	121.13	166.663	192.654	0.18823529411764706	0.3137254901960784	0.9725490196078431
A	C8_1	120.222	165.821	193.26	0.5647058823529412	0.5647058823529412	0.5647058823529412
A	N7_1	119.296	166.447	193.949	0.18823529411764706	0.3137254901960784	0.9725490196078431
A	C5_1	119.617	167.788	193.797	0.5647058823529412	0.5647058823529412	0.5647058823529412
A	C6_1	119.013	168.96	194.278	0.5647058823529412	0.5647058823529412	0.5647058823529412
A	N6_1	117.915	168.965	195.039	0.18823529411764706	0.3137254901960784	0.9725490196078431
A	N1_1	119.58	170.141	193.946	0.18823529411764706	0.3137254901960784	0.9725490196078431
A	C2_1	120.681	170.131	193.181	0.5647058823529412	0.5647058823529412	0.5647058823529412
A	N3_1	121.341	169.094	192.664	0.18823529411764706	0.3137254901960784	0.9725490196078431
A	C4_1	120.75	167.937	193.011	0.5647058823529412	0.5647058823529412	0.5647058823529412
G	P_2	111.937	169.316	199.573	1.0	0.5019607843137255	0.0
G	OP1_2	111.468	170.27	200.614	1.0	0.050980392156862744	0.050980392156862744
G	OP2_2	111.42	167.919	199.579	1.0	0.050980392156862744	0.050980392156862744
G	O5'_2	111.609	169.963	198.151	1.0	0.050980392156862744	0.050980392156862744
G	C5'_2	112.232	171.196	197.732	0.5647058823529412	0.5647058823529412	0.5647058823529412
G	C4'_2	113.227	170.919	196.627	0.5647058823529412	0.5647058823529412	0.5647058823529412
G	O4'_2	113.904	169.674	196.95	1.0	0.050980392156862744	0.050980392156862744
G	C3'_2	112.669	170.688	195.226	0.5647058823529412	0.5647058823529412	0.5647058823529412
G	O3'_2	112.478	171.938	194.546	1.0	0.050980392156862744	0.050980392156862744
G	C2'_2	113.758	169.834	194.585	0.5647058823529412	0.5647058823529412	0.5647058823529412
G	O2'_2	114.882	170.601	194.204	1.0	0.050980392156862744	0.050980392156862744
G	C1'_2	114.174	168.949	195.76	0.5647058823529412	0.5647058823529412	0.5647058823529412
G	N9_2	113.483	167.662	195.831	0.18823529411764706	0.3137254901960784	0.9725490196078431
G	C8_2	112.174	167.437	196.194	0.5647058823529412	0.5647058823529412	0.5647058823529412
G	N7_2	111.845	166.173	196.177	0.18823529411764706	0.3137254901960784	0.9725490196078431
G	C5_2	113.003	165.52	195.775	0.5647058823529412	0.5647058823529412	0.5647058823529412
G	C6_2	113.255	164.134	195.575	0.5647058823529412	0.5647058823529412	0.5647058823529412
G	O6_2	112.479	163.182	195.719	1.0	0.050980392156862744	0.050980392156862744
G	N1_2	114.566	163.904	195.165	0.18823529411764706	0.3137254901960784	0.9725490196078431
G	C2_2	115.515	164.879	194.971	0.5647058823529412	0.5647058823529412	0.5647058823529412
G	N2_2	116.723	164.454	194.576	0.18823529411764706	0.3137254901960784	0.9725490196078431
G	N3_2	115.294	166.177	195.153	0.18823529411764706	0.3137254901960784	0.9725490196078431
G	C4_2	114.024	166.423	195.553	0.5647058823529412	0.5647058823529412	0.5647058823529412
