G	P_1	226.689	159.024	228.511	1.0	0.5019607843137255	0.0
G	OP1_1	225.513	159.941	228.496	1.0	0.050980392156862744	0.050980392156862744
G	OP2_1	226.497	157.588	228.841	1.0	0.050980392156862744	0.050980392156862744
G	O5'_1	227.41	159.103	227.094	1.0	0.050980392156862744	0.050980392156862744
G	C5'_1	227.741	160.372	226.504	0.5647058823529412	0.5647058823529412	0.5647058823529412
G	C4'_1	228.532	160.166	225.236	0.5647058823529412	0.5647058823529412	0.5647058823529412
G	O4'_1	229.87	159.683	225.547	1.0	0.050980392156862744	0.050980392156862744
G	C3'_1	227.982	159.106	224.302	0.5647058823529412	0.5647058823529412	0.5647058823529412
G	O3'_1	226.895	159.58	223.533	1.0	0.050980392156862744	0.050980392156862744
G	C2'_1	229.201	158.751	223.466	0.5647058823529412	0.5647058823529412	0.5647058823529412
G	O2'_1	229.476	159.707	222.462	1.0	0.050980392156862744	0.050980392156862744
G	C1'_1	230.3	158.783	224.53	0.5647058823529412	0.5647058823529412	0.5647058823529412
G	N9_1	230.52	157.469	225.128	0.18823529411764706	0.3137254901960784	0.9725490196078431
G	C8_1	229.964	156.978	226.29	0.5647058823529412	0.5647058823529412	0.5647058823529412
G	N7_1	230.328	155.754	226.557	0.18823529411764706	0.3137254901960784	0.9725490196078431
G	C5_1	231.182	155.415	225.515	0.5647058823529412	0.5647058823529412	0.5647058823529412
G	C6_1	231.885	154.206	225.262	0.5647058823529412	0.5647058823529412	0.5647058823529412
G	O6_1	231.893	153.164	225.934	1.0	0.050980392156862744	0.050980392156862744
G	N1_1	232.636	154.286	224.091	0.18823529411764706	0.3137254901960784	0.9725490196078431
G	C2_1	232.706	155.389	223.268	0.5647058823529412	0.5647058823529412	0.5647058823529412
G	N2_1	233.492	155.274	222.182	0.18823529411764706	0.3137254901960784	0.9725490196078431
G	N3_1	232.054	156.525	223.493	0.18823529411764706	0.3137254901960784	0.9725490196078431
G	C4_1	231.317	156.466	224.626	0.5647058823529412	0.5647058823529412	0.5647058823529412
A	P_2	238.723	153.795	219.445	1.0	0.5019607843137255	0.0
A	OP1_2	240.139	153.418	219.186	1.0	0.050980392156862744	0.050980392156862744
A	OP2_2	238.225	153.868	220.846	1.0	0.050980392156862744	0.050980392156862744
A	O5'_2	238.436	155.188	218.728	1.0	0.050980392156862744	0.050980392156862744
A	C5'_2	238.841	155.412	217.359	0.5647058823529412	0.5647058823529412	0.5647058823529412
A	C4'_2	238.347	156.762	216.875	0.5647058823529412	0.5647058823529412	0.5647058823529412
A	O4'_2	236.894	156.771	216.831	1.0	0.050980392156862744	0.050980392156862744
A	C3'_2	238.698	157.965	217.74	0.5647058823529412	0.5647058823529412	0.5647058823529412
A	O3'_2	240.027	158.423	217.483	1.0	0.050980392156862744	0.050980392156862744
A	C2'_2	237.643	158.985	217.316	0.5647058823529412	0.5647058823529412	0.5647058823529412
A	O2'_2	237.947	159.643	216.102	1.0	0.050980392156862744	0.050980392156862744
A	C1'_2	236.42	158.086	217.093	0.5647058823529412	0.5647058823529412	0.5647058823529412
A	N9_2	235.503	158.042	218.236	0.18823529411764706	0.3137254901960784	0.9725490196078431
A	C8_2	235.317	157.027	219.152	0.5647058823529412	0.5647058823529412	0.5647058823529412
A	N7_2	234.411	157.297	220.063	0.18823529411764706	0.3137254901960784	0.9725490196078431
A	C5_2	233.966	158.57	219.727	0.5647058823529412	0.5647058823529412	0.5647058823529412
A	C6_2	233.003	159.418	220.307	0.5647058823529412	0.5647058823529412	0.5647058823529412
A	N6_2	232.291	159.092	221.391	0.18823529411764706	0.3137254901960784	0.9725490196078431
A	N1_2	232.798	160.627	219.732	0.18823529411764706	0.3137254901960784	0.9725490196078431
A	C2_2	233.518	160.953	218.646	0.5647058823529412	0.5647058823529412	0.5647058823529412
A	N3_2	234.453	160.24	218.007	0.18823529411764706	0.3137254901960784	0.9725490196078431
A	C4_2	234.631	159.044	218.606	0.5647058823529412	0.5647058823529412	0.5647058823529412
