A	P_1	275.215	150.253	177.786	1.0	0.5019607843137255	0.0
A	OP1_1	274.096	149.44	177.225	1.0	0.050980392156862744	0.050980392156862744
A	OP2_1	275.853	151.303	176.946	1.0	0.050980392156862744	0.050980392156862744
A	O5'_1	274.704	150.933	179.131	1.0	0.050980392156862744	0.050980392156862744
A	C5'_1	274.075	150.147	180.165	0.5647058823529412	0.5647058823529412	0.5647058823529412
A	C4'_1	273.559	151.049	181.259	0.5647058823529412	0.5647058823529412	0.5647058823529412
A	O4'_1	274.676	151.657	181.964	1.0	0.050980392156862744	0.050980392156862744
A	C3'_1	272.739	152.228	180.768	0.5647058823529412	0.5647058823529412	0.5647058823529412
A	O3'_1	271.394	151.849	180.512	1.0	0.050980392156862744	0.050980392156862744
A	C2'_1	272.884	153.22	181.912	0.5647058823529412	0.5647058823529412	0.5647058823529412
A	O2'_1	272.041	152.914	183.003	1.0	0.050980392156862744	0.050980392156862744
A	C1'_1	274.343	152.99	182.322	0.5647058823529412	0.5647058823529412	0.5647058823529412
A	N9_1	275.287	153.895	181.66	0.18823529411764706	0.3137254901960784	0.9725490196078431
A	C8_1	276.082	153.639	180.562	0.5647058823529412	0.5647058823529412	0.5647058823529412
A	N7_1	276.82	154.662	180.194	0.18823529411764706	0.3137254901960784	0.9725490196078431
A	C5_1	276.49	155.658	181.108	0.5647058823529412	0.5647058823529412	0.5647058823529412
A	C6_1	276.926	156.989	181.257	0.5647058823529412	0.5647058823529412	0.5647058823529412
A	N6_1	277.806	157.577	180.44	0.18823529411764706	0.3137254901960784	0.9725490196078431
A	N1_1	276.415	157.706	182.281	0.18823529411764706	0.3137254901960784	0.9725490196078431
A	C2_1	275.515	157.123	183.085	0.5647058823529412	0.5647058823529412	0.5647058823529412
A	N3_1	275.019	155.888	183.042	0.18823529411764706	0.3137254901960784	0.9725490196078431
A	C4_1	275.555	155.197	182.021	0.5647058823529412	0.5647058823529412	0.5647058823529412
G	P_2	283.046	163.997	177.062	1.0	0.5019607843137255	0.0
G	OP1_2	283.356	165.237	177.828	1.0	0.050980392156862744	0.050980392156862744
G	OP2_2	284.158	163.198	176.485	1.0	0.050980392156862744	0.050980392156862744
G	O5'_2	282.181	163.034	177.993	1.0	0.050980392156862744	0.050980392156862744
G	C5'_2	281.092	163.543	178.796	0.5647058823529412	0.5647058823529412	0.5647058823529412
G	C4'_2	280.369	162.401	179.483	0.5647058823529412	0.5647058823529412	0.5647058823529412
G	O4'_2	279.811	161.516	178.471	1.0	0.050980392156862744	0.050980392156862744
G	C3'_2	281.239	161.497	180.347	0.5647058823529412	0.5647058823529412	0.5647058823529412
G	O3'_2	281.397	162.032	181.665	1.0	0.050980392156862744	0.050980392156862744
G	C2'_2	280.457	160.187	180.33	0.5647058823529412	0.5647058823529412	0.5647058823529412
G	O2'_2	279.348	160.201	181.204	1.0	0.050980392156862744	0.050980392156862744
G	C1'_2	279.932	160.164	178.891	0.5647058823529412	0.5647058823529412	0.5647058823529412
G	N9_2	280.795	159.468	177.936	0.18823529411764706	0.3137254901960784	0.9725490196078431
G	C8_2	281.913	159.975	177.312	0.5647058823529412	0.5647058823529412	0.5647058823529412
G	N7_2	282.461	159.134	176.477	0.18823529411764706	0.3137254901960784	0.9725490196078431
G	C5_2	281.664	158.001	176.554	0.5647058823529412	0.5647058823529412	0.5647058823529412
G	C6_2	281.761	156.765	175.863	0.5647058823529412	0.5647058823529412	0.5647058823529412
G	O6_2	282.587	156.422	175.004	1.0	0.050980392156862744	0.050980392156862744
G	N1_2	280.758	155.882	176.253	0.18823529411764706	0.3137254901960784	0.9725490196078431
G	C2_2	279.777	156.153	177.182	0.5647058823529412	0.5647058823529412	0.5647058823529412
G	N2_2	278.898	155.157	177.434	0.18823529411764706	0.3137254901960784	0.9725490196078431
G	N3_2	279.665	157.313	177.822	0.18823529411764706	0.3137254901960784	0.9725490196078431
G	C4_2	280.637	158.183	177.461	0.5647058823529412	0.5647058823529412	0.5647058823529412
