G	P_1	216.228	235.849	220.819	1.0	0.5019607843137255	0.0
G	OP1_1	214.952	236.316	220.197	1.0	0.050980392156862744	0.050980392156862744
G	OP2_1	217.379	236.788	220.928	1.0	0.050980392156862744	0.050980392156862744
G	O5'_1	215.892	235.294	222.277	1.0	0.050980392156862744	0.050980392156862744
G	C5'_1	214.888	234.276	222.465	0.5647058823529412	0.5647058823529412	0.5647058823529412
G	C4'_1	215.318	233.3	223.543	0.5647058823529412	0.5647058823529412	0.5647058823529412
G	O4'_1	216.706	232.927	223.328	1.0	0.050980392156862744	0.050980392156862744
G	C3'_1	215.292	233.794	224.984	0.5647058823529412	0.5647058823529412	0.5647058823529412
G	O3'_1	213.971	233.671	225.52	1.0	0.050980392156862744	0.050980392156862744
G	C2'_1	216.265	232.838	225.666	0.5647058823529412	0.5647058823529412	0.5647058823529412
G	O2'_1	215.678	231.583	225.937	1.0	0.050980392156862744	0.050980392156862744
G	C1'_1	217.324	232.655	224.576	0.5647058823529412	0.5647058823529412	0.5647058823529412
G	N9_1	218.505	233.506	224.717	0.18823529411764706	0.3137254901960784	0.9725490196078431
G	C8_1	218.636	234.828	224.342	0.5647058823529412	0.5647058823529412	0.5647058823529412
G	N7_1	219.828	235.311	224.579	0.18823529411764706	0.3137254901960784	0.9725490196078431
G	C5_1	220.527	234.25	225.147	0.5647058823529412	0.5647058823529412	0.5647058823529412
G	C6_1	221.878	234.172	225.612	0.5647058823529412	0.5647058823529412	0.5647058823529412
G	O6_1	222.757	235.052	225.594	1.0	0.050980392156862744	0.050980392156862744
G	N1_1	222.169	232.912	226.131	0.18823529411764706	0.3137254901960784	0.9725490196078431
G	C2_1	221.288	231.859	226.19	0.5647058823529412	0.5647058823529412	0.5647058823529412
G	N2_1	221.763	230.726	226.733	0.18823529411764706	0.3137254901960784	0.9725490196078431
G	N3_1	220.035	231.912	225.751	0.18823529411764706	0.3137254901960784	0.9725490196078431
G	C4_1	219.724	233.13	225.247	0.5647058823529412	0.5647058823529412	0.5647058823529412
A	P_2	223.338	226.981	230.479	1.0	0.5019607843137255	0.0
A	OP1_2	224.202	226.565	231.62	1.0	0.050980392156862744	0.050980392156862744
A	OP2_2	223.945	227.178	229.13	1.0	0.050980392156862744	0.050980392156862744
A	O5'_2	222.149	225.924	230.33	1.0	0.050980392156862744	0.050980392156862744
A	C5'_2	221.614	225.226	231.484	0.5647058823529412	0.5647058823529412	0.5647058823529412
A	C4'_2	220.206	224.733	231.202	0.5647058823529412	0.5647058823529412	0.5647058823529412
A	O4'_2	219.329	225.873	231.026	1.0	0.050980392156862744	0.050980392156862744
A	C3'_2	220.024	223.883	229.947	0.5647058823529412	0.5647058823529412	0.5647058823529412
A	O3'_2	220.286	222.5	230.24	1.0	0.050980392156862744	0.050980392156862744
A	C2'_2	218.556	224.119	229.599	0.5647058823529412	0.5647058823529412	0.5647058823529412
A	O2'_2	217.685	223.288	230.342	1.0	0.050980392156862744	0.050980392156862744
A	C1'_2	218.358	225.577	230.039	0.5647058823529412	0.5647058823529412	0.5647058823529412
A	N9_2	218.471	226.58	228.978	0.18823529411764706	0.3137254901960784	0.9725490196078431
A	C8_2	219.583	227.313	228.622	0.5647058823529412	0.5647058823529412	0.5647058823529412
A	N7_2	219.373	228.156	227.637	0.18823529411764706	0.3137254901960784	0.9725490196078431
A	C5_2	218.034	227.963	227.316	0.5647058823529412	0.5647058823529412	0.5647058823529412
A	C6_2	217.204	228.558	226.351	0.5647058823529412	0.5647058823529412	0.5647058823529412
A	N6_2	217.622	229.504	225.504	0.18823529411764706	0.3137254901960784	0.9725490196078431
A	N1_2	215.915	228.142	226.287	0.18823529411764706	0.3137254901960784	0.9725490196078431
A	C2_2	215.504	227.187	227.143	0.5647058823529412	0.5647058823529412	0.5647058823529412
A	N3_2	216.192	226.554	228.097	0.18823529411764706	0.3137254901960784	0.9725490196078431
A	C4_2	217.466	226.993	228.133	0.5647058823529412	0.5647058823529412	0.5647058823529412
