A	P_1	218.592	225.423	158.324	1.0	0.5019607843137255	0.0
A	OP1_1	218.794	225.59	159.791	1.0	0.050980392156862744	0.050980392156862744
A	OP2_1	219.5	226.121	157.374	1.0	0.050980392156862744	0.050980392156862744
A	O5'_1	218.615	223.865	157.991	1.0	0.050980392156862744	0.050980392156862744
A	C5'_1	217.768	222.945	158.718	0.5647058823529412	0.5647058823529412	0.5647058823529412
A	C4'_1	217.725	221.607	158.016	0.5647058823529412	0.5647058823529412	0.5647058823529412
A	O4'_1	217.137	221.781	156.697	1.0	0.050980392156862744	0.050980392156862744
A	C3'_1	219.074	220.962	157.731	0.5647058823529412	0.5647058823529412	0.5647058823529412
A	O3'_1	219.606	220.275	158.858	1.0	0.050980392156862744	0.050980392156862744
A	C2'_1	218.741	220.033	156.571	0.5647058823529412	0.5647058823529412	0.5647058823529412
A	O2'_1	218.082	218.85	156.982	1.0	0.050980392156862744	0.050980392156862744
A	C1'_1	217.772	220.91	155.771	0.5647058823529412	0.5647058823529412	0.5647058823529412
A	N9_1	218.465	221.727	154.767	0.18823529411764706	0.3137254901960784	0.9725490196078431
A	C8_1	218.7	223.089	154.786	0.5647058823529412	0.5647058823529412	0.5647058823529412
A	N7_1	219.368	223.525	153.741	0.18823529411764706	0.3137254901960784	0.9725490196078431
A	C5_1	219.589	222.379	152.983	0.5647058823529412	0.5647058823529412	0.5647058823529412
A	C6_1	220.247	222.168	151.755	0.5647058823529412	0.5647058823529412	0.5647058823529412
A	N6_1	220.84	223.142	151.059	0.18823529411764706	0.3137254901960784	0.9725490196078431
A	N1_1	220.28	220.907	151.266	0.18823529411764706	0.3137254901960784	0.9725490196078431
A	C2_1	219.699	219.929	151.976	0.5647058823529412	0.5647058823529412	0.5647058823529412
A	N3_1	219.054	219.999	153.144	0.18823529411764706	0.3137254901960784	0.9725490196078431
A	C4_1	219.032	221.266	153.598	0.5647058823529412	0.5647058823529412	0.5647058823529412
G	P_2	225.09	222.474	141.298	1.0	0.5019607843137255	0.0
G	OP1_2	225.341	222.391	139.829	1.0	0.050980392156862744	0.050980392156862744
G	OP2_2	224.2	223.546	141.831	1.0	0.050980392156862744	0.050980392156862744
G	O5'_2	224.545	221.052	141.767	1.0	0.050980392156862744	0.050980392156862744
G	C5'_2	225.385	219.877	141.683	0.5647058823529412	0.5647058823529412	0.5647058823529412
G	C4'_2	224.735	218.72	142.406	0.5647058823529412	0.5647058823529412	0.5647058823529412
G	O4'_2	224.587	219.079	143.808	1.0	0.050980392156862744	0.050980392156862744
G	C3'_2	223.342	218.338	141.912	0.5647058823529412	0.5647058823529412	0.5647058823529412
G	O3'_2	223.12	216.93	142.027	1.0	0.050980392156862744	0.050980392156862744
G	C2'_2	222.425	219.122	142.85	0.5647058823529412	0.5647058823529412	0.5647058823529412
G	O2'_2	221.156	218.517	143.013	1.0	0.050980392156862744	0.050980392156862744
G	C1'_2	223.216	219.107	144.16	0.5647058823529412	0.5647058823529412	0.5647058823529412
G	N9_2	222.989	220.295	144.984	0.18823529411764706	0.3137254901960784	0.9725490196078431
G	C8_2	223.108	221.61	144.589	0.5647058823529412	0.5647058823529412	0.5647058823529412
G	N7_2	222.84	222.462	145.543	0.18823529411764706	0.3137254901960784	0.9725490196078431
G	C5_2	222.528	221.666	146.636	0.5647058823529412	0.5647058823529412	0.5647058823529412
G	C6_2	222.156	222.029	147.958	0.5647058823529412	0.5647058823529412	0.5647058823529412
G	O6_2	222.023	223.162	148.436	1.0	0.050980392156862744	0.050980392156862744
G	N1_2	221.926	220.909	148.752	0.18823529411764706	0.3137254901960784	0.9725490196078431
G	C2_2	222.035	219.603	148.328	0.5647058823529412	0.5647058823529412	0.5647058823529412
G	N2_2	221.758	218.653	149.247	0.18823529411764706	0.3137254901960784	0.9725490196078431
G	N3_2	222.384	219.25	147.096	0.18823529411764706	0.3137254901960784	0.9725490196078431
G	C4_2	222.614	220.324	146.309	0.5647058823529412	0.5647058823529412	0.5647058823529412
