G	P_1	242.826	264.992	237.312	1.0	0.5019607843137255	0.0
G	OP1_1	242.12	266.209	237.807	1.0	0.050980392156862744	0.050980392156862744
G	OP2_1	242.043	263.764	236.994	1.0	0.050980392156862744	0.050980392156862744
G	O5'_1	243.666	265.423	236.024	1.0	0.050980392156862744	0.050980392156862744
G	C5'_1	243.643	264.638	234.81	0.5647058823529412	0.5647058823529412	0.5647058823529412
G	C4'_1	244.879	263.77	234.736	0.5647058823529412	0.5647058823529412	0.5647058823529412
G	O4'_1	244.907	262.902	235.897	1.0	0.050980392156862744	0.050980392156862744
G	C3'_1	244.97	262.833	233.539	0.5647058823529412	0.5647058823529412	0.5647058823529412
G	O3'_1	245.553	263.518	232.425	1.0	0.050980392156862744	0.050980392156862744
G	C2'_1	245.848	261.703	234.069	0.5647058823529412	0.5647058823529412	0.5647058823529412
G	O2'_1	247.224	262.03	234.058	1.0	0.050980392156862744	0.050980392156862744
G	C1'_1	245.382	261.618	235.528	0.5647058823529412	0.5647058823529412	0.5647058823529412
G	N9_1	244.32	260.65	235.801	0.18823529411764706	0.3137254901960784	0.9725490196078431
G	C8_1	242.96	260.874	235.764	0.5647058823529412	0.5647058823529412	0.5647058823529412
G	N7_1	242.255	259.823	236.089	0.18823529411764706	0.3137254901960784	0.9725490196078431
G	C5_1	243.201	258.84	236.349	0.5647058823529412	0.5647058823529412	0.5647058823529412
G	C6_1	243.034	257.486	236.746	0.5647058823529412	0.5647058823529412	0.5647058823529412
G	O6_1	241.981	256.867	236.962	1.0	0.050980392156862744	0.050980392156862744
G	N1_1	244.262	256.841	236.89	0.18823529411764706	0.3137254901960784	0.9725490196078431
G	C2_1	245.494	257.422	236.682	0.5647058823529412	0.5647058823529412	0.5647058823529412
G	N2_1	246.562	256.631	236.867	0.18823529411764706	0.3137254901960784	0.9725490196078431
G	N3_1	245.664	258.685	236.319	0.18823529411764706	0.3137254901960784	0.9725490196078431
G	C4_1	244.483	259.331	236.17	0.5647058823529412	0.5647058823529412	0.5647058823529412
A	P_2	248.811	252.909	238.545	1.0	0.5019607843137255	0.0
A	OP1_2	249.145	252.006	239.683	1.0	0.050980392156862744	0.050980392156862744
A	OP2_2	247.712	253.903	238.695	1.0	0.050980392156862744	0.050980392156862744
A	O5'_2	250.139	253.692	238.134	1.0	0.050980392156862744	0.050980392156862744
A	C5'_2	251.364	252.979	237.856	0.5647058823529412	0.5647058823529412	0.5647058823529412
A	C4'_2	252.454	253.945	237.443	0.5647058823529412	0.5647058823529412	0.5647058823529412
A	O4'_2	252.078	254.601	236.2	1.0	0.050980392156862744	0.050980392156862744
A	C3'_2	252.718	255.104	238.394	0.5647058823529412	0.5647058823529412	0.5647058823529412
A	O3'_2	253.538	254.733	239.502	1.0	0.050980392156862744	0.050980392156862744
A	C2'_2	253.378	256.124	237.475	0.5647058823529412	0.5647058823529412	0.5647058823529412
A	O2'_2	254.733	255.829	237.198	1.0	0.050980392156862744	0.050980392156862744
A	C1'_2	252.549	255.944	236.204	0.5647058823529412	0.5647058823529412	0.5647058823529412
A	N9_2	251.394	256.845	236.185	0.18823529411764706	0.3137254901960784	0.9725490196078431
A	C8_2	250.085	256.551	236.498	0.5647058823529412	0.5647058823529412	0.5647058823529412
A	N7_2	249.275	257.579	236.406	0.18823529411764706	0.3137254901960784	0.9725490196078431
A	C5_2	250.101	258.619	236.002	0.5647058823529412	0.5647058823529412	0.5647058823529412
A	C6_2	249.847	259.976	235.732	0.5647058823529412	0.5647058823529412	0.5647058823529412
A	N6_2	248.639	260.537	235.84	0.18823529411764706	0.3137254901960784	0.9725490196078431
A	N1_2	250.888	260.748	235.349	0.18823529411764706	0.3137254901960784	0.9725490196078431
A	C2_2	252.103	260.184	235.253	0.5647058823529412	0.5647058823529412	0.5647058823529412
A	N3_2	252.469	258.921	235.484	0.18823529411764706	0.3137254901960784	0.9725490196078431
A	C4_2	251.408	258.182	235.858	0.5647058823529412	0.5647058823529412	0.5647058823529412
