A	P_1	274.665	235.459	219.908	1.0	0.5019607843137255	0.0
A	OP1_1	274.09	234.127	219.573	1.0	0.050980392156862744	0.050980392156862744
A	OP2_1	276.069	235.55	220.398	1.0	0.050980392156862744	0.050980392156862744
A	O5'_1	274.523	236.386	218.614	1.0	0.050980392156862744	0.050980392156862744
A	C5'_1	273.243	236.587	217.965	0.5647058823529412	0.5647058823529412	0.5647058823529412
A	C4'_1	273.084	238.04	217.554	0.5647058823529412	0.5647058823529412	0.5647058823529412
A	O4'_1	273.108	238.877	218.744	1.0	0.050980392156862744	0.050980392156862744
A	C3'_1	274.185	238.611	216.667	0.5647058823529412	0.5647058823529412	0.5647058823529412
A	O3'_1	273.95	238.323	215.284	1.0	0.050980392156862744	0.050980392156862744
A	C2'_1	274.107	240.105	216.968	0.5647058823529412	0.5647058823529412	0.5647058823529412
A	O2'_1	273.05	240.755	216.287	1.0	0.050980392156862744	0.050980392156862744
A	C1'_1	273.789	240.092	218.465	0.5647058823529412	0.5647058823529412	0.5647058823529412
A	N9_1	274.968	240.161	219.329	0.18823529411764706	0.3137254901960784	0.9725490196078431
A	C8_1	275.536	239.137	220.051	0.5647058823529412	0.5647058823529412	0.5647058823529412
A	N7_1	276.571	239.503	220.767	0.18823529411764706	0.3137254901960784	0.9725490196078431
A	C5_1	276.701	240.857	220.492	0.5647058823529412	0.5647058823529412	0.5647058823529412
A	C6_1	277.608	241.823	220.947	0.5647058823529412	0.5647058823529412	0.5647058823529412
A	N6_1	278.588	241.557	221.817	0.18823529411764706	0.3137254901960784	0.9725490196078431
A	N1_1	277.473	243.082	220.48	0.18823529411764706	0.3137254901960784	0.9725490196078431
A	C2_1	276.483	243.34	219.615	0.5647058823529412	0.5647058823529412	0.5647058823529412
A	N3_1	275.562	242.517	219.117	0.18823529411764706	0.3137254901960784	0.9725490196078431
A	C4_1	275.727	241.274	219.601	0.5647058823529412	0.5647058823529412	0.5647058823529412
G	P_2	285.162	239.617	228.396	1.0	0.5019607843137255	0.0
G	OP1_2	285.744	240.655	229.292	1.0	0.050980392156862744	0.050980392156862744
G	OP2_2	284.844	238.269	228.944	1.0	0.050980392156862744	0.050980392156862744
G	O5'_2	283.835	240.215	227.742	1.0	0.050980392156862744	0.050980392156862744
G	C5'_2	283.84	241.514	227.11	0.5647058823529412	0.5647058823529412	0.5647058823529412
G	C4'_2	282.58	241.709	226.29	0.5647058823529412	0.5647058823529412	0.5647058823529412
G	O4'_2	282.498	240.677	225.27	1.0	0.050980392156862744	0.050980392156862744
G	C3'_2	281.258	241.61	227.04	0.5647058823529412	0.5647058823529412	0.5647058823529412
G	O3'_2	280.969	242.862	227.672	1.0	0.050980392156862744	0.050980392156862744
G	C2'_2	280.283	241.239	225.927	0.5647058823529412	0.5647058823529412	0.5647058823529412
G	O2'_2	279.901	242.346	225.138	1.0	0.050980392156862744	0.050980392156862744
G	C1'_2	281.144	240.306	225.071	0.5647058823529412	0.5647058823529412	0.5647058823529412
G	N9_2	281.012	238.889	225.403	0.18823529411764706	0.3137254901960784	0.9725490196078431
G	C8_2	281.7	238.197	226.375	0.5647058823529412	0.5647058823529412	0.5647058823529412
G	N7_2	281.379	236.933	226.431	0.18823529411764706	0.3137254901960784	0.9725490196078431
G	C5_2	280.423	236.776	225.439	0.5647058823529412	0.5647058823529412	0.5647058823529412
G	C6_2	279.709	235.621	225.032	0.5647058823529412	0.5647058823529412	0.5647058823529412
G	O6_2	279.79	234.469	225.48	1.0	0.050980392156862744	0.050980392156862744
G	N1_2	278.825	235.904	223.994	0.18823529411764706	0.3137254901960784	0.9725490196078431
G	C2_2	278.648	237.144	223.418	0.5647058823529412	0.5647058823529412	0.5647058823529412
G	N2_2	277.737	237.213	222.432	0.18823529411764706	0.3137254901960784	0.9725490196078431
G	N3_2	279.314	238.233	223.785	0.18823529411764706	0.3137254901960784	0.9725490196078431
G	C4_2	280.178	237.976	224.796	0.5647058823529412	0.5647058823529412	0.5647058823529412
