A	P_1	246.438	198.722	142.12	1.0	0.5019607843137255	0.0
A	OP1_1	247.081	200.056	142.007	1.0	0.050980392156862744	0.050980392156862744
A	OP2_1	245.513	198.448	143.258	1.0	0.050980392156862744	0.050980392156862744
A	O5'_1	245.647	198.451	140.757	1.0	0.050980392156862744	0.050980392156862744
A	C5'_1	244.86	197.25	140.571	0.5647058823529412	0.5647058823529412	0.5647058823529412
A	C4'_1	244.998	196.725	139.149	0.5647058823529412	0.5647058823529412	0.5647058823529412
A	O4'_1	244.53	197.732	138.202	1.0	0.050980392156862744	0.050980392156862744
A	C3'_1	246.396	196.322	138.673	0.5647058823529412	0.5647058823529412	0.5647058823529412
A	O3'_1	246.274	195.209	137.784	1.0	0.050980392156862744	0.050980392156862744
A	C2'_1	246.845	197.552	137.884	0.5647058823529412	0.5647058823529412	0.5647058823529412
A	O2'_1	247.83	197.262	136.91	1.0	0.050980392156862744	0.050980392156862744
A	C1'_1	245.53	197.965	137.226	0.5647058823529412	0.5647058823529412	0.5647058823529412
A	N9_1	245.44	199.359	136.783	0.18823529411764706	0.3137254901960784	0.9725490196078431
A	C8_1	245.56	200.51	137.524	0.5647058823529412	0.5647058823529412	0.5647058823529412
A	N7_1	245.39	201.608	136.826	0.18823529411764706	0.3137254901960784	0.9725490196078431
A	C5_1	245.15	201.151	135.538	0.5647058823529412	0.5647058823529412	0.5647058823529412
A	C6_1	244.889	201.82	134.328	0.5647058823529412	0.5647058823529412	0.5647058823529412
A	N6_1	244.819	203.147	134.22	0.18823529411764706	0.3137254901960784	0.9725490196078431
A	N1_1	244.697	201.069	133.221	0.18823529411764706	0.3137254901960784	0.9725490196078431
A	C2_1	244.763	199.735	133.333	0.5647058823529412	0.5647058823529412	0.5647058823529412
A	N3_1	245.002	198.99	134.412	0.18823529411764706	0.3137254901960784	0.9725490196078431
A	C4_1	245.187	199.768	135.494	0.5647058823529412	0.5647058823529412	0.5647058823529412
G	P_2	242.25	210.154	130.535	1.0	0.5019607843137255	0.0
G	OP1_2	241.362	210.454	129.378	1.0	0.050980392156862744	0.050980392156862744
G	OP2_2	242.377	211.147	131.639	1.0	0.050980392156862744	0.050980392156862744
G	O5'_2	241.786	208.761	131.149	1.0	0.050980392156862744	0.050980392156862744
G	C5'_2	241.817	207.569	130.345	0.5647058823529412	0.5647058823529412	0.5647058823529412
G	C4'_2	242.18	206.373	131.194	0.5647058823529412	0.5647058823529412	0.5647058823529412
G	O4'_2	243.421	206.643	131.9	1.0	0.050980392156862744	0.050980392156862744
G	C3'_2	241.196	205.994	132.292	0.5647058823529412	0.5647058823529412	0.5647058823529412
G	O3'_2	240.158	205.186	131.716	1.0	0.050980392156862744	0.050980392156862744
G	C2'_2	242.083	205.216	133.263	0.5647058823529412	0.5647058823529412	0.5647058823529412
G	O2'_2	242.316	203.897	132.808	1.0	0.050980392156862744	0.050980392156862744
G	C1'_2	243.406	205.984	133.157	0.5647058823529412	0.5647058823529412	0.5647058823529412
G	N9_2	243.694	206.965	134.205	0.18823529411764706	0.3137254901960784	0.9725490196078431
G	C8_2	243.289	208.28	134.246	0.5647058823529412	0.5647058823529412	0.5647058823529412
G	N7_2	243.747	208.927	135.285	0.18823529411764706	0.3137254901960784	0.9725490196078431
G	C5_2	244.492	207.983	135.982	0.5647058823529412	0.5647058823529412	0.5647058823529412
G	C6_2	245.23	208.104	137.195	0.5647058823529412	0.5647058823529412	0.5647058823529412
G	O6_2	245.387	209.104	137.904	1.0	0.050980392156862744	0.050980392156862744
G	N1_2	245.823	206.9	137.558	0.18823529411764706	0.3137254901960784	0.9725490196078431
G	C2_2	245.728	205.728	136.849	0.5647058823529412	0.5647058823529412	0.5647058823529412
G	N2_2	246.366	204.665	137.374	0.18823529411764706	0.3137254901960784	0.9725490196078431
G	N3_2	245.054	205.602	135.709	0.18823529411764706	0.3137254901960784	0.9725490196078431
G	C4_2	244.462	206.762	135.339	0.5647058823529412	0.5647058823529412	0.5647058823529412
