G	P_1	115.218	209.173	255.4	1.0	0.5019607843137255	0.0
G	OP1_1	116.611	209.011	255.904	1.0	0.050980392156862744	0.050980392156862744
G	OP2_1	114.142	209.601	256.338	1.0	0.050980392156862744	0.050980392156862744
G	O5'_1	115.257	210.198	254.179	1.0	0.050980392156862744	0.050980392156862744
G	C5'_1	116.174	210.019	253.076	0.5647058823529412	0.5647058823529412	0.5647058823529412
G	C4'_1	115.72	210.841	251.891	0.5647058823529412	0.5647058823529412	0.5647058823529412
G	O4'_1	114.406	210.379	251.467	1.0	0.050980392156862744	0.050980392156862744
G	C3'_1	115.518	212.323	252.18	0.5647058823529412	0.5647058823529412	0.5647058823529412
G	O3'_1	116.745	213.057	252.102	1.0	0.050980392156862744	0.050980392156862744
G	C2'_1	114.505	212.732	251.115	0.5647058823529412	0.5647058823529412	0.5647058823529412
G	O2'_1	115.092	212.943	249.844	1.0	0.050980392156862744	0.050980392156862744
G	C1'_1	113.612	211.487	251.058	0.5647058823529412	0.5647058823529412	0.5647058823529412
G	N9_1	112.444	211.568	251.935	0.18823529411764706	0.3137254901960784	0.9725490196078431
G	C8_1	112.285	210.976	253.168	0.5647058823529412	0.5647058823529412	0.5647058823529412
G	N7_1	111.135	211.247	253.726	0.18823529411764706	0.3137254901960784	0.9725490196078431
G	C5_1	110.492	212.066	252.807	0.5647058823529412	0.5647058823529412	0.5647058823529412
G	C6_1	109.211	212.681	252.863	0.5647058823529412	0.5647058823529412	0.5647058823529412
G	O6_1	108.369	212.626	253.772	1.0	0.050980392156862744	0.050980392156862744
G	N1_1	108.947	213.423	251.713	0.18823529411764706	0.3137254901960784	0.9725490196078431
G	C2_1	109.805	213.558	250.648	0.5647058823529412	0.5647058823529412	0.5647058823529412
G	N2_1	109.365	214.312	249.628	0.18823529411764706	0.3137254901960784	0.9725490196078431
G	N3_1	111.005	212.995	250.585	0.18823529411764706	0.3137254901960784	0.9725490196078431
G	C4_1	111.281	212.268	251.691	0.5647058823529412	0.5647058823529412	0.5647058823529412
A	P_2	105.707	217.976	246.855	1.0	0.5019607843137255	0.0
A	OP1_2	104.392	218.455	246.339	1.0	0.050980392156862744	0.050980392156862744
A	OP2_2	105.752	216.829	247.802	1.0	0.050980392156862744	0.050980392156862744
A	O5'_2	106.633	217.623	245.606	1.0	0.050980392156862744	0.050980392156862744
A	C5'_2	106.668	218.467	244.438	0.5647058823529412	0.5647058823529412	0.5647058823529412
A	C4'_2	107.723	217.976	243.471	0.5647058823529412	0.5647058823529412	0.5647058823529412
A	O4'_2	109.033	218.061	244.098	1.0	0.050980392156862744	0.050980392156862744
A	C3'_2	107.624	216.516	243.053	0.5647058823529412	0.5647058823529412	0.5647058823529412
A	O3'_2	106.658	216.299	242.03	1.0	0.050980392156862744	0.050980392156862744
A	C2'_2	109.045	216.227	242.588	0.5647058823529412	0.5647058823529412	0.5647058823529412
A	O2'_2	109.328	216.73	241.298	1.0	0.050980392156862744	0.050980392156862744
A	C1'_2	109.857	216.999	243.631	0.5647058823529412	0.5647058823529412	0.5647058823529412
A	N9_2	110.22	216.148	244.768	0.18823529411764706	0.3137254901960784	0.9725490196078431
A	C8_2	109.519	215.952	245.937	0.5647058823529412	0.5647058823529412	0.5647058823529412
A	N7_2	110.089	215.104	246.76	0.18823529411764706	0.3137254901960784	0.9725490196078431
A	C5_2	111.246	214.72	246.096	0.5647058823529412	0.5647058823529412	0.5647058823529412
A	C6_2	112.284	213.831	246.441	0.5647058823529412	0.5647058823529412	0.5647058823529412
A	N6_2	112.316	213.14	247.586	0.18823529411764706	0.3137254901960784	0.9725490196078431
A	N1_2	113.297	213.671	245.559	0.18823529411764706	0.3137254901960784	0.9725490196078431
A	C2_2	113.257	214.36	244.409	0.5647058823529412	0.5647058823529412	0.5647058823529412
A	N3_2	112.333	215.219	243.968	0.18823529411764706	0.3137254901960784	0.9725490196078431
A	C4_2	111.344	215.357	244.869	0.5647058823529412	0.5647058823529412	0.5647058823529412
