G	P_1	179.948	283.821	186.327	1.0	0.5019607843137255	0.0
G	OP1_1	178.478	284.081	186.362	1.0	0.050980392156862744	0.050980392156862744
G	OP2_1	180.615	283.214	187.512	1.0	0.050980392156862744	0.050980392156862744
G	O5'_1	180.278	282.913	185.057	1.0	0.050980392156862744	0.050980392156862744
G	C5'_1	179.581	283.094	183.807	0.5647058823529412	0.5647058823529412	0.5647058823529412
G	C4'_1	180.023	282.051	182.802	0.5647058823529412	0.5647058823529412	0.5647058823529412
G	O4'_1	181.424	282.257	182.469	1.0	0.050980392156862744	0.050980392156862744
G	C3'_1	179.956	280.6	183.265	0.5647058823529412	0.5647058823529412	0.5647058823529412
G	O3'_1	178.642	280.043	183.149	1.0	0.050980392156862744	0.050980392156862744
G	C2'_1	180.966	279.925	182.343	0.5647058823529412	0.5647058823529412	0.5647058823529412
G	O2'_1	180.455	279.646	181.054	1.0	0.050980392156862744	0.050980392156862744
G	C1'_1	182.052	281.001	182.249	0.5647058823529412	0.5647058823529412	0.5647058823529412
G	N9_1	183.08	280.818	183.269	0.18823529411764706	0.3137254901960784	0.9725490196078431
G	C8_1	183.314	281.626	184.358	0.5647058823529412	0.5647058823529412	0.5647058823529412
G	N7_1	184.278	281.191	185.125	0.18823529411764706	0.3137254901960784	0.9725490196078431
G	C5_1	184.716	280.029	184.502	0.5647058823529412	0.5647058823529412	0.5647058823529412
G	C6_1	185.739	279.118	184.875	0.5647058823529412	0.5647058823529412	0.5647058823529412
G	O6_1	186.482	279.159	185.868	1.0	0.050980392156862744	0.050980392156862744
G	N1_1	185.854	278.074	183.959	0.18823529411764706	0.3137254901960784	0.9725490196078431
G	C2_1	185.084	277.922	182.835	0.5647058823529412	0.5647058823529412	0.5647058823529412
G	N2_1	185.347	276.845	182.086	0.18823529411764706	0.3137254901960784	0.9725490196078431
G	N3_1	184.125	278.763	182.473	0.18823529411764706	0.3137254901960784	0.9725490196078431
G	C4_1	183.996	279.788	183.347	0.5647058823529412	0.5647058823529412	0.5647058823529412
A	P_2	194.381	270.29	187.449	1.0	0.5019607843137255	0.0
A	OP1_2	195.588	269.461	187.138	1.0	0.050980392156862744	0.050980392156862744
A	OP2_2	194.552	271.62	188.104	1.0	0.050980392156862744	0.050980392156862744
A	O5'_2	193.565	270.492	186.091	1.0	0.050980392156862744	0.050980392156862744
A	C5'_2	193.062	269.351	185.366	0.5647058823529412	0.5647058823529412	0.5647058823529412
A	C4'_2	192.182	269.792	184.218	0.5647058823529412	0.5647058823529412	0.5647058823529412
A	O4'_2	191.082	270.608	184.72	1.0	0.050980392156862744	0.050980392156862744
A	C3'_2	192.84	270.61	183.109	0.5647058823529412	0.5647058823529412	0.5647058823529412
A	O3'_2	192.209	270.257	181.875	1.0	0.050980392156862744	0.050980392156862744
A	C2'_2	192.46	272.039	183.487	0.5647058823529412	0.5647058823529412	0.5647058823529412
A	O2'_2	192.471	272.933	182.389	1.0	0.050980392156862744	0.050980392156862744
A	C1'_2	191.037	271.826	184.001	0.5647058823529412	0.5647058823529412	0.5647058823529412
A	N9_2	190.523	272.886	184.873	0.18823529411764706	0.3137254901960784	0.9725490196078431
A	C8_2	190.935	273.231	186.142	0.5647058823529412	0.5647058823529412	0.5647058823529412
A	N7_2	190.276	274.247	186.655	0.18823529411764706	0.3137254901960784	0.9725490196078431
A	C5_2	189.365	274.592	185.662	0.5647058823529412	0.5647058823529412	0.5647058823529412
A	C6_2	188.379	275.603	185.587	0.5647058823529412	0.5647058823529412	0.5647058823529412
A	N6_2	188.134	276.48	186.567	0.18823529411764706	0.3137254901960784	0.9725490196078431
A	N1_2	187.646	275.68	184.454	0.18823529411764706	0.3137254901960784	0.9725490196078431
A	C2_2	187.89	274.8	183.471	0.5647058823529412	0.5647058823529412	0.5647058823529412
A	N3_2	188.788	273.812	183.421	0.18823529411764706	0.3137254901960784	0.9725490196078431
A	C4_2	189.503	273.761	184.56	0.5647058823529412	0.5647058823529412	0.5647058823529412
