G	P_1	209.286	307.685	168.551	1.0	0.5019607843137255	0.0
G	OP1_1	210.115	308.915	168.393	1.0	0.050980392156862744	0.050980392156862744
G	OP2_1	207.843	307.722	168.184	1.0	0.050980392156862744	0.050980392156862744
G	O5'_1	209.977	306.503	167.729	1.0	0.050980392156862744	0.050980392156862744
G	C5'_1	211.384	306.223	167.876	0.5647058823529412	0.5647058823529412	0.5647058823529412
G	C4'_1	211.736	304.915	167.205	0.5647058823529412	0.5647058823529412	0.5647058823529412
G	O4'_1	211.017	303.827	167.849	1.0	0.050980392156862744	0.050980392156862744
G	C3'_1	211.351	304.773	165.742	0.5647058823529412	0.5647058823529412	0.5647058823529412
G	O3'_1	212.261	305.418	164.855	1.0	0.050980392156862744	0.050980392156862744
G	C2'_1	211.35	303.26	165.568	0.5647058823529412	0.5647058823529412	0.5647058823529412
G	O2'_1	212.648	302.709	165.445	1.0	0.050980392156862744	0.050980392156862744
G	C1'_1	210.733	302.813	166.894	0.5647058823529412	0.5647058823529412	0.5647058823529412
G	N9_1	209.286	302.648	166.79	0.18823529411764706	0.3137254901960784	0.9725490196078431
G	C8_1	208.315	303.512	167.235	0.5647058823529412	0.5647058823529412	0.5647058823529412
G	N7_1	207.104	303.1	166.977	0.18823529411764706	0.3137254901960784	0.9725490196078431
G	C5_1	207.285	301.886	166.328	0.5647058823529412	0.5647058823529412	0.5647058823529412
G	C6_1	206.332	300.974	165.805	0.5647058823529412	0.5647058823529412	0.5647058823529412
G	O6_1	205.099	301.06	165.814	1.0	0.050980392156862744	0.050980392156862744
G	N1_1	206.947	299.869	165.224	0.18823529411764706	0.3137254901960784	0.9725490196078431
G	C2_1	208.305	299.668	165.151	0.5647058823529412	0.5647058823529412	0.5647058823529412
G	N2_1	208.704	298.538	164.548	0.18823529411764706	0.3137254901960784	0.9725490196078431
G	N3_1	209.204	300.512	165.634	0.18823529411764706	0.3137254901960784	0.9725490196078431
G	C4_1	208.627	301.591	166.206	0.5647058823529412	0.5647058823529412	0.5647058823529412
A	P_2	198.732	292.095	163.57	1.0	0.5019607843137255	0.0
A	OP1_2	198.193	290.709	163.698	1.0	0.050980392156862744	0.050980392156862744
A	OP2_2	198.403	293.111	164.609	1.0	0.050980392156862744	0.050980392156862744
A	O5'_2	200.318	292.008	163.444	1.0	0.050980392156862744	0.050980392156862744
A	C5'_2	200.944	291.08	162.534	0.5647058823529412	0.5647058823529412	0.5647058823529412
A	C4'_2	202.403	291.425	162.361	0.5647058823529412	0.5647058823529412	0.5647058823529412
A	O4'_2	202.522	292.688	161.648	1.0	0.050980392156862744	0.050980392156862744
A	C3'_2	203.176	291.658	163.65	0.5647058823529412	0.5647058823529412	0.5647058823529412
A	O3'_2	203.587	290.44	164.27	1.0	0.050980392156862744	0.050980392156862744
A	C2'_2	204.341	292.519	163.175	0.5647058823529412	0.5647058823529412	0.5647058823529412
A	O2'_2	205.378	291.779	162.554	1.0	0.050980392156862744	0.050980392156862744
A	C1'_2	203.647	293.409	162.138	0.5647058823529412	0.5647058823529412	0.5647058823529412
A	N9_2	203.179	294.674	162.711	0.18823529411764706	0.3137254901960784	0.9725490196078431
A	C8_2	201.892	295.041	163.036	0.5647058823529412	0.5647058823529412	0.5647058823529412
A	N7_2	201.803	296.239	163.563	0.18823529411764706	0.3137254901960784	0.9725490196078431
A	C5_2	203.115	296.693	163.583	0.5647058823529412	0.5647058823529412	0.5647058823529412
A	C6_2	203.691	297.895	164.029	0.5647058823529412	0.5647058823529412	0.5647058823529412
A	N6_2	202.989	298.896	164.57	0.18823529411764706	0.3137254901960784	0.9725490196078431
A	N1_2	205.029	298.036	163.901	0.18823529411764706	0.3137254901960784	0.9725490196078431
A	C2_2	205.731	297.028	163.365	0.5647058823529412	0.5647058823529412	0.5647058823529412
A	N3_2	205.304	295.851	162.914	0.18823529411764706	0.3137254901960784	0.9725490196078431
A	C4_2	203.97	295.745	163.052	0.5647058823529412	0.5647058823529412	0.5647058823529412
