A	P_1	260.814	165.335	138.921	1.0	0.5019607843137255	0.0
A	OP1_1	261.02	164.051	138.203	1.0	0.050980392156862744	0.050980392156862744
A	OP2_1	261.173	165.44	140.362	1.0	0.050980392156862744	0.050980392156862744
A	O5'_1	261.62	166.464	138.139	1.0	0.050980392156862744	0.050980392156862744
A	C5'_1	261.303	166.787	136.773	0.5647058823529412	0.5647058823529412	0.5647058823529412
A	C4'_1	261.297	168.287	136.579	0.5647058823529412	0.5647058823529412	0.5647058823529412
A	O4'_1	260.266	168.877	137.416	1.0	0.050980392156862744	0.050980392156862744
A	C3'_1	262.561	169.026	136.994	0.5647058823529412	0.5647058823529412	0.5647058823529412
A	O3'_1	263.578	168.963	135.995	1.0	0.050980392156862744	0.050980392156862744
A	C2'_1	262.046	170.445	137.2	0.5647058823529412	0.5647058823529412	0.5647058823529412
A	O2'_1	261.872	171.166	135.996	1.0	0.050980392156862744	0.050980392156862744
A	C1'_1	260.676	170.175	137.825	0.5647058823529412	0.5647058823529412	0.5647058823529412
A	N9_1	260.723	170.222	139.285	0.18823529411764706	0.3137254901960784	0.9725490196078431
A	C8_1	260.881	169.185	140.174	0.5647058823529412	0.5647058823529412	0.5647058823529412
A	N7_1	260.903	169.568	141.429	0.18823529411764706	0.3137254901960784	0.9725490196078431
A	C5_1	260.745	170.946	141.361	0.5647058823529412	0.5647058823529412	0.5647058823529412
A	C6_1	260.687	171.938	142.351	0.5647058823529412	0.5647058823529412	0.5647058823529412
A	N6_1	260.792	171.678	143.654	0.18823529411764706	0.3137254901960784	0.9725490196078431
A	N1_1	260.517	173.217	141.954	0.18823529411764706	0.3137254901960784	0.9725490196078431
A	C2_1	260.419	173.47	140.644	0.5647058823529412	0.5647058823529412	0.5647058823529412
A	N3_1	260.462	172.626	139.617	0.18823529411764706	0.3137254901960784	0.9725490196078431
A	C4_1	260.629	171.363	140.049	0.5647058823529412	0.5647058823529412	0.5647058823529412
G	P_2	260.277	173.236	152.452	1.0	0.5019607843137255	0.0
G	OP1_2	259.705	174.474	153.059	1.0	0.050980392156862744	0.050980392156862744
G	OP2_2	259.953	171.909	153.048	1.0	0.050980392156862744	0.050980392156862744
G	O5'_2	259.845	173.211	150.919	1.0	0.050980392156862744	0.050980392156862744
G	C5'_2	260.253	174.265	150.03	0.5647058823529412	0.5647058823529412	0.5647058823529412
G	C4'_2	260.244	173.775	148.604	0.5647058823529412	0.5647058823529412	0.5647058823529412
G	O4'_2	261.107	172.611	148.487	1.0	0.050980392156862744	0.050980392156862744
G	C3'_2	258.902	173.294	148.075	0.5647058823529412	0.5647058823529412	0.5647058823529412
G	O3'_2	258.141	174.411	147.611	1.0	0.050980392156862744	0.050980392156862744
G	C2'_2	259.324	172.385	146.921	0.5647058823529412	0.5647058823529412	0.5647058823529412
G	O2'_2	259.658	173.114	145.755	1.0	0.050980392156862744	0.050980392156862744
G	C1'_2	260.61	171.755	147.471	0.5647058823529412	0.5647058823529412	0.5647058823529412
G	N9_2	260.47	170.405	148.014	0.18823529411764706	0.3137254901960784	0.9725490196078431
G	C8_2	260.293	170.054	149.334	0.5647058823529412	0.5647058823529412	0.5647058823529412
G	N7_2	260.231	168.762	149.518	0.18823529411764706	0.3137254901960784	0.9725490196078431
G	C5_2	260.368	168.223	148.244	0.5647058823529412	0.5647058823529412	0.5647058823529412
G	C6_2	260.383	166.864	147.816	0.5647058823529412	0.5647058823529412	0.5647058823529412
G	O6_2	260.274	165.839	148.503	1.0	0.050980392156862744	0.050980392156862744
G	N1_2	260.544	166.761	146.437	0.18823529411764706	0.3137254901960784	0.9725490196078431
G	C2_2	260.675	167.824	145.574	0.5647058823529412	0.5647058823529412	0.5647058823529412
G	N2_2	260.829	167.515	144.273	0.18823529411764706	0.3137254901960784	0.9725490196078431
G	N3_2	260.66	169.1	145.96	0.18823529411764706	0.3137254901960784	0.9725490196078431
G	C4_2	260.507	169.222	147.301	0.5647058823529412	0.5647058823529412	0.5647058823529412
