A	P_1	252.623	201.15	175.58	1.0	0.5019607843137255	0.0
A	OP1_1	251.855	202.206	174.847	1.0	0.050980392156862744	0.050980392156862744
A	OP2_1	254.047	201.391	175.945	1.0	0.050980392156862744	0.050980392156862744
A	O5'_1	251.836	200.748	176.913	1.0	0.050980392156862744	0.050980392156862744
A	C5'_1	250.387	200.769	176.966	0.5647058823529412	0.5647058823529412	0.5647058823529412
A	C4'_1	249.893	200.345	178.339	0.5647058823529412	0.5647058823529412	0.5647058823529412
A	O4'_1	250.301	198.971	178.608	1.0	0.050980392156862744	0.050980392156862744
A	C3'_1	250.404	201.123	179.551	0.5647058823529412	0.5647058823529412	0.5647058823529412
A	O3'_1	249.699	202.356	179.756	1.0	0.050980392156862744	0.050980392156862744
A	C2'_1	250.163	200.127	180.688	0.5647058823529412	0.5647058823529412	0.5647058823529412
A	O2'_1	248.814	200.076	181.121	1.0	0.050980392156862744	0.050980392156862744
A	C1'_1	250.512	198.797	180.007	0.5647058823529412	0.5647058823529412	0.5647058823529412
A	N9_1	251.908	198.413	180.222	0.18823529411764706	0.3137254901960784	0.9725490196078431
A	C8_1	252.944	198.479	179.321	0.5647058823529412	0.5647058823529412	0.5647058823529412
A	N7_1	254.099	198.099	179.815	0.18823529411764706	0.3137254901960784	0.9725490196078431
A	C5_1	253.805	197.757	181.126	0.5647058823529412	0.5647058823529412	0.5647058823529412
A	C6_1	254.609	197.287	182.179	0.5647058823529412	0.5647058823529412	0.5647058823529412
A	N6_1	255.924	197.105	182.072	0.18823529411764706	0.3137254901960784	0.9725490196078431
A	N1_1	254.01	197.017	183.361	0.18823529411764706	0.3137254901960784	0.9725490196078431
A	C2_1	252.689	197.224	183.466	0.5647058823529412	0.5647058823529412	0.5647058823529412
A	N3_1	251.827	197.679	182.551	0.18823529411764706	0.3137254901960784	0.9725490196078431
A	C4_1	252.457	197.929	181.388	0.5647058823529412	0.5647058823529412	0.5647058823529412
G	P_2	264.438	194.321	183.899	1.0	0.5019607843137255	0.0
G	OP1_2	264.873	193.201	184.785	1.0	0.050980392156862744	0.050980392156862744
G	OP2_2	264.951	194.394	182.504	1.0	0.050980392156862744	0.050980392156862744
G	O5'_2	262.842	194.323	183.843	1.0	0.050980392156862744	0.050980392156862744
G	C5'_2	262.043	194.331	185.053	0.5647058823529412	0.5647058823529412	0.5647058823529412
G	C4'_2	260.601	194.653	184.722	0.5647058823529412	0.5647058823529412	0.5647058823529412
G	O4'_2	260.504	196.013	184.224	1.0	0.050980392156862744	0.050980392156862744
G	C3'_2	259.979	193.797	183.628	0.5647058823529412	0.5647058823529412	0.5647058823529412
G	O3'_2	259.496	192.56	184.151	1.0	0.050980392156862744	0.050980392156862744
G	C2'_2	258.878	194.7	183.088	0.5647058823529412	0.5647058823529412	0.5647058823529412
G	O2'_2	257.719	194.701	183.898	1.0	0.050980392156862744	0.050980392156862744
G	C1'_2	259.556	196.071	183.166	0.5647058823529412	0.5647058823529412	0.5647058823529412
G	N9_2	260.273	196.427	181.943	0.18823529411764706	0.3137254901960784	0.9725490196078431
G	C8_2	261.63	196.333	181.733	0.5647058823529412	0.5647058823529412	0.5647058823529412
G	N7_2	261.994	196.714	180.539	0.18823529411764706	0.3137254901960784	0.9725490196078431
G	C5_2	260.809	197.087	179.919	0.5647058823529412	0.5647058823529412	0.5647058823529412
G	C6_2	260.579	197.584	178.612	0.5647058823529412	0.5647058823529412	0.5647058823529412
G	O6_2	261.404	197.804	177.714	1.0	0.050980392156862744	0.050980392156862744
G	N1_2	259.228	197.833	178.39	0.18823529411764706	0.3137254901960784	0.9725490196078431
G	C2_2	258.228	197.637	179.312	0.5647058823529412	0.5647058823529412	0.5647058823529412
G	N2_2	256.983	197.952	178.915	0.18823529411764706	0.3137254901960784	0.9725490196078431
G	N3_2	258.43	197.171	180.537	0.18823529411764706	0.3137254901960784	0.9725490196078431
G	C4_2	259.735	196.918	180.771	0.5647058823529412	0.5647058823529412	0.5647058823529412
