G	P_1	211.195	247.555	210.584	1.0	0.5019607843137255	0.0
G	OP1_1	209.982	248.34	210.956	1.0	0.050980392156862744	0.050980392156862744
G	OP2_1	211.931	246.799	211.635	1.0	0.050980392156862744	0.050980392156862744
G	O5'_1	210.787	246.53	209.435	1.0	0.050980392156862744	0.050980392156862744
G	C5'_1	210.103	246.978	208.246	0.5647058823529412	0.5647058823529412	0.5647058823529412
G	C4'_1	210.069	245.867	207.218	0.5647058823529412	0.5647058823529412	0.5647058823529412
G	O4'_1	211.425	245.526	206.82	1.0	0.050980392156862744	0.050980392156862744
G	C3'_1	209.467	244.551	207.696	0.5647058823529412	0.5647058823529412	0.5647058823529412
G	O3'_1	208.043	244.578	207.585	1.0	0.050980392156862744	0.050980392156862744
G	C2'_1	210.117	243.534	206.763	0.5647058823529412	0.5647058823529412	0.5647058823529412
G	O2'_1	209.503	243.489	205.487	1.0	0.050980392156862744	0.050980392156862744
G	C1'_1	211.527	244.122	206.618	0.5647058823529412	0.5647058823529412	0.5647058823529412
G	N9_1	212.499	243.601	207.579	0.18823529411764706	0.3137254901960784	0.9725490196078431
G	C8_1	212.896	244.192	208.761	0.5647058823529412	0.5647058823529412	0.5647058823529412
G	N7_1	213.794	243.497	209.408	0.18823529411764706	0.3137254901960784	0.9725490196078431
G	C5_1	214.002	242.377	208.613	0.5647058823529412	0.5647058823529412	0.5647058823529412
G	C6_1	214.862	241.266	208.805	0.5647058823529412	0.5647058823529412	0.5647058823529412
G	O6_1	215.628	241.04	209.752	1.0	0.050980392156862744	0.050980392156862744
G	N1_1	214.767	240.356	207.751	0.18823529411764706	0.3137254901960784	0.9725490196078431
G	C2_1	213.943	240.498	206.654	0.5647058823529412	0.5647058823529412	0.5647058823529412
G	N2_1	213.999	239.512	205.733	0.18823529411764706	0.3137254901960784	0.9725490196078431
G	N3_1	213.125	241.53	206.471	0.18823529411764706	0.3137254901960784	0.9725490196078431
G	C4_1	213.209	242.424	207.48	0.5647058823529412	0.5647058823529412	0.5647058823529412
A	P_2	215.423	234.645	203.327	1.0	0.5019607843137255	0.0
A	OP1_2	216.612	233.988	202.728	1.0	0.050980392156862744	0.050980392156862744
A	OP2_2	215.595	235.881	204.138	1.0	0.050980392156862744	0.050980392156862744
A	O5'_2	214.39	234.957	202.156	1.0	0.050980392156862744	0.050980392156862744
A	C5'_2	213.798	233.888	201.398	0.5647058823529412	0.5647058823529412	0.5647058823529412
A	C4'_2	212.553	234.373	200.694	0.5647058823529412	0.5647058823529412	0.5647058823529412
A	O4'_2	211.598	234.865	201.678	1.0	0.050980392156862744	0.050980392156862744
A	C3'_2	212.76	235.556	199.766	0.5647058823529412	0.5647058823529412	0.5647058823529412
A	O3'_2	213.271	235.144	198.498	1.0	0.050980392156862744	0.050980392156862744
A	C2'_2	211.366	236.172	199.708	0.5647058823529412	0.5647058823529412	0.5647058823529412
A	O2'_2	210.47	235.49	198.851	1.0	0.050980392156862744	0.050980392156862744
A	C1'_2	210.909	235.997	201.158	0.5647058823529412	0.5647058823529412	0.5647058823529412
A	N9_2	211.222	237.154	202.002	0.18823529411764706	0.3137254901960784	0.9725490196078431
A	C8_2	212.34	237.363	202.782	0.5647058823529412	0.5647058823529412	0.5647058823529412
A	N7_2	212.337	238.514	203.413	0.18823529411764706	0.3137254901960784	0.9725490196078431
A	C5_2	211.136	239.099	203.032	0.5647058823529412	0.5647058823529412	0.5647058823529412
A	C6_2	210.543	240.332	203.354	0.5647058823529412	0.5647058823529412	0.5647058823529412
A	N6_2	211.11	241.237	204.161	0.18823529411764706	0.3137254901960784	0.9725490196078431
A	N1_2	209.336	240.612	202.809	0.18823529411764706	0.3137254901960784	0.9725490196078431
A	C2_2	208.776	239.709	201.994	0.5647058823529412	0.5647058823529412	0.5647058823529412
A	N3_2	209.239	238.521	201.606	0.18823529411764706	0.3137254901960784	0.9725490196078431
A	C4_2	210.438	238.273	202.167	0.5647058823529412	0.5647058823529412	0.5647058823529412
