A	P_1	194.828	160.892	113.242	1.0	0.5019607843137255	0.0
A	OP1_1	194.946	159.68	112.383	1.0	0.050980392156862744	0.050980392156862744
A	OP2_1	194.972	162.241	112.63	1.0	0.050980392156862744	0.050980392156862744
A	O5'_1	193.425	160.833	113.996	1.0	0.050980392156862744	0.050980392156862744
A	C5'_1	193.014	159.644	114.703	0.5647058823529412	0.5647058823529412	0.5647058823529412
A	C4'_1	191.791	159.928	115.543	0.5647058823529412	0.5647058823529412	0.5647058823529412
A	O4'_1	192.133	160.868	116.599	1.0	0.050980392156862744	0.050980392156862744
A	C3'_1	190.634	160.599	114.821	0.5647058823529412	0.5647058823529412	0.5647058823529412
A	O3'_1	189.85	159.686	114.058	1.0	0.050980392156862744	0.050980392156862744
A	C2'_1	189.872	161.24	115.974	0.5647058823529412	0.5647058823529412	0.5647058823529412
A	O2'_1	189.091	160.323	116.713	1.0	0.050980392156862744	0.050980392156862744
A	C1'_1	191.028	161.729	116.847	0.5647058823529412	0.5647058823529412	0.5647058823529412
A	N9_1	191.42	163.095	116.5	0.18823529411764706	0.3137254901960784	0.9725490196078431
A	C8_1	192.463	163.5	115.699	0.5647058823529412	0.5647058823529412	0.5647058823529412
A	N7_1	192.555	164.801	115.57	0.18823529411764706	0.3137254901960784	0.9725490196078431
A	C5_1	191.506	165.286	116.338	0.5647058823529412	0.5647058823529412	0.5647058823529412
A	C6_1	191.062	166.588	116.61	0.5647058823529412	0.5647058823529412	0.5647058823529412
A	N6_1	191.642	167.683	116.109	0.18823529411764706	0.3137254901960784	0.9725490196078431
A	N1_1	189.988	166.732	117.418	0.18823529411764706	0.3137254901960784	0.9725490196078431
A	C2_1	189.402	165.631	117.907	0.5647058823529412	0.5647058823529412	0.5647058823529412
A	N3_1	189.722	164.352	117.717	0.18823529411764706	0.3137254901960784	0.9725490196078431
A	C4_1	190.797	164.247	116.916	0.5647058823529412	0.5647058823529412	0.5647058823529412
G	P_2	185.185	177.579	121.679	1.0	0.5019607843137255	0.0
G	OP1_2	184.707	178.478	122.769	1.0	0.050980392156862744	0.050980392156862744
G	OP2_2	186.634	177.561	121.321	1.0	0.050980392156862744	0.050980392156862744
G	O5'_2	184.717	176.092	122.019	1.0	0.050980392156862744	0.050980392156862744
G	C5'_2	185.596	175.157	122.682	0.5647058823529412	0.5647058823529412	0.5647058823529412
G	C4'_2	185.054	173.751	122.541	0.5647058823529412	0.5647058823529412	0.5647058823529412
G	O4'_2	184.94	173.418	121.129	1.0	0.050980392156862744	0.050980392156862744
G	C3'_2	185.922	172.639	123.107	0.5647058823529412	0.5647058823529412	0.5647058823529412
G	O3'_2	185.756	172.485	124.514	1.0	0.050980392156862744	0.050980392156862744
G	C2'_2	185.435	171.426	122.326	0.5647058823529412	0.5647058823529412	0.5647058823529412
G	O2'_2	184.215	170.899	122.809	1.0	0.050980392156862744	0.050980392156862744
G	C1'_2	185.217	172.037	120.94	0.5647058823529412	0.5647058823529412	0.5647058823529412
G	N9_2	186.403	171.906	120.094	0.18823529411764706	0.3137254901960784	0.9725490196078431
G	C8_2	187.203	172.916	119.603	0.5647058823529412	0.5647058823529412	0.5647058823529412
G	N7_2	188.209	172.476	118.897	0.18823529411764706	0.3137254901960784	0.9725490196078431
G	C5_2	188.065	171.096	118.916	0.5647058823529412	0.5647058823529412	0.5647058823529412
G	C6_2	188.859	170.088	118.326	0.5647058823529412	0.5647058823529412	0.5647058823529412
G	O6_2	189.885	170.217	117.647	1.0	0.050980392156862744	0.050980392156862744
G	N1_2	188.354	168.817	118.59	0.18823529411764706	0.3137254901960784	0.9725490196078431
G	C2_2	187.227	168.55	119.33	0.5647058823529412	0.5647058823529412	0.5647058823529412
G	N2_2	186.895	167.256	119.473	0.18823529411764706	0.3137254901960784	0.9725490196078431
G	N3_2	186.476	169.486	119.889	0.18823529411764706	0.3137254901960784	0.9725490196078431
G	C4_2	186.951	170.728	119.643	0.5647058823529412	0.5647058823529412	0.5647058823529412
