G	P_1	164.431	229.193	210.659	1.0	0.5019607843137255	0.0
G	OP1_1	164.774	227.74	210.656	1.0	0.050980392156862744	0.050980392156862744
G	OP2_1	164.685	230.006	211.882	1.0	0.050980392156862744	0.050980392156862744
G	O5'_1	165.186	229.891	209.438	1.0	0.050980392156862744	0.050980392156862744
G	C5'_1	165.247	229.257	208.146	0.5647058823529412	0.5647058823529412	0.5647058823529412
G	C4'_1	166.171	230.024	207.23	0.5647058823529412	0.5647058823529412	0.5647058823529412
G	O4'_1	165.629	231.352	206.984	1.0	0.050980392156862744	0.050980392156862744
G	C3'_1	167.572	230.283	207.763	0.5647058823529412	0.5647058823529412	0.5647058823529412
G	O3'_1	168.416	229.151	207.541	1.0	0.050980392156862744	0.050980392156862744
G	C2'_1	168.011	231.499	206.951	0.5647058823529412	0.5647058823529412	0.5647058823529412
G	O2'_1	168.478	231.15	205.661	1.0	0.050980392156862744	0.050980392156862744
G	C1'_1	166.695	232.28	206.822	0.5647058823529412	0.5647058823529412	0.5647058823529412
G	N9_1	166.53	233.355	207.8	0.18823529411764706	0.3137254901960784	0.9725490196078431
G	C8_1	165.901	233.262	209.024	0.5647058823529412	0.5647058823529412	0.5647058823529412
G	N7_1	165.9	234.389	209.691	0.18823529411764706	0.3137254901960784	0.9725490196078431
G	C5_1	166.568	235.286	208.861	0.5647058823529412	0.5647058823529412	0.5647058823529412
G	C6_1	166.875	236.671	209.054	0.5647058823529412	0.5647058823529412	0.5647058823529412
G	O6_1	166.607	237.396	210.03	1.0	0.050980392156862744	0.050980392156862744
G	N1_1	167.567	237.199	207.963	0.18823529411764706	0.3137254901960784	0.9725490196078431
G	C2_1	167.923	236.493	206.837	0.5647058823529412	0.5647058823529412	0.5647058823529412
G	N2_1	168.601	237.189	205.905	0.18823529411764706	0.3137254901960784	0.9725490196078431
G	N3_1	167.642	235.204	206.641	0.18823529411764706	0.3137254901960784	0.9725490196078431
G	C4_1	166.968	234.667	207.687	0.5647058823529412	0.5647058823529412	0.5647058823529412
A	P_2	169.923	241.615	202.33	1.0	0.5019607843137255	0.0
A	OP1_2	169.807	242.958	201.7	1.0	0.050980392156862744	0.050980392156862744
A	OP2_2	168.952	241.215	203.384	1.0	0.050980392156862744	0.050980392156862744
A	O5'_2	169.882	240.522	201.169	1.0	0.050980392156862744	0.050980392156862744
A	C5'_2	170.805	240.584	200.061	0.5647058823529412	0.5647058823529412	0.5647058823529412
A	C4'_2	170.857	239.254	199.341	0.5647058823529412	0.5647058823529412	0.5647058823529412
A	O4'_2	171.373	238.226	200.232	1.0	0.050980392156862744	0.050980392156862744
A	C3'_2	169.524	238.692	198.871	0.5647058823529412	0.5647058823529412	0.5647058823529412
A	O3'_2	169.128	239.287	197.641	1.0	0.050980392156862744	0.050980392156862744
A	C2'_2	169.838	237.206	198.719	0.5647058823529412	0.5647058823529412	0.5647058823529412
A	O2'_2	170.531	236.9	197.525	1.0	0.050980392156862744	0.050980392156862744
A	C1'_2	170.781	236.976	199.904	0.5647058823529412	0.5647058823529412	0.5647058823529412
A	N9_2	170.114	236.447	201.096	0.18823529411764706	0.3137254901960784	0.9725490196078431
A	C8_2	169.756	237.125	202.242	0.5647058823529412	0.5647058823529412	0.5647058823529412
A	N7_2	169.171	236.369	203.145	0.18823529411764706	0.3137254901960784	0.9725490196078431
A	C5_2	169.136	235.109	202.556	0.5647058823529412	0.5647058823529412	0.5647058823529412
A	C6_2	168.638	233.866	203.003	0.5647058823529412	0.5647058823529412	0.5647058823529412
A	N6_2	168.051	233.691	204.189	0.18823529411764706	0.3137254901960784	0.9725490196078431
A	N1_2	168.765	232.802	202.176	0.18823529411764706	0.3137254901960784	0.9725490196078431
A	C2_2	169.349	232.985	200.981	0.5647058823529412	0.5647058823529412	0.5647058823529412
A	N3_2	169.855	234.102	200.447	0.18823529411764706	0.3137254901960784	0.9725490196078431
A	C4_2	169.716	235.141	201.294	0.5647058823529412	0.5647058823529412	0.5647058823529412
