G	P_1	131.447	244.412	234.124	1.0	0.5019607843137255	0.0
G	OP1_1	132.509	244.871	235.065	1.0	0.050980392156862744	0.050980392156862744
G	OP2_1	130.492	245.402	233.56	1.0	0.050980392156862744	0.050980392156862744
G	O5'_1	132.143	243.65	232.909	1.0	0.050980392156862744	0.050980392156862744
G	C5'_1	133.257	242.762	233.134	0.5647058823529412	0.5647058823529412	0.5647058823529412
G	C4'_1	133.687	242.111	231.836	0.5647058823529412	0.5647058823529412	0.5647058823529412
G	O4'_1	132.634	241.232	231.354	1.0	0.050980392156862744	0.050980392156862744
G	C3'_1	133.953	243.039	230.658	0.5647058823529412	0.5647058823529412	0.5647058823529412
G	O3'_1	135.24	243.653	230.726	1.0	0.050980392156862744	0.050980392156862744
G	C2'_1	133.816	242.088	229.475	0.5647058823529412	0.5647058823529412	0.5647058823529412
G	O2'_1	134.959	241.281	229.271	1.0	0.050980392156862744	0.050980392156862744
G	C1'_1	132.648	241.209	229.932	0.5647058823529412	0.5647058823529412	0.5647058823529412
G	N9_1	131.368	241.71	229.44	0.18823529411764706	0.3137254901960784	0.9725490196078431
G	C8_1	130.483	242.536	230.102	0.5647058823529412	0.5647058823529412	0.5647058823529412
G	N7_1	129.447	242.864	229.378	0.18823529411764706	0.3137254901960784	0.9725490196078431
G	C5_1	129.648	242.206	228.169	0.5647058823529412	0.5647058823529412	0.5647058823529412
G	C6_1	128.86	242.196	226.982	0.5647058823529412	0.5647058823529412	0.5647058823529412
G	O6_1	127.803	242.798	226.755	1.0	0.050980392156862744	0.050980392156862744
G	N1_1	129.427	241.387	225.996	0.18823529411764706	0.3137254901960784	0.9725490196078431
G	C2_1	130.6	240.683	226.13	0.5647058823529412	0.5647058823529412	0.5647058823529412
G	N2_1	130.97	239.946	225.074	0.18823529411764706	0.3137254901960784	0.9725490196078431
G	N3_1	131.354	240.697	227.224	0.18823529411764706	0.3137254901960784	0.9725490196078431
G	C4_1	130.821	241.473	228.197	0.5647058823529412	0.5647058823529412	0.5647058823529412
A	P_2	130.356	241.089	221.305	1.0	0.5019607843137255	0.0
A	OP1_2	129.308	241.466	220.309	1.0	0.050980392156862744	0.050980392156862744
A	OP2_2	129.967	240.872	222.726	1.0	0.050980392156862744	0.050980392156862744
A	O5'_2	131.065	239.765	220.766	1.0	0.050980392156862744	0.050980392156862744
A	C5'_2	131.331	239.592	219.351	0.5647058823529412	0.5647058823529412	0.5647058823529412
A	C4'_2	132.162	238.347	219.118	0.5647058823529412	0.5647058823529412	0.5647058823529412
A	O4'_2	133.432	238.478	219.813	1.0	0.050980392156862744	0.050980392156862744
A	C3'_2	131.55	237.066	219.66	0.5647058823529412	0.5647058823529412	0.5647058823529412
A	O3'_2	130.625	236.517	218.721	1.0	0.050980392156862744	0.050980392156862744
A	C2'_2	132.777	236.191	219.907	0.5647058823529412	0.5647058823529412	0.5647058823529412
A	O2'_2	133.273	235.555	218.743	1.0	0.050980392156862744	0.050980392156862744
A	C1'_2	133.799	237.232	220.379	0.5647058823529412	0.5647058823529412	0.5647058823529412
A	N9_2	133.86	237.406	221.829	0.18823529411764706	0.3137254901960784	0.9725490196078431
A	C8_2	132.896	237.942	222.652	0.5647058823529412	0.5647058823529412	0.5647058823529412
A	N7_2	133.248	237.99	223.917	0.18823529411764706	0.3137254901960784	0.9725490196078431
A	C5_2	134.529	237.443	223.93	0.5647058823529412	0.5647058823529412	0.5647058823529412
A	C6_2	135.458	237.21	224.974	0.5647058823529412	0.5647058823529412	0.5647058823529412
A	N6_2	135.228	237.525	226.254	0.18823529411764706	0.3137254901960784	0.9725490196078431
A	N1_2	136.643	236.64	224.646	0.18823529411764706	0.3137254901960784	0.9725490196078431
A	C2_2	136.872	236.334	223.36	0.5647058823529412	0.5647058823529412	0.5647058823529412
A	N3_2	136.087	236.512	222.294	0.18823529411764706	0.3137254901960784	0.9725490196078431
A	C4_2	134.917	237.076	222.649	0.5647058823529412	0.5647058823529412	0.5647058823529412
