G	P_1	72.756	186.13	208.529	1.0	0.5019607843137255	0.0
G	OP1_1	73.592	185.242	207.669	1.0	0.050980392156862744	0.050980392156862744
G	OP2_1	71.424	185.654	208.994	1.0	0.050980392156862744	0.050980392156862744
G	O5'_1	73.607	186.512	209.82	1.0	0.050980392156862744	0.050980392156862744
G	C5'_1	75.017	186.799	209.731	0.5647058823529412	0.5647058823529412	0.5647058823529412
G	C4'_1	75.504	187.405	211.026	0.5647058823529412	0.5647058823529412	0.5647058823529412
G	O4'_1	74.83	188.673	211.247	1.0	0.050980392156862744	0.050980392156862744
G	C3'_1	75.201	186.593	212.276	0.5647058823529412	0.5647058823529412	0.5647058823529412
G	O3'_1	76.193	185.592	212.49	1.0	0.050980392156862744	0.050980392156862744
G	C2'_1	75.199	187.656	213.369	0.5647058823529412	0.5647058823529412	0.5647058823529412
G	O2'_1	76.498	188.004	213.803	1.0	0.050980392156862744	0.050980392156862744
G	C1'_1	74.582	188.85	212.634	0.5647058823529412	0.5647058823529412	0.5647058823529412
G	N9_1	73.142	189.008	212.831	0.18823529411764706	0.3137254901960784	0.9725490196078431
G	C8_1	72.174	189.044	211.852	0.5647058823529412	0.5647058823529412	0.5647058823529412
G	N7_1	70.967	189.194	212.325	0.18823529411764706	0.3137254901960784	0.9725490196078431
G	C5_1	71.142	189.263	213.701	0.5647058823529412	0.5647058823529412	0.5647058823529412
G	C6_1	70.188	189.42	214.737	0.5647058823529412	0.5647058823529412	0.5647058823529412
G	O6_1	68.958	189.527	214.638	1.0	0.050980392156862744	0.050980392156862744
G	N1_1	70.794	189.446	215.992	0.18823529411764706	0.3137254901960784	0.9725490196078431
G	C2_1	72.145	189.333	216.22	0.5647058823529412	0.5647058823529412	0.5647058823529412
G	N2_1	72.534	189.395	217.505	0.18823529411764706	0.3137254901960784	0.9725490196078431
G	N3_1	73.047	189.176	215.261	0.18823529411764706	0.3137254901960784	0.9725490196078431
G	C4_1	72.479	189.152	214.033	0.5647058823529412	0.5647058823529412	0.5647058823529412
A	P_2	61.774	189.956	223.881	1.0	0.5019607843137255	0.0
A	OP1_2	61.17	190.457	225.151	1.0	0.050980392156862744	0.050980392156862744
A	OP2_2	61.282	190.488	222.577	1.0	0.050980392156862744	0.050980392156862744
A	O5'_2	63.349	190.192	223.97	1.0	0.050980392156862744	0.050980392156862744
A	C5'_2	64.116	189.626	225.053	0.5647058823529412	0.5647058823529412	0.5647058823529412
A	C4'_2	65.562	190.063	224.971	0.5647058823529412	0.5647058823529412	0.5647058823529412
A	O4'_2	66.154	189.541	223.748	1.0	0.050980392156862744	0.050980392156862744
A	C3'_2	65.831	191.567	224.969	0.5647058823529412	0.5647058823529412	0.5647058823529412
A	O3'_2	67.042	191.822	225.686	1.0	0.050980392156862744	0.050980392156862744
A	C2'_2	66.005	191.872	223.48	0.5647058823529412	0.5647058823529412	0.5647058823529412
A	O2'_2	66.795	193.021	223.235	1.0	0.050980392156862744	0.050980392156862744
A	C1'_2	66.71	190.604	222.994	0.5647058823529412	0.5647058823529412	0.5647058823529412
A	N9_2	66.533	190.298	221.571	0.18823529411764706	0.3137254901960784	0.9725490196078431
A	C8_2	65.359	190.105	220.884	0.5647058823529412	0.5647058823529412	0.5647058823529412
A	N7_2	65.528	189.827	219.614	0.18823529411764706	0.3137254901960784	0.9725490196078431
A	C5_2	66.906	189.842	219.448	0.5647058823529412	0.5647058823529412	0.5647058823529412
A	C6_2	67.729	189.621	218.325	0.5647058823529412	0.5647058823529412	0.5647058823529412
A	N6_2	67.259	189.329	217.11	0.18823529411764706	0.3137254901960784	0.9725490196078431
A	N1_2	69.067	189.711	218.498	0.18823529411764706	0.3137254901960784	0.9725490196078431
A	C2_2	69.535	190.004	219.716	0.5647058823529412	0.5647058823529412	0.5647058823529412
A	N3_2	68.867	190.231	220.847	0.18823529411764706	0.3137254901960784	0.9725490196078431
A	C4_2	67.539	190.134	220.644	0.5647058823529412	0.5647058823529412	0.5647058823529412
