G	P_1	173.071	201.244	146.34	1.0	0.5019607843137255	0.0
G	OP1_1	172.295	202.319	147.026	1.0	0.050980392156862744	0.050980392156862744
G	OP2_1	172.419	200.435	145.277	1.0	0.050980392156862744	0.050980392156862744
G	O5'_1	174.395	201.894	145.728	1.0	0.050980392156862744	0.050980392156862744
G	C5'_1	175.15	202.894	146.452	0.5647058823529412	0.5647058823529412	0.5647058823529412
G	C4'_1	176.363	203.323	145.648	0.5647058823529412	0.5647058823529412	0.5647058823529412
G	O4'_1	177.237	202.177	145.443	1.0	0.050980392156862744	0.050980392156862744
G	C3'_1	176.089	203.851	144.242	0.5647058823529412	0.5647058823529412	0.5647058823529412
G	O3'_1	175.727	205.236	144.266	1.0	0.050980392156862744	0.050980392156862744
G	C2'_1	177.414	203.589	143.529	0.5647058823529412	0.5647058823529412	0.5647058823529412
G	O2'_1	178.403	204.559	143.813	1.0	0.050980392156862744	0.050980392156862744
G	C1'_1	177.829	202.25	144.15	0.5647058823529412	0.5647058823529412	0.5647058823529412
G	N9_1	177.4	201.08	143.381	0.18823529411764706	0.3137254901960784	0.9725490196078431
G	C8_1	176.338	200.247	143.66	0.5647058823529412	0.5647058823529412	0.5647058823529412
G	N7_1	176.2	199.279	142.793	0.18823529411764706	0.3137254901960784	0.9725490196078431
G	C5_1	177.229	199.481	141.885	0.5647058823529412	0.5647058823529412	0.5647058823529412
G	C6_1	177.579	198.751	140.722	0.5647058823529412	0.5647058823529412	0.5647058823529412
G	O6_1	177.031	197.746	140.254	1.0	0.050980392156862744	0.050980392156862744
G	N1_1	178.691	199.301	140.087	0.18823529411764706	0.3137254901960784	0.9725490196078431
G	C2_1	179.379	200.413	140.518	0.5647058823529412	0.5647058823529412	0.5647058823529412
G	N2_1	180.437	200.786	139.772	0.18823529411764706	0.3137254901960784	0.9725490196078431
G	N3_1	179.057	201.108	141.601	0.18823529411764706	0.3137254901960784	0.9725490196078431
G	C4_1	177.982	200.589	142.232	0.5647058823529412	0.5647058823529412	0.5647058823529412
A	P_2	185.629	199.039	137.233	1.0	0.5019607843137255	0.0
A	OP1_2	184.215	199.432	136.976	1.0	0.050980392156862744	0.050980392156862744
A	OP2_2	186.491	198.607	136.096	1.0	0.050980392156862744	0.050980392156862744
A	O5'_2	186.352	200.234	138.005	1.0	0.050980392156862744	0.050980392156862744
A	C5'_2	187.346	201.056	137.353	0.5647058823529412	0.5647058823529412	0.5647058823529412
A	C4'_2	187.542	202.347	138.118	0.5647058823529412	0.5647058823529412	0.5647058823529412
A	O4'_2	186.33	203.15	138.057	1.0	0.050980392156862744	0.050980392156862744
A	C3'_2	187.806	202.202	139.607	0.5647058823529412	0.5647058823529412	0.5647058823529412
A	O3'_2	189.172	201.896	139.873	1.0	0.050980392156862744	0.050980392156862744
A	C2'_2	187.415	203.576	140.136	0.5647058823529412	0.5647058823529412	0.5647058823529412
A	O2'_2	188.423	204.545	139.941	1.0	0.050980392156862744	0.050980392156862744
A	C1'_2	186.209	203.913	139.25	0.5647058823529412	0.5647058823529412	0.5647058823529412
A	N9_2	184.923	203.611	139.881	0.18823529411764706	0.3137254901960784	0.9725490196078431
A	C8_2	184.035	202.601	139.58	0.5647058823529412	0.5647058823529412	0.5647058823529412
A	N7_2	182.971	202.586	140.348	0.18823529411764706	0.3137254901960784	0.9725490196078431
A	C5_2	183.165	203.658	141.209	0.5647058823529412	0.5647058823529412	0.5647058823529412
A	C6_2	182.392	204.176	142.265	0.5647058823529412	0.5647058823529412	0.5647058823529412
A	N6_2	181.219	203.655	142.644	0.18823529411764706	0.3137254901960784	0.9725490196078431
A	N1_2	182.87	205.257	142.925	0.18823529411764706	0.3137254901960784	0.9725490196078431
A	C2_2	184.046	205.774	142.54	0.5647058823529412	0.5647058823529412	0.5647058823529412
A	N3_2	184.865	205.377	141.564	0.18823529411764706	0.3137254901960784	0.9725490196078431
A	C4_2	184.361	204.302	140.93	0.5647058823529412	0.5647058823529412	0.5647058823529412
