G	P_1	245.984	249.761	218.948	1.0	0.5019607843137255	0.0
G	OP1_1	246.16	248.457	218.247	1.0	0.050980392156862744	0.050980392156862744
G	OP2_1	246.68	250.968	218.433	1.0	0.050980392156862744	0.050980392156862744
G	O5'_1	244.425	250.076	219.021	1.0	0.050980392156862744	0.050980392156862744
G	C5'_1	243.493	249.095	219.522	0.5647058823529412	0.5647058823529412	0.5647058823529412
G	C4'_1	242.145	249.732	219.76	0.5647058823529412	0.5647058823529412	0.5647058823529412
G	O4'_1	242.233	250.697	220.847	1.0	0.050980392156862744	0.050980392156862744
G	C3'_1	241.602	250.539	218.594	0.5647058823529412	0.5647058823529412	0.5647058823529412
G	O3'_1	241.022	249.708	217.59	1.0	0.050980392156862744	0.050980392156862744
G	C2'_1	240.62	251.479	219.284	0.5647058823529412	0.5647058823529412	0.5647058823529412
G	O2'_1	239.387	250.872	219.606	1.0	0.050980392156862744	0.050980392156862744
G	C1'_1	241.378	251.801	220.575	0.5647058823529412	0.5647058823529412	0.5647058823529412
G	N9_1	242.201	253.004	220.46	0.18823529411764706	0.3137254901960784	0.9725490196078431
G	C8_1	243.481	253.084	219.959	0.5647058823529412	0.5647058823529412	0.5647058823529412
G	N7_1	243.962	254.297	219.972	0.18823529411764706	0.3137254901960784	0.9725490196078431
G	C5_1	242.943	255.068	220.518	0.5647058823529412	0.5647058823529412	0.5647058823529412
G	C6_1	242.887	256.465	220.78	0.5647058823529412	0.5647058823529412	0.5647058823529412
G	O6_1	243.756	257.325	220.58	1.0	0.050980392156862744	0.050980392156862744
G	N1_1	241.664	256.832	221.332	0.18823529411764706	0.3137254901960784	0.9725490196078431
G	C2_1	240.627	255.972	221.598	0.5647058823529412	0.5647058823529412	0.5647058823529412
G	N2_1	239.527	256.527	222.128	0.18823529411764706	0.3137254901960784	0.9725490196078431
G	N3_1	240.666	254.666	221.362	0.18823529411764706	0.3137254901960784	0.9725490196078431
G	C4_1	241.847	254.286	220.824	0.5647058823529412	0.5647058823529412	0.5647058823529412
A	P_2	237.462	260.439	224.798	1.0	0.5019607843137255	0.0
A	OP1_2	237.37	261.378	225.95	1.0	0.050980392156862744	0.050980392156862744
A	OP2_2	238.652	259.559	224.666	1.0	0.050980392156862744	0.050980392156862744
A	O5'_2	236.161	259.514	224.807	1.0	0.050980392156862744	0.050980392156862744
A	C5'_2	234.839	260.091	224.895	0.5647058823529412	0.5647058823529412	0.5647058823529412
A	C4'_2	233.78	259.018	224.742	0.5647058823529412	0.5647058823529412	0.5647058823529412
A	O4'_2	233.886	258.408	223.426	1.0	0.050980392156862744	0.050980392156862744
A	C3'_2	233.857	257.84	225.704	0.5647058823529412	0.5647058823529412	0.5647058823529412
A	O3'_2	233.263	258.137	226.969	1.0	0.050980392156862744	0.050980392156862744
A	C2'_2	233.088	256.76	224.949	0.5647058823529412	0.5647058823529412	0.5647058823529412
A	O2'_2	231.683	256.897	225.051	1.0	0.050980392156862744	0.050980392156862744
A	C1'_2	233.516	257.036	223.503	0.5647058823529412	0.5647058823529412	0.5647058823529412
A	N9_2	234.65	256.22	223.062	0.18823529411764706	0.3137254901960784	0.9725490196078431
A	C8_2	235.921	256.641	222.755	0.5647058823529412	0.5647058823529412	0.5647058823529412
A	N7_2	236.725	255.674	222.389	0.18823529411764706	0.3137254901960784	0.9725490196078431
A	C5_2	235.934	254.537	222.461	0.5647058823529412	0.5647058823529412	0.5647058823529412
A	C6_2	236.206	253.182	222.2	0.5647058823529412	0.5647058823529412	0.5647058823529412
A	N6_2	237.403	252.734	221.805	0.18823529411764706	0.3137254901960784	0.9725490196078431
A	N1_2	235.196	252.295	222.365	0.18823529411764706	0.3137254901960784	0.9725490196078431
A	C2_2	234.0	252.754	222.77	0.5647058823529412	0.5647058823529412	0.5647058823529412
A	N3_2	233.624	254.005	223.047	0.18823529411764706	0.3137254901960784	0.9725490196078431
A	C4_2	234.651	254.858	222.87	0.5647058823529412	0.5647058823529412	0.5647058823529412
