A	P_1	276.438	213.975	140.587	1.0	0.5019607843137255	0.0
A	OP1_1	276.615	215.451	140.58	1.0	0.050980392156862744	0.050980392156862744
A	OP2_1	276.528	213.229	141.87	1.0	0.050980392156862744	0.050980392156862744
A	O5'_1	275.033	213.64	139.917	1.0	0.050980392156862744	0.050980392156862744
A	C5'_1	274.653	214.223	138.655	0.5647058823529412	0.5647058823529412	0.5647058823529412
A	C4'_1	273.382	213.58	138.148	0.5647058823529412	0.5647058823529412	0.5647058823529412
A	O4'_1	273.626	212.177	137.859	1.0	0.050980392156862744	0.050980392156862744
A	C3'_1	272.23	213.565	139.137	0.5647058823529412	0.5647058823529412	0.5647058823529412
A	O3'_1	271.528	214.805	139.11	1.0	0.050980392156862744	0.050980392156862744
A	C2'_1	271.386	212.392	138.647	0.5647058823529412	0.5647058823529412	0.5647058823529412
A	O2'_1	270.548	212.729	137.56	1.0	0.050980392156862744	0.050980392156862744
A	C1'_1	272.467	211.419	138.165	0.5647058823529412	0.5647058823529412	0.5647058823529412
A	N9_1	272.832	210.383	139.134	0.18823529411764706	0.3137254901960784	0.9725490196078431
A	C8_1	273.833	210.421	140.078	0.5647058823529412	0.5647058823529412	0.5647058823529412
A	N7_1	273.923	209.328	140.796	0.18823529411764706	0.3137254901960784	0.9725490196078431
A	C5_1	272.915	208.515	140.294	0.5647058823529412	0.5647058823529412	0.5647058823529412
A	C6_1	272.487	207.22	140.636	0.5647058823529412	0.5647058823529412	0.5647058823529412
A	N6_1	273.045	206.49	141.607	0.18823529411764706	0.3137254901960784	0.9725490196078431
A	N1_1	271.453	206.695	139.942	0.18823529411764706	0.3137254901960784	0.9725490196078431
A	C2_1	270.89	207.432	138.974	0.5647058823529412	0.5647058823529412	0.5647058823529412
A	N3_1	271.198	208.661	138.565	0.18823529411764706	0.3137254901960784	0.9725490196078431
A	C4_1	272.232	209.152	139.272	0.5647058823529412	0.5647058823529412	0.5647058823529412
G	P_2	274.94	200.299	147.871	1.0	0.5019607843137255	0.0
G	OP1_2	274.147	199.035	147.816	1.0	0.050980392156862744	0.050980392156862744
G	OP2_2	276.416	200.242	147.718	1.0	0.050980392156862744	0.050980392156862744
G	O5'_2	274.365	201.309	146.775	1.0	0.050980392156862744	0.050980392156862744
G	C5'_2	272.949	201.377	146.479	0.5647058823529412	0.5647058823529412	0.5647058823529412
G	C4'_2	272.707	202.273	145.28	0.5647058823529412	0.5647058823529412	0.5647058823529412
G	O4'_2	273.095	203.635	145.607	1.0	0.050980392156862744	0.050980392156862744
G	C3'_2	273.516	201.92	144.04	0.5647058823529412	0.5647058823529412	0.5647058823529412
G	O3'_2	272.869	200.908	143.265	1.0	0.050980392156862744	0.050980392156862744
G	C2'_2	273.625	203.26	143.316	0.5647058823529412	0.5647058823529412	0.5647058823529412
G	O2'_2	272.47	203.585	142.562	1.0	0.050980392156862744	0.050980392156862744
G	C1'_2	273.742	204.232	144.495	0.5647058823529412	0.5647058823529412	0.5647058823529412
G	N9_2	275.101	204.575	144.911	0.18823529411764706	0.3137254901960784	0.9725490196078431
G	C8_2	275.949	203.802	145.673	0.5647058823529412	0.5647058823529412	0.5647058823529412
G	N7_2	277.072	204.403	145.964	0.18823529411764706	0.3137254901960784	0.9725490196078431
G	C5_2	276.972	205.643	145.344	0.5647058823529412	0.5647058823529412	0.5647058823529412
G	C6_2	277.883	206.736	145.321	0.5647058823529412	0.5647058823529412	0.5647058823529412
G	O6_2	278.987	206.83	145.876	1.0	0.050980392156862744	0.050980392156862744
G	N1_2	277.392	207.797	144.562	0.18823529411764706	0.3137254901960784	0.9725490196078431
G	C2_2	276.182	207.807	143.91	0.5647058823529412	0.5647058823529412	0.5647058823529412
G	N2_2	275.897	208.919	143.217	0.18823529411764706	0.3137254901960784	0.9725490196078431
G	N3_2	275.317	206.8	143.933	0.18823529411764706	0.3137254901960784	0.9725490196078431
G	C4_2	275.773	205.758	144.667	0.5647058823529412	0.5647058823529412	0.5647058823529412
