A	P_1	189.266	244.773	215.046	1.0	0.5019607843137255	0.0
A	OP1_1	190.006	243.499	215.258	1.0	0.050980392156862744	0.050980392156862744
A	OP2_1	187.829	244.855	215.429	1.0	0.050980392156862744	0.050980392156862744
A	O5'_1	190.053	245.939	215.804	1.0	0.050980392156862744	0.050980392156862744
A	C5'_1	191.504	245.978	215.827	0.5647058823529412	0.5647058823529412	0.5647058823529412
A	C4'_1	192.006	246.635	217.104	0.5647058823529412	0.5647058823529412	0.5647058823529412
A	O4'_1	191.46	247.967	217.214	1.0	0.050980392156862744	0.050980392156862744
A	C3'_1	191.548	246.006	218.419	0.5647058823529412	0.5647058823529412	0.5647058823529412
A	O3'_1	192.252	244.8	218.798	1.0	0.050980392156862744	0.050980392156862744
A	C2'_1	191.54	247.158	219.441	0.5647058823529412	0.5647058823529412	0.5647058823529412
A	O2'_1	192.591	247.165	220.382	1.0	0.050980392156862744	0.050980392156862744
A	C1'_1	191.64	248.398	218.544	0.5647058823529412	0.5647058823529412	0.5647058823529412
A	N9_1	190.706	249.492	218.825	0.18823529411764706	0.3137254901960784	0.9725490196078431
A	C8_1	189.329	249.484	218.795	0.5647058823529412	0.5647058823529412	0.5647058823529412
A	N7_1	188.785	250.648	219.077	0.18823529411764706	0.3137254901960784	0.9725490196078431
A	C5_1	189.876	251.477	219.314	0.5647058823529412	0.5647058823529412	0.5647058823529412
A	C6_1	189.976	252.845	219.659	0.5647058823529412	0.5647058823529412	0.5647058823529412
A	N6_1	188.918	253.647	219.836	0.18823529411764706	0.3137254901960784	0.9725490196078431
A	N1_1	191.218	253.362	219.817	0.18823529411764706	0.3137254901960784	0.9725490196078431
A	C2_1	192.277	252.556	219.641	0.5647058823529412	0.5647058823529412	0.5647058823529412
A	N3_1	192.31	251.261	219.32	0.18823529411764706	0.3137254901960784	0.9725490196078431
A	C4_1	191.064	250.776	219.168	0.5647058823529412	0.5647058823529412	0.5647058823529412
G	P_2	185.02	260.772	220.794	1.0	0.5019607843137255	0.0
G	OP1_2	186.071	261.815	220.97	1.0	0.050980392156862744	0.050980392156862744
G	OP2_2	183.632	261.18	220.438	1.0	0.050980392156862744	0.050980392156862744
G	O5'_2	185.524	259.762	219.663	1.0	0.050980392156862744	0.050980392156862744
G	C5'_2	186.921	259.391	219.568	0.5647058823529412	0.5647058823529412	0.5647058823529412
G	C4'_2	187.103	258.154	218.708	0.5647058823529412	0.5647058823529412	0.5647058823529412
G	O4'_2	186.668	256.962	219.431	1.0	0.050980392156862744	0.050980392156862744
G	C3'_2	186.387	258.131	217.359	0.5647058823529412	0.5647058823529412	0.5647058823529412
G	O3'_2	187.228	257.54	216.369	1.0	0.050980392156862744	0.050980392156862744
G	C2'_2	185.174	257.24	217.638	0.5647058823529412	0.5647058823529412	0.5647058823529412
G	O2'_2	184.677	256.588	216.483	1.0	0.050980392156862744	0.050980392156862744
G	C1'_2	185.753	256.231	218.634	0.5647058823529412	0.5647058823529412	0.5647058823529412
G	N9_2	184.762	255.604	219.512	0.18823529411764706	0.3137254901960784	0.9725490196078431
G	C8_2	183.728	256.224	220.178	0.5647058823529412	0.5647058823529412	0.5647058823529412
G	N7_2	182.994	255.398	220.876	0.18823529411764706	0.3137254901960784	0.9725490196078431
G	C5_2	183.578	254.156	220.668	0.5647058823529412	0.5647058823529412	0.5647058823529412
G	C6_2	183.221	252.873	221.176	0.5647058823529412	0.5647058823529412	0.5647058823529412
G	O6_2	182.29	252.573	221.936	1.0	0.050980392156862744	0.050980392156862744
G	N1_2	184.085	251.883	220.713	0.18823529411764706	0.3137254901960784	0.9725490196078431
G	C2_2	185.156	252.092	219.874	0.5647058823529412	0.5647058823529412	0.5647058823529412
G	N2_2	185.873	251.004	219.538	0.18823529411764706	0.3137254901960784	0.9725490196078431
G	N3_2	185.5	253.283	219.396	0.18823529411764706	0.3137254901960784	0.9725490196078431
G	C4_2	184.673	254.263	219.83	0.5647058823529412	0.5647058823529412	0.5647058823529412
