G	P_1	286.547	169.71	226.256	1.0	0.5019607843137255	0.0
G	OP1_1	287.82	170.452	226.475	1.0	0.050980392156862744	0.050980392156862744
G	OP2_1	286.589	168.304	225.763	1.0	0.050980392156862744	0.050980392156862744
G	O5'_1	285.726	169.737	227.623	1.0	0.050980392156862744	0.050980392156862744
G	C5'_1	286.289	169.223	228.849	0.5647058823529412	0.5647058823529412	0.5647058823529412
G	C4'_1	286.045	170.195	229.985	0.5647058823529412	0.5647058823529412	0.5647058823529412
G	O4'_1	284.633	170.529	230.061	1.0	0.050980392156862744	0.050980392156862744
G	C3'_1	286.389	169.682	231.375	0.5647058823529412	0.5647058823529412	0.5647058823529412
G	O3'_1	287.785	169.834	231.637	1.0	0.050980392156862744	0.050980392156862744
G	C2'_1	285.517	170.558	232.273	0.5647058823529412	0.5647058823529412	0.5647058823529412
G	O2'_1	286.061	171.841	232.516	1.0	0.050980392156862744	0.050980392156862744
G	C1'_1	284.254	170.708	231.418	0.5647058823529412	0.5647058823529412	0.5647058823529412
G	N9_1	283.196	169.748	231.728	0.18823529411764706	0.3137254901960784	0.9725490196078431
G	C8_1	282.579	168.889	230.847	0.5647058823529412	0.5647058823529412	0.5647058823529412
G	N7_1	281.673	168.136	231.411	0.18823529411764706	0.3137254901960784	0.9725490196078431
G	C5_1	281.69	168.518	232.746	0.5647058823529412	0.5647058823529412	0.5647058823529412
G	C6_1	280.931	168.042	233.845	0.5647058823529412	0.5647058823529412	0.5647058823529412
G	O6_1	280.073	167.149	233.858	1.0	0.050980392156862744	0.050980392156862744
G	N1_1	281.258	168.713	235.02	0.18823529411764706	0.3137254901960784	0.9725490196078431
G	C2_1	282.201	169.708	235.126	0.5647058823529412	0.5647058823529412	0.5647058823529412
G	N2_1	282.374	170.233	236.348	0.18823529411764706	0.3137254901960784	0.9725490196078431
G	N3_1	282.922	170.157	234.109	0.18823529411764706	0.3137254901960784	0.9725490196078431
G	C4_1	282.618	169.521	232.958	0.5647058823529412	0.5647058823529412	0.5647058823529412
A	P_2	277.073	163.109	244.34	1.0	0.5019607843137255	0.0
A	OP1_2	276.295	163.4	245.577	1.0	0.050980392156862744	0.050980392156862744
A	OP2_2	276.36	162.933	243.045	1.0	0.050980392156862744	0.050980392156862744
A	O5'_2	278.16	164.259	244.164	1.0	0.050980392156862744	0.050980392156862744
A	C5'_2	279.063	164.592	245.239	0.5647058823529412	0.5647058823529412	0.5647058823529412
A	C4'_2	279.972	165.721	244.824	0.5647058823529412	0.5647058823529412	0.5647058823529412
A	O4'_2	280.874	165.27	243.776	1.0	0.050980392156862744	0.050980392156862744
A	C3'_2	279.27	166.923	244.216	0.5647058823529412	0.5647058823529412	0.5647058823529412
A	O3'_2	278.726	167.782	245.217	1.0	0.050980392156862744	0.050980392156862744
A	C2'_2	280.387	167.571	243.406	0.5647058823529412	0.5647058823529412	0.5647058823529412
A	O2'_2	281.274	168.336	244.195	1.0	0.050980392156862744	0.050980392156862744
A	C1'_2	281.123	166.338	242.872	0.5647058823529412	0.5647058823529412	0.5647058823529412
A	N9_2	280.667	165.939	241.539	0.18823529411764706	0.3137254901960784	0.9725490196078431
A	C8_2	279.818	164.908	241.204	0.5647058823529412	0.5647058823529412	0.5647058823529412
A	N7_2	279.588	164.808	239.916	0.18823529411764706	0.3137254901960784	0.9725490196078431
A	C5_2	280.336	165.838	239.362	0.5647058823529412	0.5647058823529412	0.5647058823529412
A	C6_2	280.518	166.266	238.033	0.5647058823529412	0.5647058823529412	0.5647058823529412
A	N6_2	279.938	165.681	236.981	0.18823529411764706	0.3137254901960784	0.9725490196078431
A	N1_2	281.326	167.328	237.822	0.18823529411764706	0.3137254901960784	0.9725490196078431
A	C2_2	281.907	167.913	238.88	0.5647058823529412	0.5647058823529412	0.5647058823529412
A	N3_2	281.819	167.601	240.172	0.18823529411764706	0.3137254901960784	0.9725490196078431
A	C4_2	281.009	166.542	240.35	0.5647058823529412	0.5647058823529412	0.5647058823529412
