G	P_1	71.879	216.149	156.271	1.0	0.5019607843137255	0.0
G	OP1_1	70.938	215.075	155.841	1.0	0.050980392156862744	0.050980392156862744
G	OP2_1	72.082	217.341	155.4	1.0	0.050980392156862744	0.050980392156862744
G	O5'_1	71.429	216.666	157.717	1.0	0.050980392156862744	0.050980392156862744
G	C5'_1	70.578	215.864	158.576	0.5647058823529412	0.5647058823529412	0.5647058823529412
G	C4'_1	71.034	215.971	160.019	0.5647058823529412	0.5647058823529412	0.5647058823529412
G	O4'_1	72.407	215.5	160.114	1.0	0.050980392156862744	0.050980392156862744
G	C3'_1	71.071	217.372	160.621	0.5647058823529412	0.5647058823529412	0.5647058823529412
G	O3'_1	69.788	217.785	161.113	1.0	0.050980392156862744	0.050980392156862744
G	C2'_1	72.104	217.214	161.733	0.5647058823529412	0.5647058823529412	0.5647058823529412
G	O2'_1	71.595	216.59	162.895	1.0	0.050980392156862744	0.050980392156862744
G	C1'_1	73.115	216.269	161.075	0.5647058823529412	0.5647058823529412	0.5647058823529412
G	N9_1	74.204	216.97	160.394	0.18823529411764706	0.3137254901960784	0.9725490196078431
G	C8_1	74.334	217.187	159.041	0.5647058823529412	0.5647058823529412	0.5647058823529412
G	N7_1	75.399	217.874	158.729	0.18823529411764706	0.3137254901960784	0.9725490196078431
G	C5_1	76.017	218.123	159.947	0.5647058823529412	0.5647058823529412	0.5647058823529412
G	C6_1	77.206	218.835	160.241	0.5647058823529412	0.5647058823529412	0.5647058823529412
G	O6_1	77.968	219.417	159.457	1.0	0.050980392156862744	0.050980392156862744
G	N1_1	77.475	218.84	161.609	0.18823529411764706	0.3137254901960784	0.9725490196078431
G	C2_1	76.694	218.24	162.572	0.5647058823529412	0.5647058823529412	0.5647058823529412
G	N2_1	77.122	218.354	163.839	0.18823529411764706	0.3137254901960784	0.9725490196078431
G	N3_1	75.576	217.579	162.309	0.18823529411764706	0.3137254901960784	0.9725490196078431
G	C4_1	75.3	217.561	160.986	0.5647058823529412	0.5647058823529412	0.5647058823529412
A	P_2	83.489	228.541	164.052	1.0	0.5019607843137255	0.0
A	OP1_2	84.191	229.596	164.837	1.0	0.050980392156862744	0.050980392156862744
A	OP2_2	84.214	227.827	162.97	1.0	0.050980392156862744	0.050980392156862744
A	O5'_2	82.926	227.455	165.074	1.0	0.050980392156862744	0.050980392156862744
A	C5'_2	82.322	227.846	166.324	0.5647058823529412	0.5647058823529412	0.5647058823529412
A	C4'_2	81.739	226.638	167.021	0.5647058823529412	0.5647058823529412	0.5647058823529412
A	O4'_2	80.577	226.156	166.295	1.0	0.050980392156862744	0.050980392156862744
A	C3'_2	82.666	225.435	167.097	0.5647058823529412	0.5647058823529412	0.5647058823529412
A	O3'_2	83.588	225.57	168.183	1.0	0.050980392156862744	0.050980392156862744
A	C2'_2	81.686	224.275	167.254	0.5647058823529412	0.5647058823529412	0.5647058823529412
A	O2'_2	81.207	224.128	168.576	1.0	0.050980392156862744	0.050980392156862744
A	C1'_2	80.53	224.737	166.359	0.5647058823529412	0.5647058823529412	0.5647058823529412
A	N9_2	80.563	224.216	164.99	0.18823529411764706	0.3137254901960784	0.9725490196078431
A	C8_2	81.32	224.666	163.93	0.5647058823529412	0.5647058823529412	0.5647058823529412
A	N7_2	81.093	224.025	162.806	0.18823529411764706	0.3137254901960784	0.9725490196078431
A	C5_2	80.131	223.082	163.148	0.5647058823529412	0.5647058823529412	0.5647058823529412
A	C6_2	79.461	222.099	162.395	0.5647058823529412	0.5647058823529412	0.5647058823529412
A	N6_2	79.662	221.901	161.089	0.18823529411764706	0.3137254901960784	0.9725490196078431
A	N1_2	78.563	221.319	163.039	0.18823529411764706	0.3137254901960784	0.9725490196078431
A	C2_2	78.356	221.524	164.35	0.5647058823529412	0.5647058823529412	0.5647058823529412
A	N3_2	78.918	222.42	165.164	0.18823529411764706	0.3137254901960784	0.9725490196078431
A	C4_2	79.806	223.179	164.494	0.5647058823529412	0.5647058823529412	0.5647058823529412
