A	P_1	108.986	189.008	216.586	1.0	0.5019607843137255	0.0
A	OP1_1	109.64	189.84	215.538	1.0	0.050980392156862744	0.050980392156862744
A	OP2_1	107.658	188.383	216.311	1.0	0.050980392156862744	0.050980392156862744
A	O5'_1	110.023	187.872	217.011	1.0	0.050980392156862744	0.050980392156862744
A	C5'_1	111.397	188.204	217.283	0.5647058823529412	0.5647058823529412	0.5647058823529412
A	C4'_1	112.16	186.982	217.744	0.5647058823529412	0.5647058823529412	0.5647058823529412
A	O4'_1	111.6	186.479	218.985	1.0	0.050980392156862744	0.050980392156862744
A	C3'_1	112.138	185.77	216.827	0.5647058823529412	0.5647058823529412	0.5647058823529412
A	O3'_1	113.086	185.918	215.776	1.0	0.050980392156862744	0.050980392156862744
A	C2'_1	112.536	184.645	217.781	0.5647058823529412	0.5647058823529412	0.5647058823529412
A	O2'_1	113.929	184.573	218.009	1.0	0.050980392156862744	0.050980392156862744
A	C1'_1	111.848	185.084	219.078	0.5647058823529412	0.5647058823529412	0.5647058823529412
A	N9_1	110.588	184.395	219.349	0.18823529411764706	0.3137254901960784	0.9725490196078431
A	C8_1	109.312	184.9	219.304	0.5647058823529412	0.5647058823529412	0.5647058823529412
A	N7_1	108.385	184.021	219.601	0.18823529411764706	0.3137254901960784	0.9725490196078431
A	C5_1	109.1	182.859	219.861	0.5647058823529412	0.5647058823529412	0.5647058823529412
A	C6_1	108.698	181.567	220.236	0.5647058823529412	0.5647058823529412	0.5647058823529412
A	N6_1	107.424	181.213	220.418	0.18823529411764706	0.3137254901960784	0.9725490196078431
A	N1_1	109.662	180.639	220.422	0.18823529411764706	0.3137254901960784	0.9725490196078431
A	C2_1	110.938	180.997	220.24	0.5647058823529412	0.5647058823529412	0.5647058823529412
A	N3_1	111.441	182.177	219.888	0.18823529411764706	0.3137254901960784	0.9725490196078431
A	C4_1	110.458	183.075	219.711	0.5647058823529412	0.5647058823529412	0.5647058823529412
G	P_2	99.805	177.181	222.755	1.0	0.5019607843137255	0.0
G	OP1_2	99.531	176.052	223.694	1.0	0.050980392156862744	0.050980392156862744
G	OP2_2	98.869	178.34	222.705	1.0	0.050980392156862744	0.050980392156862744
G	O5'_2	101.263	177.754	223.062	1.0	0.050980392156862744	0.050980392156862744
G	C5'_2	102.416	176.89	223.076	0.5647058823529412	0.5647058823529412	0.5647058823529412
G	C4'_2	103.67	177.69	222.803	0.5647058823529412	0.5647058823529412	0.5647058823529412
G	O4'_2	103.538	178.353	221.512	1.0	0.050980392156862744	0.050980392156862744
G	C3'_2	103.955	178.838	223.759	0.5647058823529412	0.5647058823529412	0.5647058823529412
G	O3'_2	104.561	178.426	224.979	1.0	0.050980392156862744	0.050980392156862744
G	C2'_2	104.853	179.735	222.918	0.5647058823529412	0.5647058823529412	0.5647058823529412
G	O2'_2	106.181	179.259	222.814	1.0	0.050980392156862744	0.050980392156862744
G	C1'_2	104.157	179.634	221.561	0.5647058823529412	0.5647058823529412	0.5647058823529412
G	N9_2	103.117	180.654	221.448	0.18823529411764706	0.3137254901960784	0.9725490196078431
G	C8_2	101.793	180.538	221.799	0.5647058823529412	0.5647058823529412	0.5647058823529412
G	N7_2	101.117	181.641	221.626	0.18823529411764706	0.3137254901960784	0.9725490196078431
G	C5_2	102.046	182.539	221.121	0.5647058823529412	0.5647058823529412	0.5647058823529412
G	C6_2	101.898	183.893	220.746	0.5647058823529412	0.5647058823529412	0.5647058823529412
G	O6_2	100.885	184.598	220.798	1.0	0.050980392156862744	0.050980392156862744
G	N1_2	103.095	184.428	220.275	0.18823529411764706	0.3137254901960784	0.9725490196078431
G	C2_2	104.283	183.746	220.183	0.5647058823529412	0.5647058823529412	0.5647058823529412
G	N2_2	105.326	184.434	219.699	0.18823529411764706	0.3137254901960784	0.9725490196078431
G	N3_2	104.436	182.481	220.538	0.18823529411764706	0.3137254901960784	0.9725490196078431
G	C4_2	103.284	181.943	220.994	0.5647058823529412	0.5647058823529412	0.5647058823529412
