G	P_1	247.52	225.247	248.666	1.0	0.5019607843137255	0.0
G	OP1_1	247.754	224.043	247.813	1.0	0.050980392156862744	0.050980392156862744
G	OP2_1	248.503	225.596	249.727	1.0	0.050980392156862744	0.050980392156862744
G	O5'_1	247.351	226.509	247.707	1.0	0.050980392156862744	0.050980392156862744
G	C5'_1	246.521	226.445	246.526	0.5647058823529412	0.5647058823529412	0.5647058823529412
G	C4'_1	246.349	227.825	245.928	0.5647058823529412	0.5647058823529412	0.5647058823529412
G	O4'_1	245.66	228.684	246.877	1.0	0.050980392156862744	0.050980392156862744
G	C3'_1	247.64	228.568	245.611	0.5647058823529412	0.5647058823529412	0.5647058823529412
G	O3'_1	248.157	228.192	244.339	1.0	0.050980392156862744	0.050980392156862744
G	C2'_1	247.195	230.025	245.635	0.5647058823529412	0.5647058823529412	0.5647058823529412
G	O2'_1	246.556	230.432	244.442	1.0	0.050980392156862744	0.050980392156862744
G	C1'_1	246.172	230.006	246.777	0.5647058823529412	0.5647058823529412	0.5647058823529412
G	N9_1	246.755	230.372	248.064	0.18823529411764706	0.3137254901960784	0.9725490196078431
G	C8_1	247.413	229.548	248.951	0.5647058823529412	0.5647058823529412	0.5647058823529412
G	N7_1	247.829	230.173	250.019	0.18823529411764706	0.3137254901960784	0.9725490196078431
G	C5_1	247.422	231.486	249.829	0.5647058823529412	0.5647058823529412	0.5647058823529412
G	C6_1	247.594	232.626	250.65	0.5647058823529412	0.5647058823529412	0.5647058823529412
G	O6_1	248.16	232.706	251.752	1.0	0.050980392156862744	0.050980392156862744
G	N1_1	247.026	233.761	250.074	0.18823529411764706	0.3137254901960784	0.9725490196078431
G	C2_1	246.379	233.795	248.863	0.5647058823529412	0.5647058823529412	0.5647058823529412
G	N2_1	245.901	234.987	248.475	0.18823529411764706	0.3137254901960784	0.9725490196078431
G	N3_1	246.214	232.738	248.088	0.18823529411764706	0.3137254901960784	0.9725490196078431
G	C4_1	246.757	231.625	248.629	0.5647058823529412	0.5647058823529412	0.5647058823529412
A	P_2	244.163	239.938	249.177	1.0	0.5019607843137255	0.0
A	OP1_2	243.343	241.099	249.643	1.0	0.050980392156862744	0.050980392156862744
A	OP2_2	243.903	238.583	249.745	1.0	0.050980392156862744	0.050980392156862744
A	O5'_2	244.045	239.847	247.589	1.0	0.050980392156862744	0.050980392156862744
A	C5'_2	244.131	241.032	246.762	0.5647058823529412	0.5647058823529412	0.5647058823529412
A	C4'_2	243.65	240.726	245.362	0.5647058823529412	0.5647058823529412	0.5647058823529412
A	O4'_2	244.58	239.814	244.716	1.0	0.050980392156862744	0.050980392156862744
A	C3'_2	242.307	240.016	245.29	0.5647058823529412	0.5647058823529412	0.5647058823529412
A	O3'_2	241.222	240.939	245.377	1.0	0.050980392156862744	0.050980392156862744
A	C2'_2	242.388	239.29	243.952	0.5647058823529412	0.5647058823529412	0.5647058823529412
A	O2'_2	242.131	240.136	242.851	1.0	0.050980392156862744	0.050980392156862744
A	C1'_2	243.862	238.875	243.928	0.5647058823529412	0.5647058823529412	0.5647058823529412
A	N9_2	244.126	237.538	244.467	0.18823529411764706	0.3137254901960784	0.9725490196078431
A	C8_2	244.602	237.223	245.721	0.5647058823529412	0.5647058823529412	0.5647058823529412
A	N7_2	244.777	235.938	245.915	0.18823529411764706	0.3137254901960784	0.9725490196078431
A	C5_2	244.39	235.366	244.713	0.5647058823529412	0.5647058823529412	0.5647058823529412
A	C6_2	244.355	234.035	244.277	0.5647058823529412	0.5647058823529412	0.5647058823529412
A	N6_2	244.737	233.003	245.033	0.18823529411764706	0.3137254901960784	0.9725490196078431
A	N1_2	243.913	233.794	243.022	0.18823529411764706	0.3137254901960784	0.9725490196078431
A	C2_2	243.537	234.834	242.265	0.5647058823529412	0.5647058823529412	0.5647058823529412
A	N3_2	243.525	236.133	242.563	0.18823529411764706	0.3137254901960784	0.9725490196078431
A	C4_2	243.971	236.336	243.816	0.5647058823529412	0.5647058823529412	0.5647058823529412
