G	P_1	190.703	126.62	157.972	1.0	0.5019607843137255	0.0
G	OP1_1	189.602	125.624	158.045	1.0	0.050980392156862744	0.050980392156862744
G	OP2_1	191.101	127.177	156.649	1.0	0.050980392156862744	0.050980392156862744
G	O5'_1	190.329	127.834	158.935	1.0	0.050980392156862744	0.050980392156862744
G	C5'_1	190.269	127.645	160.363	0.5647058823529412	0.5647058823529412	0.5647058823529412
G	C4'_1	191.237	128.578	161.058	0.5647058823529412	0.5647058823529412	0.5647058823529412
G	O4'_1	192.58	128.355	160.554	1.0	0.050980392156862744	0.050980392156862744
G	C3'_1	191.025	130.062	160.804	0.5647058823529412	0.5647058823529412	0.5647058823529412
G	O3'_1	190.0	130.569	161.654	1.0	0.050980392156862744	0.050980392156862744
G	C2'_1	192.384	130.652	161.178	0.5647058823529412	0.5647058823529412	0.5647058823529412
G	O2'_1	192.541	130.841	162.57	1.0	0.050980392156862744	0.050980392156862744
G	C1'_1	193.341	129.545	160.716	0.5647058823529412	0.5647058823529412	0.5647058823529412
G	N9_1	194.038	129.855	159.467	0.18823529411764706	0.3137254901960784	0.9725490196078431
G	C8_1	193.715	129.442	158.191	0.5647058823529412	0.5647058823529412	0.5647058823529412
G	N7_1	194.513	129.928	157.276	0.18823529411764706	0.3137254901960784	0.9725490196078431
G	C5_1	195.424	130.7	157.987	0.5647058823529412	0.5647058823529412	0.5647058823529412
G	C6_1	196.518	131.481	157.532	0.5647058823529412	0.5647058823529412	0.5647058823529412
G	O6_1	196.905	131.659	156.37	1.0	0.050980392156862744	0.050980392156862744
G	N1_1	197.187	132.095	158.59	0.18823529411764706	0.3137254901960784	0.9725490196078431
G	C2_1	196.843	131.979	159.917	0.5647058823529412	0.5647058823529412	0.5647058823529412
G	N2_1	197.617	132.64	160.792	0.18823529411764706	0.3137254901960784	0.9725490196078431
G	N3_1	195.816	131.264	160.355	0.18823529411764706	0.3137254901960784	0.9725490196078431
G	C4_1	195.155	130.655	159.342	0.5647058823529412	0.5647058823529412	0.5647058823529412
A	P_2	205.952	136.405	153.085	1.0	0.5019607843137255	0.0
A	OP1_2	207.411	136.608	152.865	1.0	0.050980392156862744	0.050980392156862744
A	OP2_2	205.309	135.149	152.614	1.0	0.050980392156862744	0.050980392156862744
A	O5'_2	205.653	136.562	154.645	1.0	0.050980392156862744	0.050980392156862744
A	C5'_2	206.074	137.742	155.373	0.5647058823529412	0.5647058823529412	0.5647058823529412
A	C4'_2	205.23	137.921	156.619	0.5647058823529412	0.5647058823529412	0.5647058823529412
A	O4'_2	203.84	138.118	156.238	1.0	0.050980392156862744	0.050980392156862744
A	C3'_2	205.201	136.734	157.571	0.5647058823529412	0.5647058823529412	0.5647058823529412
A	O3'_2	206.325	136.752	158.449	1.0	0.050980392156862744	0.050980392156862744
A	C2'_2	203.878	136.937	158.301	0.5647058823529412	0.5647058823529412	0.5647058823529412
A	O2'_2	203.949	137.917	159.318	1.0	0.050980392156862744	0.050980392156862744
A	C1'_2	202.99	137.473	157.175	0.5647058823529412	0.5647058823529412	0.5647058823529412
A	N9_2	202.234	136.436	156.467	0.18823529411764706	0.3137254901960784	0.9725490196078431
A	C8_2	202.426	135.994	155.177	0.5647058823529412	0.5647058823529412	0.5647058823529412
A	N7_2	201.586	135.058	154.807	0.18823529411764706	0.3137254901960784	0.9725490196078431
A	C5_2	200.787	134.866	155.927	0.5647058823529412	0.5647058823529412	0.5647058823529412
A	C6_2	199.701	134.006	156.174	0.5647058823529412	0.5647058823529412	0.5647058823529412
A	N6_2	199.223	133.149	155.267	0.18823529411764706	0.3137254901960784	0.9725490196078431
A	N1_2	199.121	134.058	157.394	0.18823529411764706	0.3137254901960784	0.9725490196078431
A	C2_2	199.607	134.919	158.297	0.5647058823529412	0.5647058823529412	0.5647058823529412
A	N3_2	200.621	135.781	158.183	0.18823529411764706	0.3137254901960784	0.9725490196078431
A	C4_2	201.176	135.704	156.959	0.5647058823529412	0.5647058823529412	0.5647058823529412
