G	P_1	192.199	230.475	226.315	1.0	0.5019607843137255	0.0
G	OP1_1	192.941	230.322	227.603	1.0	0.050980392156862744	0.050980392156862744
G	OP2_1	192.955	230.722	225.053	1.0	0.050980392156862744	0.050980392156862744
G	O5'_1	191.288	229.183	226.097	1.0	0.050980392156862744	0.050980392156862744
G	C5'_1	190.412	228.715	227.144	0.5647058823529412	0.5647058823529412	0.5647058823529412
G	C4'_1	189.622	227.505	226.686	0.5647058823529412	0.5647058823529412	0.5647058823529412
G	O4'_1	188.671	227.878	225.654	1.0	0.050980392156862744	0.050980392156862744
G	C3'_1	190.404	226.369	226.049	0.5647058823529412	0.5647058823529412	0.5647058823529412
G	O3'_1	191.067	225.56	227.019	1.0	0.050980392156862744	0.050980392156862744
G	C2'_1	189.303	225.606	225.321	0.5647058823529412	0.5647058823529412	0.5647058823529412
G	O2'_1	188.543	224.765	226.164	1.0	0.050980392156862744	0.050980392156862744
G	C1'_1	188.422	226.755	224.82	0.5647058823529412	0.5647058823529412	0.5647058823529412
G	N9_1	188.751	227.103	223.442	0.18823529411764706	0.3137254901960784	0.9725490196078431
G	C8_1	189.574	228.118	223.003	0.5647058823529412	0.5647058823529412	0.5647058823529412
G	N7_1	189.723	228.13	221.704	0.18823529411764706	0.3137254901960784	0.9725490196078431
G	C5_1	188.94	227.07	221.256	0.5647058823529412	0.5647058823529412	0.5647058823529412
G	C6_1	188.718	226.582	219.94	0.5647058823529412	0.5647058823529412	0.5647058823529412
G	O6_1	189.19	227.001	218.871	1.0	0.050980392156862744	0.050980392156862744
G	N1_1	187.85	225.492	219.938	0.18823529411764706	0.3137254901960784	0.9725490196078431
G	C2_1	187.269	224.939	221.055	0.5647058823529412	0.5647058823529412	0.5647058823529412
G	N2_1	186.446	223.897	220.841	0.18823529411764706	0.3137254901960784	0.9725490196078431
G	N3_1	187.474	225.378	222.29	0.18823529411764706	0.3137254901960784	0.9725490196078431
G	C4_1	188.317	226.439	222.315	0.5647058823529412	0.5647058823529412	0.5647058823529412
A	P_2	185.897	220.591	218.318	1.0	0.5019607843137255	0.0
A	OP1_2	185.701	220.043	216.943	1.0	0.050980392156862744	0.050980392156862744
A	OP2_2	185.983	222.065	218.51	1.0	0.050980392156862744	0.050980392156862744
A	O5'_2	184.729	220.026	219.257	1.0	0.050980392156862744	0.050980392156862744
A	C5'_2	184.169	218.697	219.068	0.5647058823529412	0.5647058823529412	0.5647058823529412
A	C4'_2	183.097	218.421	220.109	0.5647058823529412	0.5647058823529412	0.5647058823529412
A	O4'_2	183.694	218.46	221.435	1.0	0.050980392156862744	0.050980392156862744
A	C3'_2	181.966	219.442	220.168	0.5647058823529412	0.5647058823529412	0.5647058823529412
A	O3'_2	180.934	219.152	219.225	1.0	0.050980392156862744	0.050980392156862744
A	C2'_2	181.487	219.337	221.612	0.5647058823529412	0.5647058823529412	0.5647058823529412
A	O2'_2	180.627	218.239	221.842	1.0	0.050980392156862744	0.050980392156862744
A	C1'_2	182.812	219.111	222.345	0.5647058823529412	0.5647058823529412	0.5647058823529412
A	N9_2	183.443	220.367	222.752	0.18823529411764706	0.3137254901960784	0.9725490196078431
A	C8_2	184.25	221.175	221.98	0.5647058823529412	0.5647058823529412	0.5647058823529412
A	N7_2	184.682	222.244	222.603	0.18823529411764706	0.3137254901960784	0.9725490196078431
A	C5_2	184.126	222.138	223.869	0.5647058823529412	0.5647058823529412	0.5647058823529412
A	C6_2	184.206	222.962	224.998	0.5647058823529412	0.5647058823529412	0.5647058823529412
A	N6_2	184.912	224.098	225.026	0.18823529411764706	0.3137254901960784	0.9725490196078431
A	N1_2	183.531	222.577	226.107	0.18823529411764706	0.3137254901960784	0.9725490196078431
A	C2_2	182.826	221.435	226.067	0.5647058823529412	0.5647058823529412	0.5647058823529412
A	N3_2	182.674	220.575	225.062	0.18823529411764706	0.3137254901960784	0.9725490196078431
A	C4_2	183.358	220.987	223.978	0.5647058823529412	0.5647058823529412	0.5647058823529412
