A	P_1	181.585	224.243	189.082	1.0	0.5019607843137255	0.0
A	OP1_1	180.872	224.807	187.897	1.0	0.050980392156862744	0.050980392156862744
A	OP2_1	181.099	224.559	190.458	1.0	0.050980392156862744	0.050980392156862744
A	O5'_1	181.639	222.656	188.923	1.0	0.050980392156862744	0.050980392156862744
A	C5'_1	182.093	222.037	187.697	0.5647058823529412	0.5647058823529412	0.5647058823529412
A	C4'_1	183.041	220.897	188.007	0.5647058823529412	0.5647058823529412	0.5647058823529412
A	O4'_1	184.29	221.425	188.541	1.0	0.050980392156862744	0.050980392156862744
A	C3'_1	182.562	219.924	189.075	0.5647058823529412	0.5647058823529412	0.5647058823529412
A	O3'_1	181.667	218.945	188.557	1.0	0.050980392156862744	0.050980392156862744
A	C2'_1	183.87	219.321	189.576	0.5647058823529412	0.5647058823529412	0.5647058823529412
A	O2'_1	184.374	218.298	188.742	1.0	0.050980392156862744	0.050980392156862744
A	C1'_1	184.8	220.539	189.529	0.5647058823529412	0.5647058823529412	0.5647058823529412
A	N9_1	184.823	221.246	190.81	0.18823529411764706	0.3137254901960784	0.9725490196078431
A	C8_1	183.932	222.196	191.261	0.5647058823529412	0.5647058823529412	0.5647058823529412
A	N7_1	184.195	222.636	192.469	0.18823529411764706	0.3137254901960784	0.9725490196078431
A	C5_1	185.335	221.934	192.839	0.5647058823529412	0.5647058823529412	0.5647058823529412
A	C6_1	186.114	221.951	194.009	0.5647058823529412	0.5647058823529412	0.5647058823529412
A	N6_1	185.844	222.73	195.062	0.18823529411764706	0.3137254901960784	0.9725490196078431
A	N1_1	187.19	221.135	194.061	0.18823529411764706	0.3137254901960784	0.9725490196078431
A	C2_1	187.454	220.356	192.999	0.5647058823529412	0.5647058823529412	0.5647058823529412
A	N3_1	186.798	220.253	191.842	0.18823529411764706	0.3137254901960784	0.9725490196078431
A	C4_1	185.738	221.078	191.824	0.5647058823529412	0.5647058823529412	0.5647058823529412
G	P_2	187.386	227.322	202.286	1.0	0.5019607843137255	0.0
G	OP1_2	188.516	226.714	203.054	1.0	0.050980392156862744	0.050980392156862744
G	OP2_2	187.434	228.764	201.928	1.0	0.050980392156862744	0.050980392156862744
G	O5'_2	187.173	226.495	200.935	1.0	0.050980392156862744	0.050980392156862744
G	C5'_2	187.463	225.077	200.856	0.5647058823529412	0.5647058823529412	0.5647058823529412
G	C4'_2	187.408	224.61	199.414	0.5647058823529412	0.5647058823529412	0.5647058823529412
G	O4'_2	186.052	224.747	198.91	1.0	0.050980392156862744	0.050980392156862744
G	C3'_2	188.267	225.403	198.439	0.5647058823529412	0.5647058823529412	0.5647058823529412
G	O3'_2	189.598	224.884	198.416	1.0	0.050980392156862744	0.050980392156862744
G	C2'_2	187.558	225.183	197.103	0.5647058823529412	0.5647058823529412	0.5647058823529412
G	O2'_2	187.91	223.948	196.511	1.0	0.050980392156862744	0.050980392156862744
G	C1'_2	186.086	225.107	197.535	0.5647058823529412	0.5647058823529412	0.5647058823529412
G	N9_2	185.262	226.303	197.352	0.18823529411764706	0.3137254901960784	0.9725490196078431
G	C8_2	185.151	227.375	198.214	0.5647058823529412	0.5647058823529412	0.5647058823529412
G	N7_2	184.274	228.266	197.823	0.18823529411764706	0.3137254901960784	0.9725490196078431
G	C5_2	183.785	227.766	196.619	0.5647058823529412	0.5647058823529412	0.5647058823529412
G	C6_2	182.793	228.301	195.725	0.5647058823529412	0.5647058823529412	0.5647058823529412
G	O6_2	182.123	229.348	195.844	1.0	0.050980392156862744	0.050980392156862744
G	N1_2	182.614	227.477	194.608	0.18823529411764706	0.3137254901960784	0.9725490196078431
G	C2_2	183.291	226.292	194.379	0.5647058823529412	0.5647058823529412	0.5647058823529412
G	N2_2	182.98	225.646	193.234	0.18823529411764706	0.3137254901960784	0.9725490196078431
G	N3_2	184.206	225.779	195.209	0.18823529411764706	0.3137254901960784	0.9725490196078431
G	C4_2	184.4	226.563	196.3	0.5647058823529412	0.5647058823529412	0.5647058823529412
