G	P_1	226.755	304.727	175.656	1.0	0.5019607843137255	0.0
G	OP1_1	228.022	304.885	174.89	1.0	0.050980392156862744	0.050980392156862744
G	OP2_1	225.505	305.34	175.135	1.0	0.050980392156862744	0.050980392156862744
G	O5'_1	226.494	303.165	175.852	1.0	0.050980392156862744	0.050980392156862744
G	C5'_1	227.44	302.319	176.555	0.5647058823529412	0.5647058823529412	0.5647058823529412
G	C4'_1	226.792	300.996	176.901	0.5647058823529412	0.5647058823529412	0.5647058823529412
G	O4'_1	225.704	301.222	177.838	1.0	0.050980392156862744	0.050980392156862744
G	C3'_1	226.142	300.279	175.727	0.5647058823529412	0.5647058823529412	0.5647058823529412
G	O3'_1	227.101	299.523	174.988	1.0	0.050980392156862744	0.050980392156862744
G	C2'_1	225.07	299.431	176.405	0.5647058823529412	0.5647058823529412	0.5647058823529412
G	O2'_1	225.577	298.246	176.985	1.0	0.050980392156862744	0.050980392156862744
G	C1'_1	224.61	300.37	177.523	0.5647058823529412	0.5647058823529412	0.5647058823529412
G	N9_1	223.474	301.211	177.153	0.18823529411764706	0.3137254901960784	0.9725490196078431
G	C8_1	223.52	302.507	176.691	0.5647058823529412	0.5647058823529412	0.5647058823529412
G	N7_1	222.34	303.015	176.466	0.18823529411764706	0.3137254901960784	0.9725490196078431
G	C5_1	221.459	301.993	176.793	0.5647058823529412	0.5647058823529412	0.5647058823529412
G	C6_1	220.044	301.961	176.757	0.5647058823529412	0.5647058823529412	0.5647058823529412
G	O6_1	219.263	302.861	176.425	1.0	0.050980392156862744	0.050980392156862744
G	N1_1	219.55	300.727	177.165	0.18823529411764706	0.3137254901960784	0.9725490196078431
G	C2_1	220.317	299.66	177.558	0.5647058823529412	0.5647058823529412	0.5647058823529412
G	N2_1	219.647	298.552	177.913	0.18823529411764706	0.3137254901960784	0.9725490196078431
G	N3_1	221.643	299.676	177.6	0.18823529411764706	0.3137254901960784	0.9725490196078431
G	C4_1	222.143	300.868	177.209	0.5647058823529412	0.5647058823529412	0.5647058823529412
A	P_2	210.097	302.24	180.951	1.0	0.5019607843137255	0.0
A	OP1_2	209.885	301.558	182.259	1.0	0.050980392156862744	0.050980392156862744
A	OP2_2	211.355	302.991	180.718	1.0	0.050980392156862744	0.050980392156862744
A	O5'_2	209.941	301.148	179.799	1.0	0.050980392156862744	0.050980392156862744
A	C5'_2	209.178	299.934	180.009	0.5647058823529412	0.5647058823529412	0.5647058823529412
A	C4'_2	210.071	298.725	179.836	0.5647058823529412	0.5647058823529412	0.5647058823529412
A	O4'_2	210.672	298.773	178.514	1.0	0.050980392156862744	0.050980392156862744
A	C3'_2	211.256	298.65	180.791	0.5647058823529412	0.5647058823529412	0.5647058823529412
A	O3'_2	210.893	298.047	182.034	1.0	0.050980392156862744	0.050980392156862744
A	C2'_2	212.259	297.816	180.003	0.5647058823529412	0.5647058823529412	0.5647058823529412
A	O2'_2	211.993	296.429	180.048	1.0	0.050980392156862744	0.050980392156862744
A	C1'_2	212.021	298.331	178.58	0.5647058823529412	0.5647058823529412	0.5647058823529412
A	N9_2	212.888	299.451	178.201	0.18823529411764706	0.3137254901960784	0.9725490196078431
A	C8_2	212.519	300.758	177.978	0.5647058823529412	0.5647058823529412	0.5647058823529412
A	N7_2	213.516	301.541	177.642	0.18823529411764706	0.3137254901960784	0.9725490196078431
A	C5_2	214.617	300.698	177.644	0.5647058823529412	0.5647058823529412	0.5647058823529412
A	C6_2	215.975	300.923	177.371	0.5647058823529412	0.5647058823529412	0.5647058823529412
A	N6_2	216.468	302.116	177.035	0.18823529411764706	0.3137254901960784	0.9725490196078431
A	N1_2	216.819	299.87	177.459	0.18823529411764706	0.3137254901960784	0.9725490196078431
A	C2_2	216.319	298.677	177.804	0.5647058823529412	0.5647058823529412	0.5647058823529412
A	N3_2	215.059	298.339	178.089	0.18823529411764706	0.3137254901960784	0.9725490196078431
A	C4_2	214.247	299.407	177.988	0.5647058823529412	0.5647058823529412	0.5647058823529412
