G	P_1	259.308	122.969	220.389	1.0	0.5019607843137255	0.0
G	OP1_1	260.129	122.54	221.56	1.0	0.050980392156862744	0.050980392156862744
G	OP2_1	258.949	124.404	220.231	1.0	0.050980392156862744	0.050980392156862744
G	O5'_1	260.06	122.506	219.063	1.0	0.050980392156862744	0.050980392156862744
G	C5'_1	260.695	121.214	218.973	0.5647058823529412	0.5647058823529412	0.5647058823529412
G	C4'_1	261.017	120.898	217.531	0.5647058823529412	0.5647058823529412	0.5647058823529412
G	O4'_1	259.775	120.87	216.772	1.0	0.050980392156862744	0.050980392156862744
G	C3'_1	261.876	121.926	216.806	0.5647058823529412	0.5647058823529412	0.5647058823529412
G	O3'_1	263.274	121.743	217.055	1.0	0.050980392156862744	0.050980392156862744
G	C2'_1	261.493	121.696	215.348	0.5647058823529412	0.5647058823529412	0.5647058823529412
G	O2'_1	262.136	120.577	214.773	1.0	0.050980392156862744	0.050980392156862744
G	C1'_1	259.992	121.415	215.478	0.5647058823529412	0.5647058823529412	0.5647058823529412
G	N9_1	259.184	122.627	215.351	0.18823529411764706	0.3137254901960784	0.9725490196078431
G	C8_1	258.796	123.475	216.362	0.5647058823529412	0.5647058823529412	0.5647058823529412
G	N7_1	258.104	124.498	215.938	0.18823529411764706	0.3137254901960784	0.9725490196078431
G	C5_1	258.021	124.313	214.565	0.5647058823529412	0.5647058823529412	0.5647058823529412
G	C6_1	257.397	125.107	213.569	0.5647058823529412	0.5647058823529412	0.5647058823529412
G	O6_1	256.775	126.167	213.708	1.0	0.050980392156862744	0.050980392156862744
G	N1_1	257.554	124.552	212.301	0.18823529411764706	0.3137254901960784	0.9725490196078431
G	C2_1	258.226	123.383	212.025	0.5647058823529412	0.5647058823529412	0.5647058823529412
G	N2_1	258.264	123.01	210.734	0.18823529411764706	0.3137254901960784	0.9725490196078431
G	N3_1	258.816	122.635	212.947	0.18823529411764706	0.3137254901960784	0.9725490196078431
G	C4_1	258.676	123.157	214.186	0.5647058823529412	0.5647058823529412	0.5647058823529412
A	P_2	258.421	121.965	204.818	1.0	0.5019607843137255	0.0
A	OP1_2	257.51	120.932	204.251	1.0	0.050980392156862744	0.050980392156862744
A	OP2_2	258.147	122.511	206.175	1.0	0.050980392156862744	0.050980392156862744
A	O5'_2	259.895	121.358	204.798	1.0	0.050980392156862744	0.050980392156862744
A	C5'_2	260.3	120.4	203.79	0.5647058823529412	0.5647058823529412	0.5647058823529412
A	C4'_2	260.685	119.084	204.439	0.5647058823529412	0.5647058823529412	0.5647058823529412
A	O4'_2	261.604	119.349	205.536	1.0	0.050980392156862744	0.050980392156862744
A	C3'_2	259.558	118.288	205.087	0.5647058823529412	0.5647058823529412	0.5647058823529412
A	O3'_2	258.886	117.484	204.122	1.0	0.050980392156862744	0.050980392156862744
A	C2'_2	260.302	117.438	206.112	0.5647058823529412	0.5647058823529412	0.5647058823529412
A	O2'_2	260.909	116.29	205.553	1.0	0.050980392156862744	0.050980392156862744
A	C1'_2	261.39	118.408	206.579	0.5647058823529412	0.5647058823529412	0.5647058823529412
A	N9_2	261.059	119.132	207.81	0.18823529411764706	0.3137254901960784	0.9725490196078431
A	C8_2	260.462	120.365	207.953	0.5647058823529412	0.5647058823529412	0.5647058823529412
A	N7_2	260.31	120.736	209.202	0.18823529411764706	0.3137254901960784	0.9725490196078431
A	C5_2	260.839	119.678	209.931	0.5647058823529412	0.5647058823529412	0.5647058823529412
A	C6_2	260.979	119.459	211.313	0.5647058823529412	0.5647058823529412	0.5647058823529412
A	N6_2	260.578	120.328	212.244	0.18823529411764706	0.3137254901960784	0.9725490196078431
A	N1_2	261.552	118.3	211.711	0.18823529411764706	0.3137254901960784	0.9725490196078431
A	C2_2	261.948	117.427	210.775	0.5647058823529412	0.5647058823529412	0.5647058823529412
A	N3_2	261.871	117.52	209.451	0.18823529411764706	0.3137254901960784	0.9725490196078431
A	C4_2	261.301	118.684	209.088	0.5647058823529412	0.5647058823529412	0.5647058823529412
