G	P_1	238.388	155.707	134.549	1.0	0.5019607843137255	0.0
G	OP1_1	239.743	156.22	134.903	1.0	0.050980392156862744	0.050980392156862744
G	OP2_1	238.248	154.34	133.964	1.0	0.050980392156862744	0.050980392156862744
G	O5'_1	237.485	155.797	135.857	1.0	0.050980392156862744	0.050980392156862744
G	C5'_1	237.299	157.049	136.55	0.5647058823529412	0.5647058823529412	0.5647058823529412
G	C4'_1	236.045	156.983	137.382	0.5647058823529412	0.5647058823529412	0.5647058823529412
G	O4'_1	234.889	156.845	136.506	1.0	0.050980392156862744	0.050980392156862744
G	C3'_1	235.98	155.764	138.281	0.5647058823529412	0.5647058823529412	0.5647058823529412
G	O3'_1	236.687	155.976	139.493	1.0	0.050980392156862744	0.050980392156862744
G	C2'_1	234.482	155.566	138.462	0.5647058823529412	0.5647058823529412	0.5647058823529412
G	O2'_1	233.936	156.477	139.398	1.0	0.050980392156862744	0.050980392156862744
G	C1'_1	233.964	155.918	137.063	0.5647058823529412	0.5647058823529412	0.5647058823529412
G	N9_1	233.856	154.783	136.142	0.18823529411764706	0.3137254901960784	0.9725490196078431
G	C8_1	234.867	154.27	135.362	0.5647058823529412	0.5647058823529412	0.5647058823529412
G	N7_1	234.478	153.288	134.594	0.18823529411764706	0.3137254901960784	0.9725490196078431
G	C5_1	233.13	153.131	134.888	0.5647058823529412	0.5647058823529412	0.5647058823529412
G	C6_1	232.182	152.221	134.356	0.5647058823529412	0.5647058823529412	0.5647058823529412
G	O6_1	232.346	151.361	133.48	1.0	0.050980392156862744	0.050980392156862744
G	N1_1	230.931	152.386	134.941	0.18823529411764706	0.3137254901960784	0.9725490196078431
G	C2_1	230.627	153.311	135.908	0.5647058823529412	0.5647058823529412	0.5647058823529412
G	N2_1	229.359	153.304	136.351	0.18823529411764706	0.3137254901960784	0.9725490196078431
G	N3_1	231.502	154.178	136.406	0.18823529411764706	0.3137254901960784	0.9725490196078431
G	C4_1	232.728	154.032	135.853	0.5647058823529412	0.5647058823529412	0.5647058823529412
A	P_2	224.219	151.634	136.799	1.0	0.5019607843137255	0.0
A	OP1_2	222.824	151.385	136.332	1.0	0.050980392156862744	0.050980392156862744
A	OP2_2	225.23	152.163	135.84	1.0	0.050980392156862744	0.050980392156862744
A	O5'_2	224.145	152.605	138.063	1.0	0.050980392156862744	0.050980392156862744
A	C5'_2	223.23	152.339	139.154	0.5647058823529412	0.5647058823529412	0.5647058823529412
A	C4'_2	223.458	153.326	140.28	0.5647058823529412	0.5647058823529412	0.5647058823529412
A	O4'_2	224.775	153.12	140.856	1.0	0.050980392156862744	0.050980392156862744
A	C3'_2	223.446	154.79	139.867	0.5647058823529412	0.5647058823529412	0.5647058823529412
A	O3'_2	222.113	155.284	139.819	1.0	0.050980392156862744	0.050980392156862744
A	C2'_2	224.286	155.449	140.956	0.5647058823529412	0.5647058823529412	0.5647058823529412
A	O2'_2	223.573	155.667	142.155	1.0	0.050980392156862744	0.050980392156862744
A	C1'_2	225.343	154.371	141.211	0.5647058823529412	0.5647058823529412	0.5647058823529412
A	N9_2	226.571	154.545	140.435	0.18823529411764706	0.3137254901960784	0.9725490196078431
A	C8_2	226.804	154.16	139.134	0.5647058823529412	0.5647058823529412	0.5647058823529412
A	N7_2	228.022	154.417	138.717	0.18823529411764706	0.3137254901960784	0.9725490196078431
A	C5_2	228.628	155.017	139.811	0.5647058823529412	0.5647058823529412	0.5647058823529412
A	C6_2	229.92	155.52	140.009	0.5647058823529412	0.5647058823529412	0.5647058823529412
A	N6_2	230.872	155.495	139.075	0.18823529411764706	0.3137254901960784	0.9725490196078431
A	N1_2	230.207	156.058	141.212	0.18823529411764706	0.3137254901960784	0.9725490196078431
A	C2_2	229.247	156.087	142.145	0.5647058823529412	0.5647058823529412	0.5647058823529412
A	N3_2	227.993	155.646	142.08	0.18823529411764706	0.3137254901960784	0.9725490196078431
A	C4_2	227.744	155.114	140.872	0.5647058823529412	0.5647058823529412	0.5647058823529412
