G	P_1	240.615	242.375	210.075	1.0	0.5019607843137255	0.0
G	OP1_1	239.568	243.376	209.725	1.0	0.050980392156862744	0.050980392156862744
G	OP2_1	241.438	242.571	211.3	1.0	0.050980392156862744	0.050980392156862744
G	O5'_1	239.916	240.946	210.183	1.0	0.050980392156862744	0.050980392156862744
G	C5'_1	239.045	240.462	209.14	0.5647058823529412	0.5647058823529412	0.5647058823529412
G	C4'_1	238.795	238.98	209.314	0.5647058823529412	0.5647058823529412	0.5647058823529412
G	O4'_1	240.066	238.273	209.241	1.0	0.050980392156862744	0.050980392156862744
G	C3'_1	238.216	238.547	210.654	0.5647058823529412	0.5647058823529412	0.5647058823529412
G	O3'_1	236.799	238.713	210.715	1.0	0.050980392156862744	0.050980392156862744
G	C2'_1	238.636	237.083	210.723	0.5647058823529412	0.5647058823529412	0.5647058823529412
G	O2'_1	237.828	236.23	209.936	1.0	0.050980392156862744	0.050980392156862744
G	C1'_1	240.038	237.15	210.11	0.5647058823529412	0.5647058823529412	0.5647058823529412
G	N9_1	241.066	237.323	211.133	0.18823529411764706	0.3137254901960784	0.9725490196078431
G	C8_1	241.603	238.507	211.592	0.5647058823529412	0.5647058823529412	0.5647058823529412
G	N7_1	242.469	238.339	212.558	0.18823529411764706	0.3137254901960784	0.9725490196078431
G	C5_1	242.514	236.963	212.741	0.5647058823529412	0.5647058823529412	0.5647058823529412
G	C6_1	243.258	236.188	213.66	0.5647058823529412	0.5647058823529412	0.5647058823529412
G	O6_1	244.048	236.577	214.533	1.0	0.050980392156862744	0.050980392156862744
G	N1_1	243.009	234.825	213.497	0.18823529411764706	0.3137254901960784	0.9725490196078431
G	C2_1	242.147	234.284	212.573	0.5647058823529412	0.5647058823529412	0.5647058823529412
G	N2_1	242.044	232.947	212.566	0.18823529411764706	0.3137254901960784	0.9725490196078431
G	N3_1	241.437	234.999	211.719	0.18823529411764706	0.3137254901960784	0.9725490196078431
G	C4_1	241.668	236.32	211.857	0.5647058823529412	0.5647058823529412	0.5647058823529412
A	P_2	242.783	226.493	211.686	1.0	0.5019607843137255	0.0
A	OP1_2	243.137	225.281	210.884	1.0	0.050980392156862744	0.050980392156862744
A	OP2_2	243.526	227.765	211.462	1.0	0.050980392156862744	0.050980392156862744
A	O5'_2	241.229	226.785	211.477	1.0	0.050980392156862744	0.050980392156862744
A	C5'_2	240.3	225.711	211.23	0.5647058823529412	0.5647058823529412	0.5647058823529412
A	C4'_2	239.36	226.091	210.112	0.5647058823529412	0.5647058823529412	0.5647058823529412
A	O4'_2	238.701	227.341	210.456	1.0	0.050980392156862744	0.050980392156862744
A	C3'_2	240.006	226.371	208.761	0.5647058823529412	0.5647058823529412	0.5647058823529412
A	O3'_2	240.217	225.154	208.034	1.0	0.050980392156862744	0.050980392156862744
A	C2'_2	238.971	227.269	208.083	0.5647058823529412	0.5647058823529412	0.5647058823529412
A	O2'_2	237.902	226.54	207.509	1.0	0.050980392156862744	0.050980392156862744
A	C1'_2	238.439	228.082	209.273	0.5647058823529412	0.5647058823529412	0.5647058823529412
A	N9_2	239.004	229.429	209.414	0.18823529411764706	0.3137254901960784	0.9725490196078431
A	C8_2	239.844	229.913	210.394	0.5647058823529412	0.5647058823529412	0.5647058823529412
A	N7_2	240.154	231.182	210.249	0.18823529411764706	0.3137254901960784	0.9725490196078431
A	C5_2	239.478	231.562	209.094	0.5647058823529412	0.5647058823529412	0.5647058823529412
A	C6_2	239.387	232.799	208.401	0.5647058823529412	0.5647058823529412	0.5647058823529412
A	N6_2	240.002	233.922	208.794	0.18823529411764706	0.3137254901960784	0.9725490196078431
A	N1_2	238.629	232.836	207.277	0.18823529411764706	0.3137254901960784	0.9725490196078431
A	C2_2	238.004	231.712	206.886	0.5647058823529412	0.5647058823529412	0.5647058823529412
A	N3_2	238.007	230.499	207.452	0.18823529411764706	0.3137254901960784	0.9725490196078431
A	C4_2	238.77	230.491	208.566	0.5647058823529412	0.5647058823529412	0.5647058823529412
