G	P_1	218.914	256.603	187.803	1.0	0.5019607843137255	0.0
G	OP1_1	219.992	256.092	186.907	1.0	0.050980392156862744	0.050980392156862744
G	OP2_1	219.111	256.565	189.278	1.0	0.050980392156862744	0.050980392156862744
G	O5'_1	218.607	258.108	187.373	1.0	0.050980392156862744	0.050980392156862744
G	C5'_1	218.006	258.403	186.095	0.5647058823529412	0.5647058823529412	0.5647058823529412
G	C4'_1	216.769	259.248	186.285	0.5647058823529412	0.5647058823529412	0.5647058823529412
G	O4'_1	215.933	258.618	187.292	1.0	0.050980392156862744	0.050980392156862744
G	C3'_1	216.992	260.668	186.793	0.5647058823529412	0.5647058823529412	0.5647058823529412
G	O3'_1	217.306	261.503	185.663	1.0	0.050980392156862744	0.050980392156862744
G	C2'_1	215.657	260.975	187.474	0.5647058823529412	0.5647058823529412	0.5647058823529412
G	O2'_1	214.64	261.31	186.549	1.0	0.050980392156862744	0.050980392156862744
G	C1'_1	215.302	259.613	188.082	0.5647058823529412	0.5647058823529412	0.5647058823529412
G	N9_1	215.689	259.408	189.478	0.18823529411764706	0.3137254901960784	0.9725490196078431
G	C8_1	216.961	259.217	189.971	0.5647058823529412	0.5647058823529412	0.5647058823529412
G	N7_1	216.989	259.043	191.266	0.18823529411764706	0.3137254901960784	0.9725490196078431
G	C5_1	215.657	259.12	191.656	0.5647058823529412	0.5647058823529412	0.5647058823529412
G	C6_1	215.069	259.006	192.948	0.5647058823529412	0.5647058823529412	0.5647058823529412
G	O6_1	215.626	258.802	194.037	1.0	0.050980392156862744	0.050980392156862744
G	N1_1	213.688	259.157	192.894	0.18823529411764706	0.3137254901960784	0.9725490196078431
G	C2_1	212.958	259.39	191.747	0.5647058823529412	0.5647058823529412	0.5647058823529412
G	N2_1	211.627	259.523	191.906	0.18823529411764706	0.3137254901960784	0.9725490196078431
G	N3_1	213.493	259.491	190.534	0.18823529411764706	0.3137254901960784	0.9725490196078431
G	C4_1	214.839	259.349	190.565	0.5647058823529412	0.5647058823529412	0.5647058823529412
A	P_2	207.651	260.692	193.906	1.0	0.5019607843137255	0.0
A	OP1_2	206.63	260.187	194.869	1.0	0.050980392156862744	0.050980392156862744
A	OP2_2	208.954	259.988	193.79	1.0	0.050980392156862744	0.050980392156862744
A	O5'_2	206.982	260.736	192.458	1.0	0.050980392156862744	0.050980392156862744
A	C5'_2	205.677	261.321	192.258	0.5647058823529412	0.5647058823529412	0.5647058823529412
A	C4'_2	205.432	261.579	190.783	0.5647058823529412	0.5647058823529412	0.5647058823529412
A	O4'_2	206.498	262.422	190.265	1.0	0.050980392156862744	0.050980392156862744
A	C3'_2	205.443	260.371	189.853	0.5647058823529412	0.5647058823529412	0.5647058823529412
A	O3'_2	204.19	259.688	189.828	1.0	0.050980392156862744	0.050980392156862744
A	C2'_2	205.751	261.009	188.505	0.5647058823529412	0.5647058823529412	0.5647058823529412
A	O2'_2	204.629	261.624	187.906	1.0	0.050980392156862744	0.050980392156862744
A	C1'_2	206.76	262.084	188.91	0.5647058823529412	0.5647058823529412	0.5647058823529412
A	N9_2	208.139	261.604	188.803	0.18823529411764706	0.3137254901960784	0.9725490196078431
A	C8_2	209.045	261.374	189.813	0.5647058823529412	0.5647058823529412	0.5647058823529412
A	N7_2	210.206	260.935	189.392	0.18823529411764706	0.3137254901960784	0.9725490196078431
A	C5_2	210.059	260.873	188.012	0.5647058823529412	0.5647058823529412	0.5647058823529412
A	C6_2	210.938	260.481	186.983	0.5647058823529412	0.5647058823529412	0.5647058823529412
A	N6_2	212.19	260.067	187.203	0.18823529411764706	0.3137254901960784	0.9725490196078431
A	N1_2	210.482	260.53	185.71	0.18823529411764706	0.3137254901960784	0.9725490196078431
A	C2_2	209.225	260.944	185.497	0.5647058823529412	0.5647058823529412	0.5647058823529412
A	N3_2	208.303	261.341	186.379	0.18823529411764706	0.3137254901960784	0.9725490196078431
A	C4_2	208.79	261.282	187.633	0.5647058823529412	0.5647058823529412	0.5647058823529412
