A	P_1	127.278	228.759	186.014	1.0	0.5019607843137255	0.0
A	OP1_1	128.467	228.64	186.903	1.0	0.050980392156862744	0.050980392156862744
A	OP2_1	125.959	228.243	186.478	1.0	0.050980392156862744	0.050980392156862744
A	O5'_1	127.106	230.304	185.649	1.0	0.050980392156862744	0.050980392156862744
A	C5'_1	127.929	230.901	184.623	0.5647058823529412	0.5647058823529412	0.5647058823529412
A	C4'_1	127.303	232.17	184.082	0.5647058823529412	0.5647058823529412	0.5647058823529412
A	O4'_1	125.927	231.91	183.683	1.0	0.050980392156862744	0.050980392156862744
A	C3'_1	127.257	233.385	185.006	0.5647058823529412	0.5647058823529412	0.5647058823529412
A	O3'_1	127.493	234.547	184.224	1.0	0.050980392156862744	0.050980392156862744
A	C2'_1	125.823	233.371	185.529	0.5647058823529412	0.5647058823529412	0.5647058823529412
A	O2'_1	125.353	234.656	185.891	1.0	0.050980392156862744	0.050980392156862744
A	C1'_1	125.061	232.842	184.314	0.5647058823529412	0.5647058823529412	0.5647058823529412
A	N9_1	123.821	232.147	184.67	0.18823529411764706	0.3137254901960784	0.9725490196078431
A	C8_1	123.673	230.824	185.029	0.5647058823529412	0.5647058823529412	0.5647058823529412
A	N7_1	122.43	230.481	185.275	0.18823529411764706	0.3137254901960784	0.9725490196078431
A	C5_1	121.71	231.653	185.071	0.5647058823529412	0.5647058823529412	0.5647058823529412
A	C6_1	120.336	231.948	185.167	0.5647058823529412	0.5647058823529412	0.5647058823529412
A	N6_1	119.409	231.045	185.507	0.18823529411764706	0.3137254901960784	0.9725490196078431
A	N1_1	119.945	233.215	184.899	0.18823529411764706	0.3137254901960784	0.9725490196078431
A	C2_1	120.879	234.118	184.559	0.5647058823529412	0.5647058823529412	0.5647058823529412
A	N3_1	122.2	233.961	184.433	0.18823529411764706	0.3137254901960784	0.9725490196078431
A	C4_1	122.555	232.69	184.704	0.5647058823529412	0.5647058823529412	0.5647058823529412
G	P_2	111.061	228.417	183.518	1.0	0.5019607843137255	0.0
G	OP1_2	110.315	229.514	182.834	1.0	0.050980392156862744	0.050980392156862744
G	OP2_2	111.324	227.145	182.794	1.0	0.050980392156862744	0.050980392156862744
G	O5'_2	112.461	228.997	184.018	1.0	0.050980392156862744	0.050980392156862744
G	C5'_2	112.521	230.191	184.827	0.5647058823529412	0.5647058823529412	0.5647058823529412
G	C4'_2	113.927	230.406	185.35	0.5647058823529412	0.5647058823529412	0.5647058823529412
G	O4'_2	114.316	229.297	186.208	1.0	0.050980392156862744	0.050980392156862744
G	C3'_2	115.036	230.459	184.308	0.5647058823529412	0.5647058823529412	0.5647058823529412
G	O3'_2	115.108	231.737	183.671	1.0	0.050980392156862744	0.050980392156862744
G	C2'_2	116.275	230.151	185.146	0.5647058823529412	0.5647058823529412	0.5647058823529412
G	O2'_2	116.738	231.258	185.893	1.0	0.050980392156862744	0.050980392156862744
G	C1'_2	115.725	229.105	186.121	0.5647058823529412	0.5647058823529412	0.5647058823529412
G	N9_2	116.0	227.718	185.741	0.18823529411764706	0.3137254901960784	0.9725490196078431
G	C8_2	115.085	226.74	185.412	0.5647058823529412	0.5647058823529412	0.5647058823529412
G	N7_2	115.638	225.582	185.163	0.18823529411764706	0.3137254901960784	0.9725490196078431
G	C5_2	117.0	225.808	185.326	0.5647058823529412	0.5647058823529412	0.5647058823529412
G	C6_2	118.099	224.919	185.196	0.5647058823529412	0.5647058823529412	0.5647058823529412
G	O6_2	118.084	223.714	184.914	1.0	0.050980392156862744	0.050980392156862744
G	N1_2	119.31	225.561	185.438	0.18823529411764706	0.3137254901960784	0.9725490196078431
G	C2_2	119.446	226.885	185.772	0.5647058823529412	0.5647058823529412	0.5647058823529412
G	N2_2	120.704	227.318	185.966	0.18823529411764706	0.3137254901960784	0.9725490196078431
G	N3_2	118.427	227.724	185.906	0.18823529411764706	0.3137254901960784	0.9725490196078431
G	C4_2	117.242	227.121	185.67	0.5647058823529412	0.5647058823529412	0.5647058823529412
