A	P_1	215.141	167.559	264.246	1.0	0.5019607843137255	0.0
A	OP1_1	216.601	167.314	264.392	1.0	0.050980392156862744	0.050980392156862744
A	OP2_1	214.652	168.939	263.987	1.0	0.050980392156862744	0.050980392156862744
A	O5'_1	214.601	166.615	263.083	1.0	0.050980392156862744	0.050980392156862744
A	C5'_1	215.037	165.244	262.983	0.5647058823529412	0.5647058823529412	0.5647058823529412
A	C4'_1	214.655	164.671	261.639	0.5647058823529412	0.5647058823529412	0.5647058823529412
A	O4'_1	213.212	164.545	261.55	1.0	0.050980392156862744	0.050980392156862744
A	C3'_1	215.04	165.514	260.433	0.5647058823529412	0.5647058823529412	0.5647058823529412
A	O3'_1	216.394	165.269	260.058	1.0	0.050980392156862744	0.050980392156862744
A	C2'_1	214.056	165.034	259.371	0.5647058823529412	0.5647058823529412	0.5647058823529412
A	O2'_1	214.462	163.822	258.768	1.0	0.050980392156862744	0.050980392156862744
A	C1'_1	212.798	164.773	260.211	0.5647058823529412	0.5647058823529412	0.5647058823529412
A	N9_1	211.807	165.851	260.205	0.18823529411764706	0.3137254901960784	0.9725490196078431
A	C8_1	211.419	166.646	261.259	0.5647058823529412	0.5647058823529412	0.5647058823529412
A	N7_1	210.484	167.511	260.953	0.18823529411764706	0.3137254901960784	0.9725490196078431
A	C5_1	210.239	167.277	259.608	0.5647058823529412	0.5647058823529412	0.5647058823529412
A	C6_1	209.352	167.875	258.691	0.5647058823529412	0.5647058823529412	0.5647058823529412
A	N6_1	208.51	168.861	259.013	0.18823529411764706	0.3137254901960784	0.9725490196078431
A	N1_1	209.361	167.42	257.418	0.18823529411764706	0.3137254901960784	0.9725490196078431
A	C2_1	210.212	166.428	257.097	0.5647058823529412	0.5647058823529412	0.5647058823529412
A	N3_1	211.093	165.783	257.872	0.18823529411764706	0.3137254901960784	0.9725490196078431
A	C4_1	211.054	166.262	259.13	0.5647058823529412	0.5647058823529412	0.5647058823529412
G	P_2	202.73	175.677	258.414	1.0	0.5019607843137255	0.0
G	OP1_2	201.849	175.56	257.22	1.0	0.050980392156862744	0.050980392156862744
G	OP2_2	202.14	176.043	259.732	1.0	0.050980392156862744	0.050980392156862744
G	O5'_2	203.527	174.309	258.581	1.0	0.050980392156862744	0.050980392156862744
G	C5'_2	204.354	173.813	257.51	0.5647058823529412	0.5647058823529412	0.5647058823529412
G	C4'_2	205.071	172.559	257.935	0.5647058823529412	0.5647058823529412	0.5647058823529412
G	O4'_2	206.13	172.87	258.875	1.0	0.050980392156862744	0.050980392156862744
G	C3'_2	204.225	171.538	258.675	0.5647058823529412	0.5647058823529412	0.5647058823529412
G	O3'_2	203.437	170.796	257.75	1.0	0.050980392156862744	0.050980392156862744
G	C2'_2	205.286	170.691	259.372	0.5647058823529412	0.5647058823529412	0.5647058823529412
G	O2'_2	205.875	169.75	258.5	1.0	0.050980392156862744	0.050980392156862744
G	C1'_2	206.345	171.748	259.719	0.5647058823529412	0.5647058823529412	0.5647058823529412
G	N9_2	206.365	172.198	261.111	0.18823529411764706	0.3137254901960784	0.9725490196078431
G	C8_2	205.65	173.241	261.663	0.5647058823529412	0.5647058823529412	0.5647058823529412
G	N7_2	205.893	173.415	262.937	0.18823529411764706	0.3137254901960784	0.9725490196078431
G	C5_2	206.821	172.426	263.25	0.5647058823529412	0.5647058823529412	0.5647058823529412
G	C6_2	207.458	172.114	264.488	0.5647058823529412	0.5647058823529412	0.5647058823529412
G	O6_2	207.329	172.677	265.585	1.0	0.050980392156862744	0.050980392156862744
G	N1_2	208.323	171.028	264.362	0.18823529411764706	0.3137254901960784	0.9725490196078431
G	C2_2	208.553	170.333	263.202	0.5647058823529412	0.5647058823529412	0.5647058823529412
G	N2_2	209.431	169.319	263.291	0.18823529411764706	0.3137254901960784	0.9725490196078431
G	N3_2	207.969	170.611	262.04	0.18823529411764706	0.3137254901960784	0.9725490196078431
G	C4_2	207.12	171.662	262.137	0.5647058823529412	0.5647058823529412	0.5647058823529412
