A	P_1	285.72	191.498	191.003	1.0	0.5019607843137255	0.0
A	OP1_1	285.618	190.77	192.302	1.0	0.050980392156862744	0.050980392156862744
A	OP2_1	286.914	191.285	190.138	1.0	0.050980392156862744	0.050980392156862744
A	O5'_1	284.413	191.182	190.141	1.0	0.050980392156862744	0.050980392156862744
A	C5'_1	283.099	191.228	190.737	0.5647058823529412	0.5647058823529412	0.5647058823529412
A	C4'_1	282.029	191.184	189.667	0.5647058823529412	0.5647058823529412	0.5647058823529412
A	O4'_1	282.093	192.389	188.855	1.0	0.050980392156862744	0.050980392156862744
A	C3'_1	282.13	190.052	188.654	0.5647058823529412	0.5647058823529412	0.5647058823529412
A	O3'_1	281.588	188.834	189.161	1.0	0.050980392156862744	0.050980392156862744
A	C2'_1	281.321	190.6	187.481	0.5647058823529412	0.5647058823529412	0.5647058823529412
A	O2'_1	279.924	190.478	187.675	1.0	0.050980392156862744	0.050980392156862744
A	C1'_1	281.702	192.084	187.521	0.5647058823529412	0.5647058823529412	0.5647058823529412
A	N9_1	282.796	192.451	186.617	0.18823529411764706	0.3137254901960784	0.9725490196078431
A	C8_1	284.127	192.618	186.928	0.5647058823529412	0.5647058823529412	0.5647058823529412
A	N7_1	284.867	192.997	185.91	0.18823529411764706	0.3137254901960784	0.9725490196078431
A	C5_1	283.967	193.077	184.856	0.5647058823529412	0.5647058823529412	0.5647058823529412
A	C6_1	284.126	193.444	183.505	0.5647058823529412	0.5647058823529412	0.5647058823529412
A	N6_1	285.297	193.814	182.975	0.18823529411764706	0.3137254901960784	0.9725490196078431
A	N1_1	283.027	193.421	182.714	0.18823529411764706	0.3137254901960784	0.9725490196078431
A	C2_1	281.855	193.052	183.256	0.5647058823529412	0.5647058823529412	0.5647058823529412
A	N3_1	281.579	192.692	184.512	0.18823529411764706	0.3137254901960784	0.9725490196078431
A	C4_1	282.689	192.729	185.272	0.5647058823529412	0.5647058823529412	0.5647058823529412
G	P_2	290.914	198.96	179.601	1.0	0.5019607843137255	0.0
G	OP1_2	290.488	200.082	178.719	1.0	0.050980392156862744	0.050980392156862744
G	OP2_2	292.158	199.095	180.403	1.0	0.050980392156862744	0.050980392156862744
G	O5'_2	289.712	198.616	180.591	1.0	0.050980392156862744	0.050980392156862744
G	C5'_2	288.398	198.304	180.078	0.5647058823529412	0.5647058823529412	0.5647058823529412
G	C4'_2	287.518	197.742	181.175	0.5647058823529412	0.5647058823529412	0.5647058823529412
G	O4'_2	288.029	196.455	181.622	1.0	0.050980392156862744	0.050980392156862744
G	C3'_2	287.421	198.546	182.463	0.5647058823529412	0.5647058823529412	0.5647058823529412
G	O3'_2	286.536	199.653	182.342	1.0	0.050980392156862744	0.050980392156862744
G	C2'_2	286.91	197.498	183.446	0.5647058823529412	0.5647058823529412	0.5647058823529412
G	O2'_2	285.527	197.243	183.308	1.0	0.050980392156862744	0.050980392156862744
G	C1'_2	287.685	196.26	182.989	0.5647058823529412	0.5647058823529412	0.5647058823529412
G	N9_2	288.907	196.056	183.765	0.18823529411764706	0.3137254901960784	0.9725490196078431
G	C8_2	290.106	196.728	183.635	0.5647058823529412	0.5647058823529412	0.5647058823529412
G	N7_2	291.009	196.344	184.499	0.18823529411764706	0.3137254901960784	0.9725490196078431
G	C5_2	290.375	195.352	185.241	0.5647058823529412	0.5647058823529412	0.5647058823529412
G	C6_2	290.855	194.564	186.333	0.5647058823529412	0.5647058823529412	0.5647058823529412
G	O6_2	291.97	194.596	186.875	1.0	0.050980392156862744	0.050980392156862744
G	N1_2	289.88	193.673	186.792	0.18823529411764706	0.3137254901960784	0.9725490196078431
G	C2_2	288.608	193.554	186.278	0.5647058823529412	0.5647058823529412	0.5647058823529412
G	N2_2	287.812	192.64	186.868	0.18823529411764706	0.3137254901960784	0.9725490196078431
G	N3_2	288.146	194.283	185.261	0.18823529411764706	0.3137254901960784	0.9725490196078431
G	C4_2	289.078	195.155	184.796	0.5647058823529412	0.5647058823529412	0.5647058823529412
