G	P_1	262.642	141.857	157.764	1.0	0.5019607843137255	0.0
G	OP1_1	262.748	140.572	157.012	1.0	0.050980392156862744	0.050980392156862744
G	OP2_1	262.26	143.098	157.042	1.0	0.050980392156862744	0.050980392156862744
G	O5'_1	261.614	141.666	158.966	1.0	0.050980392156862744	0.050980392156862744
G	C5'_1	261.496	140.401	159.649	0.5647058823529412	0.5647058823529412	0.5647058823529412
G	C4'_1	260.583	140.537	160.848	0.5647058823529412	0.5647058823529412	0.5647058823529412
G	O4'_1	261.184	141.44	161.818	1.0	0.050980392156862744	0.050980392156862744
G	C3'_1	259.208	141.144	160.594	0.5647058823529412	0.5647058823529412	0.5647058823529412
G	O3'_1	258.275	140.211	160.037	1.0	0.050980392156862744	0.050980392156862744
G	C2'_1	258.817	141.621	161.989	0.5647058823529412	0.5647058823529412	0.5647058823529412
G	O2'_1	258.35	140.588	162.837	1.0	0.050980392156862744	0.050980392156862744
G	C1'_1	260.16	142.142	162.511	0.5647058823529412	0.5647058823529412	0.5647058823529412
G	N9_1	260.304	143.573	162.252	0.18823529411764706	0.3137254901960784	0.9725490196078431
G	C8_1	260.944	144.176	161.189	0.5647058823529412	0.5647058823529412	0.5647058823529412
G	N7_1	260.843	145.48	161.202	0.18823529411764706	0.3137254901960784	0.9725490196078431
G	C5_1	260.103	145.758	162.348	0.5647058823529412	0.5647058823529412	0.5647058823529412
G	C6_1	259.656	147.001	162.88	0.5647058823529412	0.5647058823529412	0.5647058823529412
G	O6_1	259.823	148.139	162.424	1.0	0.050980392156862744	0.050980392156862744
G	N1_1	258.939	146.825	164.063	0.18823529411764706	0.3137254901960784	0.9725490196078431
G	C2_1	258.677	145.614	164.655	0.5647058823529412	0.5647058823529412	0.5647058823529412
G	N2_1	257.974	145.654	165.798	0.18823529411764706	0.3137254901960784	0.9725490196078431
G	N3_1	259.076	144.448	164.164	0.18823529411764706	0.3137254901960784	0.9725490196078431
G	C4_1	259.779	144.594	163.018	0.5647058823529412	0.5647058823529412	0.5647058823529412
A	P_2	256.029	149.279	166.319	1.0	0.5019607843137255	0.0
A	OP1_2	256.071	150.752	166.113	1.0	0.050980392156862744	0.050980392156862744
A	OP2_2	257.169	148.44	165.854	1.0	0.050980392156862744	0.050980392156862744
A	O5'_2	255.79	149.006	167.874	1.0	0.050980392156862744	0.050980392156862744
A	C5'_2	254.694	149.635	168.586	0.5647058823529412	0.5647058823529412	0.5647058823529412
A	C4'_2	254.425	148.907	169.887	0.5647058823529412	0.5647058823529412	0.5647058823529412
A	O4'_2	253.997	147.546	169.608	1.0	0.050980392156862744	0.050980392156862744
A	C3'_2	255.63	148.747	170.798	0.5647058823529412	0.5647058823529412	0.5647058823529412
A	O3'_2	255.824	149.923	171.584	1.0	0.050980392156862744	0.050980392156862744
A	C2'_2	255.253	147.527	171.634	0.5647058823529412	0.5647058823529412	0.5647058823529412
A	O2'_2	254.368	147.829	172.695	1.0	0.050980392156862744	0.050980392156862744
A	C1'_2	254.51	146.668	170.602	0.5647058823529412	0.5647058823529412	0.5647058823529412
A	N9_2	255.327	145.643	169.939	0.18823529411764706	0.3137254901960784	0.9725490196078431
A	C8_2	256.468	145.823	169.186	0.5647058823529412	0.5647058823529412	0.5647058823529412
A	N7_2	256.967	144.706	168.706	0.18823529411764706	0.3137254901960784	0.9725490196078431
A	C5_2	256.104	143.722	169.176	0.5647058823529412	0.5647058823529412	0.5647058823529412
A	C6_2	256.086	142.315	169.016	0.5647058823529412	0.5647058823529412	0.5647058823529412
A	N6_2	256.998	141.636	168.308	0.18823529411764706	0.3137254901960784	0.9725490196078431
A	N1_2	255.087	141.627	169.617	0.18823529411764706	0.3137254901960784	0.9725490196078431
A	C2_2	254.177	142.31	170.328	0.5647058823529412	0.5647058823529412	0.5647058823529412
A	N3_2	254.087	143.625	170.55	0.18823529411764706	0.3137254901960784	0.9725490196078431
A	C4_2	255.09	144.283	169.94	0.5647058823529412	0.5647058823529412	0.5647058823529412
