A	P_1	188.392	117.622	182.329	1.0	0.5019607843137255	0.0
A	OP1_1	187.041	118.216	182.122	1.0	0.050980392156862744	0.050980392156862744
A	OP2_1	188.977	117.585	183.699	1.0	0.050980392156862744	0.050980392156862744
A	O5'_1	188.371	116.131	181.761	1.0	0.050980392156862744	0.050980392156862744
A	C5'_1	188.128	115.872	180.361	0.5647058823529412	0.5647058823529412	0.5647058823529412
A	C4'_1	189.087	114.821	179.838	0.5647058823529412	0.5647058823529412	0.5647058823529412
A	O4'_1	190.456	115.3	179.948	1.0	0.050980392156862744	0.050980392156862744
A	C3'_1	189.114	113.497	180.583	0.5647058823529412	0.5647058823529412	0.5647058823529412
A	O3'_1	188.042	112.647	180.195	1.0	0.050980392156862744	0.050980392156862744
A	C2'_1	190.47	112.933	180.178	0.5647058823529412	0.5647058823529412	0.5647058823529412
A	O2'_1	190.471	112.376	178.879	1.0	0.050980392156862744	0.050980392156862744
A	C1'_1	191.33	114.2	180.177	0.5647058823529412	0.5647058823529412	0.5647058823529412
A	N9_1	192.042	114.41	181.443	0.18823529411764706	0.3137254901960784	0.9725490196078431
A	C8_1	191.785	115.355	182.412	0.5647058823529412	0.5647058823529412	0.5647058823529412
A	N7_1	192.59	115.285	183.446	0.18823529411764706	0.3137254901960784	0.9725490196078431
A	C5_1	193.436	114.225	183.141	0.5647058823529412	0.5647058823529412	0.5647058823529412
A	C6_1	194.506	113.641	183.841	0.5647058823529412	0.5647058823529412	0.5647058823529412
A	N6_1	194.916	114.06	185.042	0.18823529411764706	0.3137254901960784	0.9725490196078431
A	N1_1	195.145	112.599	183.263	0.18823529411764706	0.3137254901960784	0.9725490196078431
A	C2_1	194.723	112.176	182.063	0.5647058823529412	0.5647058823529412	0.5647058823529412
A	N3_1	193.726	112.641	181.306	0.18823529411764706	0.3137254901960784	0.9725490196078431
A	C4_1	193.115	113.68	181.909	0.5647058823529412	0.5647058823529412	0.5647058823529412
G	P_2	199.942	116.446	191.796	1.0	0.5019607843137255	0.0
G	OP1_2	201.389	116.104	191.912	1.0	0.050980392156862744	0.050980392156862744
G	OP2_2	199.504	117.853	192.001	1.0	0.050980392156862744	0.050980392156862744
G	O5'_2	199.439	115.972	190.358	1.0	0.050980392156862744	0.050980392156862744
G	C5'_2	199.592	114.595	189.935	0.5647058823529412	0.5647058823529412	0.5647058823529412
G	C4'_2	198.748	114.321	188.707	0.5647058823529412	0.5647058823529412	0.5647058823529412
G	O4'_2	197.336	114.402	189.04	1.0	0.050980392156862744	0.050980392156862744
G	C3'_2	198.942	115.293	187.553	0.5647058823529412	0.5647058823529412	0.5647058823529412
G	O3'_2	200.069	114.893	186.766	1.0	0.050980392156862744	0.050980392156862744
G	C2'_2	197.614	115.185	186.807	0.5647058823529412	0.5647058823529412	0.5647058823529412
G	O2'_2	197.554	114.03	185.993	1.0	0.050980392156862744	0.050980392156862744
G	C1'_2	196.627	115.012	187.97	0.5647058823529412	0.5647058823529412	0.5647058823529412
G	N9_2	196.048	116.256	188.475	0.18823529411764706	0.3137254901960784	0.9725490196078431
G	C8_2	196.435	116.941	189.604	0.5647058823529412	0.5647058823529412	0.5647058823529412
G	N7_2	195.71	118.001	189.838	0.18823529411764706	0.3137254901960784	0.9725490196078431
G	C5_2	194.79	118.028	188.797	0.5647058823529412	0.5647058823529412	0.5647058823529412
G	C6_2	193.738	118.948	188.525	0.5647058823529412	0.5647058823529412	0.5647058823529412
G	O6_2	193.393	119.944	189.179	1.0	0.050980392156862744	0.050980392156862744
G	N1_2	193.054	118.612	187.362	0.18823529411764706	0.3137254901960784	0.9725490196078431
G	C2_2	193.338	117.529	186.564	0.5647058823529412	0.5647058823529412	0.5647058823529412
G	N2_2	192.56	117.379	185.478	0.18823529411764706	0.3137254901960784	0.9725490196078431
G	N3_2	194.311	116.657	186.81	0.18823529411764706	0.3137254901960784	0.9725490196078431
G	C4_2	194.992	116.966	187.936	0.5647058823529412	0.5647058823529412	0.5647058823529412
