A	P_1	141.986	158.472	225.436	1.0	0.5019607843137255	0.0
A	OP1_1	141.091	157.588	226.237	1.0	0.050980392156862744	0.050980392156862744
A	OP2_1	143.244	158.989	226.046	1.0	0.050980392156862744	0.050980392156862744
A	O5'_1	142.358	157.68	224.103	1.0	0.050980392156862744	0.050980392156862744
A	C5'_1	141.367	157.419	223.082	0.5647058823529412	0.5647058823529412	0.5647058823529412
A	C4'_1	141.945	157.734	221.723	0.5647058823529412	0.5647058823529412	0.5647058823529412
A	O4'_1	142.275	159.147	221.666	1.0	0.050980392156862744	0.050980392156862744
A	C3'_1	143.245	157.004	221.416	0.5647058823529412	0.5647058823529412	0.5647058823529412
A	O3'_1	142.942	155.724	220.846	1.0	0.050980392156862744	0.050980392156862744
A	C2'_1	143.956	157.957	220.454	0.5647058823529412	0.5647058823529412	0.5647058823529412
A	O2'_1	143.52	157.828	219.115	1.0	0.050980392156862744	0.050980392156862744
A	C1'_1	143.504	159.327	220.983	0.5647058823529412	0.5647058823529412	0.5647058823529412
A	N9_1	144.422	160.037	221.884	0.18823529411764706	0.3137254901960784	0.9725490196078431
A	C8_1	144.477	159.967	223.264	0.5647058823529412	0.5647058823529412	0.5647058823529412
A	N7_1	145.368	160.77	223.8	0.18823529411764706	0.3137254901960784	0.9725490196078431
A	C5_1	145.95	161.403	222.707	0.5647058823529412	0.5647058823529412	0.5647058823529412
A	C6_1	146.967	162.379	222.607	0.5647058823529412	0.5647058823529412	0.5647058823529412
A	N6_1	147.588	162.914	223.669	0.18823529411764706	0.3137254901960784	0.9725490196078431
A	N1_1	147.321	162.792	221.364	0.18823529411764706	0.3137254901960784	0.9725490196078431
A	C2_1	146.689	162.258	220.3	0.5647058823529412	0.5647058823529412	0.5647058823529412
A	N3_1	145.718	161.339	220.267	0.18823529411764706	0.3137254901960784	0.9725490196078431
A	C4_1	145.389	160.949	221.516	0.5647058823529412	0.5647058823529412	0.5647058823529412
G	P_2	153.219	171.658	221.177	1.0	0.5019607843137255	0.0
G	OP1_2	153.234	173.028	220.585	1.0	0.050980392156862744	0.050980392156862744
G	OP2_2	152.153	171.293	222.152	1.0	0.050980392156862744	0.050980392156862744
G	O5'_2	153.17	170.605	219.983	1.0	0.050980392156862744	0.050980392156862744
G	C5'_2	154.116	170.666	218.892	0.5647058823529412	0.5647058823529412	0.5647058823529412
G	C4'_2	153.944	169.466	217.989	0.5647058823529412	0.5647058823529412	0.5647058823529412
G	O4'_2	154.295	168.256	218.718	1.0	0.050980392156862744	0.050980392156862744
G	C3'_2	152.52	169.225	217.508	0.5647058823529412	0.5647058823529412	0.5647058823529412
G	O3'_2	152.214	170.021	216.361	1.0	0.050980392156862744	0.050980392156862744
G	C2'_2	152.511	167.724	217.226	0.5647058823529412	0.5647058823529412	0.5647058823529412
G	O2'_2	153.074	167.383	215.971	1.0	0.050980392156862744	0.050980392156862744
G	C1'_2	153.418	167.2	218.349	0.5647058823529412	0.5647058823529412	0.5647058823529412
G	N9_2	152.723	166.731	219.552	0.18823529411764706	0.3137254901960784	0.9725490196078431
G	C8_2	152.879	167.208	220.839	0.5647058823529412	0.5647058823529412	0.5647058823529412
G	N7_2	152.14	166.58	221.715	0.18823529411764706	0.3137254901960784	0.9725490196078431
G	C5_2	151.448	165.632	220.969	0.5647058823529412	0.5647058823529412	0.5647058823529412
G	C6_2	150.497	164.65	221.378	0.5647058823529412	0.5647058823529412	0.5647058823529412
G	O6_2	150.071	164.417	222.52	1.0	0.050980392156862744	0.050980392156862744
G	N1_2	150.04	163.897	220.296	0.18823529411764706	0.3137254901960784	0.9725490196078431
G	C2_2	150.44	164.063	218.987	0.5647058823529412	0.5647058823529412	0.5647058823529412
G	N2_2	149.871	163.243	218.082	0.18823529411764706	0.3137254901960784	0.9725490196078431
G	N3_2	151.33	164.969	218.592	0.18823529411764706	0.3137254901960784	0.9725490196078431
G	C4_2	151.791	165.713	219.628	0.5647058823529412	0.5647058823529412	0.5647058823529412
