G	P_1	299.801	168.375	188.097	1.0	0.5019607843137255	0.0
G	OP1_1	300.616	167.52	189.006	1.0	0.050980392156862744	0.050980392156862744
G	OP2_1	300.366	168.806	186.79	1.0	0.050980392156862744	0.050980392156862744
G	O5'_1	298.421	167.629	187.818	1.0	0.050980392156862744	0.050980392156862744
G	C5'_1	297.59	167.17	188.905	0.5647058823529412	0.5647058823529412	0.5647058823529412
G	C4'_1	296.18	166.94	188.416	0.5647058823529412	0.5647058823529412	0.5647058823529412
G	O4'_1	295.586	168.21	188.018	1.0	0.050980392156862744	0.050980392156862744
G	C3'_1	296.063	166.09	187.162	0.5647058823529412	0.5647058823529412	0.5647058823529412
G	O3'_1	296.18	164.697	187.421	1.0	0.050980392156862744	0.050980392156862744
G	C2'_1	294.697	166.498	186.627	0.5647058823529412	0.5647058823529412	0.5647058823529412
G	O2'_1	293.624	165.884	187.312	1.0	0.050980392156862744	0.050980392156862744
G	C1'_1	294.709	168.001	186.916	0.5647058823529412	0.5647058823529412	0.5647058823529412
G	N9_1	295.209	168.748	185.764	0.18823529411764706	0.3137254901960784	0.9725490196078431
G	C8_1	296.515	169.096	185.489	0.5647058823529412	0.5647058823529412	0.5647058823529412
G	N7_1	296.654	169.695	184.337	0.18823529411764706	0.3137254901960784	0.9725490196078431
G	C5_1	295.363	169.765	183.826	0.5647058823529412	0.5647058823529412	0.5647058823529412
G	C6_1	294.888	170.295	182.596	0.5647058823529412	0.5647058823529412	0.5647058823529412
G	O6_1	295.539	170.813	181.677	1.0	0.050980392156862744	0.050980392156862744
G	N1_1	293.502	170.171	182.486	0.18823529411764706	0.3137254901960784	0.9725490196078431
G	C2_1	292.677	169.602	183.431	0.5647058823529412	0.5647058823529412	0.5647058823529412
G	N2_1	291.36	169.582	183.146	0.18823529411764706	0.3137254901960784	0.9725490196078431
G	N3_1	293.11	169.091	184.577	0.18823529411764706	0.3137254901960784	0.9725490196078431
G	C4_1	294.455	169.206	184.706	0.5647058823529412	0.5647058823529412	0.5647058823529412
A	P_2	284.916	168.485	180.056	1.0	0.5019607843137255	0.0
A	OP1_2	286.391	168.504	179.88	1.0	0.050980392156862744	0.050980392156862744
A	OP2_2	284.114	167.404	179.413	1.0	0.050980392156862744	0.050980392156862744
A	O5'_2	284.6	168.447	181.621	1.0	0.050980392156862744	0.050980392156862744
A	C5'_2	284.843	169.592	182.471	0.5647058823529412	0.5647058823529412	0.5647058823529412
A	C4'_2	284.404	169.291	183.892	0.5647058823529412	0.5647058823529412	0.5647058823529412
A	O4'_2	285.198	168.189	184.416	1.0	0.050980392156862744	0.050980392156862744
A	C3'_2	284.617	170.413	184.904	0.5647058823529412	0.5647058823529412	0.5647058823529412
A	O3'_2	283.563	171.385	184.886	1.0	0.050980392156862744	0.050980392156862744
A	C2'_2	284.68	169.648	186.22	0.5647058823529412	0.5647058823529412	0.5647058823529412
A	O2'_2	283.402	169.241	186.667	1.0	0.050980392156862744	0.050980392156862744
A	C1'_2	285.466	168.404	185.798	0.5647058823529412	0.5647058823529412	0.5647058823529412
A	N9_2	286.916	168.547	185.969	0.18823529411764706	0.3137254901960784	0.9725490196078431
A	C8_2	287.86	168.752	184.982	0.5647058823529412	0.5647058823529412	0.5647058823529412
A	N7_2	289.092	168.831	185.434	0.18823529411764706	0.3137254901960784	0.9725490196078431
A	C5_2	288.955	168.669	186.807	0.5647058823529412	0.5647058823529412	0.5647058823529412
A	C6_2	289.898	168.648	187.853	0.5647058823529412	0.5647058823529412	0.5647058823529412
A	N6_2	291.214	168.788	187.663	0.18823529411764706	0.3137254901960784	0.9725490196078431
A	N1_2	289.438	168.473	189.113	0.18823529411764706	0.3137254901960784	0.9725490196078431
A	C2_2	288.119	168.324	189.296	0.5647058823529412	0.5647058823529412	0.5647058823529412
A	N3_2	287.132	168.32	188.394	0.18823529411764706	0.3137254901960784	0.9725490196078431
A	C4_2	287.621	168.499	187.153	0.5647058823529412	0.5647058823529412	0.5647058823529412
