A	P_1	210.962	205.291	225.591	1.0	0.5019607843137255	0.0
A	OP1_1	212.299	204.76	225.997	1.0	0.050980392156862744	0.050980392156862744
A	OP2_1	209.892	204.343	225.179	1.0	0.050980392156862744	0.050980392156862744
A	O5'_1	210.378	206.157	226.794	1.0	0.050980392156862744	0.050980392156862744
A	C5'_1	211.096	207.283	227.33	0.5647058823529412	0.5647058823529412	0.5647058823529412
A	C4'_1	210.283	208.538	227.139	0.5647058823529412	0.5647058823529412	0.5647058823529412
A	O4'_1	210.302	208.916	225.736	1.0	0.050980392156862744	0.050980392156862744
A	C3'_1	208.805	208.384	227.466	0.5647058823529412	0.5647058823529412	0.5647058823529412
A	O3'_1	208.564	208.505	228.864	1.0	0.050980392156862744	0.050980392156862744
A	C2'_1	208.158	209.481	226.623	0.5647058823529412	0.5647058823529412	0.5647058823529412
A	O2'_1	208.24	210.769	227.206	1.0	0.050980392156862744	0.050980392156862744
A	C1'_1	209.029	209.433	225.361	0.5647058823529412	0.5647058823529412	0.5647058823529412
A	N9_1	208.506	208.586	224.285	0.18823529411764706	0.3137254901960784	0.9725490196078431
A	C8_1	208.294	207.226	224.295	0.5647058823529412	0.5647058823529412	0.5647058823529412
A	N7_1	207.857	206.751	223.15	0.18823529411764706	0.3137254901960784	0.9725490196078431
A	C5_1	207.772	207.872	222.333	0.5647058823529412	0.5647058823529412	0.5647058823529412
A	C6_1	207.397	208.04	220.984	0.5647058823529412	0.5647058823529412	0.5647058823529412
A	N6_1	207.043	207.034	220.183	0.18823529411764706	0.3137254901960784	0.9725490196078431
A	N1_1	207.412	209.291	220.48	0.18823529411764706	0.3137254901960784	0.9725490196078431
A	C2_1	207.796	210.299	221.278	0.5647058823529412	0.5647058823529412	0.5647058823529412
A	N3_1	208.185	210.268	222.552	0.18823529411764706	0.3137254901960784	0.9725490196078431
A	C4_1	208.152	209.011	223.026	0.5647058823529412	0.5647058823529412	0.5647058823529412
G	P_2	202.721	201.821	214.793	1.0	0.5019607843137255	0.0
G	OP1_2	202.118	202.444	213.561	1.0	0.050980392156862744	0.050980392156862744
G	OP2_2	203.927	200.928	214.654	1.0	0.050980392156862744	0.050980392156862744
G	O5'_2	203.082	203.009	215.813	1.0	0.050980392156862744	0.050980392156862744
G	C5'_2	202.06	203.909	216.342	0.5647058823529412	0.5647058823529412	0.5647058823529412
G	C4'_2	202.587	204.676	217.559	0.5647058823529412	0.5647058823529412	0.5647058823529412
G	O4'_2	203.279	203.742	218.443	1.0	0.050980392156862744	0.050980392156862744
G	C3'_2	203.591	205.804	217.305	0.5647058823529412	0.5647058823529412	0.5647058823529412
G	O3'_2	203.453	206.806	218.322	1.0	0.050980392156862744	0.050980392156862744
G	C2'_2	204.933	205.097	217.466	0.5647058823529412	0.5647058823529412	0.5647058823529412
G	O2'_2	205.998	205.966	217.79	1.0	0.050980392156862744	0.050980392156862744
G	C1'_2	204.625	204.154	218.623	0.5647058823529412	0.5647058823529412	0.5647058823529412
G	N9_2	205.468	202.965	218.666	0.18823529411764706	0.3137254901960784	0.9725490196078431
G	C8_2	205.448	201.895	217.802	0.5647058823529412	0.5647058823529412	0.5647058823529412
G	N7_2	206.306	200.963	218.123	0.18823529411764706	0.3137254901960784	0.9725490196078431
G	C5_2	206.93	201.449	219.263	0.5647058823529412	0.5647058823529412	0.5647058823529412
G	C6_2	207.946	200.876	220.067	0.5647058823529412	0.5647058823529412	0.5647058823529412
G	O6_2	208.512	199.783	219.935	1.0	0.050980392156862744	0.050980392156862744
G	N1_2	208.295	201.714	221.123	0.18823529411764706	0.3137254901960784	0.9725490196078431
G	C2_2	207.736	202.947	221.373	0.5647058823529412	0.5647058823529412	0.5647058823529412
G	N2_2	208.214	203.61	222.439	0.18823529411764706	0.3137254901960784	0.9725490196078431
G	N3_2	206.78	203.489	220.632	0.18823529411764706	0.3137254901960784	0.9725490196078431
G	C4_2	206.429	202.69	219.604	0.5647058823529412	0.5647058823529412	0.5647058823529412
