A	P_1	225.97	307.685	194.84	1.0	0.5019607843137255	0.0
A	OP1_1	227.049	307.966	195.836	1.0	0.050980392156862744	0.050980392156862744
A	OP2_1	224.939	306.663	195.146	1.0	0.050980392156862744	0.050980392156862744
A	O5'_1	225.23	309.057	194.495	1.0	0.050980392156862744	0.050980392156862744
A	C5'_1	225.985	310.247	194.172	0.5647058823529412	0.5647058823529412	0.5647058823529412
A	C4'_1	225.058	311.431	193.977	0.5647058823529412	0.5647058823529412	0.5647058823529412
A	O4'_1	224.268	311.269	192.768	1.0	0.050980392156862744	0.050980392156862744
A	C3'_1	224.02	311.672	195.061	0.5647058823529412	0.5647058823529412	0.5647058823529412
A	O3'_1	224.581	312.316	196.202	1.0	0.050980392156862744	0.050980392156862744
A	C2'_1	222.995	312.534	194.332	0.5647058823529412	0.5647058823529412	0.5647058823529412
A	O2'_1	223.376	313.89	194.22	1.0	0.050980392156862744	0.050980392156862744
A	C1'_1	223.006	311.9	192.937	0.5647058823529412	0.5647058823529412	0.5647058823529412
A	N9_1	221.951	310.901	192.752	0.18823529411764706	0.3137254901960784	0.9725490196078431
A	C8_1	222.074	309.53	192.698	0.5647058823529412	0.5647058823529412	0.5647058823529412
A	N7_1	220.933	308.904	192.532	0.18823529411764706	0.3137254901960784	0.9725490196078431
A	C5_1	219.995	309.928	192.468	0.5647058823529412	0.5647058823529412	0.5647058823529412
A	C6_1	218.596	309.921	192.304	0.5647058823529412	0.5647058823529412	0.5647058823529412
A	N6_1	217.866	308.807	192.184	0.18823529411764706	0.3137254901960784	0.9725490196078431
A	N1_1	217.962	311.113	192.275	0.18823529411764706	0.3137254901960784	0.9725490196078431
A	C2_1	218.692	312.229	192.412	0.5647058823529412	0.5647058823529412	0.5647058823529412
A	N3_1	220.008	312.364	192.581	0.18823529411764706	0.3137254901960784	0.9725490196078431
A	C4_1	220.608	311.161	192.6	0.5647058823529412	0.5647058823529412	0.5647058823529412
A	P_2	215.525	303.64	190.292	1.0	0.5019607843137255	0.0
A	OP1_2	215.729	302.413	189.476	1.0	0.050980392156862744	0.050980392156862744
A	OP2_2	216.693	304.495	190.637	1.0	0.050980392156862744	0.050980392156862744
A	O5'_2	214.443	304.544	189.546	1.0	0.050980392156862744	0.050980392156862744
A	C5'_2	213.199	303.981	189.083	0.5647058823529412	0.5647058823529412	0.5647058823529412
A	C4'_2	212.155	305.063	188.945	0.5647058823529412	0.5647058823529412	0.5647058823529412
A	O4'_2	211.984	305.719	190.23	1.0	0.050980392156862744	0.050980392156862744
A	C3'_2	212.488	306.198	187.987	0.5647058823529412	0.5647058823529412	0.5647058823529412
A	O3'_2	212.14	305.853	186.647	1.0	0.050980392156862744	0.050980392156862744
A	C2'_2	211.626	307.338	188.522	0.5647058823529412	0.5647058823529412	0.5647058823529412
A	O2'_2	210.272	307.242	188.124	1.0	0.050980392156862744	0.050980392156862744
A	C1'_2	211.712	307.097	190.032	0.5647058823529412	0.5647058823529412	0.5647058823529412
A	N9_2	212.76	307.881	190.689	0.18823529411764706	0.3137254901960784	0.9725490196078431
A	C8_2	214.11	307.62	190.767	0.5647058823529412	0.5647058823529412	0.5647058823529412
A	N7_2	214.789	308.544	191.402	0.18823529411764706	0.3137254901960784	0.9725490196078431
A	C5_2	213.824	309.471	191.772	0.5647058823529412	0.5647058823529412	0.5647058823529412
A	C6_2	213.901	310.693	192.458	0.5647058823529412	0.5647058823529412	0.5647058823529412
A	N6_2	215.043	311.222	192.903	0.18823529411764706	0.3137254901960784	0.9725490196078431
A	N1_2	212.751	311.369	192.67	0.18823529411764706	0.3137254901960784	0.9725490196078431
A	C2_2	211.607	310.847	192.21	0.5647058823529412	0.5647058823529412	0.5647058823529412
A	N3_2	211.408	309.716	191.541	0.18823529411764706	0.3137254901960784	0.9725490196078431
A	C4_2	212.57	309.068	191.351	0.5647058823529412	0.5647058823529412	0.5647058823529412
