A	P_1	215.334	306.587	173.696	1.0	0.5019607843137255	0.0
A	OP1_1	215.55	308.013	174.066	1.0	0.050980392156862744	0.050980392156862744
A	OP2_1	216.384	305.579	174.009	1.0	0.050980392156862744	0.050980392156862744
A	O5'_1	213.958	306.115	174.35	1.0	0.050980392156862744	0.050980392156862744
A	C5'_1	212.731	306.833	174.085	0.5647058823529412	0.5647058823529412	0.5647058823529412
A	C4'_1	211.533	306.002	174.481	0.5647058823529412	0.5647058823529412	0.5647058823529412
A	O4'_1	211.459	304.805	173.661	1.0	0.050980392156862744	0.050980392156862744
A	C3'_1	211.541	305.473	175.903	0.5647058823529412	0.5647058823529412	0.5647058823529412
A	O3'_1	211.112	306.473	176.822	1.0	0.050980392156862744	0.050980392156862744
A	C2'_1	210.576	304.296	175.811	0.5647058823529412	0.5647058823529412	0.5647058823529412
A	O2'_1	209.219	304.682	175.832	1.0	0.050980392156862744	0.050980392156862744
A	C1'_1	210.904	303.742	174.422	0.5647058823529412	0.5647058823529412	0.5647058823529412
A	N9_1	211.865	302.64	174.463	0.18823529411764706	0.3137254901960784	0.9725490196078431
A	C8_1	213.234	302.704	174.365	0.5647058823529412	0.5647058823529412	0.5647058823529412
A	N7_1	213.825	301.537	174.453	0.18823529411764706	0.3137254901960784	0.9725490196078431
A	C5_1	212.775	300.643	174.617	0.5647058823529412	0.5647058823529412	0.5647058823529412
A	C6_1	212.74	299.247	174.775	0.5647058823529412	0.5647058823529412	0.5647058823529412
A	N6_1	213.831	298.479	174.791	0.18823529411764706	0.3137254901960784	0.9725490196078431
A	N1_1	211.532	298.661	174.92	0.18823529411764706	0.3137254901960784	0.9725490196078431
A	C2_1	210.441	299.434	174.906	0.5647058823529412	0.5647058823529412	0.5647058823529412
A	N3_1	210.344	300.755	174.764	0.18823529411764706	0.3137254901960784	0.9725490196078431
A	C4_1	211.562	301.308	174.622	0.5647058823529412	0.5647058823529412	0.5647058823529412
A	P_2	226.708	298.913	173.552	1.0	0.5019607843137255	0.0
A	OP1_2	227.962	298.417	172.918	1.0	0.050980392156862744	0.050980392156862744
A	OP2_2	225.867	299.91	172.836	1.0	0.050980392156862744	0.050980392156862744
A	O5'_2	225.806	297.652	173.922	1.0	0.050980392156862744	0.050980392156862744
A	C5'_2	224.88	297.092	172.975	0.5647058823529412	0.5647058823529412	0.5647058823529412
A	C4'_2	223.792	296.336	173.703	0.5647058823529412	0.5647058823529412	0.5647058823529412
A	O4'_2	223.104	297.235	174.613	1.0	0.050980392156862744	0.050980392156862744
A	C3'_2	222.682	295.776	172.829	0.5647058823529412	0.5647058823529412	0.5647058823529412
A	O3'_2	223.065	294.526	172.253	1.0	0.050980392156862744	0.050980392156862744
A	C2'_2	221.528	295.631	173.815	0.5647058823529412	0.5647058823529412	0.5647058823529412
A	O2'_2	221.613	294.463	174.608	1.0	0.050980392156862744	0.050980392156862744
A	C1'_2	221.74	296.855	174.711	0.5647058823529412	0.5647058823529412	0.5647058823529412
A	N9_2	220.9	298.012	174.391	0.18823529411764706	0.3137254901960784	0.9725490196078431
A	C8_2	221.295	299.276	174.018	0.5647058823529412	0.5647058823529412	0.5647058823529412
A	N7_2	220.297	300.11	173.833	0.18823529411764706	0.3137254901960784	0.9725490196078431
A	C5_2	219.17	299.345	174.098	0.5647058823529412	0.5647058823529412	0.5647058823529412
A	C6_2	217.794	299.65	174.086	0.5647058823529412	0.5647058823529412	0.5647058823529412
A	N6_2	217.304	300.857	173.791	0.18823529411764706	0.3137254901960784	0.9725490196078431
A	N1_2	216.929	298.661	174.394	0.18823529411764706	0.3137254901960784	0.9725490196078431
A	C2_2	217.422	297.453	174.697	0.5647058823529412	0.5647058823529412	0.5647058823529412
A	N3_2	218.69	297.044	174.745	0.18823529411764706	0.3137254901960784	0.9725490196078431
A	C4_2	219.525	298.049	174.432	0.5647058823529412	0.5647058823529412	0.5647058823529412
