A	P_1	112.337	260.488	172.147	1.0	0.5019607843137255	0.0
A	OP1_1	111.422	259.519	172.814	1.0	0.050980392156862744	0.050980392156862744
A	OP2_1	113.698	260.712	172.701	1.0	0.050980392156862744	0.050980392156862744
A	O5'_1	112.487	260.063	170.616	1.0	0.050980392156862744	0.050980392156862744
A	C5'_1	111.367	260.165	169.708	0.5647058823529412	0.5647058823529412	0.5647058823529412
A	C4'_1	111.848	260.431	168.297	0.5647058823529412	0.5647058823529412	0.5647058823529412
A	O4'_1	112.557	261.7	168.242	1.0	0.050980392156862744	0.050980392156862744
A	C3'_1	112.844	259.432	167.733	0.5647058823529412	0.5647058823529412	0.5647058823529412
A	O3'_1	112.17	258.272	167.242	1.0	0.050980392156862744	0.050980392156862744
A	C2'_1	113.512	260.236	166.618	0.5647058823529412	0.5647058823529412	0.5647058823529412
A	O2'_1	112.754	260.279	165.424	1.0	0.050980392156862744	0.050980392156862744
A	C1'_1	113.557	261.641	167.233	0.5647058823529412	0.5647058823529412	0.5647058823529412
A	N9_1	114.854	262.006	167.814	0.18823529411764706	0.3137254901960784	0.9725490196078431
A	C8_1	115.14	262.311	169.126	0.5647058823529412	0.5647058823529412	0.5647058823529412
A	N7_1	116.407	262.578	169.344	0.18823529411764706	0.3137254901960784	0.9725490196078431
A	C5_1	116.997	262.443	168.094	0.5647058823529412	0.5647058823529412	0.5647058823529412
A	C6_1	118.329	262.58	167.656	0.5647058823529412	0.5647058823529412	0.5647058823529412
A	N6_1	119.346	262.881	168.465	0.18823529411764706	0.3137254901960784	0.9725490196078431
A	N1_1	118.582	262.386	166.343	0.18823529411764706	0.3137254901960784	0.9725490196078431
A	C2_1	117.561	262.066	165.535	0.5647058823529412	0.5647058823529412	0.5647058823529412
A	N3_1	116.27	261.899	165.828	0.18823529411764706	0.3137254901960784	0.9725490196078431
A	C4_1	116.051	262.104	167.139	0.5647058823529412	0.5647058823529412	0.5647058823529412
A	P_2	121.788	270.73	178.907	1.0	0.5019607843137255	0.0
A	OP1_2	121.67	270.367	180.341	1.0	0.050980392156862744	0.050980392156862744
A	OP2_2	122.854	271.671	178.468	1.0	0.050980392156862744	0.050980392156862744
A	O5'_2	121.945	269.4	178.043	1.0	0.050980392156862744	0.050980392156862744
A	C5'_2	121.855	269.466	176.609	0.5647058823529412	0.5647058823529412	0.5647058823529412
A	C4'_2	122.632	268.344	175.977	0.5647058823529412	0.5647058823529412	0.5647058823529412
A	O4'_2	121.914	267.093	176.164	1.0	0.050980392156862744	0.050980392156862744
A	C3'_2	122.765	268.475	174.47	0.5647058823529412	0.5647058823529412	0.5647058823529412
A	O3'_2	123.853	269.337	174.132	1.0	0.050980392156862744	0.050980392156862744
A	C2'_2	122.972	267.03	174.037	0.5647058823529412	0.5647058823529412	0.5647058823529412
A	O2'_2	124.293	266.569	174.241	1.0	0.050980392156862744	0.050980392156862744
A	C1'_2	122.028	266.295	174.994	0.5647058823529412	0.5647058823529412	0.5647058823529412
A	N9_2	120.682	266.078	174.453	0.18823529411764706	0.3137254901960784	0.9725490196078431
A	C8_2	119.487	266.498	174.993	0.5647058823529412	0.5647058823529412	0.5647058823529412
A	N7_2	118.436	266.152	174.289	0.18823529411764706	0.3137254901960784	0.9725490196078431
A	C5_2	118.97	265.459	173.211	0.5647058823529412	0.5647058823529412	0.5647058823529412
A	C6_2	118.372	264.834	172.099	0.5647058823529412	0.5647058823529412	0.5647058823529412
A	N6_2	117.053	264.805	171.882	0.18823529411764706	0.3137254901960784	0.9725490196078431
A	N1_2	119.188	264.232	171.204	0.18823529411764706	0.3137254901960784	0.9725490196078431
A	C2_2	120.514	264.263	171.42	0.5647058823529412	0.5647058823529412	0.5647058823529412
A	N3_2	121.193	264.817	172.425	0.18823529411764706	0.3137254901960784	0.9725490196078431
A	C4_2	120.353	265.405	173.298	0.5647058823529412	0.5647058823529412	0.5647058823529412
