A	P_1	232.753	171.099	201.089	1.0	0.5019607843137255	0.0
A	OP1_1	233.729	172.201	201.336	1.0	0.050980392156862744	0.050980392156862744
A	OP2_1	232.753	169.907	201.983	1.0	0.050980392156862744	0.050980392156862744
A	O5'_1	231.291	171.732	201.108	1.0	0.050980392156862744	0.050980392156862744
A	C5'_1	230.966	172.896	200.31	0.5647058823529412	0.5647058823529412	0.5647058823529412
A	C4'_1	229.468	173.038	200.198	0.5647058823529412	0.5647058823529412	0.5647058823529412
A	O4'_1	228.937	171.919	199.439	1.0	0.050980392156862744	0.050980392156862744
A	C3'_1	228.742	172.985	201.532	0.5647058823529412	0.5647058823529412	0.5647058823529412
A	O3'_1	228.703	174.267	202.164	1.0	0.050980392156862744	0.050980392156862744
A	C2'_1	227.362	172.454	201.156	0.5647058823529412	0.5647058823529412	0.5647058823529412
A	O2'_1	226.475	173.448	200.681	1.0	0.050980392156862744	0.050980392156862744
A	C1'_1	227.707	171.497	200.009	0.5647058823529412	0.5647058823529412	0.5647058823529412
A	N9_1	227.842	170.091	200.393	0.18823529411764706	0.3137254901960784	0.9725490196078431
A	C8_1	228.897	169.474	201.031	0.5647058823529412	0.5647058823529412	0.5647058823529412
A	N7_1	228.737	168.18	201.188	0.18823529411764706	0.3137254901960784	0.9725490196078431
A	C5_1	227.49	167.926	200.628	0.5647058823529412	0.5647058823529412	0.5647058823529412
A	C6_1	226.733	166.738	200.48	0.5647058823529412	0.5647058823529412	0.5647058823529412
A	N6_1	227.151	165.535	200.889	0.18823529411764706	0.3137254901960784	0.9725490196078431
A	N1_1	225.516	166.835	199.889	0.18823529411764706	0.3137254901960784	0.9725490196078431
A	C2_1	225.093	168.045	199.481	0.5647058823529412	0.5647058823529412	0.5647058823529412
A	N3_1	225.712	169.229	199.561	0.18823529411764706	0.3137254901960784	0.9725490196078431
A	C4_1	226.919	169.098	200.149	0.5647058823529412	0.5647058823529412	0.5647058823529412
A	P_2	236.743	161.229	202.147	1.0	0.5019607843137255	0.0
A	OP1_2	236.398	161.74	200.789	1.0	0.050980392156862744	0.050980392156862744
A	OP2_2	237.1	162.197	203.22	1.0	0.050980392156862744	0.050980392156862744
A	O5'_2	235.51	160.353	202.657	1.0	0.050980392156862744	0.050980392156862744
A	C5'_2	235.582	159.607	203.891	0.5647058823529412	0.5647058823529412	0.5647058823529412
A	C4'_2	234.209	159.507	204.534	0.5647058823529412	0.5647058823529412	0.5647058823529412
A	O4'_2	233.764	160.813	204.995	1.0	0.050980392156862744	0.050980392156862744
A	C3'_2	233.088	159.018	203.628	0.5647058823529412	0.5647058823529412	0.5647058823529412
A	O3'_2	233.08	157.592	203.608	1.0	0.050980392156862744	0.050980392156862744
A	C2'_2	231.833	159.57	204.307	0.5647058823529412	0.5647058823529412	0.5647058823529412
A	O2'_2	231.364	158.733	205.346	1.0	0.050980392156862744	0.050980392156862744
A	C1'_2	232.347	160.886	204.915	0.5647058823529412	0.5647058823529412	0.5647058823529412
A	N9_2	231.971	162.151	204.265	0.18823529411764706	0.3137254901960784	0.9725490196078431
A	C8_2	232.818	163.215	204.007	0.5647058823529412	0.5647058823529412	0.5647058823529412
A	N7_2	232.218	164.259	203.471	0.18823529411764706	0.3137254901960784	0.9725490196078431
A	C5_2	230.891	163.862	203.36	0.5647058823529412	0.5647058823529412	0.5647058823529412
A	C6_2	229.748	164.533	202.888	0.5647058823529412	0.5647058823529412	0.5647058823529412
A	N6_2	229.763	165.793	202.44	0.18823529411764706	0.3137254901960784	0.9725490196078431
A	N1_2	228.576	163.862	202.903	0.18823529411764706	0.3137254901960784	0.9725490196078431
A	C2_2	228.564	162.602	203.374	0.5647058823529412	0.5647058823529412	0.5647058823529412
A	N3_2	229.572	161.864	203.855	0.18823529411764706	0.3137254901960784	0.9725490196078431
A	C4_2	230.724	162.558	203.825	0.5647058823529412	0.5647058823529412	0.5647058823529412
