A	P_1	156.399	234.406	224.868	1.0	0.5019607843137255	0.0
A	OP1_1	157.086	233.286	224.141	1.0	0.050980392156862744	0.050980392156862744
A	OP2_1	157.208	235.55	225.395	1.0	0.050980392156862744	0.050980392156862744
A	O5'_1	155.296	234.978	223.871	1.0	0.050980392156862744	0.050980392156862744
A	C5'_1	154.492	236.128	224.199	0.5647058823529412	0.5647058823529412	0.5647058823529412
A	C4'_1	153.9	236.695	222.931	0.5647058823529412	0.5647058823529412	0.5647058823529412
A	O4'_1	152.899	237.699	223.215	1.0	0.050980392156862744	0.050980392156862744
A	C3'_1	154.889	237.407	222.027	0.5647058823529412	0.5647058823529412	0.5647058823529412
A	O3'_1	155.612	236.438	221.271	1.0	0.050980392156862744	0.050980392156862744
A	C2'_1	153.972	238.263	221.151	0.5647058823529412	0.5647058823529412	0.5647058823529412
A	O2'_1	153.43	237.55	220.055	1.0	0.050980392156862744	0.050980392156862744
A	C1'_1	152.831	238.601	222.124	0.5647058823529412	0.5647058823529412	0.5647058823529412
A	N9_1	152.792	239.96	222.657	0.18823529411764706	0.3137254901960784	0.9725490196078431
A	C8_1	153.838	240.787	222.992	0.5647058823529412	0.5647058823529412	0.5647058823529412
A	N7_1	153.461	241.938	223.498	0.18823529411764706	0.3137254901960784	0.9725490196078431
A	C5_1	152.072	241.868	223.491	0.5647058823529412	0.5647058823529412	0.5647058823529412
A	C6_1	151.069	242.775	223.913	0.5647058823529412	0.5647058823529412	0.5647058823529412
A	N6_1	151.323	243.98	224.452	0.18823529411764706	0.3137254901960784	0.9725490196078431
A	N1_1	149.778	242.393	223.757	0.18823529411764706	0.3137254901960784	0.9725490196078431
A	C2_1	149.523	241.184	223.222	0.5647058823529412	0.5647058823529412	0.5647058823529412
A	N3_1	150.375	240.253	222.792	0.18823529411764706	0.3137254901960784	0.9725490196078431
A	C4_1	151.647	240.66	222.957	0.5647058823529412	0.5647058823529412	0.5647058823529412
A	P_2	161.512	236.903	223.039	1.0	0.5019607843137255	0.0
A	OP1_2	162.088	235.545	222.818	1.0	0.050980392156862744	0.050980392156862744
A	OP2_2	160.169	237.037	223.676	1.0	0.050980392156862744	0.050980392156862744
A	O5'_2	162.558	237.733	223.909	1.0	0.050980392156862744	0.050980392156862744
A	C5'_2	163.758	238.275	223.316	0.5647058823529412	0.5647058823529412	0.5647058823529412
A	C4'_2	163.946	239.705	223.764	0.5647058823529412	0.5647058823529412	0.5647058823529412
A	O4'_2	162.82	240.495	223.307	1.0	0.050980392156862744	0.050980392156862744
A	C3'_2	163.958	239.894	225.272	0.5647058823529412	0.5647058823529412	0.5647058823529412
A	O3'_2	165.282	239.697	225.762	1.0	0.050980392156862744	0.050980392156862744
A	C2'_2	163.473	241.333	225.453	0.5647058823529412	0.5647058823529412	0.5647058823529412
A	O2'_2	164.492	242.307	225.349	1.0	0.050980392156862744	0.050980392156862744
A	C1'_2	162.52	241.495	224.265	0.5647058823529412	0.5647058823529412	0.5647058823529412
A	N9_2	161.094	241.429	224.567	0.18823529411764706	0.3137254901960784	0.9725490196078431
A	C8_2	160.383	240.42	225.177	0.5647058823529412	0.5647058823529412	0.5647058823529412
A	N7_2	159.096	240.667	225.273	0.18823529411764706	0.3137254901960784	0.9725490196078431
A	C5_2	158.952	241.926	224.696	0.5647058823529412	0.5647058823529412	0.5647058823529412
A	C6_2	157.829	242.751	224.483	0.5647058823529412	0.5647058823529412	0.5647058823529412
A	N6_2	156.584	242.417	224.848	0.18823529411764706	0.3137254901960784	0.9725490196078431
A	N1_2	158.03	243.945	223.875	0.18823529411764706	0.3137254901960784	0.9725490196078431
A	C2_2	159.279	244.277	223.512	0.5647058823529412	0.5647058823529412	0.5647058823529412
A	N3_2	160.413	243.585	223.655	0.18823529411764706	0.3137254901960784	0.9725490196078431
A	C4_2	160.176	242.407	224.261	0.5647058823529412	0.5647058823529412	0.5647058823529412
