A	P_1	152.825	113.384	187.118	1.0	0.5019607843137255	0.0
A	OP1_1	154.202	113.905	187.354	1.0	0.050980392156862744	0.050980392156862744
A	OP2_1	151.945	113.083	188.279	1.0	0.050980392156862744	0.050980392156862744
A	O5'_1	152.064	114.413	186.165	1.0	0.050980392156862744	0.050980392156862744
A	C5'_1	152.696	114.913	184.968	0.5647058823529412	0.5647058823529412	0.5647058823529412
A	C4'_1	151.709	115.687	184.125	0.5647058823529412	0.5647058823529412	0.5647058823529412
A	O4'_1	150.637	114.811	183.689	1.0	0.050980392156862744	0.050980392156862744
A	C3'_1	150.982	116.837	184.803	0.5647058823529412	0.5647058823529412	0.5647058823529412
A	O3'_1	151.808	118.005	184.84	1.0	0.050980392156862744	0.050980392156862744
A	C2'_1	149.766	117.023	183.898	0.5647058823529412	0.5647058823529412	0.5647058823529412
A	O2'_1	150.062	117.765	182.734	1.0	0.050980392156862744	0.050980392156862744
A	C1'_1	149.459	115.577	183.491	0.5647058823529412	0.5647058823529412	0.5647058823529412
A	N9_1	148.349	114.945	184.209	0.18823529411764706	0.3137254901960784	0.9725490196078431
A	C8_1	148.396	114.135	185.319	0.5647058823529412	0.5647058823529412	0.5647058823529412
A	N7_1	147.216	113.716	185.716	0.18823529411764706	0.3137254901960784	0.9725490196078431
A	C5_1	146.334	114.291	184.81	0.5647058823529412	0.5647058823529412	0.5647058823529412
A	C6_1	144.93	114.232	184.682	0.5647058823529412	0.5647058823529412	0.5647058823529412
A	N6_1	144.136	113.538	185.501	0.18823529411764706	0.3137254901960784	0.9725490196078431
A	N1_1	144.363	114.921	183.669	0.18823529411764706	0.3137254901960784	0.9725490196078431
A	C2_1	145.156	115.62	182.847	0.5647058823529412	0.5647058823529412	0.5647058823529412
A	N3_1	146.483	115.75	182.861	0.18823529411764706	0.3137254901960784	0.9725490196078431
A	C4_1	147.018	115.052	183.878	0.5647058823529412	0.5647058823529412	0.5647058823529412
A	P_2	147.216	118.787	171.743	1.0	0.5019607843137255	0.0
A	OP1_2	147.671	118.587	170.336	1.0	0.050980392156862744	0.050980392156862744
A	OP2_2	146.376	117.748	172.399	1.0	0.050980392156862744	0.050980392156862744
A	O5'_2	148.5	119.028	172.66	1.0	0.050980392156862744	0.050980392156862744
A	C5'_2	149.634	119.783	172.183	0.5647058823529412	0.5647058823529412	0.5647058823529412
A	C4'_2	150.671	119.91	173.276	0.5647058823529412	0.5647058823529412	0.5647058823529412
A	O4'_2	150.093	120.634	174.394	1.0	0.050980392156862744	0.050980392156862744
A	C3'_2	151.149	118.596	173.882	0.5647058823529412	0.5647058823529412	0.5647058823529412
A	O3'_2	152.196	118.003	173.113	1.0	0.050980392156862744	0.050980392156862744
A	C2'_2	151.623	119.029	175.265	0.5647058823529412	0.5647058823529412	0.5647058823529412
A	O2'_2	152.916	119.605	175.249	1.0	0.050980392156862744	0.050980392156862744
A	C1'_2	150.592	120.108	175.615	0.5647058823529412	0.5647058823529412	0.5647058823529412
A	N9_2	149.461	119.613	176.404	0.18823529411764706	0.3137254901960784	0.9725490196078431
A	C8_2	148.226	119.207	175.951	0.5647058823529412	0.5647058823529412	0.5647058823529412
A	N7_2	147.417	118.817	176.905	0.18823529411764706	0.3137254901960784	0.9725490196078431
A	C5_2	148.165	118.974	178.065	0.5647058823529412	0.5647058823529412	0.5647058823529412
A	C6_2	147.872	118.727	179.415	0.5647058823529412	0.5647058823529412	0.5647058823529412
A	N6_2	146.7	118.247	179.841	0.18823529411764706	0.3137254901960784	0.9725490196078431
A	N1_2	148.834	118.989	180.324	0.18823529411764706	0.3137254901960784	0.9725490196078431
A	C2_2	150.01	119.462	179.892	0.5647058823529412	0.5647058823529412	0.5647058823529412
A	N3_2	150.407	119.73	178.65	0.18823529411764706	0.3137254901960784	0.9725490196078431
A	C4_2	149.425	119.462	177.772	0.5647058823529412	0.5647058823529412	0.5647058823529412
