A	P_1	228.573	154.789	161.67	1.0	0.5019607843137255	0.0
A	OP1_1	229.714	155.755	161.718	1.0	0.050980392156862744	0.050980392156862744
A	OP2_1	228.806	153.4	161.179	1.0	0.050980392156862744	0.050980392156862744
A	O5'_1	227.924	154.707	163.124	1.0	0.050980392156862744	0.050980392156862744
A	C5'_1	227.422	155.887	163.775	0.5647058823529412	0.5647058823529412	0.5647058823529412
A	C4'_1	226.512	155.504	164.918	0.5647058823529412	0.5647058823529412	0.5647058823529412
A	O4'_1	225.417	154.686	164.417	1.0	0.050980392156862744	0.050980392156862744
A	C3'_1	227.136	154.635	165.995	0.5647058823529412	0.5647058823529412	0.5647058823529412
A	O3'_1	227.868	155.446	166.913	1.0	0.050980392156862744	0.050980392156862744
A	C2'_1	225.913	153.989	166.645	0.5647058823529412	0.5647058823529412	0.5647058823529412
A	O2'_1	225.283	154.849	167.575	1.0	0.050980392156862744	0.050980392156862744
A	C1'_1	224.976	153.806	165.443	0.5647058823529412	0.5647058823529412	0.5647058823529412
A	N9_1	224.896	152.446	164.904	0.18823529411764706	0.3137254901960784	0.9725490196078431
A	C8_1	225.767	151.826	164.033	0.5647058823529412	0.5647058823529412	0.5647058823529412
A	N7_1	225.423	150.594	163.729	0.18823529411764706	0.3137254901960784	0.9725490196078431
A	C5_1	224.249	150.385	164.446	0.5647058823529412	0.5647058823529412	0.5647058823529412
A	C6_1	223.385	149.264	164.556	0.5647058823529412	0.5647058823529412	0.5647058823529412
A	N6_1	223.578	148.102	163.912	0.18823529411764706	0.3137254901960784	0.9725490196078431
A	N1_1	222.304	149.383	165.362	0.18823529411764706	0.3137254901960784	0.9725490196078431
A	C2_1	222.109	150.547	166.008	0.5647058823529412	0.5647058823529412	0.5647058823529412
A	N3_1	222.843	151.668	165.98	0.18823529411764706	0.3137254901960784	0.9725490196078431
A	C4_1	223.911	151.519	165.173	0.5647058823529412	0.5647058823529412	0.5647058823529412
A	P_2	217.385	147.77	169.955	1.0	0.5019607843137255	0.0
A	OP1_2	216.005	147.197	169.897	1.0	0.050980392156862744	0.050980392156862744
A	OP2_2	218.125	148.034	168.683	1.0	0.050980392156862744	0.050980392156862744
A	O5'_2	217.326	149.14	170.78	1.0	0.050980392156862744	0.050980392156862744
A	C5'_2	216.684	149.219	172.08	0.5647058823529412	0.5647058823529412	0.5647058823529412
A	C4'_2	217.182	150.435	172.835	0.5647058823529412	0.5647058823529412	0.5647058823529412
A	O4'_2	218.638	150.407	172.839	1.0	0.050980392156862744	0.050980392156862744
A	C3'_2	216.844	151.797	172.236	0.5647058823529412	0.5647058823529412	0.5647058823529412
A	O3'_2	215.542	152.262	172.63	1.0	0.050980392156862744	0.050980392156862744
A	C2'_2	217.944	152.679	172.822	0.5647058823529412	0.5647058823529412	0.5647058823529412
A	O2'_2	217.708	153.058	174.164	1.0	0.050980392156862744	0.050980392156862744
A	C1'_2	219.145	151.733	172.786	0.5647058823529412	0.5647058823529412	0.5647058823529412
A	N9_2	219.935	151.887	171.564	0.18823529411764706	0.3137254901960784	0.9725490196078431
A	C8_2	219.79	151.23	170.363	0.5647058823529412	0.5647058823529412	0.5647058823529412
A	N7_2	220.642	151.618	169.441	0.18823529411764706	0.3137254901960784	0.9725490196078431
A	C5_2	221.403	152.589	170.077	0.5647058823529412	0.5647058823529412	0.5647058823529412
A	C6_2	222.47	153.396	169.635	0.5647058823529412	0.5647058823529412	0.5647058823529412
A	N6_2	222.966	153.351	168.396	0.18823529411764706	0.3137254901960784	0.9725490196078431
A	N1_2	223.011	154.265	170.52	0.18823529411764706	0.3137254901960784	0.9725490196078431
A	C2_2	222.501	154.315	171.763	0.5647058823529412	0.5647058823529412	0.5647058823529412
A	N3_2	221.495	153.614	172.293	0.18823529411764706	0.3137254901960784	0.9725490196078431
A	C4_2	220.984	152.76	171.389	0.5647058823529412	0.5647058823529412	0.5647058823529412
