A	P_1	248.945	222.924	157.136	1.0	0.5019607843137255	0.0
A	OP1_1	248.278	223.71	156.051	1.0	0.050980392156862744	0.050980392156862744
A	OP2_1	248.169	221.878	157.869	1.0	0.050980392156862744	0.050980392156862744
A	O5'_1	250.233	222.192	156.537	1.0	0.050980392156862744	0.050980392156862744
A	C5'_1	250.09	221.147	155.544	0.5647058823529412	0.5647058823529412	0.5647058823529412
A	C4'_1	250.863	219.906	155.95	0.5647058823529412	0.5647058823529412	0.5647058823529412
A	O4'_1	252.282	220.225	156.065	1.0	0.050980392156862744	0.050980392156862744
A	C3'_1	250.523	219.291	157.302	0.5647058823529412	0.5647058823529412	0.5647058823529412
A	O3'_1	249.354	218.474	157.271	1.0	0.050980392156862744	0.050980392156862744
A	C2'_1	251.779	218.479	157.603	0.5647058823529412	0.5647058823529412	0.5647058823529412
A	O2'_1	251.832	217.258	156.894	1.0	0.050980392156862744	0.050980392156862744
A	C1'_1	252.873	219.42	157.083	0.5647058823529412	0.5647058823529412	0.5647058823529412
A	N9_1	253.389	220.298	158.138	0.18823529411764706	0.3137254901960784	0.9725490196078431
A	C8_1	253.16	221.642	158.322	0.5647058823529412	0.5647058823529412	0.5647058823529412
A	N7_1	253.747	222.138	159.387	0.18823529411764706	0.3137254901960784	0.9725490196078431
A	C5_1	254.417	221.052	159.936	0.5647058823529412	0.5647058823529412	0.5647058823529412
A	C6_1	255.227	220.917	161.086	0.5647058823529412	0.5647058823529412	0.5647058823529412
A	N6_1	255.51	221.925	161.916	0.18823529411764706	0.3137254901960784	0.9725490196078431
A	N1_1	255.739	219.694	161.355	0.18823529411764706	0.3137254901960784	0.9725490196078431
A	C2_1	255.449	218.682	160.523	0.5647058823529412	0.5647058823529412	0.5647058823529412
A	N3_1	254.701	218.683	159.416	0.18823529411764706	0.3137254901960784	0.9725490196078431
A	C4_1	254.208	219.914	159.175	0.5647058823529412	0.5647058823529412	0.5647058823529412
A	P_2	260.811	210.426	157.274	1.0	0.5019607843137255	0.0
A	OP1_2	262.079	210.104	156.563	1.0	0.050980392156862744	0.050980392156862744
A	OP2_2	260.722	211.666	158.091	1.0	0.050980392156862744	0.050980392156862744
A	O5'_2	259.631	210.445	156.203	1.0	0.050980392156862744	0.050980392156862744
A	C5'_2	259.298	209.267	155.442	0.5647058823529412	0.5647058823529412	0.5647058823529412
A	C4'_2	257.893	209.385	154.9	0.5647058823529412	0.5647058823529412	0.5647058823529412
A	O4'_2	256.983	209.586	156.017	1.0	0.050980392156862744	0.050980392156862744
A	C3'_2	257.639	210.584	153.994	0.5647058823529412	0.5647058823529412	0.5647058823529412
A	O3'_2	258.003	210.332	152.636	1.0	0.050980392156862744	0.050980392156862744
A	C2'_2	256.139	210.807	154.151	0.5647058823529412	0.5647058823529412	0.5647058823529412
A	O2'_2	255.349	209.945	153.355	1.0	0.050980392156862744	0.050980392156862744
A	C1'_2	255.938	210.47	155.632	0.5647058823529412	0.5647058823529412	0.5647058823529412
A	N9_2	255.968	211.648	156.505	0.18823529411764706	0.3137254901960784	0.9725490196078431
A	C8_2	256.945	212.031	157.4	0.5647058823529412	0.5647058823529412	0.5647058823529412
A	N7_2	256.68	213.157	158.024	0.18823529411764706	0.3137254901960784	0.9725490196078431
A	C5_2	255.447	213.539	157.511	0.5647058823529412	0.5647058823529412	0.5647058823529412
A	C6_2	254.621	214.648	157.766	0.5647058823529412	0.5647058823529412	0.5647058823529412
A	N6_2	254.93	215.617	158.629	0.18823529411764706	0.3137254901960784	0.9725490196078431
A	N1_2	253.453	214.729	157.094	0.18823529411764706	0.3137254901960784	0.9725490196078431
A	C2_2	253.148	213.758	156.222	0.5647058823529412	0.5647058823529412	0.5647058823529412
A	N3_2	253.841	212.671	155.894	0.18823529411764706	0.3137254901960784	0.9725490196078431
A	C4_2	254.994	212.618	156.581	0.5647058823529412	0.5647058823529412	0.5647058823529412
