A	P_1	183.018	185.66	137.455	1.0	0.5019607843137255	0.0
A	OP1_1	182.165	185.319	136.281	1.0	0.050980392156862744	0.050980392156862744
A	OP2_1	184.139	186.622	137.291	1.0	0.050980392156862744	0.050980392156862744
A	O5'_1	182.067	186.194	138.618	1.0	0.050980392156862744	0.050980392156862744
A	C5'_1	181.029	185.355	139.165	0.5647058823529412	0.5647058823529412	0.5647058823529412
A	C4'_1	180.661	185.817	140.558	0.5647058823529412	0.5647058823529412	0.5647058823529412
A	O4'_1	181.851	185.859	141.382	1.0	0.050980392156862744	0.050980392156862744
A	C3'_1	180.087	187.221	140.676	0.5647058823529412	0.5647058823529412	0.5647058823529412
A	O3'_1	178.688	187.168	140.393	1.0	0.050980392156862744	0.050980392156862744
A	C2'_1	180.36	187.566	142.139	0.5647058823529412	0.5647058823529412	0.5647058823529412
A	O2'_1	179.416	186.988	143.02	1.0	0.050980392156862744	0.050980392156862744
A	C1'_1	181.702	186.865	142.371	0.5647058823529412	0.5647058823529412	0.5647058823529412
A	N9_1	182.901	187.706	142.373	0.18823529411764706	0.3137254901960784	0.9725490196078431
A	C8_1	183.713	188.041	141.313	0.5647058823529412	0.5647058823529412	0.5647058823529412
A	N7_1	184.751	188.775	141.651	0.18823529411764706	0.3137254901960784	0.9725490196078431
A	C5_1	184.608	188.943	143.024	0.5647058823529412	0.5647058823529412	0.5647058823529412
A	C6_1	185.388	189.617	143.982	0.5647058823529412	0.5647058823529412	0.5647058823529412
A	N6_1	186.518	190.265	143.689	0.18823529411764706	0.3137254901960784	0.9725490196078431
A	N1_1	184.965	189.598	145.266	0.18823529411764706	0.3137254901960784	0.9725490196078431
A	C2_1	183.836	188.938	145.56	0.5647058823529412	0.5647058823529412	0.5647058823529412
A	N3_1	183.018	188.26	144.751	0.18823529411764706	0.3137254901960784	0.9725490196078431
A	C4_1	183.466	188.301	143.48	0.5647058823529412	0.5647058823529412	0.5647058823529412
A	P_2	184.766	189.886	151.23	1.0	0.5019607843137255	0.0
A	OP1_2	186.011	189.878	152.05	1.0	0.050980392156862744	0.050980392156862744
A	OP2_2	184.793	189.335	149.843	1.0	0.050980392156862744	0.050980392156862744
A	O5'_2	183.63	189.129	152.056	1.0	0.050980392156862744	0.050980392156862744
A	C5'_2	182.909	189.808	153.108	0.5647058823529412	0.5647058823529412	0.5647058823529412
A	C4'_2	181.428	189.505	153.019	0.5647058823529412	0.5647058823529412	0.5647058823529412
A	O4'_2	180.899	189.946	151.733	1.0	0.050980392156862744	0.050980392156862744
A	C3'_2	181.043	188.034	153.081	0.5647058823529412	0.5647058823529412	0.5647058823529412
A	O3'_2	181.038	187.555	154.426	1.0	0.050980392156862744	0.050980392156862744
A	C2'_2	179.657	188.035	152.437	0.5647058823529412	0.5647058823529412	0.5647058823529412
A	O2'_2	178.634	188.473	153.313	1.0	0.050980392156862744	0.050980392156862744
A	C1'_2	179.844	189.078	151.327	0.5647058823529412	0.5647058823529412	0.5647058823529412
A	N9_2	180.178	188.503	150.017	0.18823529411764706	0.3137254901960784	0.9725490196078431
A	C8_2	181.283	188.754	149.225	0.5647058823529412	0.5647058823529412	0.5647058823529412
A	N7_2	181.281	188.091	148.089	0.18823529411764706	0.3137254901960784	0.9725490196078431
A	C5_2	180.102	187.354	148.134	0.5647058823529412	0.5647058823529412	0.5647058823529412
A	C6_2	179.515	186.45	147.226	0.5647058823529412	0.5647058823529412	0.5647058823529412
A	N6_2	180.054	186.127	146.046	0.18823529411764706	0.3137254901960784	0.9725490196078431
A	N1_2	178.337	185.884	147.578	0.18823529411764706	0.3137254901960784	0.9725490196078431
A	C2_2	177.794	186.211	148.763	0.5647058823529412	0.5647058823529412	0.5647058823529412
A	N3_2	178.248	187.044	149.698	0.18823529411764706	0.3137254901960784	0.9725490196078431
A	C4_2	179.418	187.591	149.318	0.5647058823529412	0.5647058823529412	0.5647058823529412
