A	P_1	265.265	211.44	149.931	1.0	0.5019607843137255	0.0
A	OP1_1	263.832	211.353	150.329	1.0	0.050980392156862744	0.050980392156862744
A	OP2_1	265.865	212.773	149.637	1.0	0.050980392156862744	0.050980392156862744
A	O5'_1	266.137	210.736	151.066	1.0	0.050980392156862744	0.050980392156862744
A	C5'_1	265.904	209.36	151.43	0.5647058823529412	0.5647058823529412	0.5647058823529412
A	C4'_1	267.063	208.83	152.242	0.5647058823529412	0.5647058823529412	0.5647058823529412
A	O4'_1	268.275	208.906	151.448	1.0	0.050980392156862744	0.050980392156862744
A	C3'_1	267.392	209.607	153.51	0.5647058823529412	0.5647058823529412	0.5647058823529412
A	O3'_1	266.563	209.198	154.598	1.0	0.050980392156862744	0.050980392156862744
A	C2'_1	268.862	209.268	153.727	0.5647058823529412	0.5647058823529412	0.5647058823529412
A	O2'_1	269.059	207.994	154.307	1.0	0.050980392156862744	0.050980392156862744
A	C1'_1	269.374	209.233	152.284	0.5647058823529412	0.5647058823529412	0.5647058823529412
A	N9_1	269.937	210.503	151.821	0.18823529411764706	0.3137254901960784	0.9725490196078431
A	C8_1	269.313	211.499	151.1	0.5647058823529412	0.5647058823529412	0.5647058823529412
A	N7_1	270.098	212.508	150.806	0.18823529411764706	0.3137254901960784	0.9725490196078431
A	C5_1	271.317	212.16	151.375	0.5647058823529412	0.5647058823529412	0.5647058823529412
A	C6_1	272.562	212.809	151.41	0.5647058823529412	0.5647058823529412	0.5647058823529412
A	N6_1	272.791	213.997	150.839	0.18823529411764706	0.3137254901960784	0.9725490196078431
A	N1_1	273.576	212.191	152.059	0.18823529411764706	0.3137254901960784	0.9725490196078431
A	C2_1	273.339	211.0	152.634	0.5647058823529412	0.5647058823529412	0.5647058823529412
A	N3_1	272.212	210.29	152.669	0.18823529411764706	0.3137254901960784	0.9725490196078431
A	C4_1	271.229	210.932	152.012	0.5647058823529412	0.5647058823529412	0.5647058823529412
A	P_2	284.184	213.66	150.624	1.0	0.5019607843137255	0.0
A	OP1_2	285.168	213.389	149.539	1.0	0.050980392156862744	0.050980392156862744
A	OP2_2	282.727	213.559	150.337	1.0	0.050980392156862744	0.050980392156862744
A	O5'_2	284.529	212.704	151.855	1.0	0.050980392156862744	0.050980392156862744
A	C5'_2	284.185	211.304	151.815	0.5647058823529412	0.5647058823529412	0.5647058823529412
A	C4'_2	283.668	210.846	153.16	0.5647058823529412	0.5647058823529412	0.5647058823529412
A	O4'_2	283.029	211.951	153.849	1.0	0.050980392156862744	0.050980392156862744
A	C3'_2	282.607	209.757	153.074	0.5647058823529412	0.5647058823529412	0.5647058823529412
A	O3'_2	283.192	208.457	152.984	1.0	0.050980392156862744	0.050980392156862744
A	C2'_2	281.791	209.973	154.346	0.5647058823529412	0.5647058823529412	0.5647058823529412
A	O2'_2	282.363	209.38	155.495	1.0	0.050980392156862744	0.050980392156862744
A	C1'_2	281.843	211.5	154.486	0.5647058823529412	0.5647058823529412	0.5647058823529412
A	N9_2	280.719	212.22	153.886	0.18823529411764706	0.3137254901960784	0.9725490196078431
A	C8_2	280.797	213.216	152.94	0.5647058823529412	0.5647058823529412	0.5647058823529412
A	N7_2	279.633	213.703	152.585	0.18823529411764706	0.3137254901960784	0.9725490196078431
A	C5_2	278.727	212.978	153.344	0.5647058823529412	0.5647058823529412	0.5647058823529412
A	C6_2	277.329	213.023	153.43	0.5647058823529412	0.5647058823529412	0.5647058823529412
A	N6_2	276.577	213.862	152.712	0.18823529411764706	0.3137254901960784	0.9725490196078431
A	N1_2	276.722	212.169	154.286	0.18823529411764706	0.3137254901960784	0.9725490196078431
A	C2_2	277.486	211.331	155.0	0.5647058823529412	0.5647058823529412	0.5647058823529412
A	N3_2	278.812	211.195	155.008	0.18823529411764706	0.3137254901960784	0.9725490196078431
A	C4_2	279.38	212.059	154.149	0.5647058823529412	0.5647058823529412	0.5647058823529412
