A	P_1	172.448	197.908	261.883	1.0	0.5019607843137255	0.0
A	OP1_1	171.824	196.82	262.692	1.0	0.050980392156862744	0.050980392156862744
A	OP2_1	173.773	197.679	261.243	1.0	0.050980392156862744	0.050980392156862744
A	O5'_1	171.421	198.354	260.745	1.0	0.050980392156862744	0.050980392156862744
A	C5'_1	170.025	198.565	261.043	0.5647058823529412	0.5647058823529412	0.5647058823529412
A	C4'_1	169.289	199.078	259.821	0.5647058823529412	0.5647058823529412	0.5647058823529412
A	O4'_1	169.763	200.41	259.481	1.0	0.050980392156862744	0.050980392156862744
A	C3'_1	169.468	198.302	258.524	0.5647058823529412	0.5647058823529412	0.5647058823529412
A	O3'_1	168.672	197.125	258.459	1.0	0.050980392156862744	0.050980392156862744
A	C2'_1	169.045	199.329	257.486	0.5647058823529412	0.5647058823529412	0.5647058823529412
A	O2'_1	167.642	199.459	257.39	1.0	0.050980392156862744	0.050980392156862744
A	C1'_1	169.639	200.61	258.078	0.5647058823529412	0.5647058823529412	0.5647058823529412
A	N9_1	170.957	200.914	257.518	0.18823529411764706	0.3137254901960784	0.9725490196078431
A	C8_1	172.202	200.532	257.972	0.5647058823529412	0.5647058823529412	0.5647058823529412
A	N7_1	173.193	200.953	257.218	0.18823529411764706	0.3137254901960784	0.9725490196078431
A	C5_1	172.561	201.662	256.204	0.5647058823529412	0.5647058823529412	0.5647058823529412
A	C6_1	173.054	202.353	255.088	0.5647058823529412	0.5647058823529412	0.5647058823529412
A	N6_1	174.353	202.442	254.792	0.18823529411764706	0.3137254901960784	0.9725490196078431
A	N1_1	172.157	202.955	254.275	0.18823529411764706	0.3137254901960784	0.9725490196078431
A	C2_1	170.853	202.861	254.574	0.5647058823529412	0.5647058823529412	0.5647058823529412
A	N3_1	170.267	202.24	255.592	0.18823529411764706	0.3137254901960784	0.9725490196078431
A	C4_1	171.186	201.653	256.379	0.5647058823529412	0.5647058823529412	0.5647058823529412
A	P_2	182.581	206.403	248.3	1.0	0.5019607843137255	0.0
A	OP1_2	183.535	207.393	247.724	1.0	0.050980392156862744	0.050980392156862744
A	OP2_2	182.645	206.08	249.757	1.0	0.050980392156862744	0.050980392156862744
A	O5'_2	181.112	206.908	247.959	1.0	0.050980392156862744	0.050980392156862744
A	C5'_2	180.663	206.987	246.596	0.5647058823529412	0.5647058823529412	0.5647058823529412
A	C4'_2	179.204	206.619	246.517	0.5647058823529412	0.5647058823529412	0.5647058823529412
A	O4'_2	179.028	205.263	247.017	1.0	0.050980392156862744	0.050980392156862744
A	C3'_2	178.286	207.46	247.39	0.5647058823529412	0.5647058823529412	0.5647058823529412
A	O3'_2	177.926	208.684	246.744	1.0	0.050980392156862744	0.050980392156862744
A	C2'_2	177.098	206.527	247.598	0.5647058823529412	0.5647058823529412	0.5647058823529412
A	O2'_2	176.239	206.486	246.476	1.0	0.050980392156862744	0.050980392156862744
A	C1'_2	177.803	205.173	247.734	0.5647058823529412	0.5647058823529412	0.5647058823529412
A	N9_2	178.099	204.778	249.118	0.18823529411764706	0.3137254901960784	0.9725490196078431
A	C8_2	179.299	204.872	249.794	0.5647058823529412	0.5647058823529412	0.5647058823529412
A	N7_2	179.25	204.412	251.023	0.18823529411764706	0.3137254901960784	0.9725490196078431
A	C5_2	177.932	203.991	251.173	0.5647058823529412	0.5647058823529412	0.5647058823529412
A	C6_2	177.24	203.403	252.257	0.5647058823529412	0.5647058823529412	0.5647058823529412
A	N6_2	177.802	203.139	253.44	0.18823529411764706	0.3137254901960784	0.9725490196078431
A	N1_2	175.937	203.098	252.077	0.18823529411764706	0.3137254901960784	0.9725490196078431
A	C2_2	175.37	203.375	250.891	0.5647058823529412	0.5647058823529412	0.5647058823529412
A	N3_2	175.909	203.93	249.802	0.18823529411764706	0.3137254901960784	0.9725490196078431
A	C4_2	177.209	204.216	250.009	0.5647058823529412	0.5647058823529412	0.5647058823529412
