A	P_1	179.475	248.421	213.801	1.0	0.5019607843137255	0.0
A	OP1_1	178.892	247.089	214.137	1.0	0.050980392156862744	0.050980392156862744
A	OP2_1	178.915	249.646	214.431	1.0	0.050980392156862744	0.050980392156862744
A	O5'_1	181.038	248.358	214.12	1.0	0.050980392156862744	0.050980392156862744
A	C5'_1	181.852	247.277	213.616	0.5647058823529412	0.5647058823529412	0.5647058823529412
A	C4'_1	182.835	246.804	214.672	0.5647058823529412	0.5647058823529412	0.5647058823529412
A	O4'_1	183.863	247.813	214.882	1.0	0.050980392156862744	0.050980392156862744
A	C3'_1	182.274	246.466	216.055	0.5647058823529412	0.5647058823529412	0.5647058823529412
A	O3'_1	182.996	245.351	216.592	1.0	0.050980392156862744	0.050980392156862744
A	C2'_1	182.588	247.734	216.856	0.5647058823529412	0.5647058823529412	0.5647058823529412
A	O2'_1	182.702	247.516	218.252	1.0	0.050980392156862744	0.050980392156862744
A	C1'_1	183.941	248.13	216.26	0.5647058823529412	0.5647058823529412	0.5647058823529412
A	N9_1	184.339	249.537	216.385	0.18823529411764706	0.3137254901960784	0.9725490196078431
A	C8_1	183.579	250.645	216.69	0.5647058823529412	0.5647058823529412	0.5647058823529412
A	N7_1	184.263	251.767	216.708	0.18823529411764706	0.3137254901960784	0.9725490196078431
A	C5_1	185.56	251.373	216.399	0.5647058823529412	0.5647058823529412	0.5647058823529412
A	C6_1	186.764	252.094	216.255	0.5647058823529412	0.5647058823529412	0.5647058823529412
A	N6_1	186.86	253.417	216.41	0.18823529411764706	0.3137254901960784	0.9725490196078431
A	N1_1	187.88	251.396	215.94	0.18823529411764706	0.3137254901960784	0.9725490196078431
A	C2_1	187.782	250.07	215.778	0.5647058823529412	0.5647058823529412	0.5647058823529412
A	N3_1	186.713	249.283	215.881	0.18823529411764706	0.3137254901960784	0.9725490196078431
A	C4_1	185.621	250.003	216.198	0.5647058823529412	0.5647058823529412	0.5647058823529412
A	P_2	187.376	258.24	214.924	1.0	0.5019607843137255	0.0
A	OP1_2	186.526	259.467	214.901	1.0	0.050980392156862744	0.050980392156862744
A	OP2_2	187.177	257.193	213.881	1.0	0.050980392156862744	0.050980392156862744
A	O5'_2	188.906	258.687	214.861	1.0	0.050980392156862744	0.050980392156862744
A	C5'_2	189.42	259.748	215.695	0.5647058823529412	0.5647058823529412	0.5647058823529412
A	C4'_2	190.787	259.376	216.227	0.5647058823529412	0.5647058823529412	0.5647058823529412
A	O4'_2	190.656	258.296	217.188	1.0	0.050980392156862744	0.050980392156862744
A	C3'_2	191.78	258.846	215.201	0.5647058823529412	0.5647058823529412	0.5647058823529412
A	O3'_2	192.439	259.908	214.512	1.0	0.050980392156862744	0.050980392156862744
A	C2'_2	192.742	258.034	216.062	0.5647058823529412	0.5647058823529412	0.5647058823529412
A	O2'_2	193.709	258.83	216.722	1.0	0.050980392156862744	0.050980392156862744
A	C1'_2	191.789	257.443	217.107	0.5647058823529412	0.5647058823529412	0.5647058823529412
A	N9_2	191.326	256.079	216.828	0.18823529411764706	0.3137254901960784	0.9725490196078431
A	C8_2	190.025	255.632	216.766	0.5647058823529412	0.5647058823529412	0.5647058823529412
A	N7_2	189.916	254.35	216.513	0.18823529411764706	0.3137254901960784	0.9725490196078431
A	C5_2	191.231	253.921	216.398	0.5647058823529412	0.5647058823529412	0.5647058823529412
A	C6_2	191.793	252.656	216.139	0.5647058823529412	0.5647058823529412	0.5647058823529412
A	N6_2	191.064	251.551	215.939	0.18823529411764706	0.3137254901960784	0.9725490196078431
A	N1_2	193.146	252.564	216.092	0.18823529411764706	0.3137254901960784	0.9725490196078431
A	C2_2	193.87	253.673	216.293	0.5647058823529412	0.5647058823529412	0.5647058823529412
A	N3_2	193.457	254.917	216.545	0.18823529411764706	0.3137254901960784	0.9725490196078431
A	C4_2	192.112	254.974	216.586	0.5647058823529412	0.5647058823529412	0.5647058823529412
