A	P_1	237.573	132.599	241.588	1.0	0.5019607843137255	0.0
A	OP1_1	236.458	131.652	241.879	1.0	0.050980392156862744	0.050980392156862744
A	OP2_1	237.443	134.031	241.98	1.0	0.050980392156862744	0.050980392156862744
A	O5'_1	238.898	132.006	242.246	1.0	0.050980392156862744	0.050980392156862744
A	C5'_1	238.84	130.95	243.225	0.5647058823529412	0.5647058823529412	0.5647058823529412
A	C4'_1	238.81	129.602	242.54	0.5647058823529412	0.5647058823529412	0.5647058823529412
A	O4'_1	239.68	129.625	241.373	1.0	0.050980392156862744	0.050980392156862744
A	C3'_1	239.271	128.431	243.4	0.5647058823529412	0.5647058823529412	0.5647058823529412
A	O3'_1	238.55	127.249	243.059	1.0	0.050980392156862744	0.050980392156862744
A	C2'_1	240.746	128.307	243.019	0.5647058823529412	0.5647058823529412	0.5647058823529412
A	O2'_1	241.264	127.003	243.207	1.0	0.050980392156862744	0.050980392156862744
A	C1'_1	240.728	128.685	241.533	0.5647058823529412	0.5647058823529412	0.5647058823529412
A	N9_1	241.974	129.331	241.107	0.18823529411764706	0.3137254901960784	0.9725490196078431
A	C8_1	242.357	130.633	241.35	0.5647058823529412	0.5647058823529412	0.5647058823529412
A	N7_1	243.547	130.928	240.884	0.18823529411764706	0.3137254901960784	0.9725490196078431
A	C5_1	243.976	129.749	240.287	0.5647058823529412	0.5647058823529412	0.5647058823529412
A	C6_1	245.17	129.405	239.626	0.5647058823529412	0.5647058823529412	0.5647058823529412
A	N6_1	246.19	130.25	239.458	0.18823529411764706	0.3137254901960784	0.9725490196078431
A	N1_1	245.284	128.149	239.145	0.18823529411764706	0.3137254901960784	0.9725490196078431
A	C2_1	244.265	127.3	239.325	0.5647058823529412	0.5647058823529412	0.5647058823529412
A	N3_1	243.094	127.501	239.936	0.18823529411764706	0.3137254901960784	0.9725490196078431
A	C4_1	243.011	128.761	240.403	0.5647058823529412	0.5647058823529412	0.5647058823529412
A	P_2	252.254	124.506	237.636	1.0	0.5019607843137255	0.0
A	OP1_2	253.477	125.35	237.582	1.0	0.050980392156862744	0.050980392156862744
A	OP2_2	252.323	123.086	237.188	1.0	0.050980392156862744	0.050980392156862744
A	O5'_2	251.695	124.545	239.131	1.0	0.050980392156862744	0.050980392156862744
A	C5'_2	250.811	123.512	239.651	0.5647058823529412	0.5647058823529412	0.5647058823529412
A	C4'_2	249.505	124.128	240.111	0.5647058823529412	0.5647058823529412	0.5647058823529412
A	O4'_2	249.81	125.281	240.95	1.0	0.050980392156862744	0.050980392156862744
A	C3'_2	248.63	124.659	238.974	0.5647058823529412	0.5647058823529412	0.5647058823529412
A	O3'_2	247.223	124.741	239.286	1.0	0.050980392156862744	0.050980392156862744
A	C2'_2	249.125	126.098	238.85	0.5647058823529412	0.5647058823529412	0.5647058823529412
A	O2'_2	248.173	126.958	238.253	1.0	0.050980392156862744	0.050980392156862744
A	C1'_2	249.365	126.467	240.315	0.5647058823529412	0.5647058823529412	0.5647058823529412
A	N9_2	250.396	127.492	240.49	0.18823529411764706	0.3137254901960784	0.9725490196078431
A	C8_2	251.752	127.293	240.607	0.5647058823529412	0.5647058823529412	0.5647058823529412
A	N7_2	252.439	128.402	240.754	0.18823529411764706	0.3137254901960784	0.9725490196078431
A	C5_2	251.473	129.4	240.735	0.5647058823529412	0.5647058823529412	0.5647058823529412
A	C6_2	251.559	130.802	240.849	0.5647058823529412	0.5647058823529412	0.5647058823529412
A	N6_2	252.71	131.463	241.023	0.18823529411764706	0.3137254901960784	0.9725490196078431
A	N1_2	250.408	131.509	240.783	0.18823529411764706	0.3137254901960784	0.9725490196078431
A	C2_2	249.255	130.842	240.62	0.5647058823529412	0.5647058823529412	0.5647058823529412
A	N3_2	249.046	129.529	240.502	0.18823529411764706	0.3137254901960784	0.9725490196078431
A	C4_2	250.209	128.855	240.569	0.5647058823529412	0.5647058823529412	0.5647058823529412
