A	P_1	181.429	263.295	190.93	1.0	0.5019607843137255	0.0
A	OP1_1	180.12	262.844	190.361	1.0	0.050980392156862744	0.050980392156862744
A	OP2_1	181.979	262.608	192.137	1.0	0.050980392156862744	0.050980392156862744
A	O5'_1	182.53	263.2	189.78	1.0	0.050980392156862744	0.050980392156862744
A	C5'_1	183.061	261.928	189.356	0.5647058823529412	0.5647058823529412	0.5647058823529412
A	C4'_1	184.566	261.899	189.534	0.5647058823529412	0.5647058823529412	0.5647058823529412
A	O4'_1	185.119	263.15	189.032	1.0	0.050980392156862744	0.050980392156862744
A	C3'_1	185.088	261.828	190.964	0.5647058823529412	0.5647058823529412	0.5647058823529412
A	O3'_1	185.102	260.497	191.475	1.0	0.050980392156862744	0.050980392156862744
A	C2'_1	186.495	262.393	190.818	0.5647058823529412	0.5647058823529412	0.5647058823529412
A	O2'_1	187.418	261.467	190.278	1.0	0.050980392156862744	0.050980392156862744
A	C1'_1	186.252	263.521	189.813	0.5647058823529412	0.5647058823529412	0.5647058823529412
A	N9_1	185.964	264.787	190.498	0.18823529411764706	0.3137254901960784	0.9725490196078431
A	C8_1	184.743	265.36	190.789	0.5647058823529412	0.5647058823529412	0.5647058823529412
A	N7_1	184.834	266.486	191.46	0.18823529411764706	0.3137254901960784	0.9725490196078431
A	C5_1	186.203	266.673	191.614	0.5647058823529412	0.5647058823529412	0.5647058823529412
A	C6_1	186.955	267.678	192.248	0.5647058823529412	0.5647058823529412	0.5647058823529412
A	N6_1	186.411	268.72	192.885	0.18823529411764706	0.3137254901960784	0.9725490196078431
A	N1_1	188.302	267.57	192.213	0.18823529411764706	0.3137254901960784	0.9725490196078431
A	C2_1	188.846	266.516	191.592	0.5647058823529412	0.5647058823529412	0.5647058823529412
A	N3_1	188.247	265.501	190.972	0.18823529411764706	0.3137254901960784	0.9725490196078431
A	C4_1	186.91	265.642	191.017	0.5647058823529412	0.5647058823529412	0.5647058823529412
A	P_2	190.748	275.409	197.052	1.0	0.5019607843137255	0.0
A	OP1_2	192.093	275.243	197.68	1.0	0.050980392156862744	0.050980392156862744
A	OP2_2	190.455	276.634	196.248	1.0	0.050980392156862744	0.050980392156862744
A	O5'_2	190.474	274.138	196.136	1.0	0.050980392156862744	0.050980392156862744
A	C5'_2	190.697	272.812	196.639	0.5647058823529412	0.5647058823529412	0.5647058823529412
A	C4'_2	190.144	271.792	195.676	0.5647058823529412	0.5647058823529412	0.5647058823529412
A	O4'_2	188.697	271.903	195.614	1.0	0.050980392156862744	0.050980392156862744
A	C3'_2	190.597	271.949	194.232	0.5647058823529412	0.5647058823529412	0.5647058823529412
A	O3'_2	191.884	271.355	194.047	1.0	0.050980392156862744	0.050980392156862744
A	C2'_2	189.492	271.231	193.461	0.5647058823529412	0.5647058823529412	0.5647058823529412
A	O2'_2	189.668	269.83	193.457	1.0	0.050980392156862744	0.050980392156862744
A	C1'_2	188.253	271.58	194.302	0.5647058823529412	0.5647058823529412	0.5647058823529412
A	N9_2	187.438	272.691	193.796	0.18823529411764706	0.3137254901960784	0.9725490196078431
A	C8_2	187.344	273.97	194.307	0.5647058823529412	0.5647058823529412	0.5647058823529412
A	N7_2	186.524	274.75	193.639	0.18823529411764706	0.3137254901960784	0.9725490196078431
A	C5_2	186.046	273.937	192.618	0.5647058823529412	0.5647058823529412	0.5647058823529412
A	C6_2	185.145	274.176	191.563	0.5647058823529412	0.5647058823529412	0.5647058823529412
A	N6_2	184.55	275.353	191.356	0.18823529411764706	0.3137254901960784	0.9725490196078431
A	N1_2	184.877	273.153	190.718	0.18823529411764706	0.3137254901960784	0.9725490196078431
A	C2_2	185.484	271.975	190.924	0.5647058823529412	0.5647058823529412	0.5647058823529412
A	N3_2	186.355	271.627	191.878	0.18823529411764706	0.3137254901960784	0.9725490196078431
A	C4_2	186.597	272.664	192.703	0.5647058823529412	0.5647058823529412	0.5647058823529412
