A	P_1	177.776	227.728	212.045	1.0	0.5019607843137255	0.0
A	OP1_1	178.506	226.477	211.681	1.0	0.050980392156862744	0.050980392156862744
A	OP2_1	178.272	228.568	213.17	1.0	0.050980392156862744	0.050980392156862744
A	O5'_1	177.672	228.649	210.746	1.0	0.050980392156862744	0.050980392156862744
A	C5'_1	177.494	228.073	209.432	0.5647058823529412	0.5647058823529412	0.5647058823529412
A	C4'_1	177.844	229.089	208.361	0.5647058823529412	0.5647058823529412	0.5647058823529412
A	O4'_1	176.9	230.194	208.401	1.0	0.050980392156862744	0.050980392156862744
A	C3'_1	179.206	229.759	208.491	0.5647058823529412	0.5647058823529412	0.5647058823529412
A	O3'_1	180.246	228.934	207.96	1.0	0.050980392156862744	0.050980392156862744
A	C2'_1	179.021	231.053	207.698	0.5647058823529412	0.5647058823529412	0.5647058823529412
A	O2'_1	179.169	230.879	206.302	1.0	0.050980392156862744	0.050980392156862744
A	C1'_1	177.556	231.39	207.999	0.5647058823529412	0.5647058823529412	0.5647058823529412
A	N9_1	177.346	232.414	209.028	0.18823529411764706	0.3137254901960784	0.9725490196078431
A	C8_1	176.885	232.238	210.317	0.5647058823529412	0.5647058823529412	0.5647058823529412
A	N7_1	176.752	233.361	210.989	0.18823529411764706	0.3137254901960784	0.9725490196078431
A	C5_1	177.163	234.342	210.091	0.5647058823529412	0.5647058823529412	0.5647058823529412
A	C6_1	177.25	235.749	210.198	0.5647058823529412	0.5647058823529412	0.5647058823529412
A	N6_1	176.923	236.428	211.305	0.18823529411764706	0.3137254901960784	0.9725490196078431
A	N1_1	177.692	236.438	209.121	0.18823529411764706	0.3137254901960784	0.9725490196078431
A	C2_1	178.03	235.748	208.017	0.5647058823529412	0.5647058823529412	0.5647058823529412
A	N3_1	177.995	234.425	207.795	0.18823529411764706	0.3137254901960784	0.9725490196078431
A	C4_1	177.544	233.773	208.883	0.5647058823529412	0.5647058823529412	0.5647058823529412
A	P_2	175.912	241.01	219.386	1.0	0.5019607843137255	0.0
A	OP1_2	175.566	242.46	219.326	1.0	0.050980392156862744	0.050980392156862744
A	OP2_2	175.048	240.08	220.165	1.0	0.050980392156862744	0.050980392156862744
A	O5'_2	176.008	240.453	217.893	1.0	0.050980392156862744	0.050980392156862744
A	C5'_2	176.775	241.149	216.882	0.5647058823529412	0.5647058823529412	0.5647058823529412
A	C4'_2	176.756	240.376	215.574	0.5647058823529412	0.5647058823529412	0.5647058823529412
A	O4'_2	177.399	239.081	215.754	1.0	0.050980392156862744	0.050980392156862744
A	C3'_2	175.379	240.031	215.027	0.5647058823529412	0.5647058823529412	0.5647058823529412
A	O3'_2	174.795	241.124	214.325	1.0	0.050980392156862744	0.050980392156862744
A	C2'_2	175.677	238.831	214.135	0.5647058823529412	0.5647058823529412	0.5647058823529412
A	O2'_2	176.249	239.193	212.896	1.0	0.050980392156862744	0.050980392156862744
A	C1'_2	176.731	238.101	214.969	0.5647058823529412	0.5647058823529412	0.5647058823529412
A	N9_2	176.146	237.116	215.881	0.18823529411764706	0.3137254901960784	0.9725490196078431
A	C8_2	175.443	237.343	217.05	0.5647058823529412	0.5647058823529412	0.5647058823529412
A	N7_2	175.066	236.245	217.662	0.18823529411764706	0.3137254901960784	0.9725490196078431
A	C5_2	175.549	235.226	216.846	0.5647058823529412	0.5647058823529412	0.5647058823529412
A	C6_2	175.489	233.822	216.948	0.5647058823529412	0.5647058823529412	0.5647058823529412
A	N6_2	174.897	233.18	217.965	0.18823529411764706	0.3137254901960784	0.9725490196078431
A	N1_2	176.068	233.092	215.959	0.18823529411764706	0.3137254901960784	0.9725490196078431
A	C2_2	176.667	233.745	214.942	0.5647058823529412	0.5647058823529412	0.5647058823529412
A	N3_2	176.791	235.059	214.741	0.18823529411764706	0.3137254901960784	0.9725490196078431
A	C4_2	176.206	235.75	215.739	0.5647058823529412	0.5647058823529412	0.5647058823529412
