A	P_1	253.836	187.881	171.828	1.0	0.5019607843137255	0.0
A	OP1_1	253.842	188.118	170.353	1.0	0.050980392156862744	0.050980392156862744
A	OP2_1	255.1	188.037	172.605	1.0	0.050980392156862744	0.050980392156862744
A	O5'_1	252.735	188.834	172.474	1.0	0.050980392156862744	0.050980392156862744
A	C5'_1	251.42	188.95	171.893	0.5647058823529412	0.5647058823529412	0.5647058823529412
A	C4'_1	250.421	189.353	172.953	0.5647058823529412	0.5647058823529412	0.5647058823529412
A	O4'_1	250.45	188.359	174.015	1.0	0.050980392156862744	0.050980392156862744
A	C3'_1	250.722	190.674	173.648	0.5647058823529412	0.5647058823529412	0.5647058823529412
A	O3'_1	250.203	191.78	172.904	1.0	0.050980392156862744	0.050980392156862744
A	C2'_1	250.057	190.49	175.009	0.5647058823529412	0.5647058823529412	0.5647058823529412
A	O2'_1	248.661	190.72	174.967	1.0	0.050980392156862744	0.050980392156862744
A	C1'_1	250.329	189.001	175.276	0.5647058823529412	0.5647058823529412	0.5647058823529412
A	N9_1	251.558	188.735	176.033	0.18823529411764706	0.3137254901960784	0.9725490196078431
A	C8_1	252.865	188.977	175.655	0.5647058823529412	0.5647058823529412	0.5647058823529412
A	N7_1	253.753	188.623	176.557	0.18823529411764706	0.3137254901960784	0.9725490196078431
A	C5_1	252.985	188.109	177.596	0.5647058823529412	0.5647058823529412	0.5647058823529412
A	C6_1	253.33	187.564	178.846	0.5647058823529412	0.5647058823529412	0.5647058823529412
A	N6_1	254.59	187.44	179.277	0.18823529411764706	0.3137254901960784	0.9725490196078431
A	N1_1	252.325	187.142	179.649	0.18823529411764706	0.3137254901960784	0.9725490196078431
A	C2_1	251.062	187.264	179.214	0.5647058823529412	0.5647058823529412	0.5647058823529412
A	N3_1	250.609	187.766	178.063	0.18823529411764706	0.3137254901960784	0.9725490196078431
A	C4_1	251.631	188.173	177.288	0.5647058823529412	0.5647058823529412	0.5647058823529412
A	P_2	248.406	185.7	184.251	1.0	0.5019607843137255	0.0
A	OP1_2	248.391	184.654	185.322	1.0	0.050980392156862744	0.050980392156862744
A	OP2_2	249.28	185.511	183.059	1.0	0.050980392156862744	0.050980392156862744
A	O5'_2	246.903	185.896	183.75	1.0	0.050980392156862744	0.050980392156862744
A	C5'_2	245.816	186.082	184.687	0.5647058823529412	0.5647058823529412	0.5647058823529412
A	C4'_2	244.598	186.619	183.968	0.5647058823529412	0.5647058823529412	0.5647058823529412
A	O4'_2	244.929	187.916	183.402	1.0	0.050980392156862744	0.050980392156862744
A	C3'_2	244.121	185.782	182.785	0.5647058823529412	0.5647058823529412	0.5647058823529412
A	O3'_2	243.223	184.745	183.22	1.0	0.050980392156862744	0.050980392156862744
A	C2'_2	243.438	186.823	181.898	0.5647058823529412	0.5647058823529412	0.5647058823529412
A	O2'_2	242.124	187.136	182.319	1.0	0.050980392156862744	0.050980392156862744
A	C1'_2	244.329	188.052	182.122	0.5647058823529412	0.5647058823529412	0.5647058823529412
A	N9_2	245.405	188.233	181.146	0.18823529411764706	0.3137254901960784	0.9725490196078431
A	C8_2	246.58	187.519	181.046	0.5647058823529412	0.5647058823529412	0.5647058823529412
A	N7_2	247.368	187.931	180.08	0.18823529411764706	0.3137254901960784	0.9725490196078431
A	C5_2	246.666	188.981	179.498	0.5647058823529412	0.5647058823529412	0.5647058823529412
A	C6_2	246.967	189.839	178.42	0.5647058823529412	0.5647058823529412	0.5647058823529412
A	N6_2	248.098	189.763	177.71	0.18823529411764706	0.3137254901960784	0.9725490196078431
A	N1_2	246.055	190.785	178.095	0.18823529411764706	0.3137254901960784	0.9725490196078431
A	C2_2	244.916	190.851	178.811	0.5647058823529412	0.5647058823529412	0.5647058823529412
A	N3_2	244.52	190.103	179.844	0.18823529411764706	0.3137254901960784	0.9725490196078431
A	C4_2	245.451	189.177	180.143	0.5647058823529412	0.5647058823529412	0.5647058823529412
