A	P_1	107.194	267.468	170.493	1.0	0.5019607843137255	0.0
A	OP1_1	106.938	268.823	169.929	1.0	0.050980392156862744	0.050980392156862744
A	OP2_1	106.104	266.755	171.22	1.0	0.050980392156862744	0.050980392156862744
A	O5'_1	107.696	266.529	169.305	1.0	0.050980392156862744	0.050980392156862744
A	C5'_1	106.769	265.756	168.511	0.5647058823529412	0.5647058823529412	0.5647058823529412
A	C4'_1	107.482	264.579	167.878	0.5647058823529412	0.5647058823529412	0.5647058823529412
A	O4'_1	108.594	265.075	167.088	1.0	0.050980392156862744	0.050980392156862744
A	C3'_1	108.176	263.627	168.849	0.5647058823529412	0.5647058823529412	0.5647058823529412
A	O3'_1	107.265	262.637	169.362	1.0	0.050980392156862744	0.050980392156862744
A	C2'_1	109.213	262.938	167.951	0.5647058823529412	0.5647058823529412	0.5647058823529412
A	O2'_1	108.696	261.806	167.275	1.0	0.050980392156862744	0.050980392156862744
A	C1'_1	109.523	264.024	166.909	0.5647058823529412	0.5647058823529412	0.5647058823529412
A	N9_1	110.89	264.56	166.891	0.18823529411764706	0.3137254901960784	0.9725490196078431
A	C8_1	111.552	265.319	167.834	0.5647058823529412	0.5647058823529412	0.5647058823529412
A	N7_1	112.789	265.618	167.499	0.18823529411764706	0.3137254901960784	0.9725490196078431
A	C5_1	112.953	265.021	166.251	0.5647058823529412	0.5647058823529412	0.5647058823529412
A	C6_1	114.047	264.969	165.351	0.5647058823529412	0.5647058823529412	0.5647058823529412
A	N6_1	115.23	265.548	165.582	0.18823529411764706	0.3137254901960784	0.9725490196078431
A	N1_1	113.875	264.293	164.191	0.18823529411764706	0.3137254901960784	0.9725490196078431
A	C2_1	112.691	263.713	163.955	0.5647058823529412	0.5647058823529412	0.5647058823529412
A	N3_1	111.592	263.69	164.717	0.18823529411764706	0.3137254901960784	0.9725490196078431
A	C4_1	111.791	264.37	165.864	0.5647058823529412	0.5647058823529412	0.5647058823529412
A	P_2	123.675	270.434	172.965	1.0	0.5019607843137255	0.0
A	OP1_2	124.99	271.12	172.811	1.0	0.050980392156862744	0.050980392156862744
A	OP2_2	122.459	271.242	173.238	1.0	0.050980392156862744	0.050980392156862744
A	O5'_2	123.424	269.559	171.656	1.0	0.050980392156862744	0.050980392156862744
A	C5'_2	124.415	268.613	171.21	0.5647058823529412	0.5647058823529412	0.5647058823529412
A	C4'_2	123.917	267.83	170.014	0.5647058823529412	0.5647058823529412	0.5647058823529412
A	O4'_2	122.838	266.932	170.401	1.0	0.050980392156862744	0.050980392156862744
A	C3'_2	123.314	268.619	168.862	0.5647058823529412	0.5647058823529412	0.5647058823529412
A	O3'_2	124.301	269.242	168.045	1.0	0.050980392156862744	0.050980392156862744
A	C2'_2	122.546	267.534	168.115	0.5647058823529412	0.5647058823529412	0.5647058823529412
A	O2'_2	123.378	266.708	167.323	1.0	0.050980392156862744	0.050980392156862744
A	C1'_2	121.989	266.71	169.279	0.5647058823529412	0.5647058823529412	0.5647058823529412
A	N9_2	120.612	267.075	169.632	0.18823529411764706	0.3137254901960784	0.9725490196078431
A	C8_2	120.157	267.8	170.712	0.5647058823529412	0.5647058823529412	0.5647058823529412
A	N7_2	118.851	267.932	170.75	0.18823529411764706	0.3137254901960784	0.9725490196078431
A	C5_2	118.415	267.253	169.618	0.5647058823529412	0.5647058823529412	0.5647058823529412
A	C6_2	117.124	267.013	169.086	0.5647058823529412	0.5647058823529412	0.5647058823529412
A	N6_2	115.989	267.452	169.65	0.18823529411764706	0.3137254901960784	0.9725490196078431
A	N1_2	117.039	266.297	167.938	0.18823529411764706	0.3137254901960784	0.9725490196078431
A	C2_2	118.171	265.861	167.369	0.5647058823529412	0.5647058823529412	0.5647058823529412
A	N3_2	119.435	266.02	167.77	0.18823529411764706	0.3137254901960784	0.9725490196078431
A	C4_2	119.489	266.729	168.915	0.5647058823529412	0.5647058823529412	0.5647058823529412
