C	P_1	241.194	158.879	195.26	1.0	0.5019607843137255	0.0
C	OP1_1	242.036	159.197	196.454	1.0	0.050980392156862744	0.050980392156862744
C	OP2_1	239.893	158.171	195.444	1.0	0.050980392156862744	0.050980392156862744
C	O5'_1	240.911	160.238	194.473	1.0	0.050980392156862744	0.050980392156862744
C	C5'_1	242.006	161.054	194.002	0.5647058823529412	0.5647058823529412	0.5647058823529412
C	C4'_1	241.488	162.228	193.198	0.5647058823529412	0.5647058823529412	0.5647058823529412
C	O4'_1	240.932	161.774	191.935	1.0	0.050980392156862744	0.050980392156862744
C	C3'_1	240.357	163.008	193.836	0.5647058823529412	0.5647058823529412	0.5647058823529412
C	O3'_1	240.86	163.898	194.818	1.0	0.050980392156862744	0.050980392156862744
C	C2'_1	239.732	163.707	192.636	0.5647058823529412	0.5647058823529412	0.5647058823529412
C	O2'_1	240.482	164.822	192.197	1.0	0.050980392156862744	0.050980392156862744
C	C1'_1	239.843	162.613	191.57	0.5647058823529412	0.5647058823529412	0.5647058823529412
C	N1_1	238.634	161.78	191.433	0.18823529411764706	0.3137254901960784	0.9725490196078431
C	C2_1	237.586	162.228	190.597	0.5647058823529412	0.5647058823529412	0.5647058823529412
C	O2_1	237.704	163.317	190.006	1.0	0.050980392156862744	0.050980392156862744
C	N3_1	236.48	161.457	190.458	0.18823529411764706	0.3137254901960784	0.9725490196078431
C	C4_1	236.396	160.285	191.107	0.5647058823529412	0.5647058823529412	0.5647058823529412
C	N4_1	235.293	159.548	190.932	0.18823529411764706	0.3137254901960784	0.9725490196078431
C	C5_1	237.44	159.814	191.962	0.5647058823529412	0.5647058823529412	0.5647058823529412
C	C6_1	238.526	160.586	192.096	0.5647058823529412	0.5647058823529412	0.5647058823529412
U	P_2	226.842	161.824	184.602	1.0	0.5019607843137255	0.0
U	OP1_2	226.195	162.16	183.295	1.0	0.050980392156862744	0.050980392156862744
U	OP2_2	227.273	160.429	184.872	1.0	0.050980392156862744	0.050980392156862744
U	O5'_2	228.096	162.785	184.829	1.0	0.050980392156862744	0.050980392156862744
U	C5'_2	227.98	164.194	184.575	0.5647058823529412	0.5647058823529412	0.5647058823529412
U	C4'_2	229.314	164.887	184.723	0.5647058823529412	0.5647058823529412	0.5647058823529412
U	O4'_2	229.7	164.974	186.121	1.0	0.050980392156862744	0.050980392156862744
U	C3'_2	230.524	164.246	184.064	0.5647058823529412	0.5647058823529412	0.5647058823529412
U	O3'_2	230.55	164.467	182.656	1.0	0.050980392156862744	0.050980392156862744
U	C2'_2	231.666	164.962	184.776	0.5647058823529412	0.5647058823529412	0.5647058823529412
U	O2'_2	231.883	166.271	184.289	1.0	0.050980392156862744	0.050980392156862744
U	C1'_2	231.118	165.051	186.203	0.5647058823529412	0.5647058823529412	0.5647058823529412
U	N1_2	231.619	163.971	187.067	0.18823529411764706	0.3137254901960784	0.9725490196078431
U	C2_2	232.875	164.143	187.651	0.5647058823529412	0.5647058823529412	0.5647058823529412
U	O2_2	233.555	165.15	187.492	1.0	0.050980392156862744	0.050980392156862744
U	N3_2	233.301	163.089	188.427	0.18823529411764706	0.3137254901960784	0.9725490196078431
U	C4_2	232.615	161.91	188.679	0.5647058823529412	0.5647058823529412	0.5647058823529412
U	O4_2	233.155	161.027	189.354	1.0	0.050980392156862744	0.050980392156862744
U	C5_2	231.325	161.819	188.055	0.5647058823529412	0.5647058823529412	0.5647058823529412
U	C6_2	230.883	162.824	187.291	0.5647058823529412	0.5647058823529412	0.5647058823529412
