C	P_1	191.117	143.843	206.989	1.0	0.5019607843137255	0.0
C	OP1_1	190.169	144.987	206.977	1.0	0.050980392156862744	0.050980392156862744
C	OP2_1	190.851	142.658	206.126	1.0	0.050980392156862744	0.050980392156862744
C	O5'_1	192.561	144.414	206.624	1.0	0.050980392156862744	0.050980392156862744
C	C5'_1	192.858	144.822	205.271	0.5647058823529412	0.5647058823529412	0.5647058823529412
C	C4'_1	193.924	145.895	205.249	0.5647058823529412	0.5647058823529412	0.5647058823529412
C	O4'_1	195.164	145.366	205.792	1.0	0.050980392156862744	0.050980392156862744
C	C3'_1	194.295	146.371	203.851	0.5647058823529412	0.5647058823529412	0.5647058823529412
C	O3'_1	193.393	147.385	203.402	1.0	0.050980392156862744	0.050980392156862744
C	C2'_1	195.715	146.891	204.043	0.5647058823529412	0.5647058823529412	0.5647058823529412
C	O2'_1	195.752	148.175	204.634	1.0	0.050980392156862744	0.050980392156862744
C	C1'_1	196.266	145.882	205.057	0.5647058823529412	0.5647058823529412	0.5647058823529412
C	N1_1	197.012	144.744	204.476	0.18823529411764706	0.3137254901960784	0.9725490196078431
C	C2_1	198.412	144.691	204.638	0.5647058823529412	0.5647058823529412	0.5647058823529412
C	O2_1	198.995	145.621	205.23	1.0	0.050980392156862744	0.050980392156862744
C	N3_1	199.09	143.629	204.144	0.18823529411764706	0.3137254901960784	0.9725490196078431
C	C4_1	198.434	142.654	203.509	0.5647058823529412	0.5647058823529412	0.5647058823529412
C	N4_1	199.143	141.623	203.054	0.18823529411764706	0.3137254901960784	0.9725490196078431
C	C5_1	197.022	142.691	203.316	0.5647058823529412	0.5647058823529412	0.5647058823529412
C	C6_1	196.358	143.743	203.807	0.5647058823529412	0.5647058823529412	0.5647058823529412
U	P_2	202.329	135.73	200.701	1.0	0.5019607843137255	0.0
U	OP1_2	202.364	134.236	200.679	1.0	0.050980392156862744	0.050980392156862744
U	OP2_2	201.162	136.426	201.301	1.0	0.050980392156862744	0.050980392156862744
U	O5'_2	203.65	136.224	201.446	1.0	0.050980392156862744	0.050980392156862744
U	C5'_2	204.943	135.704	201.09	0.5647058823529412	0.5647058823529412	0.5647058823529412
U	C4'_2	206.025	136.46	201.823	0.5647058823529412	0.5647058823529412	0.5647058823529412
U	O4'_2	205.947	137.863	201.464	1.0	0.050980392156862744	0.050980392156862744
U	C3'_2	205.921	136.462	203.342	0.5647058823529412	0.5647058823529412	0.5647058823529412
U	O3'_2	206.488	135.284	203.911	1.0	0.050980392156862744	0.050980392156862744
U	C2'_2	206.71	137.709	203.716	0.5647058823529412	0.5647058823529412	0.5647058823529412
U	O2'_2	208.109	137.505	203.684	1.0	0.050980392156862744	0.050980392156862744
U	C1'_2	206.321	138.657	202.579	0.5647058823529412	0.5647058823529412	0.5647058823529412
U	N1_2	205.216	139.574	202.903	0.18823529411764706	0.3137254901960784	0.9725490196078431
U	C2_2	205.542	140.894	203.181	0.5647058823529412	0.5647058823529412	0.5647058823529412
U	O2_2	206.695	141.308	203.201	1.0	0.050980392156862744	0.050980392156862744
U	N3_2	204.471	141.711	203.44	0.18823529411764706	0.3137254901960784	0.9725490196078431
U	C4_2	203.139	141.358	203.457	0.5647058823529412	0.5647058823529412	0.5647058823529412
U	O4_2	202.29	142.226	203.665	1.0	0.050980392156862744	0.050980392156862744
U	C5_2	202.881	139.976	203.181	0.5647058823529412	0.5647058823529412	0.5647058823529412
U	C6_2	203.902	139.151	202.921	0.5647058823529412	0.5647058823529412	0.5647058823529412
