U	P_1	106.814	203.312	179.95	1.0	0.5019607843137255	0.0
U	OP1_1	107.811	202.59	180.796	1.0	0.050980392156862744	0.050980392156862744
U	OP2_1	106.399	204.697	180.327	1.0	0.050980392156862744	0.050980392156862744
U	O5'_1	107.39	203.352	178.458	1.0	0.050980392156862744	0.050980392156862744
U	C5'_1	108.389	204.326	178.08	0.5647058823529412	0.5647058823529412	0.5647058823529412
U	C4'_1	109.387	203.726	177.111	0.5647058823529412	0.5647058823529412	0.5647058823529412
U	O4'_1	110.155	202.685	177.78	1.0	0.050980392156862744	0.050980392156862744
U	C3'_1	108.817	203.089	175.843	0.5647058823529412	0.5647058823529412	0.5647058823529412
U	O3'_1	109.746	203.227	174.76	1.0	0.050980392156862744	0.050980392156862744
U	C2'_1	108.758	201.611	176.23	0.5647058823529412	0.5647058823529412	0.5647058823529412
U	O2'_1	108.788	200.755	175.102	1.0	0.050980392156862744	0.050980392156862744
U	C1'_1	110.044	201.479	177.048	0.5647058823529412	0.5647058823529412	0.5647058823529412
U	N1_1	110.163	200.334	177.974	0.18823529411764706	0.3137254901960784	0.9725490196078431
U	C2_1	111.142	199.371	177.685	0.5647058823529412	0.5647058823529412	0.5647058823529412
U	O2_1	111.856	199.414	176.691	1.0	0.050980392156862744	0.050980392156862744
U	N3_1	111.245	198.355	178.606	0.18823529411764706	0.3137254901960784	0.9725490196078431
U	C4_1	110.489	198.186	179.751	0.5647058823529412	0.5647058823529412	0.5647058823529412
U	O4_1	110.72	197.224	180.485	1.0	0.050980392156862744	0.050980392156862744
U	C5_1	109.485	199.196	179.973	0.5647058823529412	0.5647058823529412	0.5647058823529412
U	C6_1	109.358	200.209	179.102	0.5647058823529412	0.5647058823529412	0.5647058823529412
C	P_2	117.749	190.839	178.225	1.0	0.5019607843137255	0.0
C	OP1_2	118.847	190.155	178.968	1.0	0.050980392156862744	0.050980392156862744
C	OP2_2	116.494	190.095	177.92	1.0	0.050980392156862744	0.050980392156862744
C	O5'_2	117.372	192.166	179.028	1.0	0.050980392156862744	0.050980392156862744
C	C5'_2	118.386	193.124	179.381	0.5647058823529412	0.5647058823529412	0.5647058823529412
C	C4'_2	117.765	194.33	180.043	0.5647058823529412	0.5647058823529412	0.5647058823529412
C	O4'_2	116.818	194.942	179.135	1.0	0.050980392156862744	0.050980392156862744
C	C3'_2	116.967	194.066	181.312	0.5647058823529412	0.5647058823529412	0.5647058823529412
C	O3'_2	117.863	193.999	182.432	1.0	0.050980392156862744	0.050980392156862744
C	C2'_2	116.041	195.284	181.371	0.5647058823529412	0.5647058823529412	0.5647058823529412
C	O2'_2	116.669	196.427	181.92	1.0	0.050980392156862744	0.050980392156862744
C	C1'_2	115.779	195.549	179.881	0.5647058823529412	0.5647058823529412	0.5647058823529412
C	N1_2	114.489	195.089	179.336	0.18823529411764706	0.3137254901960784	0.9725490196078431
C	C2_2	113.617	196.04	178.767	0.5647058823529412	0.5647058823529412	0.5647058823529412
C	O2_2	113.934	197.248	178.791	1.0	0.050980392156862744	0.050980392156862744
C	N3_2	112.456	195.621	178.209	0.18823529411764706	0.3137254901960784	0.9725490196078431
C	C4_2	112.145	194.32	178.213	0.5647058823529412	0.5647058823529412	0.5647058823529412
C	N4_2	111.009	193.949	177.623	0.18823529411764706	0.3137254901960784	0.9725490196078431
C	C5_2	112.993	193.339	178.815	0.5647058823529412	0.5647058823529412	0.5647058823529412
C	C6_2	114.144	193.763	179.358	0.5647058823529412	0.5647058823529412	0.5647058823529412
