C	P_1	203.847	220.686	135.044	1.0	0.5019607843137255	0.0
C	OP1_1	204.452	219.441	135.599	1.0	0.050980392156862744	0.050980392156862744
C	OP2_1	203.885	221.936	135.846	1.0	0.050980392156862744	0.050980392156862744
C	O5'_1	204.517	220.982	133.626	1.0	0.050980392156862744	0.050980392156862744
C	C5'_1	204.561	219.972	132.589	0.5647058823529412	0.5647058823529412	0.5647058823529412
C	C4'_1	204.884	220.61	131.255	0.5647058823529412	0.5647058823529412	0.5647058823529412
C	O4'_1	203.801	221.501	130.874	1.0	0.050980392156862744	0.050980392156862744
C	C3'_1	206.127	221.49	131.222	0.5647058823529412	0.5647058823529412	0.5647058823529412
C	O3'_1	207.315	220.726	131.042	1.0	0.050980392156862744	0.050980392156862744
C	C2'_1	205.84	222.413	130.043	0.5647058823529412	0.5647058823529412	0.5647058823529412
C	O2'_1	206.096	221.803	128.795	1.0	0.050980392156862744	0.050980392156862744
C	C1'_1	204.33	222.628	130.193	0.5647058823529412	0.5647058823529412	0.5647058823529412
C	N1_1	203.969	223.85	130.944	0.18823529411764706	0.3137254901960784	0.9725490196078431
C	C2_1	203.801	225.056	130.238	0.5647058823529412	0.5647058823529412	0.5647058823529412
C	O2_1	203.959	225.063	128.999	1.0	0.050980392156862744	0.050980392156862744
C	N3_1	203.471	226.177	130.924	0.18823529411764706	0.3137254901960784	0.9725490196078431
C	C4_1	203.307	226.127	132.25	0.5647058823529412	0.5647058823529412	0.5647058823529412
C	N4_1	202.977	227.253	132.881	0.18823529411764706	0.3137254901960784	0.9725490196078431
C	C5_1	203.472	224.92	132.986	0.5647058823529412	0.5647058823529412	0.5647058823529412
C	C6_1	203.799	223.818	132.303	0.5647058823529412	0.5647058823529412	0.5647058823529412
U	P_2	202.197	237.649	133.523	1.0	0.5019607843137255	0.0
U	OP1_2	201.859	238.783	132.615	1.0	0.050980392156862744	0.050980392156862744
U	OP2_2	201.348	237.388	134.714	1.0	0.050980392156862744	0.050980392156862744
U	O5'_2	202.26	236.313	132.654	1.0	0.050980392156862744	0.050980392156862744
U	C5'_2	203.047	236.242	131.446	0.5647058823529412	0.5647058823529412	0.5647058823529412
U	C4'_2	203.13	234.812	130.962	0.5647058823529412	0.5647058823529412	0.5647058823529412
U	O4'_2	203.801	234.008	131.97	1.0	0.050980392156862744	0.050980392156862744
U	C3'_2	201.796	234.108	130.747	0.5647058823529412	0.5647058823529412	0.5647058823529412
U	O3'_2	201.241	234.413	129.469	1.0	0.050980392156862744	0.050980392156862744
U	C2'_2	202.176	232.639	130.892	0.5647058823529412	0.5647058823529412	0.5647058823529412
U	O2'_2	202.781	232.108	129.729	1.0	0.050980392156862744	0.050980392156862744
U	C1'_2	203.218	232.713	132.014	0.5647058823529412	0.5647058823529412	0.5647058823529412
U	N1_2	202.673	232.486	133.365	0.18823529411764706	0.3137254901960784	0.9725490196078431
U	C2_2	202.973	231.283	133.988	0.5647058823529412	0.5647058823529412	0.5647058823529412
U	O2_2	203.665	230.417	133.47	1.0	0.050980392156862744	0.050980392156862744
U	N3_2	202.433	231.132	135.241	0.18823529411764706	0.3137254901960784	0.9725490196078431
U	C4_2	201.645	232.042	135.927	0.5647058823529412	0.5647058823529412	0.5647058823529412
U	O4_2	201.243	231.761	137.056	1.0	0.050980392156862744	0.050980392156862744
U	C5_2	201.383	233.26	135.224	0.5647058823529412	0.5647058823529412	0.5647058823529412
U	C6_2	201.891	233.436	133.997	0.5647058823529412	0.5647058823529412	0.5647058823529412
