C	P_1	185.988	151.969	242.039	1.0	0.5019607843137255	0.0
C	OP1_1	184.935	152.85	242.618	1.0	0.050980392156862744	0.050980392156862744
C	OP2_1	186.144	151.889	240.562	1.0	0.050980392156862744	0.050980392156862744
C	O5'_1	187.398	152.377	242.668	1.0	0.050980392156862744	0.050980392156862744
C	C5'_1	187.571	152.498	244.1	0.5647058823529412	0.5647058823529412	0.5647058823529412
C	C4'_1	188.998	152.889	244.432	0.5647058823529412	0.5647058823529412	0.5647058823529412
C	O4'_1	189.903	151.816	244.07	1.0	0.050980392156862744	0.050980392156862744
C	C3'_1	189.55	154.11	243.709	0.5647058823529412	0.5647058823529412	0.5647058823529412
C	O3'_1	189.134	155.306	244.368	1.0	0.050980392156862744	0.050980392156862744
C	C2'_1	191.058	153.893	243.802	0.5647058823529412	0.5647058823529412	0.5647058823529412
C	O2'_1	191.592	154.293	245.05	1.0	0.050980392156862744	0.050980392156862744
C	C1'_1	191.155	152.365	243.693	0.5647058823529412	0.5647058823529412	0.5647058823529412
C	N1_1	191.537	151.823	242.371	0.18823529411764706	0.3137254901960784	0.9725490196078431
C	C2_1	192.903	151.635	242.081	0.5647058823529412	0.5647058823529412	0.5647058823529412
C	O2_1	193.754	151.937	242.94	1.0	0.050980392156862744	0.050980392156862744
C	N3_1	193.256	151.125	240.878	0.18823529411764706	0.3137254901960784	0.9725490196078431
C	C4_1	192.314	150.806	239.986	0.5647058823529412	0.5647058823529412	0.5647058823529412
C	N4_1	192.708	150.301	238.816	0.18823529411764706	0.3137254901960784	0.9725490196078431
C	C5_1	190.926	150.989	240.252	0.5647058823529412	0.5647058823529412	0.5647058823529412
C	C6_1	190.586	151.496	241.443	0.5647058823529412	0.5647058823529412	0.5647058823529412
U	P_2	202.65	149.804	237.904	1.0	0.5019607843137255	0.0
U	OP1_2	203.905	149.033	238.111	1.0	0.050980392156862744	0.050980392156862744
U	OP2_2	201.566	149.227	237.067	1.0	0.050980392156862744	0.050980392156862744
U	O5'_2	202.044	150.155	239.337	1.0	0.050980392156862744	0.050980392156862744
U	C5'_2	202.806	150.902	240.305	0.5647058823529412	0.5647058823529412	0.5647058823529412
U	C4'_2	201.927	151.29	241.473	0.5647058823529412	0.5647058823529412	0.5647058823529412
U	O4'_2	200.858	152.156	241.007	1.0	0.050980392156862744	0.050980392156862744
U	C3'_2	201.198	150.146	242.16	0.5647058823529412	0.5647058823529412	0.5647058823529412
U	O3'_2	202.036	149.482	243.099	1.0	0.050980392156862744	0.050980392156862744
U	C2'_2	200.025	150.859	242.821	0.5647058823529412	0.5647058823529412	0.5647058823529412
U	O2'_2	200.379	151.517	244.019	1.0	0.050980392156862744	0.050980392156862744
U	C1'_2	199.68	151.908	241.761	0.5647058823529412	0.5647058823529412	0.5647058823529412
U	N1_2	198.606	151.49	240.842	0.18823529411764706	0.3137254901960784	0.9725490196078431
U	C2_2	197.303	151.877	241.147	0.5647058823529412	0.5647058823529412	0.5647058823529412
U	O2_2	197.019	152.543	242.135	1.0	0.050980392156862744	0.050980392156862744
U	N3_2	196.35	151.454	240.25	0.18823529411764706	0.3137254901960784	0.9725490196078431
U	C4_2	196.557	150.704	239.104	0.5647058823529412	0.5647058823529412	0.5647058823529412
U	O4_2	195.595	150.419	238.386	1.0	0.050980392156862744	0.050980392156862744
U	C5_2	197.923	150.347	238.86	0.5647058823529412	0.5647058823529412	0.5647058823529412
U	C6_2	198.876	150.741	239.715	0.5647058823529412	0.5647058823529412	0.5647058823529412
