U	P_1	182.369	243.865	216.511	1.0	0.5019607843137255	0.0
U	OP1_1	180.886	243.984	216.589	1.0	0.050980392156862744	0.050980392156862744
U	OP2_1	183.088	243.0	217.486	1.0	0.050980392156862744	0.050980392156862744
U	O5'_1	182.74	243.365	215.042	1.0	0.050980392156862744	0.050980392156862744
U	C5'_1	184.119	243.254	214.63	0.5647058823529412	0.5647058823529412	0.5647058823529412
U	C4'_1	184.216	242.772	213.196	0.5647058823529412	0.5647058823529412	0.5647058823529412
U	O4'_1	183.792	241.38	213.108	1.0	0.050980392156862744	0.050980392156862744
U	C3'_1	183.395	243.536	212.162	0.5647058823529412	0.5647058823529412	0.5647058823529412
U	O3'_1	184.139	243.599	210.94	1.0	0.050980392156862744	0.050980392156862744
U	C2'_1	182.142	242.662	212.025	0.5647058823529412	0.5647058823529412	0.5647058823529412
U	O2'_1	181.476	242.811	210.784	1.0	0.050980392156862744	0.050980392156862744
U	C1'_1	182.738	241.258	212.168	0.5647058823529412	0.5647058823529412	0.5647058823529412
U	N1_1	181.824	240.204	212.643	0.18823529411764706	0.3137254901960784	0.9725490196078431
U	C2_1	181.656	239.079	211.841	0.5647058823529412	0.5647058823529412	0.5647058823529412
U	O2_1	182.183	238.954	210.743	1.0	0.050980392156862744	0.050980392156862744
U	N3_1	180.842	238.107	212.369	0.18823529411764706	0.3137254901960784	0.9725490196078431
U	C4_1	180.184	238.143	213.581	0.5647058823529412	0.5647058823529412	0.5647058823529412
U	O4_1	179.529	237.162	213.944	1.0	0.050980392156862744	0.050980392156862744
U	C5_1	180.384	239.346	214.335	0.5647058823529412	0.5647058823529412	0.5647058823529412
U	C6_1	181.172	240.308	213.855	0.5647058823529412	0.5647058823529412	0.5647058823529412
C	P_2	181.732	229.022	208.574	1.0	0.5019607843137255	0.0
C	OP1_2	182.586	228.051	207.833	1.0	0.050980392156862744	0.050980392156862744
C	OP2_2	181.631	228.929	210.055	1.0	0.050980392156862744	0.050980392156862744
C	O5'_2	182.215	230.496	208.198	1.0	0.050980392156862744	0.050980392156862744
C	C5'_2	182.416	230.89	206.82	0.5647058823529412	0.5647058823529412	0.5647058823529412
C	C4'_2	182.754	232.365	206.739	0.5647058823529412	0.5647058823529412	0.5647058823529412
C	O4'_2	181.584	233.167	207.051	1.0	0.050980392156862744	0.050980392156862744
C	C3'_2	183.817	232.848	207.713	0.5647058823529412	0.5647058823529412	0.5647058823529412
C	O3'_2	185.124	232.561	207.223	1.0	0.050980392156862744	0.050980392156862744
C	C2'_2	183.517	234.339	207.817	0.5647058823529412	0.5647058823529412	0.5647058823529412
C	O2'_2	184.023	235.083	206.728	1.0	0.050980392156862744	0.050980392156862744
C	C1'_2	181.985	234.341	207.746	0.5647058823529412	0.5647058823529412	0.5647058823529412
C	N1_2	181.304	234.37	209.06	0.18823529411764706	0.3137254901960784	0.9725490196078431
C	C2_2	180.984	235.622	209.639	0.5647058823529412	0.5647058823529412	0.5647058823529412
C	O2_2	181.268	236.67	209.025	1.0	0.050980392156862744	0.050980392156862744
C	N3_2	180.374	235.647	210.852	0.18823529411764706	0.3137254901960784	0.9725490196078431
C	C4_2	180.083	234.498	211.482	0.5647058823529412	0.5647058823529412	0.5647058823529412
C	N4_2	179.497	234.57	212.678	0.18823529411764706	0.3137254901960784	0.9725490196078431
C	C5_2	180.383	233.223	210.912	0.5647058823529412	0.5647058823529412	0.5647058823529412
C	C6_2	180.986	233.205	209.714	0.5647058823529412	0.5647058823529412	0.5647058823529412
