U	P_1	146.907	250.395	232.111	1.0	0.5019607843137255	0.0
U	OP1_1	147.918	251.001	231.197	1.0	0.050980392156862744	0.050980392156862744
U	OP2_1	145.515	250.93	232.125	1.0	0.050980392156862744	0.050980392156862744
U	O5'_1	146.838	248.824	231.835	1.0	0.050980392156862744	0.050980392156862744
U	C5'_1	148.025	248.012	231.906	0.5647058823529412	0.5647058823529412	0.5647058823529412
U	C4'_1	147.683	246.547	231.747	0.5647058823529412	0.5647058823529412	0.5647058823529412
U	O4'_1	146.909	246.08	232.883	1.0	0.050980392156862744	0.050980392156862744
U	C3'_1	146.782	246.163	230.584	0.5647058823529412	0.5647058823529412	0.5647058823529412
U	O3'_1	147.477	246.162	229.344	1.0	0.050980392156862744	0.050980392156862744
U	C2'_1	146.354	244.753	230.987	0.5647058823529412	0.5647058823529412	0.5647058823529412
U	O2'_1	147.354	243.783	230.731	1.0	0.050980392156862744	0.050980392156862744
U	C1'_1	146.209	244.901	232.506	0.5647058823529412	0.5647058823529412	0.5647058823529412
U	N1_1	144.816	244.983	232.978	0.18823529411764706	0.3137254901960784	0.9725490196078431
U	C2_1	144.295	243.885	233.662	0.5647058823529412	0.5647058823529412	0.5647058823529412
U	O2_1	144.944	242.871	233.898	1.0	0.050980392156862744	0.050980392156862744
U	N3_1	142.985	244.023	234.061	0.18823529411764706	0.3137254901960784	0.9725490196078431
U	C4_1	142.159	245.119	233.856	0.5647058823529412	0.5647058823529412	0.5647058823529412
U	O4_1	140.995	245.08	234.255	1.0	0.050980392156862744	0.050980392156862744
U	C5_1	142.769	246.209	233.154	0.5647058823529412	0.5647058823529412	0.5647058823529412
U	C6_1	144.041	246.108	232.749	0.5647058823529412	0.5647058823529412	0.5647058823529412
C	P_2	140.455	238.648	232.614	1.0	0.5019607843137255	0.0
C	OP1_2	139.131	238.085	233.014	1.0	0.050980392156862744	0.050980392156862744
C	OP2_2	140.971	239.863	233.302	1.0	0.050980392156862744	0.050980392156862744
C	O5'_2	141.548	237.488	232.752	1.0	0.050980392156862744	0.050980392156862744
C	C5'_2	141.283	236.145	232.274	0.5647058823529412	0.5647058823529412	0.5647058823529412
C	C4'_2	142.546	235.301	232.309	0.5647058823529412	0.5647058823529412	0.5647058823529412
C	O4'_2	143.561	235.903	231.462	1.0	0.050980392156862744	0.050980392156862744
C	C3'_2	143.227	235.13	233.662	0.5647058823529412	0.5647058823529412	0.5647058823529412
C	O3'_2	142.606	234.086	234.418	1.0	0.050980392156862744	0.050980392156862744
C	C2'_2	144.668	234.799	233.27	0.5647058823529412	0.5647058823529412	0.5647058823529412
C	O2'_2	144.874	233.446	232.912	1.0	0.050980392156862744	0.050980392156862744
C	C1'_2	144.848	235.667	232.017	0.5647058823529412	0.5647058823529412	0.5647058823529412
C	N1_2	145.509	236.968	232.254	0.18823529411764706	0.3137254901960784	0.9725490196078431
C	C2_2	146.914	237.042	232.163	0.5647058823529412	0.5647058823529412	0.5647058823529412
C	O2_2	147.559	236.015	231.874	1.0	0.050980392156862744	0.050980392156862744
C	N3_2	147.527	238.228	232.39	0.18823529411764706	0.3137254901960784	0.9725490196078431
C	C4_2	146.8	239.31	232.697	0.5647058823529412	0.5647058823529412	0.5647058823529412
C	N4_2	147.449	240.457	232.926	0.18823529411764706	0.3137254901960784	0.9725490196078431
C	C5_2	145.372	239.264	232.785	0.5647058823529412	0.5647058823529412	0.5647058823529412
C	C6_2	144.777	238.086	232.558	0.5647058823529412	0.5647058823529412	0.5647058823529412
