U	P_1	131.026	232.374	174.133	1.0	0.5019607843137255	0.0
U	OP1_1	131.236	231.322	173.098	1.0	0.050980392156862744	0.050980392156862744
U	OP2_1	129.994	232.168	175.191	1.0	0.050980392156862744	0.050980392156862744
U	O5'_1	132.421	232.642	174.861	1.0	0.050980392156862744	0.050980392156862744
U	C5'_1	133.643	232.804	174.104	0.5647058823529412	0.5647058823529412	0.5647058823529412
U	C4'_1	134.83	232.954	175.036	0.5647058823529412	0.5647058823529412	0.5647058823529412
U	O4'_1	134.692	234.166	175.827	1.0	0.050980392156862744	0.050980392156862744
U	C3'_1	135.033	231.855	176.073	0.5647058823529412	0.5647058823529412	0.5647058823529412
U	O3'_1	135.689	230.712	175.509	1.0	0.050980392156862744	0.050980392156862744
U	C2'_1	135.892	232.557	177.123	0.5647058823529412	0.5647058823529412	0.5647058823529412
U	O2'_1	137.263	232.609	176.771	1.0	0.050980392156862744	0.050980392156862744
U	C1'_1	135.317	233.979	177.091	0.5647058823529412	0.5647058823529412	0.5647058823529412
U	N1_1	134.346	234.286	178.16	0.18823529411764706	0.3137254901960784	0.9725490196078431
U	C2_1	134.837	234.821	179.342	0.5647058823529412	0.5647058823529412	0.5647058823529412
U	O2_1	136.023	235.022	179.541	1.0	0.050980392156862744	0.050980392156862744
U	N3_1	133.886	235.112	180.289	0.18823529411764706	0.3137254901960784	0.9725490196078431
U	C4_1	132.527	234.928	180.188	0.5647058823529412	0.5647058823529412	0.5647058823529412
U	O4_1	131.803	235.27	181.128	1.0	0.050980392156862744	0.050980392156862744
U	C5_1	132.093	234.358	178.941	0.5647058823529412	0.5647058823529412	0.5647058823529412
U	C6_1	132.994	234.063	177.997	0.5647058823529412	0.5647058823529412	0.5647058823529412
C	P_2	143.394	225.534	183.383	1.0	0.5019607843137255	0.0
C	OP1_2	142.744	224.193	183.331	1.0	0.050980392156862744	0.050980392156862744
C	OP2_2	144.878	225.625	183.535	1.0	0.050980392156862744	0.050980392156862744
C	O5'_2	142.977	226.34	182.069	1.0	0.050980392156862744	0.050980392156862744
C	C5'_2	143.539	227.644	181.775	0.5647058823529412	0.5647058823529412	0.5647058823529412
C	C4'_2	143.173	228.068	180.367	0.5647058823529412	0.5647058823529412	0.5647058823529412
C	O4'_2	141.736	228.252	180.277	1.0	0.050980392156862744	0.050980392156862744
C	C3'_2	143.707	229.423	179.921	0.5647058823529412	0.5647058823529412	0.5647058823529412
C	O3'_2	145.067	229.324	179.49	1.0	0.050980392156862744	0.050980392156862744
C	C2'_2	142.783	229.766	178.756	0.5647058823529412	0.5647058823529412	0.5647058823529412
C	O2'_2	143.166	229.135	177.548	1.0	0.050980392156862744	0.050980392156862744
C	C1'_2	141.453	229.171	179.231	0.5647058823529412	0.5647058823529412	0.5647058823529412
C	N1_2	140.456	230.158	179.697	0.18823529411764706	0.3137254901960784	0.9725490196078431
C	C2_2	139.518	230.67	178.765	0.5647058823529412	0.5647058823529412	0.5647058823529412
C	O2_2	139.555	230.276	177.581	1.0	0.050980392156862744	0.050980392156862744
C	N3_2	138.599	231.574	179.183	0.18823529411764706	0.3137254901960784	0.9725490196078431
C	C4_2	138.585	231.97	180.463	0.5647058823529412	0.5647058823529412	0.5647058823529412
C	N4_2	137.658	232.86	180.833	0.18823529411764706	0.3137254901960784	0.9725490196078431
C	C5_2	139.521	231.47	181.425	0.5647058823529412	0.5647058823529412	0.5647058823529412
C	C6_2	140.429	230.576	181.003	0.5647058823529412	0.5647058823529412	0.5647058823529412
