U	P_1	179.228	151.604	266.796	1.0	0.5019607843137255	0.0
U	OP1_1	179.773	152.774	267.543	1.0	0.050980392156862744	0.050980392156862744
U	OP2_1	179.01	151.708	265.325	1.0	0.050980392156862744	0.050980392156862744
U	O5'_1	180.159	150.336	267.075	1.0	0.050980392156862744	0.050980392156862744
U	C5'_1	180.32	149.823	268.416	0.5647058823529412	0.5647058823529412	0.5647058823529412
U	C4'_1	181.037	148.487	268.402	0.5647058823529412	0.5647058823529412	0.5647058823529412
U	O4'_1	180.278	147.522	267.62	1.0	0.050980392156862744	0.050980392156862744
U	C3'_1	182.422	148.433	267.773	0.5647058823529412	0.5647058823529412	0.5647058823529412
U	O3'_1	183.432	148.952	268.64	1.0	0.050980392156862744	0.050980392156862744
U	C2'_1	182.584	146.937	267.516	0.5647058823529412	0.5647058823529412	0.5647058823529412
U	O2'_1	182.915	146.205	268.679	1.0	0.050980392156862744	0.050980392156862744
U	C1'_1	181.168	146.554	267.075	0.5647058823529412	0.5647058823529412	0.5647058823529412
U	N1_1	180.994	146.499	265.612	0.18823529411764706	0.3137254901960784	0.9725490196078431
U	C2_1	181.071	145.251	264.999	0.5647058823529412	0.5647058823529412	0.5647058823529412
U	O2_1	181.265	144.214	265.618	1.0	0.050980392156862744	0.050980392156862744
U	N3_1	180.911	145.268	263.633	0.18823529411764706	0.3137254901960784	0.9725490196078431
U	C4_1	180.683	146.374	262.832	0.5647058823529412	0.5647058823529412	0.5647058823529412
U	O4_1	180.55	146.22	261.618	1.0	0.050980392156862744	0.050980392156862744
U	C5_1	180.612	147.62	263.534	0.5647058823529412	0.5647058823529412	0.5647058823529412
U	C6_1	180.767	147.642	264.864	0.5647058823529412	0.5647058823529412	0.5647058823529412
C	P_2	182.758	137.737	255.905	1.0	0.5019607843137255	0.0
C	OP1_2	182.846	136.28	255.582	1.0	0.050980392156862744	0.050980392156862744
C	OP2_2	181.484	138.468	255.652	1.0	0.050980392156862744	0.050980392156862744
C	O5'_2	183.15	137.958	257.438	1.0	0.050980392156862744	0.050980392156862744
C	C5'_2	184.319	137.326	258.016	0.5647058823529412	0.5647058823529412	0.5647058823529412
C	C4'_2	184.308	137.481	259.522	0.5647058823529412	0.5647058823529412	0.5647058823529412
C	O4'_2	184.609	138.854	259.887	1.0	0.050980392156862744	0.050980392156862744
C	C3'_2	182.973	137.201	260.195	0.5647058823529412	0.5647058823529412	0.5647058823529412
C	O3'_2	182.74	135.806	260.374	1.0	0.050980392156862744	0.050980392156862744
C	C2'_2	183.099	137.964	261.507	0.5647058823529412	0.5647058823529412	0.5647058823529412
C	O2'_2	183.851	137.267	262.479	1.0	0.050980392156862744	0.050980392156862744
C	C1'_2	183.876	139.206	261.057	0.5647058823529412	0.5647058823529412	0.5647058823529412
C	N1_2	183.033	140.384	260.754	0.18823529411764706	0.3137254901960784	0.9725490196078431
C	C2_2	182.725	141.297	261.791	0.5647058823529412	0.5647058823529412	0.5647058823529412
C	O2_2	183.126	141.066	262.95	1.0	0.050980392156862744	0.050980392156862744
C	N3_2	181.994	142.402	261.495	0.18823529411764706	0.3137254901960784	0.9725490196078431
C	C4_2	181.564	142.607	260.242	0.5647058823529412	0.5647058823529412	0.5647058823529412
C	N4_2	180.863	143.715	259.994	0.18823529411764706	0.3137254901960784	0.9725490196078431
C	C5_2	181.839	141.685	259.186	0.5647058823529412	0.5647058823529412	0.5647058823529412
C	C6_2	182.568	140.601	259.483	0.5647058823529412	0.5647058823529412	0.5647058823529412
