U	P_1	198.562	317.683	201.866	1.0	0.5019607843137255	0.0
U	OP1_1	198.415	319.138	202.164	1.0	0.050980392156862744	0.050980392156862744
U	OP2_1	198.414	317.198	200.463	1.0	0.050980392156862744	0.050980392156862744
U	O5'_1	199.982	317.201	202.411	1.0	0.050980392156862744	0.050980392156862744
U	C5'_1	200.336	317.364	203.801	0.5647058823529412	0.5647058823529412	0.5647058823529412
U	C4'_1	201.594	316.591	204.116	0.5647058823529412	0.5647058823529412	0.5647058823529412
U	O4'_1	201.369	315.177	203.862	1.0	0.050980392156862744	0.050980392156862744
U	C3'_1	202.814	316.932	203.273	0.5647058823529412	0.5647058823529412	0.5647058823529412
U	O3'_1	203.489	318.084	203.78	1.0	0.050980392156862744	0.050980392156862744
U	C2'_1	203.655	315.663	203.387	0.5647058823529412	0.5647058823529412	0.5647058823529412
U	O2'_1	204.387	315.588	204.595	1.0	0.050980392156862744	0.050980392156862744
U	C1'_1	202.571	314.58	203.394	0.5647058823529412	0.5647058823529412	0.5647058823529412
U	N1_1	202.315	313.955	202.085	0.18823529411764706	0.3137254901960784	0.9725490196078431
U	C2_1	203.094	312.862	201.726	0.5647058823529412	0.5647058823529412	0.5647058823529412
U	O2_1	203.985	312.414	202.433	1.0	0.050980392156862744	0.050980392156862744
U	N3_1	202.789	312.315	200.503	0.18823529411764706	0.3137254901960784	0.9725490196078431
U	C4_1	201.813	312.737	199.62	0.5647058823529412	0.5647058823529412	0.5647058823529412
U	O4_1	201.653	312.131	198.562	1.0	0.050980392156862744	0.050980392156862744
U	C5_1	201.057	313.871	200.059	0.5647058823529412	0.5647058823529412	0.5647058823529412
U	C6_1	201.328	314.43	201.242	0.5647058823529412	0.5647058823529412	0.5647058823529412
C	P_2	213.02	311.185	209.923	1.0	0.5019607843137255	0.0
C	OP1_2	213.446	312.262	210.86	1.0	0.050980392156862744	0.050980392156862744
C	OP2_2	213.941	310.04	209.651	1.0	0.050980392156862744	0.050980392156862744
C	O5'_2	211.623	310.612	210.441	1.0	0.050980392156862744	0.050980392156862744
C	C5'_2	210.976	309.501	209.773	0.5647058823529412	0.5647058823529412	0.5647058823529412
C	C4'_2	209.655	309.188	210.439	0.5647058823529412	0.5647058823529412	0.5647058823529412
C	O4'_2	208.681	310.22	210.128	1.0	0.050980392156862744	0.050980392156862744
C	C3'_2	208.979	307.905	209.981	0.5647058823529412	0.5647058823529412	0.5647058823529412
C	O3'_2	209.576	306.797	210.662	1.0	0.050980392156862744	0.050980392156862744
C	C2'_2	207.524	308.144	210.388	0.5647058823529412	0.5647058823529412	0.5647058823529412
C	O2'_2	207.278	307.914	211.762	1.0	0.050980392156862744	0.050980392156862744
C	C1'_2	207.379	309.649	210.128	0.5647058823529412	0.5647058823529412	0.5647058823529412
C	N1_2	206.688	310.018	208.876	0.18823529411764706	0.3137254901960784	0.9725490196078431
C	C2_2	205.458	310.707	208.958	0.5647058823529412	0.5647058823529412	0.5647058823529412
C	O2_2	204.984	310.974	210.078	1.0	0.050980392156862744	0.050980392156862744
C	N3_2	204.824	311.06	207.814	0.18823529411764706	0.3137254901960784	0.9725490196078431
C	C4_2	205.363	310.754	206.627	0.5647058823529412	0.5647058823529412	0.5647058823529412
C	N4_2	204.705	311.132	205.526	0.18823529411764706	0.3137254901960784	0.9725490196078431
C	C5_2	206.603	310.051	206.516	0.5647058823529412	0.5647058823529412	0.5647058823529412
C	C6_2	207.225	309.707	207.654	0.5647058823529412	0.5647058823529412	0.5647058823529412
