U	P_1	221.545	210.59	169.299	1.0	0.5019607843137255	0.0
U	OP1_1	221.898	212.008	168.989	1.0	0.050980392156862744	0.050980392156862744
U	OP2_1	220.427	209.932	168.57	1.0	0.050980392156862744	0.050980392156862744
U	O5'_1	222.848	209.692	169.113	1.0	0.050980392156862744	0.050980392156862744
U	C5'_1	224.118	210.114	169.641	0.5647058823529412	0.5647058823529412	0.5647058823529412
U	C4'_1	225.19	209.1	169.302	0.5647058823529412	0.5647058823529412	0.5647058823529412
U	O4'_1	224.905	207.845	169.976	1.0	0.050980392156862744	0.050980392156862744
U	C3'_1	225.295	208.723	167.832	0.5647058823529412	0.5647058823529412	0.5647058823529412
U	O3'_1	226.078	209.671	167.112	1.0	0.050980392156862744	0.050980392156862744
U	C2'_1	225.944	207.345	167.89	0.5647058823529412	0.5647058823529412	0.5647058823529412
U	O2'_1	227.343	207.403	168.087	1.0	0.050980392156862744	0.050980392156862744
U	C1'_1	225.293	206.761	169.147	0.5647058823529412	0.5647058823529412	0.5647058823529412
U	N1_1	224.111	205.919	168.902	0.18823529411764706	0.3137254901960784	0.9725490196078431
U	C2_1	224.282	204.541	168.954	0.5647058823529412	0.5647058823529412	0.5647058823529412
U	O2_1	225.366	204.012	169.169	1.0	0.050980392156862744	0.050980392156862744
U	N3_1	223.131	203.806	168.748	0.18823529411764706	0.3137254901960784	0.9725490196078431
U	C4_1	221.856	204.296	168.498	0.5647058823529412	0.5647058823529412	0.5647058823529412
U	O4_1	220.917	203.504	168.356	1.0	0.050980392156862744	0.050980392156862744
U	C5_1	221.765	205.726	168.447	0.5647058823529412	0.5647058823529412	0.5647058823529412
U	C6_1	222.866	206.471	168.644	0.5647058823529412	0.5647058823529412	0.5647058823529412
C	P_2	221.304	193.84	169.399	1.0	0.5019607843137255	0.0
C	OP1_2	221.805	192.614	170.09	1.0	0.050980392156862744	0.050980392156862744
C	OP2_2	220.053	194.499	169.893	1.0	0.050980392156862744	0.050980392156862744
C	O5'_2	222.495	194.904	169.398	1.0	0.050980392156862744	0.050980392156862744
C	C5'_2	223.804	194.564	168.873	0.5647058823529412	0.5647058823529412	0.5647058823529412
C	C4'_2	224.645	195.811	168.716	0.5647058823529412	0.5647058823529412	0.5647058823529412
C	O4'_2	223.949	196.712	167.821	1.0	0.050980392156862744	0.050980392156862744
C	C3'_2	224.883	196.612	169.992	0.5647058823529412	0.5647058823529412	0.5647058823529412
C	O3'_2	226.067	196.149	170.655	1.0	0.050980392156862744	0.050980392156862744
C	C2'_2	225.064	198.038	169.47	0.5647058823529412	0.5647058823529412	0.5647058823529412
C	O2'_2	226.379	198.307	169.021	1.0	0.050980392156862744	0.050980392156862744
C	C1'_2	224.127	198.046	168.256	0.5647058823529412	0.5647058823529412	0.5647058823529412
C	N1_2	222.799	198.659	168.441	0.18823529411764706	0.3137254901960784	0.9725490196078431
C	C2_2	222.66	200.036	168.215	0.5647058823529412	0.5647058823529412	0.5647058823529412
C	O2_2	223.672	200.703	167.923	1.0	0.050980392156862744	0.050980392156862744
C	N3_2	221.434	200.605	168.316	0.18823529411764706	0.3137254901960784	0.9725490196078431
C	C4_2	220.375	199.855	168.632	0.5647058823529412	0.5647058823529412	0.5647058823529412
C	N4_2	219.181	200.453	168.686	0.18823529411764706	0.3137254901960784	0.9725490196078431
C	C5_2	220.492	198.458	168.9	0.5647058823529412	0.5647058823529412	0.5647058823529412
C	C6_2	221.712	197.907	168.796	0.5647058823529412	0.5647058823529412	0.5647058823529412
