U	P_1	189.23	271.235	163.295	1.0	0.5019607843137255	0.0
U	OP1_1	190.426	271.534	162.457	1.0	0.050980392156862744	0.050980392156862744
U	OP2_1	189.317	271.379	164.77	1.0	0.050980392156862744	0.050980392156862744
U	O5'_1	188.017	272.136	162.78	1.0	0.050980392156862744	0.050980392156862744
U	C5'_1	187.835	272.419	161.374	0.5647058823529412	0.5647058823529412	0.5647058823529412
U	C4'_1	186.628	273.312	161.168	0.5647058823529412	0.5647058823529412	0.5647058823529412
U	O4'_1	185.428	272.591	161.569	1.0	0.050980392156862744	0.050980392156862744
U	C3'_1	186.586	274.59	162.0	0.5647058823529412	0.5647058823529412	0.5647058823529412
U	O3'_1	187.365	275.647	161.435	1.0	0.050980392156862744	0.050980392156862744
U	C2'_1	185.093	274.903	162.036	0.5647058823529412	0.5647058823529412	0.5647058823529412
U	O2'_1	184.617	275.501	160.844	1.0	0.050980392156862744	0.050980392156862744
U	C1'_1	184.501	273.495	162.168	0.5647058823529412	0.5647058823529412	0.5647058823529412
U	N1_1	184.287	273.09	163.571	0.18823529411764706	0.3137254901960784	0.9725490196078431
U	C2_1	183.127	273.529	164.214	0.5647058823529412	0.5647058823529412	0.5647058823529412
U	O2_1	182.276	274.223	163.668	1.0	0.050980392156862744	0.050980392156862744
U	N3_1	183.009	273.126	165.522	0.18823529411764706	0.3137254901960784	0.9725490196078431
U	C4_1	183.903	272.347	166.24	0.5647058823529412	0.5647058823529412	0.5647058823529412
U	O4_1	183.663	272.082	167.418	1.0	0.050980392156862744	0.050980392156862744
U	C5_1	185.061	271.928	165.51	0.5647058823529412	0.5647058823529412	0.5647058823529412
U	C6_1	185.212	272.302	164.239	0.5647058823529412	0.5647058823529412	0.5647058823529412
C	P_2	189.392	271.666	175.93	1.0	0.5019607843137255	0.0
C	OP1_2	188.656	272.038	174.694	1.0	0.050980392156862744	0.050980392156862744
C	OP2_2	189.964	272.74	176.788	1.0	0.050980392156862744	0.050980392156862744
C	O5'_2	188.418	270.798	176.845	1.0	0.050980392156862744	0.050980392156862744
C	C5'_2	187.428	269.91	176.276	0.5647058823529412	0.5647058823529412	0.5647058823529412
C	C4'_2	186.102	270.625	176.138	0.5647058823529412	0.5647058823529412	0.5647058823529412
C	O4'_2	186.078	271.344	174.878	1.0	0.050980392156862744	0.050980392156862744
C	C3'_2	184.876	269.722	176.092	0.5647058823529412	0.5647058823529412	0.5647058823529412
C	O3'_2	184.439	269.476	177.431	1.0	0.050980392156862744	0.050980392156862744
C	C2'_2	183.86	270.568	175.329	0.5647058823529412	0.5647058823529412	0.5647058823529412
C	O2'_2	183.205	271.505	176.16	1.0	0.050980392156862744	0.050980392156862744
C	C1'_2	184.763	271.328	174.349	0.5647058823529412	0.5647058823529412	0.5647058823529412
C	N1_2	184.809	270.797	172.971	0.18823529411764706	0.3137254901960784	0.9725490196078431
C	C2_2	184.017	271.416	171.985	0.5647058823529412	0.5647058823529412	0.5647058823529412
C	O2_2	183.303	272.384	172.301	1.0	0.050980392156862744	0.050980392156862744
C	N3_2	184.054	270.944	170.718	0.18823529411764706	0.3137254901960784	0.9725490196078431
C	C4_2	184.837	269.906	170.414	0.5647058823529412	0.5647058823529412	0.5647058823529412
C	N4_2	184.842	269.48	169.15	0.18823529411764706	0.3137254901960784	0.9725490196078431
C	C5_2	185.65	269.258	171.392	0.5647058823529412	0.5647058823529412	0.5647058823529412
C	C6_2	185.605	269.731	172.646	0.5647058823529412	0.5647058823529412	0.5647058823529412
