U	P_1	212.034	282.823	201.608	1.0	0.5019607843137255	0.0
U	OP1_1	212.071	283.076	200.142	1.0	0.050980392156862744	0.050980392156862744
U	OP2_1	212.654	283.804	202.539	1.0	0.050980392156862744	0.050980392156862744
U	O5'_1	210.51	282.636	202.028	1.0	0.050980392156862744	0.050980392156862744
U	C5'_1	209.582	281.949	201.166	0.5647058823529412	0.5647058823529412	0.5647058823529412
U	C4'_1	208.186	282.08	201.713	0.5647058823529412	0.5647058823529412	0.5647058823529412
U	O4'_1	208.126	281.439	203.012	1.0	0.050980392156862744	0.050980392156862744
U	C3'_1	207.745	283.512	201.967	0.5647058823529412	0.5647058823529412	0.5647058823529412
U	O3'_1	207.226	284.098	200.772	1.0	0.050980392156862744	0.050980392156862744
U	C2'_1	206.696	283.347	203.063	0.5647058823529412	0.5647058823529412	0.5647058823529412
U	O2'_1	205.431	282.95	202.567	1.0	0.050980392156862744	0.050980392156862744
U	C1'_1	207.289	282.192	203.877	0.5647058823529412	0.5647058823529412	0.5647058823529412
U	N1_1	208.075	282.587	205.06	0.18823529411764706	0.3137254901960784	0.9725490196078431
U	C2_1	207.433	282.597	206.293	0.5647058823529412	0.5647058823529412	0.5647058823529412
U	O2_1	206.246	282.336	206.429	1.0	0.050980392156862744	0.050980392156862744
U	N3_1	208.237	282.926	207.358	0.18823529411764706	0.3137254901960784	0.9725490196078431
U	C4_1	209.58	283.25	207.322	0.5647058823529412	0.5647058823529412	0.5647058823529412
U	O4_1	210.167	283.504	208.373	1.0	0.050980392156862744	0.050980392156862744
U	C5_1	210.165	283.239	206.019	0.5647058823529412	0.5647058823529412	0.5647058823529412
U	C6_1	209.415	282.919	204.958	0.5647058823529412	0.5647058823529412	0.5647058823529412
C	P_2	206.578	285.31	210.619	1.0	0.5019607843137255	0.0
C	OP1_2	207.415	286.424	211.166	1.0	0.050980392156862744	0.050980392156862744
C	OP2_2	207.014	284.602	209.384	1.0	0.050980392156862744	0.050980392156862744
C	O5'_2	206.396	284.228	211.775	1.0	0.050980392156862744	0.050980392156862744
C	C5'_2	205.914	284.602	213.084	0.5647058823529412	0.5647058823529412	0.5647058823529412
C	C4'_2	205.019	283.514	213.631	0.5647058823529412	0.5647058823529412	0.5647058823529412
C	O4'_2	203.909	283.333	212.719	1.0	0.050980392156862744	0.050980392156862744
C	C3'_2	205.65	282.13	213.736	0.5647058823529412	0.5647058823529412	0.5647058823529412
C	O3'_2	206.348	281.988	214.978	1.0	0.050980392156862744	0.050980392156862744
C	C2'_2	204.44	281.206	213.676	0.5647058823529412	0.5647058823529412	0.5647058823529412
C	O2'_2	203.825	281.067	214.933	1.0	0.050980392156862744	0.050980392156862744
C	C1'_2	203.503	281.979	212.742	0.5647058823529412	0.5647058823529412	0.5647058823529412
C	N1_2	203.357	281.481	211.353	0.18823529411764706	0.3137254901960784	0.9725490196078431
C	C2_2	202.473	280.41	211.115	0.5647058823529412	0.5647058823529412	0.5647058823529412
C	O2_2	201.871	279.899	212.077	1.0	0.050980392156862744	0.050980392156862744
C	N3_2	202.296	279.966	209.846	0.18823529411764706	0.3137254901960784	0.9725490196078431
C	C4_2	202.956	280.544	208.837	0.5647058823529412	0.5647058823529412	0.5647058823529412
C	N4_2	202.731	280.087	207.604	0.18823529411764706	0.3137254901960784	0.9725490196078431
C	C5_2	203.872	281.619	209.05	0.5647058823529412	0.5647058823529412	0.5647058823529412
C	C6_2	204.043	282.051	210.312	0.5647058823529412	0.5647058823529412	0.5647058823529412
