U	P_1	188.438	329.981	189.758	1.0	0.5019607843137255	0.0
U	OP1_1	188.94	329.809	191.148	1.0	0.050980392156862744	0.050980392156862744
U	OP2_1	188.188	331.353	189.23	1.0	0.050980392156862744	0.050980392156862744
U	O5'_1	189.436	329.247	188.756	1.0	0.050980392156862744	0.050980392156862744
U	C5'_1	189.96	327.936	189.052	0.5647058823529412	0.5647058823529412	0.5647058823529412
U	C4'_1	190.835	327.455	187.916	0.5647058823529412	0.5647058823529412	0.5647058823529412
U	O4'_1	190.024	327.258	186.73	1.0	0.050980392156862744	0.050980392156862744
U	C3'_1	191.927	328.423	187.478	0.5647058823529412	0.5647058823529412	0.5647058823529412
U	O3'_1	193.08	328.283	188.309	1.0	0.050980392156862744	0.050980392156862744
U	C2'_1	192.19	327.999	186.034	0.5647058823529412	0.5647058823529412	0.5647058823529412
U	O2'_1	193.057	326.885	185.924	1.0	0.050980392156862744	0.050980392156862744
U	C1'_1	190.784	327.585	185.578	0.5647058823529412	0.5647058823529412	0.5647058823529412
U	N1_1	190.04	328.581	184.786	0.18823529411764706	0.3137254901960784	0.9725490196078431
U	C2_1	189.915	328.352	183.42	0.5647058823529412	0.5647058823529412	0.5647058823529412
U	O2_1	190.396	327.378	182.859	1.0	0.050980392156862744	0.050980392156862744
U	N3_1	189.201	329.307	182.737	0.18823529411764706	0.3137254901960784	0.9725490196078431
U	C4_1	188.608	330.44	183.263	0.5647058823529412	0.5647058823529412	0.5647058823529412
U	O4_1	187.976	331.191	182.517	1.0	0.050980392156862744	0.050980392156862744
U	C5_1	188.783	330.609	184.676	0.5647058823529412	0.5647058823529412	0.5647058823529412
U	C6_1	189.476	329.7	185.371	0.5647058823529412	0.5647058823529412	0.5647058823529412
C	P_2	189.072	326.214	173.478	1.0	0.5019607843137255	0.0
C	OP1_2	188.501	325.455	172.33	1.0	0.050980392156862744	0.050980392156862744
C	OP2_2	188.166	326.748	174.531	1.0	0.050980392156862744	0.050980392156862744
C	O5'_2	190.166	325.302	174.196	1.0	0.050980392156862744	0.050980392156862744
C	C5'_2	191.179	324.597	173.442	0.5647058823529412	0.5647058823529412	0.5647058823529412
C	C4'_2	192.124	323.891	174.391	0.5647058823529412	0.5647058823529412	0.5647058823529412
C	O4'_2	192.747	324.886	175.245	1.0	0.050980392156862744	0.050980392156862744
C	C3'_2	191.462	322.906	175.349	0.5647058823529412	0.5647058823529412	0.5647058823529412
C	O3'_2	191.371	321.608	174.755	1.0	0.050980392156862744	0.050980392156862744
C	C2'_2	192.401	322.921	176.551	0.5647058823529412	0.5647058823529412	0.5647058823529412
C	O2'_2	193.541	322.106	176.368	1.0	0.050980392156862744	0.050980392156862744
C	C1'_2	192.846	324.388	176.57	0.5647058823529412	0.5647058823529412	0.5647058823529412
C	N1_2	192.081	325.283	177.465	0.18823529411764706	0.3137254901960784	0.9725490196078431
C	C2_2	192.361	325.277	178.85	0.5647058823529412	0.5647058823529412	0.5647058823529412
C	O2_2	193.225	324.497	179.296	1.0	0.050980392156862744	0.050980392156862744
C	N3_2	191.68	326.123	179.659	0.18823529411764706	0.3137254901960784	0.9725490196078431
C	C4_2	190.756	326.946	179.145	0.5647058823529412	0.5647058823529412	0.5647058823529412
C	N4_2	190.118	327.77	179.978	0.18823529411764706	0.3137254901960784	0.9725490196078431
C	C5_2	190.447	326.962	177.752	0.5647058823529412	0.5647058823529412	0.5647058823529412
C	C6_2	191.123	326.122	176.959	0.5647058823529412	0.5647058823529412	0.5647058823529412
