G	P_1	69.854	10.484	24.345	1.0	0.5019607843137255	0.0
G	OP1_1	71.079	11.132	24.889	1.0	0.050980392156862744	0.050980392156862744
G	OP2_1	68.578	10.582	25.105	1.0	0.050980392156862744	0.050980392156862744
G	O5'_1	69.608	11.067	22.881	1.0	0.050980392156862744	0.050980392156862744
G	C5'_1	70.663	11.133	21.926	0.5647058823529412	0.5647058823529412	0.5647058823529412
G	C4'_1	70.345	12.16	20.866	0.5647058823529412	0.5647058823529412	0.5647058823529412
G	O4'_1	69.177	11.743	20.111	1.0	0.050980392156862744	0.050980392156862744
G	C3'_1	69.974	13.53	21.399	0.5647058823529412	0.5647058823529412	0.5647058823529412
G	O3'_1	71.127	14.307	21.656	1.0	0.050980392156862744	0.050980392156862744
G	C2'_1	69.154	14.114	20.26	0.5647058823529412	0.5647058823529412	0.5647058823529412
G	O2'_1	69.948	14.648	19.222	1.0	0.050980392156862744	0.050980392156862744
G	C1'_1	68.393	12.881	19.771	0.5647058823529412	0.5647058823529412	0.5647058823529412
G	N9_1	67.066	12.744	20.375	0.18823529411764706	0.3137254901960784	0.9725490196078431
G	C8_1	66.647	11.772	21.253	0.5647058823529412	0.5647058823529412	0.5647058823529412
G	N7_1	65.402	11.908	21.614	0.18823529411764706	0.3137254901960784	0.9725490196078431
G	C5_1	64.968	13.038	20.938	0.5647058823529412	0.5647058823529412	0.5647058823529412
G	C6_1	63.699	13.672	20.932	0.5647058823529412	0.5647058823529412	0.5647058823529412
G	O6_1	62.675	13.348	21.54	1.0	0.050980392156862744	0.050980392156862744
G	N1_1	63.69	14.791	20.11	0.18823529411764706	0.3137254901960784	0.9725490196078431
G	C2_1	64.761	15.242	19.382	0.5647058823529412	0.5647058823529412	0.5647058823529412
G	N2_1	64.552	16.34	18.642	0.18823529411764706	0.3137254901960784	0.9725490196078431
G	N3_1	65.95	14.659	19.377	0.18823529411764706	0.3137254901960784	0.9725490196078431
G	C4_1	65.981	13.569	20.172	0.5647058823529412	0.5647058823529412	0.5647058823529412
G	P_2	55.396	13.908	29.62	1.0	0.5019607843137255	0.0
G	OP1_2	54.05	14.5	29.664	1.0	0.050980392156862744	0.050980392156862744
G	OP2_2	55.598	12.536	30.108	1.0	0.050980392156862744	0.050980392156862744
G	O5'_2	55.976	13.985	28.135	1.0	0.050980392156862744	0.050980392156862744
G	C5'_2	55.982	15.21	27.393	0.5647058823529412	0.5647058823529412	0.5647058823529412
G	C4'_2	56.648	15.013	26.043	0.5647058823529412	0.5647058823529412	0.5647058823529412
G	O4'_2	58.064	14.753	26.21	1.0	0.050980392156862744	0.050980392156862744
G	C3'_2	56.118	13.84	25.237	0.5647058823529412	0.5647058823529412	0.5647058823529412
G	O3'_2	55.002	14.277	24.472	1.0	0.050980392156862744	0.050980392156862744
G	C2'_2	57.305	13.459	24.357	0.5647058823529412	0.5647058823529412	0.5647058823529412
G	O2'_2	57.409	14.256	23.197	1.0	0.050980392156862744	0.050980392156862744
G	C1'_2	58.485	13.766	25.28	0.5647058823529412	0.5647058823529412	0.5647058823529412
G	N9_2	58.985	12.613	26.024	0.18823529411764706	0.3137254901960784	0.9725490196078431
G	C8_2	58.393	12.007	27.102	0.5647058823529412	0.5647058823529412	0.5647058823529412
G	N7_2	59.082	11.004	27.568	0.18823529411764706	0.3137254901960784	0.9725490196078431
G	C5_2	60.198	10.938	26.744	0.5647058823529412	0.5647058823529412	0.5647058823529412
G	C6_2	61.31	10.038	26.757	0.5647058823529412	0.5647058823529412	0.5647058823529412
G	O6_2	61.53	9.082	27.525	1.0	0.050980392156862744	0.050980392156862744
G	N1_2	62.215	10.335	25.743	0.18823529411764706	0.3137254901960784	0.9725490196078431
G	C2_2	62.076	11.354	24.834	0.5647058823529412	0.5647058823529412	0.5647058823529412
G	N2_2	63.06	11.48	23.936	0.18823529411764706	0.3137254901960784	0.9725490196078431
G	N3_2	61.049	12.188	24.807	0.18823529411764706	0.3137254901960784	0.9725490196078431
G	C4_2	60.154	11.924	25.785	0.5647058823529412	0.5647058823529412	0.5647058823529412
