G	P_1	93.048	193.549	246.728	1.0	0.5019607843137255	0.0
G	OP1_1	92.242	192.353	247.102	1.0	0.050980392156862744	0.050980392156862744
G	OP2_1	94.16	193.407	245.753	1.0	0.050980392156862744	0.050980392156862744
G	O5'_1	92.051	194.666	246.182	1.0	0.050980392156862744	0.050980392156862744
G	C5'_1	90.955	195.152	246.99	0.5647058823529412	0.5647058823529412	0.5647058823529412
G	C4'_1	90.46	196.476	246.452	0.5647058823529412	0.5647058823529412	0.5647058823529412
G	O4'_1	91.533	197.454	246.529	1.0	0.050980392156862744	0.050980392156862744
G	C3'_1	90.056	196.47	244.983	0.5647058823529412	0.5647058823529412	0.5647058823529412
G	O3'_1	88.715	196.011	244.812	1.0	0.050980392156862744	0.050980392156862744
G	C2'_1	90.241	197.931	244.584	0.5647058823529412	0.5647058823529412	0.5647058823529412
G	O2'_1	89.162	198.759	244.973	1.0	0.050980392156862744	0.050980392156862744
G	C1'_1	91.489	198.305	245.391	0.5647058823529412	0.5647058823529412	0.5647058823529412
G	N9_1	92.735	198.132	244.646	0.18823529411764706	0.3137254901960784	0.9725490196078431
G	C8_1	93.566	197.034	244.66	0.5647058823529412	0.5647058823529412	0.5647058823529412
G	N7_1	94.607	197.168	243.884	0.18823529411764706	0.3137254901960784	0.9725490196078431
G	C5_1	94.457	198.428	243.323	0.5647058823529412	0.5647058823529412	0.5647058823529412
G	C6_1	95.274	199.117	242.4	0.5647058823529412	0.5647058823529412	0.5647058823529412
G	O6_1	96.326	198.737	241.874	1.0	0.050980392156862744	0.050980392156862744
G	N1_1	94.756	200.374	242.094	0.18823529411764706	0.3137254901960784	0.9725490196078431
G	C2_1	93.596	200.897	242.61	0.5647058823529412	0.5647058823529412	0.5647058823529412
G	N2_1	93.262	202.131	242.19	0.18823529411764706	0.3137254901960784	0.9725490196078431
G	N3_1	92.819	200.259	243.473	0.18823529411764706	0.3137254901960784	0.9725490196078431
G	C4_1	93.308	199.038	243.784	0.5647058823529412	0.5647058823529412	0.5647058823529412
G	P_2	98.73	196.245	235.79	1.0	0.5019607843137255	0.0
G	OP1_2	100.085	195.753	235.407	1.0	0.050980392156862744	0.050980392156862744
G	OP2_2	98.002	195.587	236.908	1.0	0.050980392156862744	0.050980392156862744
G	O5'_2	98.857	197.804	236.101	1.0	0.050980392156862744	0.050980392156862744
G	C5'_2	99.406	198.704	235.116	0.5647058823529412	0.5647058823529412	0.5647058823529412
G	C4'_2	100.264	199.761	235.777	0.5647058823529412	0.5647058823529412	0.5647058823529412
G	O4'_2	99.424	200.736	236.454	1.0	0.050980392156862744	0.050980392156862744
G	C3'_2	101.282	199.286	236.811	0.5647058823529412	0.5647058823529412	0.5647058823529412
G	O3'_2	102.443	200.117	236.724	1.0	0.050980392156862744	0.050980392156862744
G	C2'_2	100.547	199.548	238.128	0.5647058823529412	0.5647058823529412	0.5647058823529412
G	O2'_2	101.405	199.704	239.24	1.0	0.050980392156862744	0.050980392156862744
G	C1'_2	99.834	200.859	237.8	0.5647058823529412	0.5647058823529412	0.5647058823529412
G	N9_2	98.658	201.206	238.593	0.18823529411764706	0.3137254901960784	0.9725490196078431
G	C8_2	97.997	200.442	239.526	0.5647058823529412	0.5647058823529412	0.5647058823529412
G	N7_2	96.949	201.043	240.031	0.18823529411764706	0.3137254901960784	0.9725490196078431
G	C5_2	96.922	202.28	239.398	0.5647058823529412	0.5647058823529412	0.5647058823529412
G	C6_2	96.006	203.365	239.523	0.5647058823529412	0.5647058823529412	0.5647058823529412
G	O6_2	95.0	203.45	240.239	1.0	0.050980392156862744	0.050980392156862744
G	N1_2	96.358	204.427	238.693	0.18823529411764706	0.3137254901960784	0.9725490196078431
G	C2_2	97.446	204.447	237.851	0.5647058823529412	0.5647058823529412	0.5647058823529412
G	N2_2	97.624	205.567	237.13	0.18823529411764706	0.3137254901960784	0.9725490196078431
G	N3_2	98.3	203.443	237.723	0.18823529411764706	0.3137254901960784	0.9725490196078431
G	C4_2	97.978	202.4	238.519	0.5647058823529412	0.5647058823529412	0.5647058823529412
