G	P_1	87.742	195.299	195.786	1.0	0.5019607843137255	0.0
G	OP1_1	88.464	196.235	194.879	1.0	0.050980392156862744	0.050980392156862744
G	OP2_1	86.98	195.842	196.943	1.0	0.050980392156862744	0.050980392156862744
G	O5'_1	86.759	194.409	194.905	1.0	0.050980392156862744	0.050980392156862744
G	C5'_1	87.236	193.737	193.721	0.5647058823529412	0.5647058823529412	0.5647058823529412
G	C4'_1	86.225	192.72	193.25	0.5647058823529412	0.5647058823529412	0.5647058823529412
G	O4'_1	86.141	191.629	194.204	1.0	0.050980392156862744	0.050980392156862744
G	C3'_1	84.793	193.216	193.123	0.5647058823529412	0.5647058823529412	0.5647058823529412
G	O3'_1	84.594	193.904	191.885	1.0	0.050980392156862744	0.050980392156862744
G	C2'_1	83.997	191.915	193.201	0.5647058823529412	0.5647058823529412	0.5647058823529412
G	O2'_1	83.989	191.21	191.977	1.0	0.050980392156862744	0.050980392156862744
G	C1'_1	84.821	191.109	194.214	0.5647058823529412	0.5647058823529412	0.5647058823529412
G	N9_1	84.314	191.14	195.583	0.18823529411764706	0.3137254901960784	0.9725490196078431
G	C8_1	84.764	191.923	196.619	0.5647058823529412	0.5647058823529412	0.5647058823529412
G	N7_1	84.103	191.74	197.729	0.18823529411764706	0.3137254901960784	0.9725490196078431
G	C5_1	83.16	190.775	197.412	0.5647058823529412	0.5647058823529412	0.5647058823529412
G	C6_1	82.148	190.183	198.214	0.5647058823529412	0.5647058823529412	0.5647058823529412
G	O6_1	81.876	190.406	199.4	1.0	0.050980392156862744	0.050980392156862744
G	N1_1	81.409	189.246	197.496	0.18823529411764706	0.3137254901960784	0.9725490196078431
G	C2_1	81.614	188.92	196.174	0.5647058823529412	0.5647058823529412	0.5647058823529412
G	N2_1	80.794	187.983	195.661	0.18823529411764706	0.3137254901960784	0.9725490196078431
G	N3_1	82.552	189.472	195.412	0.18823529411764706	0.3137254901960784	0.9725490196078431
G	C4_1	83.281	190.386	196.092	0.5647058823529412	0.5647058823529412	0.5647058823529412
G	P_2	84.985	190.135	183.722	1.0	0.5019607843137255	0.0
G	OP1_2	86.244	190.411	182.975	1.0	0.050980392156862744	0.050980392156862744
G	OP2_2	84.51	188.732	183.865	1.0	0.050980392156862744	0.050980392156862744
G	O5'_2	85.105	190.757	185.186	1.0	0.050980392156862744	0.050980392156862744
G	C5'_2	86.386	190.927	185.839	0.5647058823529412	0.5647058823529412	0.5647058823529412
G	C4'_2	86.223	190.824	187.342	0.5647058823529412	0.5647058823529412	0.5647058823529412
G	O4'_2	84.964	191.457	187.704	1.0	0.050980392156862744	0.050980392156862744
G	C3'_2	86.117	189.416	187.922	0.5647058823529412	0.5647058823529412	0.5647058823529412
G	O3'_2	87.42	188.872	188.185	1.0	0.050980392156862744	0.050980392156862744
G	C2'_2	85.324	189.643	189.206	0.5647058823529412	0.5647058823529412	0.5647058823529412
G	O2'_2	86.117	190.138	190.266	1.0	0.050980392156862744	0.050980392156862744
G	C1'_2	84.357	190.748	188.774	0.5647058823529412	0.5647058823529412	0.5647058823529412
G	N9_2	83.042	190.275	188.339	0.18823529411764706	0.3137254901960784	0.9725490196078431
G	C8_2	82.605	190.083	187.047	0.5647058823529412	0.5647058823529412	0.5647058823529412
G	N7_2	81.363	189.679	186.979	0.18823529411764706	0.3137254901960784	0.9725490196078431
G	C5_2	80.954	189.594	188.304	0.5647058823529412	0.5647058823529412	0.5647058823529412
G	C6_2	79.703	189.214	188.858	0.5647058823529412	0.5647058823529412	0.5647058823529412
G	O6_2	78.672	188.868	188.268	1.0	0.050980392156862744	0.050980392156862744
G	N1_2	79.722	189.266	190.248	0.18823529411764706	0.3137254901960784	0.9725490196078431
G	C2_2	80.802	189.635	191.008	0.5647058823529412	0.5647058823529412	0.5647058823529412
G	N2_2	80.621	189.625	192.337	0.18823529411764706	0.3137254901960784	0.9725490196078431
G	N3_2	81.975	189.991	190.505	0.18823529411764706	0.3137254901960784	0.9725490196078431
G	C4_2	81.98	189.949	189.156	0.5647058823529412	0.5647058823529412	0.5647058823529412
