G	P_1	216.951	282.552	204.822	1.0	0.5019607843137255	0.0
G	OP1_1	217.503	283.163	203.583	1.0	0.050980392156862744	0.050980392156862744
G	OP2_1	216.627	283.42	205.988	1.0	0.050980392156862744	0.050980392156862744
G	O5'_1	215.634	281.743	204.429	1.0	0.050980392156862744	0.050980392156862744
G	C5'_1	215.594	280.897	203.261	0.5647058823529412	0.5647058823529412	0.5647058823529412
G	C4'_1	214.296	280.126	203.225	0.5647058823529412	0.5647058823529412	0.5647058823529412
G	O4'_1	214.184	279.34	204.446	1.0	0.050980392156862744	0.050980392156862744
G	C3'_1	213.03	280.974	203.205	0.5647058823529412	0.5647058823529412	0.5647058823529412
G	O3'_1	212.695	281.376	201.873	1.0	0.050980392156862744	0.050980392156862744
G	C2'_1	211.992	280.038	203.822	0.5647058823529412	0.5647058823529412	0.5647058823529412
G	O2'_1	211.483	279.088	202.908	1.0	0.050980392156862744	0.050980392156862744
G	C1'_1	212.831	279.311	204.88	0.5647058823529412	0.5647058823529412	0.5647058823529412
G	N9_1	212.763	279.908	206.213	0.18823529411764706	0.3137254901960784	0.9725490196078431
G	C8_1	213.733	280.655	206.842	0.5647058823529412	0.5647058823529412	0.5647058823529412
G	N7_1	213.376	281.063	208.032	0.18823529411764706	0.3137254901960784	0.9725490196078431
G	C5_1	212.097	280.554	208.204	0.5647058823529412	0.5647058823529412	0.5647058823529412
G	C6_1	211.2	280.67	209.3	0.5647058823529412	0.5647058823529412	0.5647058823529412
G	O6_1	211.364	281.274	210.372	1.0	0.050980392156862744	0.050980392156862744
G	N1_1	210.007	279.991	209.059	0.18823529411764706	0.3137254901960784	0.9725490196078431
G	C2_1	209.712	279.291	207.913	0.5647058823529412	0.5647058823529412	0.5647058823529412
G	N2_1	208.51	278.689	207.875	0.18823529411764706	0.3137254901960784	0.9725490196078431
G	N3_1	210.537	279.183	206.879	0.18823529411764706	0.3137254901960784	0.9725490196078431
G	C4_1	211.704	279.833	207.093	0.5647058823529412	0.5647058823529412	0.5647058823529412
G	P_2	207.572	280.948	215.105	1.0	0.5019607843137255	0.0
G	OP1_2	207.923	280.875	216.555	1.0	0.050980392156862744	0.050980392156862744
G	OP2_2	208.628	281.309	214.114	1.0	0.050980392156862744	0.050980392156862744
G	O5'_2	206.942	279.548	214.675	1.0	0.050980392156862744	0.050980392156862744
G	C5'_2	205.997	278.873	215.523	0.5647058823529412	0.5647058823529412	0.5647058823529412
G	C4'_2	205.394	277.686	214.804	0.5647058823529412	0.5647058823529412	0.5647058823529412
G	O4'_2	204.684	278.143	213.625	1.0	0.050980392156862744	0.050980392156862744
G	C3'_2	206.358	276.645	214.25	0.5647058823529412	0.5647058823529412	0.5647058823529412
G	O3'_2	206.786	275.745	215.265	1.0	0.050980392156862744	0.050980392156862744
G	C2'_2	205.5	275.936	213.209	0.5647058823529412	0.5647058823529412	0.5647058823529412
G	O2'_2	204.633	274.972	213.769	1.0	0.050980392156862744	0.050980392156862744
G	C1'_2	204.666	277.1	212.661	0.5647058823529412	0.5647058823529412	0.5647058823529412
G	N9_2	205.158	277.616	211.387	0.18823529411764706	0.3137254901960784	0.9725490196078431
G	C8_2	206.263	278.408	211.169	0.5647058823529412	0.5647058823529412	0.5647058823529412
G	N7_2	206.47	278.664	209.904	0.18823529411764706	0.3137254901960784	0.9725490196078431
G	C5_2	205.435	278.01	209.247	0.5647058823529412	0.5647058823529412	0.5647058823529412
G	C6_2	205.138	277.916	207.857	0.5647058823529412	0.5647058823529412	0.5647058823529412
G	O6_2	205.756	278.4	206.899	1.0	0.050980392156862744	0.050980392156862744
G	N1_2	203.989	277.16	207.631	0.18823529411764706	0.3137254901960784	0.9725490196078431
G	C2_2	203.226	276.565	208.612	0.5647058823529412	0.5647058823529412	0.5647058823529412
G	N2_2	202.146	275.878	208.193	0.18823529411764706	0.3137254901960784	0.9725490196078431
G	N3_2	203.497	276.639	209.908	0.18823529411764706	0.3137254901960784	0.9725490196078431
G	C4_2	204.607	277.372	210.15	0.5647058823529412	0.5647058823529412	0.5647058823529412
