G	P_1	167.578	225.973	264.681	1.0	0.5019607843137255	0.0
G	OP1_1	166.596	224.851	264.647	1.0	0.050980392156862744	0.050980392156862744
G	OP2_1	168.7	225.941	265.66	1.0	0.050980392156862744	0.050980392156862744
G	O5'_1	168.2	226.133	263.223	1.0	0.050980392156862744	0.050980392156862744
G	C5'_1	167.343	226.231	262.07	0.5647058823529412	0.5647058823529412	0.5647058823529412
G	C4'_1	168.092	226.808	260.891	0.5647058823529412	0.5647058823529412	0.5647058823529412
G	O4'_1	168.517	228.168	261.18	1.0	0.050980392156862744	0.050980392156862744
G	C3'_1	169.392	226.125	260.508	0.5647058823529412	0.5647058823529412	0.5647058823529412
G	O3'_1	169.179	224.903	259.805	1.0	0.050980392156862744	0.050980392156862744
G	C2'_1	170.053	227.194	259.647	0.5647058823529412	0.5647058823529412	0.5647058823529412
G	O2'_1	169.502	227.28	258.347	1.0	0.050980392156862744	0.050980392156862744
G	C1'_1	169.689	228.464	260.423	0.5647058823529412	0.5647058823529412	0.5647058823529412
G	N9_1	170.764	228.864	261.327	0.18823529411764706	0.3137254901960784	0.9725490196078431
G	C8_1	170.831	228.678	262.688	0.5647058823529412	0.5647058823529412	0.5647058823529412
G	N7_1	171.947	229.113	263.209	0.18823529411764706	0.3137254901960784	0.9725490196078431
G	C5_1	172.655	229.624	262.128	0.5647058823529412	0.5647058823529412	0.5647058823529412
G	C6_1	173.948	230.224	262.07	0.5647058823529412	0.5647058823529412	0.5647058823529412
G	O6_1	174.749	230.427	262.994	1.0	0.050980392156862744	0.050980392156862744
G	N1_1	174.282	230.602	260.772	0.18823529411764706	0.3137254901960784	0.9725490196078431
G	C2_1	173.483	230.426	259.67	0.5647058823529412	0.5647058823529412	0.5647058823529412
G	N2_1	173.979	230.867	258.502	0.18823529411764706	0.3137254901960784	0.9725490196078431
G	N3_1	172.281	229.862	259.709	0.18823529411764706	0.3137254901960784	0.9725490196078431
G	C4_1	171.934	229.489	260.962	0.5647058823529412	0.5647058823529412	0.5647058823529412
G	P_2	184.514	235.239	259.661	1.0	0.5019607843137255	0.0
G	OP1_2	185.125	236.599	259.723	1.0	0.050980392156862744	0.050980392156862744
G	OP2_2	183.855	234.675	260.873	1.0	0.050980392156862744	0.050980392156862744
G	O5'_2	183.453	235.238	258.472	1.0	0.050980392156862744	0.050980392156862744
G	C5'_2	183.867	235.534	257.126	0.5647058823529412	0.5647058823529412	0.5647058823529412
G	C4'_2	182.699	235.424	256.18	0.5647058823529412	0.5647058823529412	0.5647058823529412
G	O4'_2	182.212	234.055	256.159	1.0	0.050980392156862744	0.050980392156862744
G	C3'_2	181.461	236.223	256.549	0.5647058823529412	0.5647058823529412	0.5647058823529412
G	O3'_2	181.571	237.602	256.224	1.0	0.050980392156862744	0.050980392156862744
G	C2'_2	180.386	235.522	255.734	0.5647058823529412	0.5647058823529412	0.5647058823529412
G	O2'_2	180.394	235.896	254.373	1.0	0.050980392156862744	0.050980392156862744
G	C1'_2	180.817	234.059	255.874	0.5647058823529412	0.5647058823529412	0.5647058823529412
G	N9_2	180.099	233.399	256.96	0.18823529411764706	0.3137254901960784	0.9725490196078431
G	C8_2	180.562	233.097	258.221	0.5647058823529412	0.5647058823529412	0.5647058823529412
G	N7_2	179.653	232.55	258.984	0.18823529411764706	0.3137254901960784	0.9725490196078431
G	C5_2	178.526	232.477	258.175	0.5647058823529412	0.5647058823529412	0.5647058823529412
G	C6_2	177.226	231.985	258.455	0.5647058823529412	0.5647058823529412	0.5647058823529412
G	O6_2	176.791	231.518	259.517	1.0	0.050980392156862744	0.050980392156862744
G	N1_2	176.393	232.081	257.344	0.18823529411764706	0.3137254901960784	0.9725490196078431
G	C2_2	176.76	232.591	256.123	0.5647058823529412	0.5647058823529412	0.5647058823529412
G	N2_2	175.818	232.574	255.164	0.18823529411764706	0.3137254901960784	0.9725490196078431
G	N3_2	177.962	233.075	255.856	0.18823529411764706	0.3137254901960784	0.9725490196078431
G	C4_2	178.789	232.982	256.919	0.5647058823529412	0.5647058823529412	0.5647058823529412
