G	P_1	166.132	138.402	144.966	1.0	0.5019607843137255	0.0
G	OP1_1	166.888	139.672	145.185	1.0	0.050980392156862744	0.050980392156862744
G	OP2_1	166.305	137.654	143.695	1.0	0.050980392156862744	0.050980392156862744
G	O5'_1	166.468	137.418	146.175	1.0	0.050980392156862744	0.050980392156862744
G	C5'_1	166.228	137.821	147.537	0.5647058823529412	0.5647058823529412	0.5647058823529412
G	C4'_1	166.354	136.639	148.472	0.5647058823529412	0.5647058823529412	0.5647058823529412
G	O4'_1	165.393	135.609	148.103	1.0	0.050980392156862744	0.050980392156862744
G	C3'_1	167.678	135.894	148.454	0.5647058823529412	0.5647058823529412	0.5647058823529412
G	O3'_1	168.694	136.572	149.186	1.0	0.050980392156862744	0.050980392156862744
G	C2'_1	167.292	134.561	149.085	0.5647058823529412	0.5647058823529412	0.5647058823529412
G	O2'_1	167.166	134.611	150.493	1.0	0.050980392156862744	0.050980392156862744
G	C1'_1	165.909	134.334	148.468	0.5647058823529412	0.5647058823529412	0.5647058823529412
G	N9_1	165.972	133.478	147.284	0.18823529411764706	0.3137254901960784	0.9725490196078431
G	C8_1	165.709	133.815	145.974	0.5647058823529412	0.5647058823529412	0.5647058823529412
G	N7_1	165.879	132.819	145.144	0.18823529411764706	0.3137254901960784	0.9725490196078431
G	C5_1	166.273	131.761	145.953	0.5647058823529412	0.5647058823529412	0.5647058823529412
G	C6_1	166.607	130.421	145.621	0.5647058823529412	0.5647058823529412	0.5647058823529412
G	O6_1	166.626	129.885	144.505	1.0	0.050980392156862744	0.050980392156862744
G	N1_1	166.947	129.683	146.754	0.18823529411764706	0.3137254901960784	0.9725490196078431
G	C2_1	166.969	130.17	148.041	0.5647058823529412	0.5647058823529412	0.5647058823529412
G	N2_1	167.326	129.301	149.006	0.18823529411764706	0.3137254901960784	0.9725490196078431
G	N3_1	166.663	131.415	148.361	0.18823529411764706	0.3137254901960784	0.9725490196078431
G	C4_1	166.328	132.149	147.276	0.5647058823529412	0.5647058823529412	0.5647058823529412
G	P_2	169.232	124.052	135.282	1.0	0.5019607843137255	0.0
G	OP1_2	169.212	122.577	135.053	1.0	0.050980392156862744	0.050980392156862744
G	OP2_2	168.43	124.944	134.403	1.0	0.050980392156862744	0.050980392156862744
G	O5'_2	168.783	124.327	136.789	1.0	0.050980392156862744	0.050980392156862744
G	C5'_2	169.5	123.75	137.9	0.5647058823529412	0.5647058823529412	0.5647058823529412
G	C4'_2	169.215	124.531	139.161	0.5647058823529412	0.5647058823529412	0.5647058823529412
G	O4'_2	169.525	125.931	138.925	1.0	0.050980392156862744	0.050980392156862744
G	C3'_2	167.767	124.539	139.634	0.5647058823529412	0.5647058823529412	0.5647058823529412
G	O3'_2	167.491	123.382	140.438	1.0	0.050980392156862744	0.050980392156862744
G	C2'_2	167.7	125.826	140.457	0.5647058823529412	0.5647058823529412	0.5647058823529412
G	O2'_2	168.213	125.67	141.765	1.0	0.050980392156862744	0.050980392156862744
G	C1'_2	168.64	126.749	139.671	0.5647058823529412	0.5647058823529412	0.5647058823529412
G	N9_2	167.968	127.673	138.761	0.18823529411764706	0.3137254901960784	0.9725490196078431
G	C8_2	167.852	127.567	137.393	0.5647058823529412	0.5647058823529412	0.5647058823529412
G	N7_2	167.176	128.549	136.858	0.18823529411764706	0.3137254901960784	0.9725490196078431
G	C5_2	166.825	129.354	137.935	0.5647058823529412	0.5647058823529412	0.5647058823529412
G	C6_2	166.077	130.563	137.975	0.5647058823529412	0.5647058823529412	0.5647058823529412
G	O6_2	165.553	131.178	137.037	1.0	0.050980392156862744	0.050980392156862744
G	N1_2	165.963	131.05	139.275	0.18823529411764706	0.3137254901960784	0.9725490196078431
G	C2_2	166.497	130.454	140.395	0.5647058823529412	0.5647058823529412	0.5647058823529412
G	N2_2	166.287	131.085	141.561	0.18823529411764706	0.3137254901960784	0.9725490196078431
G	N3_2	167.189	129.322	140.372	0.18823529411764706	0.3137254901960784	0.9725490196078431
G	C4_2	167.313	128.831	139.117	0.5647058823529412	0.5647058823529412	0.5647058823529412
