G	P_1	211.789	305.771	163.357	1.0	0.5019607843137255	0.0
G	OP1_1	212.95	306.37	162.637	1.0	0.050980392156862744	0.050980392156862744
G	OP2_1	210.512	306.532	163.459	1.0	0.050980392156862744	0.050980392156862744
G	O5'_1	211.472	304.347	162.71	1.0	0.050980392156862744	0.050980392156862744
G	C5'_1	210.657	304.233	161.523	0.5647058823529412	0.5647058823529412	0.5647058823529412
G	C4'_1	209.843	302.956	161.565	0.5647058823529412	0.5647058823529412	0.5647058823529412
G	O4'_1	209.071	302.908	162.796	1.0	0.050980392156862744	0.050980392156862744
G	C3'_1	208.805	302.803	160.46	0.5647058823529412	0.5647058823529412	0.5647058823529412
G	O3'_1	209.399	302.266	159.271	1.0	0.050980392156862744	0.050980392156862744
G	C2'_1	207.793	301.842	161.083	0.5647058823529412	0.5647058823529412	0.5647058823529412
G	O2'_1	208.182	300.486	160.989	1.0	0.050980392156862744	0.050980392156862744
G	C1'_1	207.829	302.264	162.557	0.5647058823529412	0.5647058823529412	0.5647058823529412
G	N9_1	206.749	303.138	163.019	0.18823529411764706	0.3137254901960784	0.9725490196078431
G	C8_1	206.886	304.278	163.78	0.5647058823529412	0.5647058823529412	0.5647058823529412
G	N7_1	205.745	304.841	164.076	0.18823529411764706	0.3137254901960784	0.9725490196078431
G	C5_1	204.793	304.031	163.472	0.5647058823529412	0.5647058823529412	0.5647058823529412
G	C6_1	203.38	304.142	163.452	0.5647058823529412	0.5647058823529412	0.5647058823529412
G	O6_1	202.667	305.005	163.982	1.0	0.050980392156862744	0.050980392156862744
G	N1_1	202.797	303.112	162.723	0.18823529411764706	0.3137254901960784	0.9725490196078431
G	C2_1	203.482	302.106	162.092	0.5647058823529412	0.5647058823529412	0.5647058823529412
G	N2_1	202.733	301.208	161.434	0.18823529411764706	0.3137254901960784	0.9725490196078431
G	N3_1	204.803	301.988	162.102	0.18823529411764706	0.3137254901960784	0.9725490196078431
G	C4_1	205.392	302.978	162.807	0.5647058823529412	0.5647058823529412	0.5647058823529412
G	P_2	195.116	297.329	163.494	1.0	0.5019607843137255	0.0
G	OP1_2	193.97	296.604	164.115	1.0	0.050980392156862744	0.050980392156862744
G	OP2_2	196.189	297.891	164.364	1.0	0.050980392156862744	0.050980392156862744
G	O5'_2	195.779	296.364	162.414	1.0	0.050980392156862744	0.050980392156862744
G	C5'_2	196.839	295.463	162.766	0.5647058823529412	0.5647058823529412	0.5647058823529412
G	C4'_2	197.423	294.844	161.516	0.5647058823529412	0.5647058823529412	0.5647058823529412
G	O4'_2	197.885	295.89	160.621	1.0	0.050980392156862744	0.050980392156862744
G	C3'_2	198.649	293.979	161.75	0.5647058823529412	0.5647058823529412	0.5647058823529412
G	O3'_2	198.269	292.663	162.14	1.0	0.050980392156862744	0.050980392156862744
G	C2'_2	199.349	294.023	160.397	0.5647058823529412	0.5647058823529412	0.5647058823529412
G	O2'_2	198.784	293.143	159.446	1.0	0.050980392156862744	0.050980392156862744
G	C1'_2	199.074	295.468	159.967	0.5647058823529412	0.5647058823529412	0.5647058823529412
G	N9_2	200.142	296.415	160.291	0.18823529411764706	0.3137254901960784	0.9725490196078431
G	C8_2	200.039	297.542	161.073	0.5647058823529412	0.5647058823529412	0.5647058823529412
G	N7_2	201.157	298.21	161.165	0.18823529411764706	0.3137254901960784	0.9725490196078431
G	C5_2	202.059	297.479	160.405	0.5647058823529412	0.5647058823529412	0.5647058823529412
G	C6_2	203.43	297.715	160.133	0.5647058823529412	0.5647058823529412	0.5647058823529412
G	O6_2	204.143	298.652	160.517	1.0	0.050980392156862744	0.050980392156862744
G	N1_2	203.969	296.721	159.319	0.18823529411764706	0.3137254901960784	0.9725490196078431
G	C2_2	203.278	295.643	158.826	0.5647058823529412	0.5647058823529412	0.5647058823529412
G	N2_2	203.979	294.792	158.056	0.18823529411764706	0.3137254901960784	0.9725490196078431
G	N3_2	201.996	295.413	159.07	0.18823529411764706	0.3137254901960784	0.9725490196078431
G	C4_2	201.453	296.365	159.861	0.5647058823529412	0.5647058823529412	0.5647058823529412
