G	P_1	187.606	199.565	244.62	1.0	0.5019607843137255	0.0
G	OP1_1	187.546	198.618	245.766	1.0	0.050980392156862744	0.050980392156862744
G	OP2_1	188.594	199.338	243.531	1.0	0.050980392156862744	0.050980392156862744
G	O5'_1	186.152	199.646	243.976	1.0	0.050980392156862744	0.050980392156862744
G	C5'_1	185.025	200.075	244.767	0.5647058823529412	0.5647058823529412	0.5647058823529412
G	C4'_1	183.9	200.537	243.869	0.5647058823529412	0.5647058823529412	0.5647058823529412
G	O4'_1	184.362	201.65	243.057	1.0	0.050980392156862744	0.050980392156862744
G	C3'_1	183.392	199.522	242.854	0.5647058823529412	0.5647058823529412	0.5647058823529412
G	O3'_1	182.455	198.622	243.443	1.0	0.050980392156862744	0.050980392156862744
G	C2'_1	182.758	200.421	241.797	0.5647058823529412	0.5647058823529412	0.5647058823529412
G	O2'_1	181.468	200.883	242.147	1.0	0.050980392156862744	0.050980392156862744
G	C1'_1	183.73	201.606	241.788	0.5647058823529412	0.5647058823529412	0.5647058823529412
G	N9_1	184.756	201.47	240.761	0.18823529411764706	0.3137254901960784	0.9725490196078431
G	C8_1	186.088	201.167	240.933	0.5647058823529412	0.5647058823529412	0.5647058823529412
G	N7_1	186.745	201.089	239.807	0.18823529411764706	0.3137254901960784	0.9725490196078431
G	C5_1	185.791	201.364	238.837	0.5647058823529412	0.5647058823529412	0.5647058823529412
G	C6_1	185.907	201.415	237.427	0.5647058823529412	0.5647058823529412	0.5647058823529412
G	O6_1	186.912	201.218	236.729	1.0	0.050980392156862744	0.050980392156862744
G	N1_1	184.689	201.73	236.826	0.18823529411764706	0.3137254901960784	0.9725490196078431
G	C2_1	183.512	201.961	237.499	0.5647058823529412	0.5647058823529412	0.5647058823529412
G	N2_1	182.438	202.254	236.745	0.18823529411764706	0.3137254901960784	0.9725490196078431
G	N3_1	183.392	201.91	238.813	0.18823529411764706	0.3137254901960784	0.9725490196078431
G	C4_1	184.562	201.608	239.413	0.5647058823529412	0.5647058823529412	0.5647058823529412
G	P_2	184.805	207.107	233.149	1.0	0.5019607843137255	0.0
G	OP1_2	185.924	208.084	232.992	1.0	0.050980392156862744	0.050980392156862744
G	OP2_2	184.959	205.962	234.087	1.0	0.050980392156862744	0.050980392156862744
G	O5'_2	183.499	207.925	233.565	1.0	0.050980392156862744	0.050980392156862744
G	C5'_2	183.065	209.067	232.795	0.5647058823529412	0.5647058823529412	0.5647058823529412
G	C4'_2	181.595	209.343	233.037	0.5647058823529412	0.5647058823529412	0.5647058823529412
G	O4'_2	180.814	208.184	232.637	1.0	0.050980392156862744	0.050980392156862744
G	C3'_2	181.178	209.611	234.48	0.5647058823529412	0.5647058823529412	0.5647058823529412
G	O3'_2	181.394	210.988	234.846	1.0	0.050980392156862744	0.050980392156862744
G	C2'_2	179.697	209.24	234.452	0.5647058823529412	0.5647058823529412	0.5647058823529412
G	O2'_2	178.878	210.241	233.885	1.0	0.050980392156862744	0.050980392156862744
G	C1'_2	179.705	208.031	233.51	0.5647058823529412	0.5647058823529412	0.5647058823529412
G	N9_2	179.864	206.767	234.223	0.18823529411764706	0.3137254901960784	0.9725490196078431
G	C8_2	180.993	205.979	234.269	0.5647058823529412	0.5647058823529412	0.5647058823529412
G	N7_2	180.837	204.9	234.996	0.18823529411764706	0.3137254901960784	0.9725490196078431
G	C5_2	179.527	204.978	235.456	0.5647058823529412	0.5647058823529412	0.5647058823529412
G	C6_2	178.782	204.08	236.276	0.5647058823529412	0.5647058823529412	0.5647058823529412
G	O6_2	179.146	203.003	236.766	1.0	0.050980392156862744	0.050980392156862744
G	N1_2	177.487	204.541	236.494	0.18823529411764706	0.3137254901960784	0.9725490196078431
G	C2_2	176.968	205.709	235.98	0.5647058823529412	0.5647058823529412	0.5647058823529412
G	N2_2	175.688	205.973	236.291	0.18823529411764706	0.3137254901960784	0.9725490196078431
G	N3_2	177.65	206.553	235.213	0.18823529411764706	0.3137254901960784	0.9725490196078431
G	C4_2	178.912	206.126	234.991	0.5647058823529412	0.5647058823529412	0.5647058823529412
