G	P_1	208.503	131.387	188.745	1.0	0.5019607843137255	0.0
G	OP1_1	209.044	130.232	189.522	1.0	0.050980392156862744	0.050980392156862744
G	OP2_1	207.497	131.144	187.677	1.0	0.050980392156862744	0.050980392156862744
G	O5'_1	207.903	132.45	189.774	1.0	0.050980392156862744	0.050980392156862744
G	C5'_1	208.592	132.764	191.003	0.5647058823529412	0.5647058823529412	0.5647058823529412
G	C4'_1	207.828	133.81	191.786	0.5647058823529412	0.5647058823529412	0.5647058823529412
G	O4'_1	207.836	135.08	191.073	1.0	0.050980392156862744	0.050980392156862744
G	C3'_1	206.345	133.542	192.003	0.5647058823529412	0.5647058823529412	0.5647058823529412
G	O3'_1	206.109	132.599	193.049	1.0	0.050980392156862744	0.050980392156862744
G	C2'_1	205.818	134.937	192.338	0.5647058823529412	0.5647058823529412	0.5647058823529412
G	O2'_1	206.058	135.328	193.675	1.0	0.050980392156862744	0.050980392156862744
G	C1'_1	206.657	135.81	191.398	0.5647058823529412	0.5647058823529412	0.5647058823529412
G	N9_1	205.949	136.169	190.167	0.18823529411764706	0.3137254901960784	0.9725490196078431
G	C8_1	205.959	135.497	188.962	0.5647058823529412	0.5647058823529412	0.5647058823529412
G	N7_1	205.202	136.058	188.054	0.18823529411764706	0.3137254901960784	0.9725490196078431
G	C5_1	204.661	137.171	188.69	0.5647058823529412	0.5647058823529412	0.5647058823529412
G	C6_1	203.761	138.166	188.206	0.5647058823529412	0.5647058823529412	0.5647058823529412
G	O6_1	203.234	138.252	187.087	1.0	0.050980392156862744	0.050980392156862744
G	N1_1	203.485	139.125	189.182	0.18823529411764706	0.3137254901960784	0.9725490196078431
G	C2_1	203.997	139.127	190.459	0.5647058823529412	0.5647058823529412	0.5647058823529412
G	N2_1	203.62	140.147	191.247	0.18823529411764706	0.3137254901960784	0.9725490196078431
G	N3_1	204.823	138.199	190.927	0.18823529411764706	0.3137254901960784	0.9725490196078431
G	C4_1	205.115	137.261	189.993	0.5647058823529412	0.5647058823529412	0.5647058823529412
G	P_2	203.397	135.509	176.412	1.0	0.5019607843137255	0.0
G	OP1_2	203.439	136.363	175.191	1.0	0.050980392156862744	0.050980392156862744
G	OP2_2	204.309	134.333	176.515	1.0	0.050980392156862744	0.050980392156862744
G	O5'_2	203.66	136.447	177.671	1.0	0.050980392156862744	0.050980392156862744
G	C5'_2	204.963	136.526	178.276	0.5647058823529412	0.5647058823529412	0.5647058823529412
G	C4'_2	204.828	136.808	179.755	0.5647058823529412	0.5647058823529412	0.5647058823529412
G	O4'_2	204.014	135.776	180.375	1.0	0.050980392156862744	0.050980392156862744
G	C3'_2	206.128	136.777	180.532	0.5647058823529412	0.5647058823529412	0.5647058823529412
G	O3'_2	206.816	138.015	180.415	1.0	0.050980392156862744	0.050980392156862744
G	C2'_2	205.658	136.462	181.946	0.5647058823529412	0.5647058823529412	0.5647058823529412
G	O2'_2	205.142	137.588	182.631	1.0	0.050980392156862744	0.050980392156862744
G	C1'_2	204.521	135.473	181.667	0.5647058823529412	0.5647058823529412	0.5647058823529412
G	N9_2	204.941	134.072	181.677	0.18823529411764706	0.3137254901960784	0.9725490196078431
G	C8_2	204.929	133.191	180.615	0.5647058823529412	0.5647058823529412	0.5647058823529412
G	N7_2	205.379	132.004	180.925	0.18823529411764706	0.3137254901960784	0.9725490196078431
G	C5_2	205.708	132.101	182.272	0.5647058823529412	0.5647058823529412	0.5647058823529412
G	C6_2	206.255	131.131	183.157	0.5647058823529412	0.5647058823529412	0.5647058823529412
G	O6_2	206.563	129.951	182.916	1.0	0.050980392156862744	0.050980392156862744
G	N1_2	206.438	131.653	184.438	0.18823529411764706	0.3137254901960784	0.9725490196078431
G	C2_2	206.132	132.942	184.822	0.5647058823529412	0.5647058823529412	0.5647058823529412
G	N2_2	206.381	133.26	186.106	0.18823529411764706	0.3137254901960784	0.9725490196078431
G	N3_2	205.618	133.855	184.006	0.18823529411764706	0.3137254901960784	0.9725490196078431
G	C4_2	205.436	133.37	182.755	0.5647058823529412	0.5647058823529412	0.5647058823529412
