G	P_1	236.535	214.818	255.954	1.0	0.5019607843137255	0.0
G	OP1_1	235.963	216.158	255.636	1.0	0.050980392156862744	0.050980392156862744
G	OP2_1	235.773	213.59	255.585	1.0	0.050980392156862744	0.050980392156862744
G	O5'_1	237.993	214.724	255.302	1.0	0.050980392156862744	0.050980392156862744
G	C5'_1	238.929	215.829	255.378	0.5647058823529412	0.5647058823529412	0.5647058823529412
G	C4'_1	240.298	215.39	254.898	0.5647058823529412	0.5647058823529412	0.5647058823529412
G	O4'_1	240.73	214.266	255.711	1.0	0.050980392156862744	0.050980392156862744
G	C3'_1	240.376	214.883	253.461	0.5647058823529412	0.5647058823529412	0.5647058823529412
G	O3'_1	240.59	215.969	252.55	1.0	0.050980392156862744	0.050980392156862744
G	C2'_1	241.569	213.93	253.504	0.5647058823529412	0.5647058823529412	0.5647058823529412
G	O2'_1	242.814	214.599	253.409	1.0	0.050980392156862744	0.050980392156862744
G	C1'_1	241.433	213.33	254.908	0.5647058823529412	0.5647058823529412	0.5647058823529412
G	N9_1	240.743	212.041	254.993	0.18823529411764706	0.3137254901960784	0.9725490196078431
G	C8_1	239.415	211.827	255.284	0.5647058823529412	0.5647058823529412	0.5647058823529412
G	N7_1	239.1	210.559	255.349	0.18823529411764706	0.3137254901960784	0.9725490196078431
G	C5_1	240.286	209.893	255.071	0.5647058823529412	0.5647058823529412	0.5647058823529412
G	C6_1	240.564	208.5	255.008	0.5647058823529412	0.5647058823529412	0.5647058823529412
G	O6_1	239.794	207.55	255.201	1.0	0.050980392156862744	0.050980392156862744
G	N1_1	241.896	208.259	254.687	0.18823529411764706	0.3137254901960784	0.9725490196078431
G	C2_1	242.845	209.228	254.463	0.5647058823529412	0.5647058823529412	0.5647058823529412
G	N2_1	244.082	208.794	254.167	0.18823529411764706	0.3137254901960784	0.9725490196078431
G	N3_1	242.602	210.532	254.525	0.18823529411764706	0.3137254901960784	0.9725490196078431
G	C4_1	241.309	210.791	254.832	0.5647058823529412	0.5647058823529412	0.5647058823529412
G	P_2	248.022	203.575	255.371	1.0	0.5019607843137255	0.0
G	OP1_2	248.837	202.89	256.415	1.0	0.050980392156862744	0.050980392156862744
G	OP2_2	246.804	204.332	255.77	1.0	0.050980392156862744	0.050980392156862744
G	O5'_2	248.974	204.564	254.555	1.0	0.050980392156862744	0.050980392156862744
G	C5'_2	250.274	204.136	254.092	0.5647058823529412	0.5647058823529412	0.5647058823529412
G	C4'_2	250.906	205.208	253.228	0.5647058823529412	0.5647058823529412	0.5647058823529412
G	O4'_2	250.032	205.488	252.1	1.0	0.050980392156862744	0.050980392156862744
G	C3'_2	251.125	206.566	253.883	0.5647058823529412	0.5647058823529412	0.5647058823529412
G	O3'_2	252.351	206.6	254.622	1.0	0.050980392156862744	0.050980392156862744
G	C2'_2	251.16	207.504	252.678	0.5647058823529412	0.5647058823529412	0.5647058823529412
G	O2'_2	252.404	207.491	252.003	1.0	0.050980392156862744	0.050980392156862744
G	C1'_2	250.112	206.864	251.763	0.5647058823529412	0.5647058823529412	0.5647058823529412
G	N9_2	248.776	207.447	251.864	0.18823529411764706	0.3137254901960784	0.9725490196078431
G	C8_2	247.669	206.892	252.464	0.5647058823529412	0.5647058823529412	0.5647058823529412
G	N7_2	246.604	207.642	252.371	0.18823529411764706	0.3137254901960784	0.9725490196078431
G	C5_2	247.032	208.763	251.672	0.5647058823529412	0.5647058823529412	0.5647058823529412
G	C6_2	246.317	209.921	251.267	0.5647058823529412	0.5647058823529412	0.5647058823529412
G	O6_2	245.125	210.194	251.454	1.0	0.050980392156862744	0.050980392156862744
G	N1_2	247.134	210.814	250.58	0.18823529411764706	0.3137254901960784	0.9725490196078431
G	C2_2	248.47	210.62	250.314	0.5647058823529412	0.5647058823529412	0.5647058823529412
G	N2_2	249.088	211.601	249.635	0.18823529411764706	0.3137254901960784	0.9725490196078431
G	N3_2	249.151	209.544	250.686	0.18823529411764706	0.3137254901960784	0.9725490196078431
G	C4_2	248.373	208.663	251.357	0.5647058823529412	0.5647058823529412	0.5647058823529412
