G	P_1	184.85	284.621	189.389	1.0	0.5019607843137255	0.0
G	OP1_1	183.965	284.593	190.591	1.0	0.050980392156862744	0.050980392156862744
G	OP2_1	185.74	283.457	189.104	1.0	0.050980392156862744	0.050980392156862744
G	O5'_1	183.924	284.876	188.117	1.0	0.050980392156862744	0.050980392156862744
G	C5'_1	183.069	286.031	188.048	0.5647058823529412	0.5647058823529412	0.5647058823529412
G	C4'_1	182.745	286.357	186.608	0.5647058823529412	0.5647058823529412	0.5647058823529412
G	O4'_1	183.976	286.63	185.885	1.0	0.050980392156862744	0.050980392156862744
G	C3'_1	182.083	285.251	185.8	0.5647058823529412	0.5647058823529412	0.5647058823529412
G	O3'_1	180.676	285.219	186.011	1.0	0.050980392156862744	0.050980392156862744
G	C2'_1	182.418	285.651	184.37	0.5647058823529412	0.5647058823529412	0.5647058823529412
G	O2'_1	181.576	286.672	183.874	1.0	0.050980392156862744	0.050980392156862744
G	C1'_1	183.832	286.21	184.536	0.5647058823529412	0.5647058823529412	0.5647058823529412
G	N9_1	184.883	285.248	184.225	0.18823529411764706	0.3137254901960784	0.9725490196078431
G	C8_1	185.6	284.472	185.106	0.5647058823529412	0.5647058823529412	0.5647058823529412
G	N7_1	186.49	283.719	184.518	0.18823529411764706	0.3137254901960784	0.9725490196078431
G	C5_1	186.35	284.013	183.168	0.5647058823529412	0.5647058823529412	0.5647058823529412
G	C6_1	187.051	283.509	182.041	0.5647058823529412	0.5647058823529412	0.5647058823529412
G	O6_1	187.969	282.678	182.012	1.0	0.050980392156862744	0.050980392156862744
G	N1_1	186.586	284.077	180.855	0.18823529411764706	0.3137254901960784	0.9725490196078431
G	C2_1	185.58	285.012	180.766	0.5647058823529412	0.5647058823529412	0.5647058823529412
G	N2_1	185.274	285.443	179.531	0.18823529411764706	0.3137254901960784	0.9725490196078431
G	N3_1	184.923	285.49	181.811	0.18823529411764706	0.3137254901960784	0.9725490196078431
G	C4_1	185.358	284.95	182.972	0.5647058823529412	0.5647058823529412	0.5647058823529412
G	P_2	194.694	277.861	179.902	1.0	0.5019607843137255	0.0
G	OP1_2	196.051	277.318	179.607	1.0	0.050980392156862744	0.050980392156862744
G	OP2_2	194.556	279.099	180.724	1.0	0.050980392156862744	0.050980392156862744
G	O5'_2	193.92	278.088	178.525	1.0	0.050980392156862744	0.050980392156862744
G	C5'_2	193.991	277.119	177.452	0.5647058823529412	0.5647058823529412	0.5647058823529412
G	C4'_2	193.333	277.672	176.208	0.5647058823529412	0.5647058823529412	0.5647058823529412
G	O4'_2	191.896	277.785	176.414	1.0	0.050980392156862744	0.050980392156862744
G	C3'_2	193.762	279.084	175.833	0.5647058823529412	0.5647058823529412	0.5647058823529412
G	O3'_2	195.014	279.123	175.148	1.0	0.050980392156862744	0.050980392156862744
G	C2'_2	192.583	279.57	174.996	0.5647058823529412	0.5647058823529412	0.5647058823529412
G	O2'_2	192.585	279.102	173.663	1.0	0.050980392156862744	0.050980392156862744
G	C1'_2	191.409	278.956	175.763	0.5647058823529412	0.5647058823529412	0.5647058823529412
G	N9_2	190.909	279.878	176.78	0.18823529411764706	0.3137254901960784	0.9725490196078431
G	C8_2	191.236	279.899	178.117	0.5647058823529412	0.5647058823529412	0.5647058823529412
G	N7_2	190.644	280.857	178.775	0.18823529411764706	0.3137254901960784	0.9725490196078431
G	C5_2	189.875	281.506	177.819	0.5647058823529412	0.5647058823529412	0.5647058823529412
G	C6_2	189.014	282.625	177.944	0.5647058823529412	0.5647058823529412	0.5647058823529412
G	O6_2	188.75	283.286	178.96	1.0	0.050980392156862744	0.050980392156862744
G	N1_2	188.429	282.961	176.722	0.18823529411764706	0.3137254901960784	0.9725490196078431
G	C2_2	188.647	282.303	175.534	0.5647058823529412	0.5647058823529412	0.5647058823529412
G	N2_2	187.994	282.784	174.462	0.18823529411764706	0.3137254901960784	0.9725490196078431
G	N3_2	189.448	281.254	175.407	0.18823529411764706	0.3137254901960784	0.9725490196078431
G	C4_2	190.025	280.913	176.582	0.5647058823529412	0.5647058823529412	0.5647058823529412
