G	P_1	116.856	238.552	220.581	1.0	0.5019607843137255	0.0
G	OP1_1	116.957	239.623	219.548	1.0	0.050980392156862744	0.050980392156862744
G	OP2_1	118.027	238.257	221.446	1.0	0.050980392156862744	0.050980392156862744
G	O5'_1	115.604	238.875	221.518	1.0	0.050980392156862744	0.050980392156862744
G	C5'_1	114.333	239.292	220.954	0.5647058823529412	0.5647058823529412	0.5647058823529412
G	C4'_1	113.378	239.7	222.058	0.5647058823529412	0.5647058823529412	0.5647058823529412
G	O4'_1	112.922	238.531	222.797	1.0	0.050980392156862744	0.050980392156862744
G	C3'_1	113.987	240.6	223.12	0.5647058823529412	0.5647058823529412	0.5647058823529412
G	O3'_1	114.035	241.959	222.692	1.0	0.050980392156862744	0.050980392156862744
G	C2'_1	113.075	240.36	224.317	0.5647058823529412	0.5647058823529412	0.5647058823529412
G	O2'_1	111.863	241.083	224.234	1.0	0.050980392156862744	0.050980392156862744
G	C1'_1	112.781	238.862	224.175	0.5647058823529412	0.5647058823529412	0.5647058823529412
G	N9_1	113.675	238.002	224.954	0.18823529411764706	0.3137254901960784	0.9725490196078431
G	C8_1	114.758	237.284	224.487	0.5647058823529412	0.5647058823529412	0.5647058823529412
G	N7_1	115.357	236.59	225.418	0.18823529411764706	0.3137254901960784	0.9725490196078431
G	C5_1	114.633	236.865	226.573	0.5647058823529412	0.5647058823529412	0.5647058823529412
G	C6_1	114.812	236.396	227.901	0.5647058823529412	0.5647058823529412	0.5647058823529412
G	O6_1	115.672	235.619	228.334	1.0	0.050980392156862744	0.050980392156862744
G	N1_1	113.855	236.923	228.765	0.18823529411764706	0.3137254901960784	0.9725490196078431
G	C2_1	112.853	237.789	228.401	0.5647058823529412	0.5647058823529412	0.5647058823529412
G	N2_1	112.02	238.176	229.384	0.18823529411764706	0.3137254901960784	0.9725490196078431
G	N3_1	112.677	238.241	227.165	0.18823529411764706	0.3137254901960784	0.9725490196078431
G	C4_1	113.596	237.739	226.307	0.5647058823529412	0.5647058823529412	0.5647058823529412
G	P_2	122.82	229.75	233.675	1.0	0.5019607843137255	0.0
G	OP1_2	122.905	229.056	234.99	1.0	0.050980392156862744	0.050980392156862744
G	OP2_2	123.506	229.161	232.485	1.0	0.050980392156862744	0.050980392156862744
G	O5'_2	121.278	229.947	233.31	1.0	0.050980392156862744	0.050980392156862744
G	C5'_2	120.366	230.6	234.225	0.5647058823529412	0.5647058823529412	0.5647058823529412
G	C4'_2	119.297	231.331	233.449	0.5647058823529412	0.5647058823529412	0.5647058823529412
G	O4'_2	119.945	232.238	232.517	1.0	0.050980392156862744	0.050980392156862744
G	C3'_2	118.412	230.453	232.575	0.5647058823529412	0.5647058823529412	0.5647058823529412
G	O3'_2	117.306	229.948	233.326	1.0	0.050980392156862744	0.050980392156862744
G	C2'_2	117.948	231.429	231.495	0.5647058823529412	0.5647058823529412	0.5647058823529412
G	O2'_2	116.867	232.246	231.905	1.0	0.050980392156862744	0.050980392156862744
G	C1'_2	119.19	232.313	231.32	0.5647058823529412	0.5647058823529412	0.5647058823529412
G	N9_2	120.053	231.957	230.194	0.18823529411764706	0.3137254901960784	0.9725490196078431
G	C8_2	121.137	231.106	230.2	0.5647058823529412	0.5647058823529412	0.5647058823529412
G	N7_2	121.715	231.001	229.031	0.18823529411764706	0.3137254901960784	0.9725490196078431
G	C5_2	120.971	231.833	228.202	0.5647058823529412	0.5647058823529412	0.5647058823529412
G	C6_2	121.12	232.13	226.816	0.5647058823529412	0.5647058823529412	0.5647058823529412
G	O6_2	121.974	231.705	226.022	1.0	0.050980392156862744	0.050980392156862744
G	N1_2	120.14	233.017	226.374	0.18823529411764706	0.3137254901960784	0.9725490196078431
G	C2_2	119.14	233.552	227.158	0.5647058823529412	0.5647058823529412	0.5647058823529412
G	N2_2	118.279	234.387	226.542	0.18823529411764706	0.3137254901960784	0.9725490196078431
G	N3_2	118.992	233.286	228.451	0.18823529411764706	0.3137254901960784	0.9725490196078431
G	C4_2	119.937	232.427	228.903	0.5647058823529412	0.5647058823529412	0.5647058823529412
