C	P_1	209.296	279.451	191.126	1.0	0.5019607843137255	0.0
C	OP1_1	210.394	280.117	191.88	1.0	0.050980392156862744	0.050980392156862744
C	OP2_1	207.92	279.453	191.68	1.0	0.050980392156862744	0.050980392156862744
C	O5'_1	209.243	280.098	189.669	1.0	0.050980392156862744	0.050980392156862744
C	C5'_1	210.413	280.116	188.821	0.5647058823529412	0.5647058823529412	0.5647058823529412
C	C4'_1	210.056	280.634	187.447	0.5647058823529412	0.5647058823529412	0.5647058823529412
C	O4'_1	209.051	279.768	186.861	1.0	0.050980392156862744	0.050980392156862744
C	C3'_1	209.439	282.026	187.414	0.5647058823529412	0.5647058823529412	0.5647058823529412
C	O3'_1	210.459	283.028	187.406	1.0	0.050980392156862744	0.050980392156862744
C	C2'_1	208.632	281.998	186.122	0.5647058823529412	0.5647058823529412	0.5647058823529412
C	O2'_1	209.426	282.224	184.973	1.0	0.050980392156862744	0.050980392156862744
C	C1'_1	208.137	280.546	186.105	0.5647058823529412	0.5647058823529412	0.5647058823529412
C	N1_1	206.776	280.325	186.642	0.18823529411764706	0.3137254901960784	0.9725490196078431
C	C2_1	205.672	280.406	185.764	0.5647058823529412	0.5647058823529412	0.5647058823529412
C	O2_1	205.865	280.706	184.57	1.0	0.050980392156862744	0.050980392156862744
C	N3_1	204.431	280.157	186.245	0.18823529411764706	0.3137254901960784	0.9725490196078431
C	C4_1	204.264	279.854	187.537	0.5647058823529412	0.5647058823529412	0.5647058823529412
C	N4_1	203.027	279.612	187.962	0.18823529411764706	0.3137254901960784	0.9725490196078431
C	C5_1	205.36	279.788	188.449	0.5647058823529412	0.5647058823529412	0.5647058823529412
C	C6_1	206.584	280.028	187.966	0.5647058823529412	0.5647058823529412	0.5647058823529412
C	P_2	196.482	278.162	193.046	1.0	0.5019607843137255	0.0
C	OP1_2	195.557	277.148	192.461	1.0	0.050980392156862744	0.050980392156862744
C	OP2_2	196.031	278.968	194.215	1.0	0.050980392156862744	0.050980392156862744
C	O5'_2	197.844	277.425	193.445	1.0	0.050980392156862744	0.050980392156862744
C	C5'_2	198.262	276.198	192.792	0.5647058823529412	0.5647058823529412	0.5647058823529412
C	C4'_2	199.195	276.506	191.64	0.5647058823529412	0.5647058823529412	0.5647058823529412
C	O4'_2	200.4	277.168	192.137	1.0	0.050980392156862744	0.050980392156862744
C	C3'_2	199.683	275.3	190.835	0.5647058823529412	0.5647058823529412	0.5647058823529412
C	O3'_2	199.702	275.65	189.452	1.0	0.050980392156862744	0.050980392156862744
C	C2'_2	201.112	275.108	191.348	0.5647058823529412	0.5647058823529412	0.5647058823529412
C	O2'_2	201.97	274.455	190.431	1.0	0.050980392156862744	0.050980392156862744
C	C1'_2	201.532	276.56	191.55	0.5647058823529412	0.5647058823529412	0.5647058823529412
C	N1_2	202.73	276.809	192.386	0.18823529411764706	0.3137254901960784	0.9725490196078431
C	C2_2	203.828	277.488	191.804	0.5647058823529412	0.5647058823529412	0.5647058823529412
C	O2_2	203.754	277.856	190.617	1.0	0.050980392156862744	0.050980392156862744
C	N3_2	204.935	277.723	192.551	0.18823529411764706	0.3137254901960784	0.9725490196078431
C	C4_2	204.983	277.314	193.821	0.5647058823529412	0.5647058823529412	0.5647058823529412
C	N4_2	206.1	277.568	194.516	0.18823529411764706	0.3137254901960784	0.9725490196078431
C	C5_2	203.889	276.625	194.438	0.5647058823529412	0.5647058823529412	0.5647058823529412
C	C6_2	202.792	276.397	193.691	0.5647058823529412	0.5647058823529412	0.5647058823529412
