C	P_1	81.633	174.083	194.396	1.0	0.5019607843137255	0.0
C	OP1_1	82.343	173.34	195.475	1.0	0.050980392156862744	0.050980392156862744
C	OP2_1	82.276	174.229	193.06	1.0	0.050980392156862744	0.050980392156862744
C	O5'_1	80.194	173.423	194.194	1.0	0.050980392156862744	0.050980392156862744
C	C5'_1	79.22	173.427	195.262	0.5647058823529412	0.5647058823529412	0.5647058823529412
C	C4'_1	77.819	173.292	194.703	0.5647058823529412	0.5647058823529412	0.5647058823529412
C	O4'_1	77.543	174.406	193.82	1.0	0.050980392156862744	0.050980392156862744
C	C3'_1	77.545	172.067	193.839	0.5647058823529412	0.5647058823529412	0.5647058823529412
C	O3'_1	77.255	170.929	194.648	1.0	0.050980392156862744	0.050980392156862744
C	C2'_1	76.328	172.503	193.028	0.5647058823529412	0.5647058823529412	0.5647058823529412
C	O2'_1	75.113	172.355	193.737	1.0	0.050980392156862744	0.050980392156862744
C	C1'_1	76.605	174.0	192.837	0.5647058823529412	0.5647058823529412	0.5647058823529412
C	N1_1	77.089	174.412	191.502	0.18823529411764706	0.3137254901960784	0.9725490196078431
C	C2_1	76.172	174.453	190.432	0.5647058823529412	0.5647058823529412	0.5647058823529412
C	O2_1	74.988	174.125	190.636	1.0	0.050980392156862744	0.050980392156862744
C	N3_1	76.603	174.848	189.212	0.18823529411764706	0.3137254901960784	0.9725490196078431
C	C4_1	77.883	175.195	189.033	0.5647058823529412	0.5647058823529412	0.5647058823529412
C	N4_1	78.263	175.581	187.815	0.18823529411764706	0.3137254901960784	0.9725490196078431
C	C5_1	78.833	175.16	190.098	0.5647058823529412	0.5647058823529412	0.5647058823529412
C	C6_1	78.399	174.763	191.302	0.5647058823529412	0.5647058823529412	0.5647058823529412
C	P_2	79.247	176.49	177.983	1.0	0.5019607843137255	0.0
C	OP1_2	78.651	176.794	176.651	1.0	0.050980392156862744	0.050980392156862744
C	OP2_2	80.148	177.484	178.626	1.0	0.050980392156862744	0.050980392156862744
C	O5'_2	78.067	176.147	179.002	1.0	0.050980392156862744	0.050980392156862744
C	C5'_2	77.052	175.175	178.662	0.5647058823529412	0.5647058823529412	0.5647058823529412
C	C4'_2	76.331	174.697	179.906	0.5647058823529412	0.5647058823529412	0.5647058823529412
C	O4'_2	77.271	174.03	180.792	1.0	0.050980392156862744	0.050980392156862744
C	C3'_2	75.698	175.767	180.781	0.5647058823529412	0.5647058823529412	0.5647058823529412
C	O3'_2	74.429	176.174	180.279	1.0	0.050980392156862744	0.050980392156862744
C	C2'_2	75.588	175.059	182.127	0.5647058823529412	0.5647058823529412	0.5647058823529412
C	O2'_2	74.491	174.17	182.207	1.0	0.050980392156862744	0.050980392156862744
C	C1'_2	76.888	174.25	182.145	0.5647058823529412	0.5647058823529412	0.5647058823529412
C	N1_2	77.994	174.928	182.853	0.18823529411764706	0.3137254901960784	0.9725490196078431
C	C2_2	78.112	174.759	184.245	0.5647058823529412	0.5647058823529412	0.5647058823529412
C	O2_2	77.282	174.048	184.842	1.0	0.050980392156862744	0.050980392156862744
C	N3_2	79.123	175.373	184.898	0.18823529411764706	0.3137254901960784	0.9725490196078431
C	C4_2	79.993	176.131	184.222	0.5647058823529412	0.5647058823529412	0.5647058823529412
C	N4_2	80.976	176.717	184.908	0.18823529411764706	0.3137254901960784	0.9725490196078431
C	C5_2	79.896	176.322	182.813	0.5647058823529412	0.5647058823529412	0.5647058823529412
C	C6_2	78.893	175.709	182.175	0.5647058823529412	0.5647058823529412	0.5647058823529412
