C	P_1	183.529	212.539	228.096	1.0	0.5019607843137255	0.0
C	OP1_1	183.842	211.637	226.943	1.0	0.050980392156862744	0.050980392156862744
C	OP2_1	183.212	211.943	229.43	1.0	0.050980392156862744	0.050980392156862744
C	O5'_1	184.734	213.572	228.267	1.0	0.050980392156862744	0.050980392156862744
C	C5'_1	185.118	214.426	227.167	0.5647058823529412	0.5647058823529412	0.5647058823529412
C	C4'_1	186.271	215.322	227.557	0.5647058823529412	0.5647058823529412	0.5647058823529412
C	O4'_1	185.821	216.404	228.414	1.0	0.050980392156862744	0.050980392156862744
C	C3'_1	187.396	214.682	228.352	0.5647058823529412	0.5647058823529412	0.5647058823529412
C	O3'_1	188.251	213.911	227.517	1.0	0.050980392156862744	0.050980392156862744
C	C2'_1	188.095	215.9	228.947	0.5647058823529412	0.5647058823529412	0.5647058823529412
C	O2'_1	188.944	216.55	228.022	1.0	0.050980392156862744	0.050980392156862744
C	C1'_1	186.899	216.813	229.252	0.5647058823529412	0.5647058823529412	0.5647058823529412
C	N1_1	186.458	216.791	230.666	0.18823529411764706	0.3137254901960784	0.9725490196078431
C	C2_1	187.17	217.567	231.613	0.5647058823529412	0.5647058823529412	0.5647058823529412
C	O2_1	188.145	218.244	231.234	1.0	0.050980392156862744	0.050980392156862744
C	N3_1	186.77	217.553	232.909	0.18823529411764706	0.3137254901960784	0.9725490196078431
C	C4_1	185.716	216.812	233.279	0.5647058823529412	0.5647058823529412	0.5647058823529412
C	N4_1	185.361	216.827	234.567	0.18823529411764706	0.3137254901960784	0.9725490196078431
C	C5_1	184.978	216.019	232.343	0.5647058823529412	0.5647058823529412	0.5647058823529412
C	C6_1	185.381	216.038	231.061	0.5647058823529412	0.5647058823529412	0.5647058823529412
C	P_2	192.552	225.015	226.72	1.0	0.5019607843137255	0.0
C	OP1_2	192.87	223.992	227.757	1.0	0.050980392156862744	0.050980392156862744
C	OP2_2	193.454	226.186	226.541	1.0	0.050980392156862744	0.050980392156862744
C	O5'_2	192.406	224.273	225.315	1.0	0.050980392156862744	0.050980392156862744
C	C5'_2	193.562	223.832	224.57	0.5647058823529412	0.5647058823529412	0.5647058823529412
C	C4'_2	193.387	222.391	224.146	0.5647058823529412	0.5647058823529412	0.5647058823529412
C	O4'_2	193.341	221.557	225.332	1.0	0.050980392156862744	0.050980392156862744
C	C3'_2	192.1	222.071	223.39	0.5647058823529412	0.5647058823529412	0.5647058823529412
C	O3'_2	192.266	222.315	221.991	1.0	0.050980392156862744	0.050980392156862744
C	C2'_2	191.903	220.587	223.686	0.5647058823529412	0.5647058823529412	0.5647058823529412
C	O2'_2	192.682	219.755	222.845	1.0	0.050980392156862744	0.050980392156862744
C	C1'_2	192.441	220.482	225.121	0.5647058823529412	0.5647058823529412	0.5647058823529412
C	N1_2	191.432	220.491	226.2	0.18823529411764706	0.3137254901960784	0.9725490196078431
C	C2_2	191.175	219.295	226.899	0.5647058823529412	0.5647058823529412	0.5647058823529412
C	O2_2	191.787	218.26	226.577	1.0	0.050980392156862744	0.050980392156862744
C	N3_2	190.266	219.302	227.902	0.18823529411764706	0.3137254901960784	0.9725490196078431
C	C4_2	189.622	220.43	228.214	0.5647058823529412	0.5647058823529412	0.5647058823529412
C	N4_2	188.737	220.386	229.21	0.18823529411764706	0.3137254901960784	0.9725490196078431
C	C5_2	189.858	221.653	227.519	0.5647058823529412	0.5647058823529412	0.5647058823529412
C	C6_2	190.761	221.639	226.53	0.5647058823529412	0.5647058823529412	0.5647058823529412
