U	P_1	263.884	161.811	186.616	1.0	0.5019607843137255	0.0
U	OP1_1	262.657	161.069	187.034	1.0	0.050980392156862744	0.050980392156862744
U	OP2_1	264.784	162.393	187.656	1.0	0.050980392156862744	0.050980392156862744
U	O5'_1	264.76	160.865	185.675	1.0	0.050980392156862744	0.050980392156862744
U	C5'_1	264.167	160.152	184.57	0.5647058823529412	0.5647058823529412	0.5647058823529412
U	C4'_1	265.244	159.554	183.696	0.5647058823529412	0.5647058823529412	0.5647058823529412
U	O4'_1	266.029	160.623	183.101	1.0	0.050980392156862744	0.050980392156862744
U	C3'_1	266.276	158.695	184.411	0.5647058823529412	0.5647058823529412	0.5647058823529412
U	O3'_1	265.8	157.371	184.615	1.0	0.050980392156862744	0.050980392156862744
U	C2'_1	267.467	158.756	183.462	0.5647058823529412	0.5647058823529412	0.5647058823529412
U	O2'_1	267.332	157.895	182.349	1.0	0.050980392156862744	0.050980392156862744
U	C1'_1	267.385	160.206	182.975	0.5647058823529412	0.5647058823529412	0.5647058823529412
U	N1_1	268.249	161.142	183.717	0.18823529411764706	0.3137254901960784	0.9725490196078431
U	C2_1	269.554	161.305	183.27	0.5647058823529412	0.5647058823529412	0.5647058823529412
U	O2_1	269.999	160.728	182.287	1.0	0.050980392156862744	0.050980392156862744
U	N3_1	270.319	162.173	184.018	0.18823529411764706	0.3137254901960784	0.9725490196078431
U	C4_1	269.924	162.881	185.141	0.5647058823529412	0.5647058823529412	0.5647058823529412
U	O4_1	270.747	163.571	185.738	1.0	0.050980392156862744	0.050980392156862744
U	C5_1	268.56	162.674	185.53	0.5647058823529412	0.5647058823529412	0.5647058823529412
U	C6_1	267.789	161.834	184.823	0.5647058823529412	0.5647058823529412	0.5647058823529412
U	P_2	279.456	167.065	183.301	1.0	0.5019607843137255	0.0
U	OP1_2	280.496	167.182	182.235	1.0	0.050980392156862744	0.050980392156862744
U	OP2_2	278.576	168.231	183.596	1.0	0.050980392156862744	0.050980392156862744
U	O5'_2	278.525	165.82	182.945	1.0	0.050980392156862744	0.050980392156862744
U	C5'_2	279.083	164.574	182.477	0.5647058823529412	0.5647058823529412	0.5647058823529412
U	C4'_2	277.996	163.532	182.359	0.5647058823529412	0.5647058823529412	0.5647058823529412
U	O4'_2	277.426	163.285	183.672	1.0	0.050980392156862744	0.050980392156862744
U	C3'_2	276.811	163.935	181.494	0.5647058823529412	0.5647058823529412	0.5647058823529412
U	O3'_2	277.075	163.626	180.126	1.0	0.050980392156862744	0.050980392156862744
U	C2'_2	275.666	163.103	182.067	0.5647058823529412	0.5647058823529412	0.5647058823529412
U	O2'_2	275.632	161.776	181.582	1.0	0.050980392156862744	0.050980392156862744
U	C1'_2	276.028	163.065	183.555	0.5647058823529412	0.5647058823529412	0.5647058823529412
U	N1_2	275.325	164.031	184.417	0.18823529411764706	0.3137254901960784	0.9725490196078431
U	C2_2	274.02	163.735	184.794	0.5647058823529412	0.5647058823529412	0.5647058823529412
U	O2_2	273.418	162.749	184.394	1.0	0.050980392156862744	0.050980392156862744
U	N3_2	273.449	164.643	185.654	0.18823529411764706	0.3137254901960784	0.9725490196078431
U	C4_2	274.03	165.793	186.159	0.5647058823529412	0.5647058823529412	0.5647058823529412
U	O4_2	273.436	166.441	187.02	1.0	0.050980392156862744	0.050980392156862744
U	C5_2	275.357	166.045	185.696	0.5647058823529412	0.5647058823529412	0.5647058823529412
U	C6_2	275.945	165.184	184.864	0.5647058823529412	0.5647058823529412	0.5647058823529412
