U	P_1	201.841	295.103	200.221	1.0	0.5019607843137255	0.0
U	OP1_1	202.895	295.502	199.245	1.0	0.050980392156862744	0.050980392156862744
U	OP2_1	201.619	295.927	201.441	1.0	0.050980392156862744	0.050980392156862744
U	O5'_1	200.454	295.0	199.442	1.0	0.050980392156862744	0.050980392156862744
U	C5'_1	200.304	294.133	198.301	0.5647058823529412	0.5647058823529412	0.5647058823529412
U	C4'_1	198.842	293.943	197.985	0.5647058823529412	0.5647058823529412	0.5647058823529412
U	O4'_1	198.195	293.289	199.11	1.0	0.050980392156862744	0.050980392156862744
U	C3'_1	198.049	295.226	197.784	0.5647058823529412	0.5647058823529412	0.5647058823529412
U	O3'_1	198.179	295.706	196.447	1.0	0.050980392156862744	0.050980392156862744
U	C2'_1	196.626	294.787	198.12	0.5647058823529412	0.5647058823529412	0.5647058823529412
U	O2'_1	195.994	294.105	197.056	1.0	0.050980392156862744	0.050980392156862744
U	C1'_1	196.876	293.793	199.261	0.5647058823529412	0.5647058823529412	0.5647058823529412
U	N1_1	196.726	294.334	200.626	0.18823529411764706	0.3137254901960784	0.9725490196078431
U	C2_1	195.437	294.606	201.089	0.5647058823529412	0.5647058823529412	0.5647058823529412
U	O2_1	194.431	294.441	200.408	1.0	0.050980392156862744	0.050980392156862744
U	N3_1	195.378	295.081	202.38	0.18823529411764706	0.3137254901960784	0.9725490196078431
U	C4_1	196.444	295.312	203.234	0.5647058823529412	0.5647058823529412	0.5647058823529412
U	O4_1	196.227	295.728	204.371	1.0	0.050980392156862744	0.050980392156862744
U	C5_1	197.73	295.02	202.682	0.5647058823529412	0.5647058823529412	0.5647058823529412
U	C6_1	197.827	294.554	201.436	0.5647058823529412	0.5647058823529412	0.5647058823529412
U	P_2	185.631	297.025	203.844	1.0	0.5019607843137255	0.0
U	OP1_2	184.196	296.675	204.04	1.0	0.050980392156862744	0.050980392156862744
U	OP2_2	186.612	296.726	204.92	1.0	0.050980392156862744	0.050980392156862744
U	O5'_2	186.143	296.329	202.505	1.0	0.050980392156862744	0.050980392156862744
U	C5'_2	185.441	296.518	201.26	0.5647058823529412	0.5647058823529412	0.5647058823529412
U	C4'_2	186.238	295.942	200.111	0.5647058823529412	0.5647058823529412	0.5647058823529412
U	O4'_2	187.492	296.663	199.987	1.0	0.050980392156862744	0.050980392156862744
U	C3'_2	186.656	294.484	200.235	0.5647058823529412	0.5647058823529412	0.5647058823529412
U	O3'_2	185.602	293.593	199.86	1.0	0.050980392156862744	0.050980392156862744
U	C2'_2	187.852	294.413	199.292	0.5647058823529412	0.5647058823529412	0.5647058823529412
U	O2'_2	187.487	294.329	197.928	1.0	0.050980392156862744	0.050980392156862744
U	C1'_2	188.507	295.774	199.543	0.5647058823529412	0.5647058823529412	0.5647058823529412
U	N1_2	189.581	295.748	200.55	0.18823529411764706	0.3137254901960784	0.9725490196078431
U	C2_2	190.886	295.604	200.097	0.5647058823529412	0.5647058823529412	0.5647058823529412
U	O2_2	191.174	295.473	198.914	1.0	0.050980392156862744	0.050980392156862744
U	N3_2	191.845	295.621	201.085	0.18823529411764706	0.3137254901960784	0.9725490196078431
U	C4_2	191.637	295.757	202.451	0.5647058823529412	0.5647058823529412	0.5647058823529412
U	O4_2	192.609	295.803	203.208	1.0	0.050980392156862744	0.050980392156862744
U	C5_2	190.262	295.883	202.839	0.5647058823529412	0.5647058823529412	0.5647058823529412
U	C6_2	189.307	295.873	201.902	0.5647058823529412	0.5647058823529412	0.5647058823529412
