U	P_1	201.734	170.146	240.058	1.0	0.5019607843137255	0.0
U	OP1_1	200.938	170.719	241.181	1.0	0.050980392156862744	0.050980392156862744
U	OP2_1	203.134	169.703	240.306	1.0	0.050980392156862744	0.050980392156862744
U	O5'_1	200.93	168.908	239.453	1.0	0.050980392156862744	0.050980392156862744
U	C5'_1	199.513	168.991	239.203	0.5647058823529412	0.5647058823529412	0.5647058823529412
U	C4'_1	198.939	167.612	238.956	0.5647058823529412	0.5647058823529412	0.5647058823529412
U	O4'_1	199.546	167.041	237.765	1.0	0.050980392156862744	0.050980392156862744
U	C3'_1	199.197	166.57	240.038	0.5647058823529412	0.5647058823529412	0.5647058823529412
U	O3'_1	198.268	166.687	241.115	1.0	0.050980392156862744	0.050980392156862744
U	C2'_1	199.04	165.259	239.271	0.5647058823529412	0.5647058823529412	0.5647058823529412
U	O2'_1	197.688	164.884	239.091	1.0	0.050980392156862744	0.050980392156862744
U	C1'_1	199.644	165.63	237.91	0.5647058823529412	0.5647058823529412	0.5647058823529412
U	N1_1	201.051	165.221	237.729	0.18823529411764706	0.3137254901960784	0.9725490196078431
U	C2_1	201.288	163.963	237.188	0.5647058823529412	0.5647058823529412	0.5647058823529412
U	O2_1	200.39	163.198	236.854	1.0	0.050980392156862744	0.050980392156862744
U	N3_1	202.616	163.635	237.046	0.18823529411764706	0.3137254901960784	0.9725490196078431
U	C4_1	203.708	164.417	237.377	0.5647058823529412	0.5647058823529412	0.5647058823529412
U	O4_1	204.841	163.981	237.182	1.0	0.050980392156862744	0.050980392156862744
U	C5_1	203.382	165.7	237.924	0.5647058823529412	0.5647058823529412	0.5647058823529412
U	C6_1	202.101	166.048	238.079	0.5647058823529412	0.5647058823529412	0.5647058823529412
U	P_2	207.878	154.782	233.199	1.0	0.5019607843137255	0.0
U	OP1_2	207.645	153.697	232.208	1.0	0.050980392156862744	0.050980392156862744
U	OP2_2	208.935	155.795	232.943	1.0	0.050980392156862744	0.050980392156862744
U	O5'_2	206.497	155.543	233.45	1.0	0.050980392156862744	0.050980392156862744
U	C5'_2	205.305	154.809	233.791	0.5647058823529412	0.5647058823529412	0.5647058823529412
U	C4'_2	204.166	155.753	234.131	0.5647058823529412	0.5647058823529412	0.5647058823529412
U	O4'_2	204.464	156.492	235.347	1.0	0.050980392156862744	0.050980392156862744
U	C3'_2	203.833	156.845	233.121	0.5647058823529412	0.5647058823529412	0.5647058823529412
U	O3'_2	203.063	156.338	232.029	1.0	0.050980392156862744	0.050980392156862744
U	C2'_2	203.044	157.836	233.975	0.5647058823529412	0.5647058823529412	0.5647058823529412
U	O2'_2	201.699	157.446	234.173	1.0	0.050980392156862744	0.050980392156862744
U	C1'_2	203.793	157.747	235.311	0.5647058823529412	0.5647058823529412	0.5647058823529412
U	N1_2	204.772	158.829	235.516	0.18823529411764706	0.3137254901960784	0.9725490196078431
U	C2_2	204.328	159.988	236.147	0.5647058823529412	0.5647058823529412	0.5647058823529412
U	O2_2	203.179	160.138	236.541	1.0	0.050980392156862744	0.050980392156862744
U	N3_2	205.282	160.968	236.297	0.18823529411764706	0.3137254901960784	0.9725490196078431
U	C4_2	206.604	160.913	235.89	0.5647058823529412	0.5647058823529412	0.5647058823529412
U	O4_2	207.327	161.892	236.062	1.0	0.050980392156862744	0.050980392156862744
U	C5_2	206.99	159.684	235.258	0.5647058823529412	0.5647058823529412	0.5647058823529412
U	C6_2	206.084	158.71	235.096	0.5647058823529412	0.5647058823529412	0.5647058823529412
