U	P_1	194.878	180.274	159.71	1.0	0.5019607843137255	0.0
U	OP1_1	193.418	180.466	159.476	1.0	0.050980392156862744	0.050980392156862744
U	OP2_1	195.835	180.51	158.602	1.0	0.050980392156862744	0.050980392156862744
U	O5'_1	195.314	181.179	160.948	1.0	0.050980392156862744	0.050980392156862744
U	C5'_1	194.437	181.377	162.082	0.5647058823529412	0.5647058823529412	0.5647058823529412
U	C4'_1	195.048	182.377	163.036	0.5647058823529412	0.5647058823529412	0.5647058823529412
U	O4'_1	196.295	181.827	163.543	1.0	0.050980392156862744	0.050980392156862744
U	C3'_1	195.454	183.708	162.415	0.5647058823529412	0.5647058823529412	0.5647058823529412
U	O3'_1	194.374	184.631	162.311	1.0	0.050980392156862744	0.050980392156862744
U	C2'_1	196.552	184.186	163.355	0.5647058823529412	0.5647058823529412	0.5647058823529412
U	O2'_1	196.06	184.764	164.548	1.0	0.050980392156862744	0.050980392156862744
U	C1'_1	197.258	182.865	163.668	0.5647058823529412	0.5647058823529412	0.5647058823529412
U	N1_1	198.368	182.597	162.74	0.18823529411764706	0.3137254901960784	0.9725490196078431
U	C2_1	199.575	183.237	162.984	0.5647058823529412	0.5647058823529412	0.5647058823529412
U	O2_1	199.747	183.996	163.93	1.0	0.050980392156862744	0.050980392156862744
U	N3_1	200.569	182.957	162.076	0.18823529411764706	0.3137254901960784	0.9725490196078431
U	C4_1	200.485	182.125	160.972	0.5647058823529412	0.5647058823529412	0.5647058823529412
U	O4_1	201.462	182.009	160.226	1.0	0.050980392156862744	0.050980392156862744
U	C5_1	199.21	181.495	160.794	0.5647058823529412	0.5647058823529412	0.5647058823529412
U	C6_1	198.221	181.745	161.659	0.5647058823529412	0.5647058823529412	0.5647058823529412
U	P_2	208.532	188.043	164.52	1.0	0.5019607843137255	0.0
U	OP1_2	209.32	188.122	165.785	1.0	0.050980392156862744	0.050980392156862744
U	OP2_2	208.469	186.755	163.776	1.0	0.050980392156862744	0.050980392156862744
U	O5'_2	207.042	188.511	164.84	1.0	0.050980392156862744	0.050980392156862744
U	C5'_2	206.778	189.791	165.46	0.5647058823529412	0.5647058823529412	0.5647058823529412
U	C4'_2	205.348	189.852	165.949	0.5647058823529412	0.5647058823529412	0.5647058823529412
U	O4'_2	204.445	189.717	164.819	1.0	0.050980392156862744	0.050980392156862744
U	C3'_2	204.934	188.741	166.903	0.5647058823529412	0.5647058823529412	0.5647058823529412
U	O3'_2	205.305	189.05	168.244	1.0	0.050980392156862744	0.050980392156862744
U	C2'_2	203.424	188.679	166.702	0.5647058823529412	0.5647058823529412	0.5647058823529412
U	O2'_2	202.733	189.7	167.396	1.0	0.050980392156862744	0.050980392156862744
U	C1'_2	203.316	188.945	165.198	0.5647058823529412	0.5647058823529412	0.5647058823529412
U	N1_2	203.276	187.736	164.356	0.18823529411764706	0.3137254901960784	0.9725490196078431
U	C2_2	202.042	187.145	164.131	0.5647058823529412	0.5647058823529412	0.5647058823529412
U	O2_2	201.005	187.55	164.635	1.0	0.050980392156862744	0.050980392156862744
U	N3_2	202.07	186.055	163.293	0.18823529411764706	0.3137254901960784	0.9725490196078431
U	C4_2	203.181	185.502	162.676	0.5647058823529412	0.5647058823529412	0.5647058823529412
U	O4_2	203.033	184.565	161.892	1.0	0.050980392156862744	0.050980392156862744
U	C5_2	204.418	186.153	162.982	0.5647058823529412	0.5647058823529412	0.5647058823529412
U	C6_2	204.423	187.216	163.79	0.5647058823529412	0.5647058823529412	0.5647058823529412
