U	P_1	171.704	161.651	159.316	1.0	0.5019607843137255	0.0
U	OP1_1	171.725	163.111	159.612	1.0	0.050980392156862744	0.050980392156862744
U	OP2_1	170.525	160.84	159.724	1.0	0.050980392156862744	0.050980392156862744
U	O5'_1	171.928	161.45	157.749	1.0	0.050980392156862744	0.050980392156862744
U	C5'_1	173.046	162.071	157.086	0.5647058823529412	0.5647058823529412	0.5647058823529412
U	C4'_1	172.976	161.844	155.591	0.5647058823529412	0.5647058823529412	0.5647058823529412
U	O4'_1	173.368	160.487	155.249	1.0	0.050980392156862744	0.050980392156862744
U	C3'_1	171.613	162.005	154.943	0.5647058823529412	0.5647058823529412	0.5647058823529412
U	O3'_1	171.276	163.377	154.765	1.0	0.050980392156862744	0.050980392156862744
U	C2'_1	171.801	161.257	153.627	0.5647058823529412	0.5647058823529412	0.5647058823529412
U	O2'_1	172.5	162.016	152.662	1.0	0.050980392156862744	0.050980392156862744
U	C1'_1	172.682	160.084	154.07	0.5647058823529412	0.5647058823529412	0.5647058823529412
U	N1_1	171.926	158.851	154.349	0.18823529411764706	0.3137254901960784	0.9725490196078431
U	C2_1	171.634	158.011	153.277	0.5647058823529412	0.5647058823529412	0.5647058823529412
U	O2_1	171.963	158.256	152.123	1.0	0.050980392156862744	0.050980392156862744
U	N3_1	170.941	156.874	153.612	0.18823529411764706	0.3137254901960784	0.9725490196078431
U	C4_1	170.517	156.498	154.873	0.5647058823529412	0.5647058823529412	0.5647058823529412
U	O4_1	169.921	155.43	155.016	1.0	0.050980392156862744	0.050980392156862744
U	C5_1	170.851	157.416	155.918	0.5647058823529412	0.5647058823529412	0.5647058823529412
U	C6_1	171.523	158.53	155.63	0.5647058823529412	0.5647058823529412	0.5647058823529412
U	P_2	172.14	152.603	142.679	1.0	0.5019607843137255	0.0
U	OP1_2	173.211	152.684	141.645	1.0	0.050980392156862744	0.050980392156862744
U	OP2_2	172.086	151.428	143.591	1.0	0.050980392156862744	0.050980392156862744
U	O5'_2	172.185	153.925	143.575	1.0	0.050980392156862744	0.050980392156862744
U	C5'_2	172.331	155.226	142.966	0.5647058823529412	0.5647058823529412	0.5647058823529412
U	C4'_2	172.893	156.225	143.957	0.5647058823529412	0.5647058823529412	0.5647058823529412
U	O4'_2	171.892	156.596	144.936	1.0	0.050980392156862744	0.050980392156862744
U	C3'_2	174.045	155.756	144.831	0.5647058823529412	0.5647058823529412	0.5647058823529412
U	O3'_2	175.267	155.745	144.103	1.0	0.050980392156862744	0.050980392156862744
U	C2'_2	174.048	156.813	145.933	0.5647058823529412	0.5647058823529412	0.5647058823529412
U	O2'_2	174.703	158.004	145.547	1.0	0.050980392156862744	0.050980392156862744
U	C1'_2	172.547	157.097	146.092	0.5647058823529412	0.5647058823529412	0.5647058823529412
U	N1_2	171.935	156.503	147.291	0.18823529411764706	0.3137254901960784	0.9725490196078431
U	C2_2	171.91	157.271	148.449	0.5647058823529412	0.5647058823529412	0.5647058823529412
U	O2_2	172.353	158.411	148.507	1.0	0.050980392156862744	0.050980392156862744
U	N3_2	171.346	156.656	149.538	0.18823529411764706	0.3137254901960784	0.9725490196078431
U	C4_2	170.814	155.383	149.591	0.5647058823529412	0.5647058823529412	0.5647058823529412
U	O4_2	170.376	154.96	150.658	1.0	0.050980392156862744	0.050980392156862744
U	C5_2	170.862	154.657	148.353	0.5647058823529412	0.5647058823529412	0.5647058823529412
U	C6_2	171.408	155.225	147.276	0.5647058823529412	0.5647058823529412	0.5647058823529412
