U	P_1	115.216	206.949	207.982	1.0	0.5019607843137255	0.0
U	OP1_1	115.268	205.503	208.354	1.0	0.050980392156862744	0.050980392156862744
U	OP2_1	114.118	207.806	208.509	1.0	0.050980392156862744	0.050980392156862744
U	O5'_1	116.612	207.621	208.363	1.0	0.050980392156862744	0.050980392156862744
U	C5'_1	117.857	207.014	207.961	0.5647058823529412	0.5647058823529412	0.5647058823529412
U	C4'_1	119.025	207.865	208.405	0.5647058823529412	0.5647058823529412	0.5647058823529412
U	O4'_1	119.042	209.104	207.653	1.0	0.050980392156862744	0.050980392156862744
U	C3'_1	119.008	208.29	209.865	0.5647058823529412	0.5647058823529412	0.5647058823529412
U	O3'_1	119.569	207.243	210.66	1.0	0.050980392156862744	0.050980392156862744
U	C2'_1	119.863	209.557	209.853	0.5647058823529412	0.5647058823529412	0.5647058823529412
U	O2'_1	121.248	209.285	209.905	1.0	0.050980392156862744	0.050980392156862744
U	C1'_1	119.53	210.149	208.476	0.5647058823529412	0.5647058823529412	0.5647058823529412
U	N1_1	118.567	211.261	208.43	0.18823529411764706	0.3137254901960784	0.9725490196078431
U	C2_1	119.067	212.561	208.417	0.5647058823529412	0.5647058823529412	0.5647058823529412
U	O2_1	120.26	212.823	208.489	1.0	0.050980392156862744	0.050980392156862744
U	N3_1	118.111	213.543	208.316	0.18823529411764706	0.3137254901960784	0.9725490196078431
U	C4_1	116.739	213.369	208.235	0.5647058823529412	0.5647058823529412	0.5647058823529412
U	O4_1	116.008	214.354	208.119	1.0	0.050980392156862744	0.050980392156862744
U	C5_1	116.305	212.005	208.278	0.5647058823529412	0.5647058823529412	0.5647058823529412
U	C6_1	117.21	211.022	208.374	0.5647058823529412	0.5647058823529412	0.5647058823529412
U	P_2	121.946	222.82	207.499	1.0	0.5019607843137255	0.0
U	OP1_2	122.73	223.796	206.69	1.0	0.050980392156862744	0.050980392156862744
U	OP2_2	120.728	222.193	206.913	1.0	0.050980392156862744	0.050980392156862744
U	O5'_2	122.952	221.669	207.954	1.0	0.050980392156862744	0.050980392156862744
U	C5'_2	124.077	221.967	208.812	0.5647058823529412	0.5647058823529412	0.5647058823529412
U	C4'_2	124.662	220.693	209.37	0.5647058823529412	0.5647058823529412	0.5647058823529412
U	O4'_2	123.631	219.971	210.097	1.0	0.050980392156862744	0.050980392156862744
U	C3'_2	125.17	219.699	208.336	0.5647058823529412	0.5647058823529412	0.5647058823529412
U	O3'_2	126.505	220.021	207.951	1.0	0.050980392156862744	0.050980392156862744
U	C2'_2	125.087	218.372	209.082	0.5647058823529412	0.5647058823529412	0.5647058823529412
U	O2'_2	126.184	218.167	209.951	1.0	0.050980392156862744	0.050980392156862744
U	C1'_2	123.821	218.574	209.925	0.5647058823529412	0.5647058823529412	0.5647058823529412
U	N1_2	122.577	217.977	209.401	0.18823529411764706	0.3137254901960784	0.9725490196078431
U	C2_2	122.435	216.591	209.477	0.5647058823529412	0.5647058823529412	0.5647058823529412
U	O2_2	123.311	215.853	209.909	1.0	0.050980392156862744	0.050980392156862744
U	N3_2	121.23	216.108	209.026	0.18823529411764706	0.3137254901960784	0.9725490196078431
U	C4_2	120.179	216.841	208.512	0.5647058823529412	0.5647058823529412	0.5647058823529412
U	O4_2	119.145	216.263	208.183	1.0	0.050980392156862744	0.050980392156862744
U	C5_2	120.407	218.252	208.441	0.5647058823529412	0.5647058823529412	0.5647058823529412
U	C6_2	121.566	218.761	208.871	0.5647058823529412	0.5647058823529412	0.5647058823529412
