U	P_1	257.928	185.174	174.223	1.0	0.5019607843137255	0.0
U	OP1_1	258.69	185.743	173.07	1.0	0.050980392156862744	0.050980392156862744
U	OP2_1	258.159	185.715	175.594	1.0	0.050980392156862744	0.050980392156862744
U	O5'_1	256.367	185.277	173.907	1.0	0.050980392156862744	0.050980392156862744
U	C5'_1	255.794	184.59	172.772	0.5647058823529412	0.5647058823529412	0.5647058823529412
U	C4'_1	254.303	184.424	172.957	0.5647058823529412	0.5647058823529412	0.5647058823529412
U	O4'_1	254.047	183.57	174.101	1.0	0.050980392156862744	0.050980392156862744
U	C3'_1	253.532	185.699	173.267	0.5647058823529412	0.5647058823529412	0.5647058823529412
U	O3'_1	253.247	186.401	172.058	1.0	0.050980392156862744	0.050980392156862744
U	C2'_1	252.267	185.162	173.935	0.5647058823529412	0.5647058823529412	0.5647058823529412
U	O2'_1	251.325	184.69	172.993	1.0	0.050980392156862744	0.050980392156862744
U	C1'_1	252.815	183.95	174.703	0.5647058823529412	0.5647058823529412	0.5647058823529412
U	N1_1	253.01	184.114	176.156	0.18823529411764706	0.3137254901960784	0.9725490196078431
U	C2_1	251.891	183.998	176.982	0.5647058823529412	0.5647058823529412	0.5647058823529412
U	O2_1	250.761	183.801	176.554	1.0	0.050980392156862744	0.050980392156862744
U	N3_1	252.151	184.118	178.326	0.18823529411764706	0.3137254901960784	0.9725490196078431
U	C4_1	253.381	184.336	178.925	0.5647058823529412	0.5647058823529412	0.5647058823529412
U	O4_1	253.453	184.392	180.156	1.0	0.050980392156862744	0.050980392156862744
U	C5_1	254.48	184.462	178.012	0.5647058823529412	0.5647058823529412	0.5647058823529412
U	C6_1	254.264	184.353	176.693	0.5647058823529412	0.5647058823529412	0.5647058823529412
U	P_2	243.546	183.197	182.888	1.0	0.5019607843137255	0.0
U	OP1_2	242.385	182.39	183.373	1.0	0.050980392156862744	0.050980392156862744
U	OP2_2	244.916	182.879	183.384	1.0	0.050980392156862744	0.050980392156862744
U	O5'_2	243.563	183.126	181.292	1.0	0.050980392156862744	0.050980392156862744
U	C5'_2	242.447	183.607	180.506	0.5647058823529412	0.5647058823529412	0.5647058823529412
U	C4'_2	242.864	183.777	179.061	0.5647058823529412	0.5647058823529412	0.5647058823529412
U	O4'_2	243.939	184.746	178.989	1.0	0.050980392156862744	0.050980392156862744
U	C3'_2	243.406	182.522	178.39	0.5647058823529412	0.5647058823529412	0.5647058823529412
U	O3'_2	242.315	181.799	177.815	1.0	0.050980392156862744	0.050980392156862744
U	C2'_2	244.349	183.076	177.325	0.5647058823529412	0.5647058823529412	0.5647058823529412
U	O2'_2	243.687	183.432	176.13	1.0	0.050980392156862744	0.050980392156862744
U	C1'_2	244.875	184.347	178.005	0.5647058823529412	0.5647058823529412	0.5647058823529412
U	N1_2	246.202	184.262	178.636	0.18823529411764706	0.3137254901960784	0.9725490196078431
U	C2_2	247.321	184.387	177.819	0.5647058823529412	0.5647058823529412	0.5647058823529412
U	O2_2	247.253	184.519	176.602	1.0	0.050980392156862744	0.050980392156862744
U	N3_2	248.523	184.35	178.483	0.18823529411764706	0.3137254901960784	0.9725490196078431
U	C4_2	248.721	184.197	179.849	0.5647058823529412	0.5647058823529412	0.5647058823529412
U	O4_2	249.869	184.186	180.295	1.0	0.050980392156862744	0.050980392156862744
U	C5_2	247.523	184.056	180.619	0.5647058823529412	0.5647058823529412	0.5647058823529412
U	C6_2	246.336	184.089	180.004	0.5647058823529412	0.5647058823529412	0.5647058823529412
