U	P_1	173.585	208.244	128.94	1.0	0.5019607843137255	0.0
U	OP1_1	174.157	209.614	129.058	1.0	0.050980392156862744	0.050980392156862744
U	OP2_1	173.686	207.304	130.09	1.0	0.050980392156862744	0.050980392156862744
U	O5'_1	172.048	208.376	128.536	1.0	0.050980392156862744	0.050980392156862744
U	C5'_1	171.058	208.689	129.522	0.5647058823529412	0.5647058823529412	0.5647058823529412
U	C4'_1	169.781	209.14	128.862	0.5647058823529412	0.5647058823529412	0.5647058823529412
U	O4'_1	169.24	208.076	128.032	1.0	0.050980392156862744	0.050980392156862744
U	C3'_1	168.67	209.453	129.847	0.5647058823529412	0.5647058823529412	0.5647058823529412
U	O3'_1	168.838	210.775	130.361	1.0	0.050980392156862744	0.050980392156862744
U	C2'_1	167.412	209.265	129.001	0.5647058823529412	0.5647058823529412	0.5647058823529412
U	O2'_1	167.12	210.376	128.173	1.0	0.050980392156862744	0.050980392156862744
U	C1'_1	167.818	208.077	128.116	0.5647058823529412	0.5647058823529412	0.5647058823529412
U	N1_1	167.371	206.752	128.588	0.18823529411764706	0.3137254901960784	0.9725490196078431
U	C2_1	166.037	206.396	128.389	0.5647058823529412	0.5647058823529412	0.5647058823529412
U	O2_1	165.22	207.134	127.858	1.0	0.050980392156862744	0.050980392156862744
U	N3_1	165.702	205.141	128.84	0.18823529411764706	0.3137254901960784	0.9725490196078431
U	C4_1	166.536	204.223	129.456	0.5647058823529412	0.5647058823529412	0.5647058823529412
U	O4_1	166.076	203.137	129.824	1.0	0.050980392156862744	0.050980392156862744
U	C5_1	167.885	204.66	129.626	0.5647058823529412	0.5647058823529412	0.5647058823529412
U	C6_1	168.25	205.877	129.202	0.5647058823529412	0.5647058823529412	0.5647058823529412
U	P_2	161.79	203.929	128.198	1.0	0.5019607843137255	0.0
U	OP1_2	160.939	202.715	128.069	1.0	0.050980392156862744	0.050980392156862744
U	OP2_2	163.272	203.792	128.192	1.0	0.050980392156862744	0.050980392156862744
U	O5'_2	161.368	204.948	127.045	1.0	0.050980392156862744	0.050980392156862744
U	C5'_2	161.95	204.866	125.724	0.5647058823529412	0.5647058823529412	0.5647058823529412
U	C4'_2	161.264	205.837	124.789	0.5647058823529412	0.5647058823529412	0.5647058823529412
U	O4'_2	161.278	207.164	125.384	1.0	0.050980392156862744	0.050980392156862744
U	C3'_2	161.931	206.04	123.436	0.5647058823529412	0.5647058823529412	0.5647058823529412
U	O3'_2	161.618	205.013	122.496	1.0	0.050980392156862744	0.050980392156862744
U	C2'_2	161.394	207.404	123.02	0.5647058823529412	0.5647058823529412	0.5647058823529412
U	O2'_2	160.075	207.361	122.507	1.0	0.050980392156862744	0.050980392156862744
U	C1'_2	161.406	208.144	124.361	0.5647058823529412	0.5647058823529412	0.5647058823529412
U	N1_2	162.647	208.908	124.584	0.18823529411764706	0.3137254901960784	0.9725490196078431
U	C2_2	162.693	210.218	124.113	0.5647058823529412	0.5647058823529412	0.5647058823529412
U	O2_2	161.751	210.758	123.543	1.0	0.050980392156862744	0.050980392156862744
U	N3_2	163.883	210.869	124.337	0.18823529411764706	0.3137254901960784	0.9725490196078431
U	C4_2	165.007	210.367	124.97	0.5647058823529412	0.5647058823529412	0.5647058823529412
U	O4_2	166.009	211.077	125.077	1.0	0.050980392156862744	0.050980392156862744
U	C5_2	164.881	209.019	125.432	0.5647058823529412	0.5647058823529412	0.5647058823529412
U	C6_2	163.737	208.351	125.232	0.5647058823529412	0.5647058823529412	0.5647058823529412
