U	P_1	185.509	148.308	238.13	1.0	0.5019607843137255	0.0
U	OP1_1	184.159	148.946	238.132	1.0	0.050980392156862744	0.050980392156862744
U	OP2_1	186.588	148.873	237.281	1.0	0.050980392156862744	0.050980392156862744
U	O5'_1	186.051	148.242	239.629	1.0	0.050980392156862744	0.050980392156862744
U	C5'_1	185.177	147.908	240.728	0.5647058823529412	0.5647058823529412	0.5647058823529412
U	C4'_1	185.895	148.103	242.044	0.5647058823529412	0.5647058823529412	0.5647058823529412
U	O4'_1	186.951	147.114	242.177	1.0	0.050980392156862744	0.050980392156862744
U	C3'_1	186.617	149.431	242.212	0.5647058823529412	0.5647058823529412	0.5647058823529412
U	O3'_1	185.733	150.481	242.591	1.0	0.050980392156862744	0.050980392156862744
U	C2'_1	187.648	149.108	243.288	0.5647058823529412	0.5647058823529412	0.5647058823529412
U	O2'_1	187.111	149.103	244.596	1.0	0.050980392156862744	0.050980392156862744
U	C1'_1	188.04	147.678	242.901	0.5647058823529412	0.5647058823529412	0.5647058823529412
U	N1_1	189.258	147.597	242.076	0.18823529411764706	0.3137254901960784	0.9725490196078431
U	C2_1	190.477	147.447	242.734	0.5647058823529412	0.5647058823529412	0.5647058823529412
U	O2_1	190.574	147.371	243.952	1.0	0.050980392156862744	0.050980392156862744
U	N3_1	191.574	147.386	241.906	0.18823529411764706	0.3137254901960784	0.9725490196078431
U	C4_1	191.58	147.451	240.521	0.5647058823529412	0.5647058823529412	0.5647058823529412
U	O4_1	192.65	147.363	239.917	1.0	0.050980392156862744	0.050980392156862744
U	C5_1	190.291	147.603	239.919	0.5647058823529412	0.5647058823529412	0.5647058823529412
U	C6_1	189.199	147.67	240.696	0.5647058823529412	0.5647058823529412	0.5647058823529412
U	P_2	201.977	147.883	243.229	1.0	0.5019607843137255	0.0
U	OP1_2	203.079	147.467	244.146	1.0	0.050980392156862744	0.050980392156862744
U	OP2_2	201.896	147.299	241.864	1.0	0.050980392156862744	0.050980392156862744
U	O5'_2	200.589	147.617	243.961	1.0	0.050980392156862744	0.050980392156862744
U	C5'_2	200.425	147.881	245.366	0.5647058823529412	0.5647058823529412	0.5647058823529412
U	C4'_2	199.022	147.532	245.794	0.5647058823529412	0.5647058823529412	0.5647058823529412
U	O4'_2	198.084	148.415	245.122	1.0	0.050980392156862744	0.050980392156862744
U	C3'_2	198.553	146.137	245.413	0.5647058823529412	0.5647058823529412	0.5647058823529412
U	O3'_2	199.021	145.149	246.324	1.0	0.050980392156862744	0.050980392156862744
U	C2'_2	197.038	146.298	245.414	0.5647058823529412	0.5647058823529412	0.5647058823529412
U	O2'_2	196.472	146.278	246.71	1.0	0.050980392156862744	0.050980392156862744
U	C1'_2	196.892	147.704	244.824	0.5647058823529412	0.5647058823529412	0.5647058823529412
U	N1_2	196.697	147.703	243.365	0.18823529411764706	0.3137254901960784	0.9725490196078431
U	C2_2	195.404	147.871	242.883	0.5647058823529412	0.5647058823529412	0.5647058823529412
U	O2_2	194.437	148.049	243.61	1.0	0.050980392156862744	0.050980392156862744
U	N3_2	195.292	147.824	241.515	0.18823529411764706	0.3137254901960784	0.9725490196078431
U	C4_2	196.313	147.638	240.599	0.5647058823529412	0.5647058823529412	0.5647058823529412
U	O4_2	196.043	147.579	239.402	1.0	0.050980392156862744	0.050980392156862744
U	C5_2	197.614	147.491	241.171	0.5647058823529412	0.5647058823529412	0.5647058823529412
U	C6_2	197.76	147.527	242.499	0.5647058823529412	0.5647058823529412	0.5647058823529412
