U	P_1	118.631	211.185	243.085	1.0	0.5019607843137255	0.0
U	OP1_1	118.623	209.902	243.842	1.0	0.050980392156862744	0.050980392156862744
U	OP2_1	119.72	211.451	242.105	1.0	0.050980392156862744	0.050980392156862744
U	O5'_1	117.234	211.321	242.331	1.0	0.050980392156862744	0.050980392156862744
U	C5'_1	115.992	211.174	243.046	0.5647058823529412	0.5647058823529412	0.5647058823529412
U	C4'_1	114.837	211.644	242.193	0.5647058823529412	0.5647058823529412	0.5647058823529412
U	O4'_1	114.961	213.072	241.958	1.0	0.050980392156862744	0.050980392156862744
U	C3'_1	114.762	211.042	240.798	0.5647058823529412	0.5647058823529412	0.5647058823529412
U	O3'_1	114.142	209.755	240.811	1.0	0.050980392156862744	0.050980392156862744
U	C2'_1	113.953	212.087	240.042	0.5647058823529412	0.5647058823529412	0.5647058823529412
U	O2'_1	112.567	212.002	240.306	1.0	0.050980392156862744	0.050980392156862744
U	C1'_1	114.502	213.382	240.649	0.5647058823529412	0.5647058823529412	0.5647058823529412
U	N1_1	115.619	213.964	239.886	0.18823529411764706	0.3137254901960784	0.9725490196078431
U	C2_1	115.31	214.8	238.82	0.5647058823529412	0.5647058823529412	0.5647058823529412
U	O2_1	114.162	215.078	238.499	1.0	0.050980392156862744	0.050980392156862744
U	N3_1	116.398	215.301	238.148	0.18823529411764706	0.3137254901960784	0.9725490196078431
U	C4_1	117.738	215.062	238.425	0.5647058823529412	0.5647058823529412	0.5647058823529412
U	O4_1	118.605	215.565	237.707	1.0	0.050980392156862744	0.050980392156862744
U	C5_1	117.974	214.196	239.54	0.5647058823529412	0.5647058823529412	0.5647058823529412
U	C6_1	116.934	213.688	240.215	0.5647058823529412	0.5647058823529412	0.5647058823529412
U	P_2	112.336	219.26	229.684	1.0	0.5019607843137255	0.0
U	OP1_2	112.888	218.405	228.592	1.0	0.050980392156862744	0.050980392156862744
U	OP2_2	111.511	220.456	229.341	1.0	0.050980392156862744	0.050980392156862744
U	O5'_2	111.498	218.33	230.675	1.0	0.050980392156862744	0.050980392156862744
U	C5'_2	110.222	217.785	230.279	0.5647058823529412	0.5647058823529412	0.5647058823529412
U	C4'_2	109.495	217.208	231.473	0.5647058823529412	0.5647058823529412	0.5647058823529412
U	O4'_2	110.224	216.059	231.982	1.0	0.050980392156862744	0.050980392156862744
U	C3'_2	109.355	218.133	232.673	0.5647058823529412	0.5647058823529412	0.5647058823529412
U	O3'_2	108.266	219.043	232.524	1.0	0.050980392156862744	0.050980392156862744
U	C2'_2	109.154	217.142	233.813	0.5647058823529412	0.5647058823529412	0.5647058823529412
U	O2'_2	107.832	216.637	233.875	1.0	0.050980392156862744	0.050980392156862744
U	C1'_2	110.104	216.012	233.395	0.5647058823529412	0.5647058823529412	0.5647058823529412
U	N1_2	111.45	216.126	233.984	0.18823529411764706	0.3137254901960784	0.9725490196078431
U	C2_2	111.669	215.54	235.228	0.5647058823529412	0.5647058823529412	0.5647058823529412
U	O2_2	110.792	214.962	235.857	1.0	0.050980392156862744	0.050980392156862744
U	N3_2	112.951	215.66	235.706	0.18823529411764706	0.3137254901960784	0.9725490196078431
U	C4_2	114.012	216.294	235.089	0.5647058823529412	0.5647058823529412	0.5647058823529412
U	O4_2	115.118	216.286	235.636	1.0	0.050980392156862744	0.050980392156862744
U	C5_2	113.704	216.886	233.821	0.5647058823529412	0.5647058823529412	0.5647058823529412
U	C6_2	112.469	216.785	233.325	0.5647058823529412	0.5647058823529412	0.5647058823529412
