U	P_1	225.036	160.734	205.418	1.0	0.5019607843137255	0.0
U	OP1_1	224.81	161.325	204.066	1.0	0.050980392156862744	0.050980392156862744
U	OP2_1	223.879	160.507	206.324	1.0	0.050980392156862744	0.050980392156862744
U	O5'_1	225.796	159.342	205.241	1.0	0.050980392156862744	0.050980392156862744
U	C5'_1	227.027	159.256	204.497	0.5647058823529412	0.5647058823529412	0.5647058823529412
U	C4'_1	227.613	157.867	204.612	0.5647058823529412	0.5647058823529412	0.5647058823529412
U	O4'_1	227.986	157.611	205.993	1.0	0.050980392156862744	0.050980392156862744
U	C3'_1	226.684	156.716	204.248	0.5647058823529412	0.5647058823529412	0.5647058823529412
U	O3'_1	226.645	156.505	202.833	1.0	0.050980392156862744	0.050980392156862744
U	C2'_1	227.31	155.548	205.004	0.5647058823529412	0.5647058823529412	0.5647058823529412
U	O2'_1	228.432	154.985	204.353	1.0	0.050980392156862744	0.050980392156862744
U	C1'_1	227.772	156.238	206.293	0.5647058823529412	0.5647058823529412	0.5647058823529412
U	N1_1	226.795	156.137	207.392	0.18823529411764706	0.3137254901960784	0.9725490196078431
U	C2_1	226.765	154.956	208.131	0.5647058823529412	0.5647058823529412	0.5647058823529412
U	O2_1	227.52	154.017	207.919	1.0	0.050980392156862744	0.050980392156862744
U	N3_1	225.816	154.92	209.125	0.18823529411764706	0.3137254901960784	0.9725490196078431
U	C4_1	224.912	155.914	209.453	0.5647058823529412	0.5647058823529412	0.5647058823529412
U	O4_1	224.074	155.703	210.33	1.0	0.050980392156862744	0.050980392156862744
U	C5_1	225.013	157.102	208.659	0.5647058823529412	0.5647058823529412	0.5647058823529412
U	C6_1	225.927	157.173	207.681	0.5647058823529412	0.5647058823529412	0.5647058823529412
U	P_2	222.6	148.023	216.528	1.0	0.5019607843137255	0.0
U	OP1_2	223.283	146.831	217.115	1.0	0.050980392156862744	0.050980392156862744
U	OP2_2	222.528	149.287	217.309	1.0	0.050980392156862744	0.050980392156862744
U	O5'_2	223.29	148.343	215.124	1.0	0.050980392156862744	0.050980392156862744
U	C5'_2	223.519	147.306	214.142	0.5647058823529412	0.5647058823529412	0.5647058823529412
U	C4'_2	224.014	147.918	212.847	0.5647058823529412	0.5647058823529412	0.5647058823529412
U	O4'_2	223.034	148.879	212.38	1.0	0.050980392156862744	0.050980392156862744
U	C3'_2	225.325	148.694	212.939	0.5647058823529412	0.5647058823529412	0.5647058823529412
U	O3'_2	226.398	147.777	212.701	1.0	0.050980392156862744	0.050980392156862744
U	C2'_2	225.206	149.724	211.81	0.5647058823529412	0.5647058823529412	0.5647058823529412
U	O2'_2	225.611	149.223	210.551	1.0	0.050980392156862744	0.050980392156862744
U	C1'_2	223.691	149.967	211.756	0.5647058823529412	0.5647058823529412	0.5647058823529412
U	N1_2	223.149	151.222	212.303	0.18823529411764706	0.3137254901960784	0.9725490196078431
U	C2_2	223.339	152.387	211.572	0.5647058823529412	0.5647058823529412	0.5647058823529412
U	O2_2	223.983	152.424	210.531	1.0	0.050980392156862744	0.050980392156862744
U	N3_2	222.75	153.507	212.11	0.18823529411764706	0.3137254901960784	0.9725490196078431
U	C4_2	222.018	153.584	213.279	0.5647058823529412	0.5647058823529412	0.5647058823529412
U	O4_2	221.528	154.662	213.615	1.0	0.050980392156862744	0.050980392156862744
U	C5_2	221.886	152.349	213.987	0.5647058823529412	0.5647058823529412	0.5647058823529412
U	C6_2	222.444	151.24	213.493	0.5647058823529412	0.5647058823529412	0.5647058823529412
