A	P_1	120.971	198.534	220.029	1.0	0.5019607843137255	0.0
A	OP1_1	120.15	199.532	220.769	1.0	0.050980392156862744	0.050980392156862744
A	OP2_1	120.951	198.528	218.539	1.0	0.050980392156862744	0.050980392156862744
A	O5'_1	122.47	198.699	220.545	1.0	0.050980392156862744	0.050980392156862744
A	C5'_1	123.598	198.511	219.664	0.5647058823529412	0.5647058823529412	0.5647058823529412
A	C4'_1	124.844	198.198	220.469	0.5647058823529412	0.5647058823529412	0.5647058823529412
A	O4'_1	124.908	199.113	221.601	1.0	0.050980392156862744	0.050980392156862744
A	C3'_1	124.901	196.817	221.106	0.5647058823529412	0.5647058823529412	0.5647058823529412
A	O3'_1	125.396	195.843	220.183	1.0	0.050980392156862744	0.050980392156862744
A	C2'_1	125.846	197.037	222.283	0.5647058823529412	0.5647058823529412	0.5647058823529412
A	O2'_1	127.212	197.044	221.91	1.0	0.050980392156862744	0.050980392156862744
A	C1'_1	125.436	198.442	222.736	0.5647058823529412	0.5647058823529412	0.5647058823529412
A	N9_1	124.422	198.452	223.797	0.18823529411764706	0.3137254901960784	0.9725490196078431
A	C8_1	123.057	198.592	223.662	0.5647058823529412	0.5647058823529412	0.5647058823529412
A	N7_1	122.407	198.563	224.801	0.18823529411764706	0.3137254901960784	0.9725490196078431
A	C5_1	123.406	198.395	225.752	0.5647058823529412	0.5647058823529412	0.5647058823529412
A	C6_1	123.367	198.295	227.153	0.5647058823529412	0.5647058823529412	0.5647058823529412
A	N6_1	122.239	198.355	227.868	0.18823529411764706	0.3137254901960784	0.9725490196078431
A	N1_1	124.542	198.129	227.805	0.18823529411764706	0.3137254901960784	0.9725490196078431
A	C2_1	125.674	198.071	227.085	0.5647058823529412	0.5647058823529412	0.5647058823529412
A	N3_1	125.839	198.158	225.764	0.18823529411764706	0.3137254901960784	0.9725490196078431
A	C4_1	124.652	198.321	225.149	0.5647058823529412	0.5647058823529412	0.5647058823529412
C	P_2	136.14	199.452	225.549	1.0	0.5019607843137255	0.0
C	OP1_2	137.491	200.006	225.251	1.0	0.050980392156862744	0.050980392156862744
C	OP2_2	135.186	200.248	226.367	1.0	0.050980392156862744	0.050980392156862744
C	O5'_2	135.438	199.101	224.163	1.0	0.050980392156862744	0.050980392156862744
C	C5'_2	136.062	198.198	223.224	0.5647058823529412	0.5647058823529412	0.5647058823529412
C	C4'_2	135.073	197.792	222.158	0.5647058823529412	0.5647058823529412	0.5647058823529412
C	O4'_2	134.015	196.995	222.749	1.0	0.050980392156862744	0.050980392156862744
C	C3'_2	134.341	198.944	221.488	0.5647058823529412	0.5647058823529412	0.5647058823529412
C	O3'_2	135.136	199.526	220.464	1.0	0.050980392156862744	0.050980392156862744
C	C2'_2	133.079	198.275	220.957	0.5647058823529412	0.5647058823529412	0.5647058823529412
C	O2'_2	133.286	197.593	219.737	1.0	0.050980392156862744	0.050980392156862744
C	C1'_2	132.795	197.252	222.064	0.5647058823529412	0.5647058823529412	0.5647058823529412
C	N1_2	131.766	197.661	223.044	0.18823529411764706	0.3137254901960784	0.9725490196078431
C	C2_2	130.418	197.335	222.789	0.5647058823529412	0.5647058823529412	0.5647058823529412
C	O2_2	130.127	196.721	221.743	1.0	0.050980392156862744	0.050980392156862744
C	N3_2	129.474	197.697	223.689	0.18823529411764706	0.3137254901960784	0.9725490196078431
C	C4_2	129.824	198.357	224.8	0.5647058823529412	0.5647058823529412	0.5647058823529412
C	N4_2	128.859	198.691	225.657	0.18823529411764706	0.3137254901960784	0.9725490196078431
C	C5_2	131.181	198.704	225.08	0.5647058823529412	0.5647058823529412	0.5647058823529412
C	C6_2	132.108	198.34	224.185	0.5647058823529412	0.5647058823529412	0.5647058823529412
