A	P_1	202.42	337.462	170.687	1.0	0.5019607843137255	0.0
A	OP1_1	202.298	338.561	169.686	1.0	0.050980392156862744	0.050980392156862744
A	OP2_1	202.639	336.065	170.221	1.0	0.050980392156862744	0.050980392156862744
A	O5'_1	203.575	337.842	171.72	1.0	0.050980392156862744	0.050980392156862744
A	C5'_1	203.594	339.136	172.355	0.5647058823529412	0.5647058823529412	0.5647058823529412
A	C4'_1	204.564	339.152	173.518	0.5647058823529412	0.5647058823529412	0.5647058823529412
A	O4'_1	204.083	338.298	174.592	1.0	0.050980392156862744	0.050980392156862744
A	C3'_1	205.972	338.63	173.275	0.5647058823529412	0.5647058823529412	0.5647058823529412
A	O3'_1	206.79	339.564	172.571	1.0	0.050980392156862744	0.050980392156862744
A	C2'_1	206.459	338.41	174.704	0.5647058823529412	0.5647058823529412	0.5647058823529412
A	O2'_1	206.862	339.607	175.343	1.0	0.050980392156862744	0.050980392156862744
A	C1'_1	205.189	337.877	175.38	0.5647058823529412	0.5647058823529412	0.5647058823529412
A	N9_1	205.181	336.418	175.482	0.18823529411764706	0.3137254901960784	0.9725490196078431
A	C8_1	204.819	335.487	174.535	0.5647058823529412	0.5647058823529412	0.5647058823529412
A	N7_1	204.978	334.244	174.928	0.18823529411764706	0.3137254901960784	0.9725490196078431
A	C5_1	205.467	334.363	176.224	0.5647058823529412	0.5647058823529412	0.5647058823529412
A	C6_1	205.848	333.404	177.188	0.5647058823529412	0.5647058823529412	0.5647058823529412
A	N6_1	205.8	332.085	176.981	0.18823529411764706	0.3137254901960784	0.9725490196078431
A	N1_1	206.289	333.857	178.386	0.18823529411764706	0.3137254901960784	0.9725490196078431
A	C2_1	206.345	335.182	178.589	0.5647058823529412	0.5647058823529412	0.5647058823529412
A	N3_1	206.018	336.178	177.763	0.18823529411764706	0.3137254901960784	0.9725490196078431
A	C4_1	205.581	335.696	176.583	0.5647058823529412	0.5647058823529412	0.5647058823529412
C	P_2	211.076	323.953	179.407	1.0	0.5019607843137255	0.0
C	OP1_2	211.554	323.553	180.761	1.0	0.050980392156862744	0.050980392156862744
C	OP2_2	209.989	323.178	178.752	1.0	0.050980392156862744	0.050980392156862744
C	O5'_2	210.626	325.482	179.46	1.0	0.050980392156862744	0.050980392156862744
C	C5'_2	211.494	326.509	179.987	0.5647058823529412	0.5647058823529412	0.5647058823529412
C	C4'_2	210.886	327.872	179.739	0.5647058823529412	0.5647058823529412	0.5647058823529412
C	O4'_2	210.728	328.056	178.305	1.0	0.050980392156862744	0.050980392156862744
C	C3'_2	209.484	328.065	180.303	0.5647058823529412	0.5647058823529412	0.5647058823529412
C	O3'_2	209.511	328.475	181.668	1.0	0.050980392156862744	0.050980392156862744
C	C2'_2	208.897	329.125	179.383	0.5647058823529412	0.5647058823529412	0.5647058823529412
C	O2'_2	209.332	330.431	179.698	1.0	0.050980392156862744	0.050980392156862744
C	C1'_2	209.492	328.708	178.035	0.5647058823529412	0.5647058823529412	0.5647058823529412
C	N1_2	208.635	327.781	177.264	0.18823529411764706	0.3137254901960784	0.9725490196078431
C	C2_2	207.441	328.259	176.69	0.5647058823529412	0.5647058823529412	0.5647058823529412
C	O2_2	207.125	329.45	176.851	1.0	0.050980392156862744	0.050980392156862744
C	N3_2	206.67	327.406	175.975	0.18823529411764706	0.3137254901960784	0.9725490196078431
C	C4_2	207.045	326.13	175.826	0.5647058823529412	0.5647058823529412	0.5647058823529412
C	N4_2	206.262	325.324	175.109	0.18823529411764706	0.3137254901960784	0.9725490196078431
C	C5_2	208.244	325.622	176.403	0.5647058823529412	0.5647058823529412	0.5647058823529412
C	C6_2	208.999	326.471	177.103	0.5647058823529412	0.5647058823529412	0.5647058823529412
