C	P_1	143.874	218.824	207.649	1.0	0.5019607843137255	0.0
C	OP1_1	143.745	219.983	206.71	1.0	0.050980392156862744	0.050980392156862744
C	OP2_1	144.272	217.485	207.118	1.0	0.050980392156862744	0.050980392156862744
C	O5'_1	144.899	219.241	208.8	1.0	0.050980392156862744	0.050980392156862744
C	C5'_1	144.716	220.462	209.545	0.5647058823529412	0.5647058823529412	0.5647058823529412
C	C4'_1	145.684	220.522	210.706	0.5647058823529412	0.5647058823529412	0.5647058823529412
C	O4'_1	145.525	219.327	211.518	1.0	0.050980392156862744	0.050980392156862744
C	C3'_1	147.168	220.544	210.354	0.5647058823529412	0.5647058823529412	0.5647058823529412
C	O3'_1	147.607	221.871	210.055	1.0	0.050980392156862744	0.050980392156862744
C	C2'_1	147.808	220.01	211.63	0.5647058823529412	0.5647058823529412	0.5647058823529412
C	O2'_1	147.91	220.985	212.65	1.0	0.050980392156862744	0.050980392156862744
C	C1'_1	146.786	218.95	212.056	0.5647058823529412	0.5647058823529412	0.5647058823529412
C	N1_1	147.12	217.588	211.584	0.18823529411764706	0.3137254901960784	0.9725490196078431
C	C2_1	147.81	216.723	212.456	0.5647058823529412	0.5647058823529412	0.5647058823529412
C	O2_1	148.122	217.133	213.595	1.0	0.050980392156862744	0.050980392156862744
C	N3_1	148.113	215.467	212.034	0.18823529411764706	0.3137254901960784	0.9725490196078431
C	C4_1	147.761	215.066	210.803	0.5647058823529412	0.5647058823529412	0.5647058823529412
C	N4_1	148.078	213.818	210.435	0.18823529411764706	0.3137254901960784	0.9725490196078431
C	C5_1	147.068	215.927	209.896	0.5647058823529412	0.5647058823529412	0.5647058823529412
C	C6_1	146.77	217.165	210.323	0.5647058823529412	0.5647058823529412	0.5647058823529412
A	P_2	155.217	212.175	219.901	1.0	0.5019607843137255	0.0
A	OP1_2	155.292	212.028	221.379	1.0	0.050980392156862744	0.050980392156862744
A	OP2_2	154.103	211.528	219.148	1.0	0.050980392156862744	0.050980392156862744
A	O5'_2	155.19	213.73	219.547	1.0	0.050980392156862744	0.050980392156862744
A	C5'_2	156.123	214.657	220.147	0.5647058823529412	0.5647058823529412	0.5647058823529412
A	C4'_2	155.667	216.075	219.897	0.5647058823529412	0.5647058823529412	0.5647058823529412
A	O4'_2	155.73	216.355	218.47	1.0	0.050980392156862744	0.050980392156862744
A	C3'_2	154.217	216.338	220.277	0.5647058823529412	0.5647058823529412	0.5647058823529412
A	O3'_2	154.083	216.64	221.661	1.0	0.050980392156862744	0.050980392156862744
A	C2'_2	153.843	217.499	219.364	0.5647058823529412	0.5647058823529412	0.5647058823529412
A	O2'_2	154.326	218.742	219.837	1.0	0.050980392156862744	0.050980392156862744
A	C1'_2	154.595	217.12	218.081	0.5647058823529412	0.5647058823529412	0.5647058823529412
A	N9_2	153.795	216.312	217.15	0.18823529411764706	0.3137254901960784	0.9725490196078431
A	C8_2	153.893	214.953	216.923	0.5647058823529412	0.5647058823529412	0.5647058823529412
A	N7_2	153.028	214.498	216.043	0.18823529411764706	0.3137254901960784	0.9725490196078431
A	C5_2	152.313	215.626	215.661	0.5647058823529412	0.5647058823529412	0.5647058823529412
A	C6_2	151.242	215.808	214.757	0.5647058823529412	0.5647058823529412	0.5647058823529412
A	N6_2	150.684	214.81	214.061	0.18823529411764706	0.3137254901960784	0.9725490196078431
A	N1_2	150.758	217.064	214.598	0.18823529411764706	0.3137254901960784	0.9725490196078431
A	C2_2	151.313	218.06	215.311	0.5647058823529412	0.5647058823529412	0.5647058823529412
A	N3_2	152.317	218.014	216.197	0.18823529411764706	0.3137254901960784	0.9725490196078431
A	C4_2	152.779	216.755	216.328	0.5647058823529412	0.5647058823529412	0.5647058823529412
