C	P_1	211.915	262.714	197.814	1.0	0.5019607843137255	0.0
C	OP1_1	210.902	262.358	198.849	1.0	0.050980392156862744	0.050980392156862744
C	OP2_1	213.029	261.77	197.528	1.0	0.050980392156862744	0.050980392156862744
C	O5'_1	211.152	263.002	196.443	1.0	0.050980392156862744	0.050980392156862744
C	C5'_1	209.908	263.736	196.417	0.5647058823529412	0.5647058823529412	0.5647058823529412
C	C4'_1	209.481	263.996	194.986	0.5647058823529412	0.5647058823529412	0.5647058823529412
C	O4'_1	210.525	264.753	194.319	1.0	0.050980392156862744	0.050980392156862744
C	C3'_1	209.266	262.769	194.105	0.5647058823529412	0.5647058823529412	0.5647058823529412
C	O3'_1	207.944	262.237	194.26	1.0	0.050980392156862744	0.050980392156862744
C	C2'_1	209.501	263.327	192.707	0.5647058823529412	0.5647058823529412	0.5647058823529412
C	O2'_1	208.38	264.021	192.196	1.0	0.050980392156862744	0.050980392156862744
C	C1'_1	210.629	264.332	192.968	0.5647058823529412	0.5647058823529412	0.5647058823529412
C	N1_1	211.992	263.801	192.741	0.18823529411764706	0.3137254901960784	0.9725490196078431
C	C2_1	212.457	263.669	191.423	0.5647058823529412	0.5647058823529412	0.5647058823529412
C	O2_1	211.713	264.004	190.481	1.0	0.050980392156862744	0.050980392156862744
C	N3_1	213.7	263.184	191.213	0.18823529411764706	0.3137254901960784	0.9725490196078431
C	C4_1	214.47	262.84	192.251	0.5647058823529412	0.5647058823529412	0.5647058823529412
C	N4_1	215.69	262.363	191.995	0.18823529411764706	0.3137254901960784	0.9725490196078431
C	C5_1	214.024	262.968	193.596	0.5647058823529412	0.5647058823529412	0.5647058823529412
C	C6_1	212.793	263.446	193.793	0.5647058823529412	0.5647058823529412	0.5647058823529412
A	P_2	217.377	263.115	185.806	1.0	0.5019607843137255	0.0
A	OP1_2	218.731	263.541	185.334	1.0	0.050980392156862744	0.050980392156862744
A	OP2_2	216.897	263.562	187.152	1.0	0.050980392156862744	0.050980392156862744
A	O5'_2	216.333	263.601	184.698	1.0	0.050980392156862744	0.050980392156862744
A	C5'_2	216.302	262.968	183.391	0.5647058823529412	0.5647058823529412	0.5647058823529412
A	C4'_2	214.932	263.093	182.755	0.5647058823529412	0.5647058823529412	0.5647058823529412
A	O4'_2	213.927	262.462	183.593	1.0	0.050980392156862744	0.050980392156862744
A	C3'_2	214.396	264.498	182.54	0.5647058823529412	0.5647058823529412	0.5647058823529412
A	O3'_2	214.949	265.067	181.356	1.0	0.050980392156862744	0.050980392156862744
A	C2'_2	212.897	264.249	182.4	0.5647058823529412	0.5647058823529412	0.5647058823529412
A	O2'_2	212.529	263.776	181.121	1.0	0.050980392156862744	0.050980392156862744
A	C1'_2	212.68	263.119	183.41	0.5647058823529412	0.5647058823529412	0.5647058823529412
A	N9_2	212.184	263.564	184.713	0.18823529411764706	0.3137254901960784	0.9725490196078431
A	C8_2	212.898	263.749	185.875	0.5647058823529412	0.5647058823529412	0.5647058823529412
A	N7_2	212.162	264.135	186.893	0.18823529411764706	0.3137254901960784	0.9725490196078431
A	C5_2	210.88	264.214	186.367	0.5647058823529412	0.5647058823529412	0.5647058823529412
A	C6_2	209.642	264.563	186.941	0.5647058823529412	0.5647058823529412	0.5647058823529412
A	N6_2	209.491	264.908	188.226	0.18823529411764706	0.3137254901960784	0.9725490196078431
A	N1_2	208.552	264.543	186.142	0.18823529411764706	0.3137254901960784	0.9725490196078431
A	C2_2	208.706	264.197	184.856	0.5647058823529412	0.5647058823529412	0.5647058823529412
A	N3_2	209.815	263.845	184.202	0.18823529411764706	0.3137254901960784	0.9725490196078431
A	C4_2	210.879	263.872	185.024	0.5647058823529412	0.5647058823529412	0.5647058823529412
