A	P_1	128.009	190.013	223.508	1.0	0.5019607843137255	0.0
A	OP1_1	129.046	189.031	223.076	1.0	0.050980392156862744	0.050980392156862744
A	OP2_1	126.665	189.986	222.871	1.0	0.050980392156862744	0.050980392156862744
A	O5'_1	127.813	189.86	225.086	1.0	0.050980392156862744	0.050980392156862744
A	C5'_1	128.944	189.877	225.992	0.5647058823529412	0.5647058823529412	0.5647058823529412
A	C4'_1	128.468	189.936	227.43	0.5647058823529412	0.5647058823529412	0.5647058823529412
A	O4'_1	127.701	191.152	227.636	1.0	0.050980392156862744	0.050980392156862744
A	C3'_1	127.534	188.819	227.873	0.5647058823529412	0.5647058823529412	0.5647058823529412
A	O3'_1	128.268	187.664	228.278	1.0	0.050980392156862744	0.050980392156862744
A	C2'_1	126.782	189.452	229.041	0.5647058823529412	0.5647058823529412	0.5647058823529412
A	O2'_1	127.486	189.41	230.264	1.0	0.050980392156862744	0.050980392156862744
A	C1'_1	126.67	190.909	228.581	0.5647058823529412	0.5647058823529412	0.5647058823529412
A	N9_1	125.381	191.239	227.975	0.18823529411764706	0.3137254901960784	0.9725490196078431
A	C8_1	125.102	191.577	226.67	0.5647058823529412	0.5647058823529412	0.5647058823529412
A	N7_1	123.833	191.83	226.448	0.18823529411764706	0.3137254901960784	0.9725490196078431
A	C5_1	123.234	191.647	227.688	0.5647058823529412	0.5647058823529412	0.5647058823529412
A	C6_1	121.896	191.758	228.121	0.5647058823529412	0.5647058823529412	0.5647058823529412
A	N6_1	120.883	192.1	227.317	0.18823529411764706	0.3137254901960784	0.9725490196078431
A	N1_1	121.632	191.5	229.424	0.18823529411764706	0.3137254901960784	0.9725490196078431
A	C2_1	122.652	191.153	230.231	0.5647058823529412	0.5647058823529412	0.5647058823529412
A	N3_1	123.949	191.013	229.941	0.18823529411764706	0.3137254901960784	0.9725490196078431
A	C4_1	124.176	191.278	228.638	0.5647058823529412	0.5647058823529412	0.5647058823529412
C	P_2	119.472	190.444	235.988	1.0	0.5019607843137255	0.0
C	OP1_2	118.346	189.509	236.278	1.0	0.050980392156862744	0.050980392156862744
C	OP2_2	119.196	191.896	235.813	1.0	0.050980392156862744	0.050980392156862744
C	O5'_2	120.582	190.291	237.119	1.0	0.050980392156862744	0.050980392156862744
C	C5'_2	120.582	189.169	238.02	0.5647058823529412	0.5647058823529412	0.5647058823529412
C	C4'_2	121.981	188.896	238.508	0.5647058823529412	0.5647058823529412	0.5647058823529412
C	O4'_2	122.759	188.248	237.467	1.0	0.050980392156862744	0.050980392156862744
C	C3'_2	122.793	190.131	238.855	0.5647058823529412	0.5647058823529412	0.5647058823529412
C	O3'_2	122.448	190.656	240.133	1.0	0.050980392156862744	0.050980392156862744
C	C2'_2	124.221	189.609	238.774	0.5647058823529412	0.5647058823529412	0.5647058823529412
C	O2'_2	124.603	188.885	239.927	1.0	0.050980392156862744	0.050980392156862744
C	C1'_2	124.118	188.65	237.581	0.5647058823529412	0.5647058823529412	0.5647058823529412
C	N1_2	124.556	189.218	236.29	0.18823529411764706	0.3137254901960784	0.9725490196078431
C	C2_2	125.752	188.748	235.714	0.5647058823529412	0.5647058823529412	0.5647058823529412
C	O2_2	126.412	187.874	236.307	1.0	0.050980392156862744	0.050980392156862744
C	N3_2	126.156	189.261	234.526	0.18823529411764706	0.3137254901960784	0.9725490196078431
C	C4_2	125.422	190.198	233.917	0.5647058823529412	0.5647058823529412	0.5647058823529412
C	N4_2	125.856	190.665	232.745	0.18823529411764706	0.3137254901960784	0.9725490196078431
C	C5_2	124.208	190.693	234.481	0.5647058823529412	0.5647058823529412	0.5647058823529412
C	C6_2	123.817	190.181	235.657	0.5647058823529412	0.5647058823529412	0.5647058823529412
