A	P_1	291.157	166.937	199.951	1.0	0.5019607843137255	0.0
A	OP1_1	291.339	167.097	201.42	1.0	0.050980392156862744	0.050980392156862744
A	OP2_1	289.78	166.87	199.384	1.0	0.050980392156862744	0.050980392156862744
A	O5'_1	291.952	168.111	199.221	1.0	0.050980392156862744	0.050980392156862744
A	C5'_1	291.841	169.479	199.664	0.5647058823529412	0.5647058823529412	0.5647058823529412
A	C4'_1	292.554	170.403	198.696	0.5647058823529412	0.5647058823529412	0.5647058823529412
A	O4'_1	291.952	170.258	197.375	1.0	0.050980392156862744	0.050980392156862744
A	C3'_1	292.483	171.902	199.027	0.5647058823529412	0.5647058823529412	0.5647058823529412
A	O3'_1	293.645	172.574	198.522	1.0	0.050980392156862744	0.050980392156862744
A	C2'_1	291.322	172.358	198.148	0.5647058823529412	0.5647058823529412	0.5647058823529412
A	O2'_1	291.348	173.745	197.868	1.0	0.050980392156862744	0.050980392156862744
A	C1'_1	291.618	171.539	196.894	0.5647058823529412	0.5647058823529412	0.5647058823529412
A	N9_1	290.597	171.439	195.85	0.18823529411764706	0.3137254901960784	0.9725490196078431
A	C8_1	289.254	171.138	195.942	0.5647058823529412	0.5647058823529412	0.5647058823529412
A	N7_1	288.625	171.171	194.786	0.18823529411764706	0.3137254901960784	0.9725490196078431
A	C5_1	289.62	171.507	193.872	0.5647058823529412	0.5647058823529412	0.5647058823529412
A	C6_1	289.604	171.704	192.469	0.5647058823529412	0.5647058823529412	0.5647058823529412
A	N6_1	288.502	171.592	191.718	0.18823529411764706	0.3137254901960784	0.9725490196078431
A	N1_1	290.776	172.027	191.863	0.18823529411764706	0.3137254901960784	0.9725490196078431
A	C2_1	291.879	172.149	192.62	0.5647058823529412	0.5647058823529412	0.5647058823529412
A	N3_1	292.02	171.992	193.938	0.18823529411764706	0.3137254901960784	0.9725490196078431
A	C4_1	290.841	171.668	194.512	0.5647058823529412	0.5647058823529412	0.5647058823529412
C	P_2	280.482	167.164	194.745	1.0	0.5019607843137255	0.0
C	OP1_2	281.369	166.582	195.792	1.0	0.050980392156862744	0.050980392156862744
C	OP2_2	280.149	168.618	194.786	1.0	0.050980392156862744	0.050980392156862744
C	O5'_2	281.132	166.854	193.326	1.0	0.050980392156862744	0.050980392156862744
C	C5'_2	280.524	167.325	192.104	0.5647058823529412	0.5647058823529412	0.5647058823529412
C	C4'_2	281.583	167.902	191.196	0.5647058823529412	0.5647058823529412	0.5647058823529412
C	O4'_2	282.066	169.146	191.766	1.0	0.050980392156862744	0.050980392156862744
C	C3'_2	282.823	167.028	191.044	0.5647058823529412	0.5647058823529412	0.5647058823529412
C	O3'_2	282.637	166.041	190.02	1.0	0.050980392156862744	0.050980392156862744
C	C2'_2	283.914	168.046	190.724	0.5647058823529412	0.5647058823529412	0.5647058823529412
C	O2'_2	283.941	168.427	189.363	1.0	0.050980392156862744	0.050980392156862744
C	C1'_2	283.467	169.245	191.571	0.5647058823529412	0.5647058823529412	0.5647058823529412
C	N1_2	284.12	169.372	192.891	0.18823529411764706	0.3137254901960784	0.9725490196078431
C	C2_2	285.328	170.087	192.98	0.5647058823529412	0.5647058823529412	0.5647058823529412
C	O2_2	285.823	170.57	191.947	1.0	0.050980392156862744	0.050980392156862744
C	N3_2	285.923	170.232	194.187	0.18823529411764706	0.3137254901960784	0.9725490196078431
C	C4_2	285.365	169.694	195.276	0.5647058823529412	0.5647058823529412	0.5647058823529412
C	N4_2	285.985	169.872	196.446	0.18823529411764706	0.3137254901960784	0.9725490196078431
C	C5_2	284.145	168.952	195.215	0.5647058823529412	0.5647058823529412	0.5647058823529412
C	C6_2	283.563	168.817	194.014	0.5647058823529412	0.5647058823529412	0.5647058823529412
