C	P_1	159.234	282.235	198.868	1.0	0.5019607843137255	0.0
C	OP1_1	158.237	281.397	198.142	1.0	0.050980392156862744	0.050980392156862744
C	OP2_1	158.949	283.675	199.106	1.0	0.050980392156862744	0.050980392156862744
C	O5'_1	159.548	281.56	200.279	1.0	0.050980392156862744	0.050980392156862744
C	C5'_1	159.28	280.163	200.514	0.5647058823529412	0.5647058823529412	0.5647058823529412
C	C4'_1	159.016	279.916	201.984	0.5647058823529412	0.5647058823529412	0.5647058823529412
C	O4'_1	160.22	280.186	202.749	1.0	0.050980392156862744	0.050980392156862744
C	C3'_1	157.952	280.794	202.627	0.5647058823529412	0.5647058823529412	0.5647058823529412
C	O3'_1	156.644	280.28	202.385	1.0	0.050980392156862744	0.050980392156862744
C	C2'_1	158.335	280.747	204.102	0.5647058823529412	0.5647058823529412	0.5647058823529412
C	O2'_1	157.893	279.575	204.757	1.0	0.050980392156862744	0.050980392156862744
C	C1'_1	159.865	280.724	204.015	0.5647058823529412	0.5647058823529412	0.5647058823529412
C	N1_1	160.504	282.047	204.164	0.18823529411764706	0.3137254901960784	0.9725490196078431
C	C2_1	160.842	282.498	205.455	0.5647058823529412	0.5647058823529412	0.5647058823529412
C	O2_1	160.575	281.781	206.44	1.0	0.050980392156862744	0.050980392156862744
C	N3_1	161.449	283.701	205.593	0.18823529411764706	0.3137254901960784	0.9725490196078431
C	C4_1	161.716	284.445	204.512	0.5647058823529412	0.5647058823529412	0.5647058823529412
C	N4_1	162.323	285.617	204.695	0.18823529411764706	0.3137254901960784	0.9725490196078431
C	C5_1	161.373	284.017	203.196	0.5647058823529412	0.5647058823529412	0.5647058823529412
C	C6_1	160.775	282.825	203.069	0.5647058823529412	0.5647058823529412	0.5647058823529412
A	P_2	162.205	294.343	211.806	1.0	0.5019607843137255	0.0
A	OP1_2	162.471	295.049	213.089	1.0	0.050980392156862744	0.050980392156862744
A	OP2_2	163.331	294.077	210.869	1.0	0.050980392156862744	0.050980392156862744
A	O5'_2	161.513	292.95	212.157	1.0	0.050980392156862744	0.050980392156862744
A	C5'_2	160.271	292.893	212.892	0.5647058823529412	0.5647058823529412	0.5647058823529412
A	C4'_2	159.556	291.593	212.594	0.5647058823529412	0.5647058823529412	0.5647058823529412
A	O4'_2	159.316	291.508	211.162	1.0	0.050980392156862744	0.050980392156862744
A	C3'_2	160.33	290.322	212.924	0.5647058823529412	0.5647058823529412	0.5647058823529412
A	O3'_2	160.15	289.955	214.295	1.0	0.050980392156862744	0.050980392156862744
A	C2'_2	159.714	289.302	211.97	0.5647058823529412	0.5647058823529412	0.5647058823529412
A	O2'_2	158.479	288.788	212.428	1.0	0.050980392156862744	0.050980392156862744
A	C1'_2	159.458	290.162	210.728	0.5647058823529412	0.5647058823529412	0.5647058823529412
A	N9_2	160.52	290.108	209.717	0.18823529411764706	0.3137254901960784	0.9725490196078431
A	C8_2	161.458	291.072	209.416	0.5647058823529412	0.5647058823529412	0.5647058823529412
A	N7_2	162.277	290.731	208.451	0.18823529411764706	0.3137254901960784	0.9725490196078431
A	C5_2	161.854	289.458	208.09	0.5647058823529412	0.5647058823529412	0.5647058823529412
A	C6_2	162.317	288.549	207.122	0.5647058823529412	0.5647058823529412	0.5647058823529412
A	N6_2	163.355	288.795	206.312	0.18823529411764706	0.3137254901960784	0.9725490196078431
A	N1_2	161.674	287.363	207.014	0.18823529411764706	0.3137254901960784	0.9725490196078431
A	C2_2	160.637	287.12	207.829	0.5647058823529412	0.5647058823529412	0.5647058823529412
A	N3_2	160.11	287.893	208.779	0.18823529411764706	0.3137254901960784	0.9725490196078431
A	C4_2	160.773	289.061	208.86	0.5647058823529412	0.5647058823529412	0.5647058823529412
