A	P_1	235.65	276.262	189.599	1.0	0.5019607843137255	0.0
A	OP1_1	236.449	277.314	190.292	1.0	0.050980392156862744	0.050980392156862744
A	OP2_1	234.605	276.662	188.62	1.0	0.050980392156862744	0.050980392156862744
A	O5'_1	236.659	275.273	188.856	1.0	0.050980392156862744	0.050980392156862744
A	C5'_1	238.004	275.06	189.341	0.5647058823529412	0.5647058823529412	0.5647058823529412
A	C4'_1	238.661	273.937	188.569	0.5647058823529412	0.5647058823529412	0.5647058823529412
A	O4'_1	238.006	272.68	188.896	1.0	0.050980392156862744	0.050980392156862744
A	C3'_1	238.548	274.039	187.054	0.5647058823529412	0.5647058823529412	0.5647058823529412
A	O3'_1	239.549	274.889	186.499	1.0	0.050980392156862744	0.050980392156862744
A	C2'_1	238.695	272.586	186.614	0.5647058823529412	0.5647058823529412	0.5647058823529412
A	O2'_1	240.037	272.14	186.586	1.0	0.050980392156862744	0.050980392156862744
A	C1'_1	237.947	271.856	187.737	0.5647058823529412	0.5647058823529412	0.5647058823529412
A	N9_1	236.538	271.602	187.428	0.18823529411764706	0.3137254901960784	0.9725490196078431
A	C8_1	235.436	272.268	187.913	0.5647058823529412	0.5647058823529412	0.5647058823529412
A	N7_1	234.297	271.809	187.454	0.18823529411764706	0.3137254901960784	0.9725490196078431
A	C5_1	234.67	270.773	186.607	0.5647058823529412	0.5647058823529412	0.5647058823529412
A	C6_1	233.92	269.885	185.815	0.5647058823529412	0.5647058823529412	0.5647058823529412
A	N6_1	232.588	269.911	185.741	0.18823529411764706	0.3137254901960784	0.9725490196078431
A	N1_1	234.595	268.962	185.093	0.18823529411764706	0.3137254901960784	0.9725490196078431
A	C2_1	235.934	268.946	185.166	0.5647058823529412	0.5647058823529412	0.5647058823529412
A	N3_1	236.752	269.73	185.871	0.18823529411764706	0.3137254901960784	0.9725490196078431
A	C4_1	236.049	270.632	186.581	0.5647058823529412	0.5647058823529412	0.5647058823529412
C	P_2	224.949	269.229	180.631	1.0	0.5019607843137255	0.0
C	OP1_2	224.765	268.002	179.802	1.0	0.050980392156862744	0.050980392156862744
C	OP2_2	223.769	269.868	181.268	1.0	0.050980392156862744	0.050980392156862744
C	O5'_2	226.023	268.906	181.767	1.0	0.050980392156862744	0.050980392156862744
C	C5'_2	227.311	268.337	181.438	0.5647058823529412	0.5647058823529412	0.5647058823529412
C	C4'_2	228.209	268.323	182.655	0.5647058823529412	0.5647058823529412	0.5647058823529412
C	O4'_2	228.492	269.685	183.066	1.0	0.050980392156862744	0.050980392156862744
C	C3'_2	227.637	267.662	183.9	0.5647058823529412	0.5647058823529412	0.5647058823529412
C	O3'_2	227.811	266.246	183.844	1.0	0.050980392156862744	0.050980392156862744
C	C2'_2	228.454	268.307	185.013	0.5647058823529412	0.5647058823529412	0.5647058823529412
C	O2'_2	229.731	267.724	185.168	1.0	0.050980392156862744	0.050980392156862744
C	C1'_2	228.619	269.734	184.479	0.5647058823529412	0.5647058823529412	0.5647058823529412
C	N1_2	227.649	270.714	185.012	0.18823529411764706	0.3137254901960784	0.9725490196078431
C	C2_2	227.949	271.383	186.215	0.5647058823529412	0.5647058823529412	0.5647058823529412
C	O2_2	229.021	271.137	186.797	1.0	0.050980392156862744	0.050980392156862744
C	N3_2	227.065	272.28	186.705	0.18823529411764706	0.3137254901960784	0.9725490196078431
C	C4_2	225.925	272.525	186.049	0.5647058823529412	0.5647058823529412	0.5647058823529412
C	N4_2	225.084	273.419	186.571	0.18823529411764706	0.3137254901960784	0.9725490196078431
C	C5_2	225.597	271.863	184.829	0.5647058823529412	0.5647058823529412	0.5647058823529412
C	C6_2	226.477	270.974	184.353	0.5647058823529412	0.5647058823529412	0.5647058823529412
