A	P_1	225.742	123.102	228.719	1.0	0.5019607843137255	0.0
A	OP1_1	225.531	123.387	227.275	1.0	0.050980392156862744	0.050980392156862744
A	OP2_1	224.602	123.237	229.669	1.0	0.050980392156862744	0.050980392156862744
A	O5'_1	226.306	121.617	228.849	1.0	0.050980392156862744	0.050980392156862744
A	C5'_1	227.479	121.205	228.122	0.5647058823529412	0.5647058823529412	0.5647058823529412
A	C4'_1	228.014	119.906	228.679	0.5647058823529412	0.5647058823529412	0.5647058823529412
A	O4'_1	228.342	120.091	230.082	1.0	0.050980392156862744	0.050980392156862744
A	C3'_1	227.056	118.723	228.659	0.5647058823529412	0.5647058823529412	0.5647058823529412
A	O3'_1	227.111	118.056	227.389	1.0	0.050980392156862744	0.050980392156862744
A	C2'_1	227.601	117.847	229.785	0.5647058823529412	0.5647058823529412	0.5647058823529412
A	O2'_1	228.719	117.073	229.392	1.0	0.050980392156862744	0.050980392156862744
A	C1'_1	228.07	118.899	230.799	0.5647058823529412	0.5647058823529412	0.5647058823529412
A	N9_1	227.109	119.208	231.859	0.18823529411764706	0.3137254901960784	0.9725490196078431
A	C8_1	226.465	120.401	232.09	0.5647058823529412	0.5647058823529412	0.5647058823529412
A	N7_1	225.655	120.374	233.119	0.18823529411764706	0.3137254901960784	0.9725490196078431
A	C5_1	225.771	119.078	233.599	0.5647058823529412	0.5647058823529412	0.5647058823529412
A	C6_1	225.159	118.415	234.673	0.5647058823529412	0.5647058823529412	0.5647058823529412
A	N6_1	224.268	118.99	235.484	0.18823529411764706	0.3137254901960784	0.9725490196078431
A	N1_1	225.494	117.124	234.889	0.18823529411764706	0.3137254901960784	0.9725490196078431
A	C2_1	226.38	116.547	234.067	0.5647058823529412	0.5647058823529412	0.5647058823529412
A	N3_1	227.02	117.065	233.02	0.18823529411764706	0.3137254901960784	0.9725490196078431
A	C4_1	226.667	118.349	232.838	0.5647058823529412	0.5647058823529412	0.5647058823529412
C	P_2	221.445	112.012	241.642	1.0	0.5019607843137255	0.0
C	OP1_2	222.26	110.783	241.855	1.0	0.050980392156862744	0.050980392156862744
C	OP2_2	221.04	112.83	242.813	1.0	0.050980392156862744	0.050980392156862744
C	O5'_2	222.221	112.968	240.628	1.0	0.050980392156862744	0.050980392156862744
C	C5'_2	222.931	112.439	239.486	0.5647058823529412	0.5647058823529412	0.5647058823529412
C	C4'_2	223.53	113.571	238.68	0.5647058823529412	0.5647058823529412	0.5647058823529412
C	O4'_2	222.454	114.422	238.209	1.0	0.050980392156862744	0.050980392156862744
C	C3'_2	224.458	114.511	239.443	0.5647058823529412	0.5647058823529412	0.5647058823529412
C	O3'_2	225.794	113.998	239.473	1.0	0.050980392156862744	0.050980392156862744
C	C2'_2	224.346	115.808	238.648	0.5647058823529412	0.5647058823529412	0.5647058823529412
C	O2'_2	225.138	115.821	237.48	1.0	0.050980392156862744	0.050980392156862744
C	C1'_2	222.875	115.778	238.228	0.5647058823529412	0.5647058823529412	0.5647058823529412
C	N1_2	221.959	116.555	239.09	0.18823529411764706	0.3137254901960784	0.9725490196078431
C	C2_2	221.865	117.941	238.896	0.5647058823529412	0.5647058823529412	0.5647058823529412
C	O2_2	222.569	118.478	238.024	1.0	0.050980392156862744	0.050980392156862744
C	N3_2	221.01	118.658	239.663	0.18823529411764706	0.3137254901960784	0.9725490196078431
C	C4_2	220.272	118.046	240.593	0.5647058823529412	0.5647058823529412	0.5647058823529412
C	N4_2	219.44	118.791	241.317	0.18823529411764706	0.3137254901960784	0.9725490196078431
C	C5_2	220.355	116.643	240.819	0.5647058823529412	0.5647058823529412	0.5647058823529412
C	C6_2	221.203	115.943	240.056	0.5647058823529412	0.5647058823529412	0.5647058823529412
