A	P_1	123.393	222.605	190.14	1.0	0.5019607843137255	0.0
A	OP1_1	122.366	221.544	190.339	1.0	0.050980392156862744	0.050980392156862744
A	OP2_1	123.777	222.999	188.759	1.0	0.050980392156862744	0.050980392156862744
A	O5'_1	122.885	223.925	190.873	1.0	0.050980392156862744	0.050980392156862744
A	C5'_1	123.794	225.014	191.133	0.5647058823529412	0.5647058823529412	0.5647058823529412
A	C4'_1	123.059	226.332	191.097	0.5647058823529412	0.5647058823529412	0.5647058823529412
A	O4'_1	122.531	226.563	189.757	1.0	0.050980392156862744	0.050980392156862744
A	C3'_1	121.827	226.421	191.983	0.5647058823529412	0.5647058823529412	0.5647058823529412
A	O3'_1	122.126	226.632	193.361	1.0	0.050980392156862744	0.050980392156862744
A	C2'_1	121.062	227.564	191.329	0.5647058823529412	0.5647058823529412	0.5647058823529412
A	O2'_1	121.605	228.836	191.627	1.0	0.050980392156862744	0.050980392156862744
A	C1'_1	121.28	227.243	189.846	0.5647058823529412	0.5647058823529412	0.5647058823529412
A	N9_1	120.229	226.356	189.33	0.18823529411764706	0.3137254901960784	0.9725490196078431
A	C8_1	120.379	225.089	188.794	0.5647058823529412	0.5647058823529412	0.5647058823529412
A	N7_1	119.243	224.52	188.456	0.18823529411764706	0.3137254901960784	0.9725490196078431
A	C5_1	118.279	225.472	188.781	0.5647058823529412	0.5647058823529412	0.5647058823529412
A	C6_1	116.868	225.466	188.684	0.5647058823529412	0.5647058823529412	0.5647058823529412
A	N6_1	116.163	224.425	188.214	0.18823529411764706	0.3137254901960784	0.9725490196078431
A	N1_1	116.203	226.573	189.097	0.18823529411764706	0.3137254901960784	0.9725490196078431
A	C2_1	116.914	227.606	189.58	0.5647058823529412	0.5647058823529412	0.5647058823529412
A	N3_1	118.237	227.726	189.73	0.18823529411764706	0.3137254901960784	0.9725490196078431
A	C4_1	118.87	226.613	189.307	0.5647058823529412	0.5647058823529412	0.5647058823529412
C	P_2	117.022	213.172	188.297	1.0	0.5019607843137255	0.0
C	OP1_2	116.568	212.491	187.049	1.0	0.050980392156862744	0.050980392156862744
C	OP2_2	118.472	213.204	188.625	1.0	0.050980392156862744	0.050980392156862744
C	O5'_2	116.49	214.676	188.239	1.0	0.050980392156862744	0.050980392156862744
C	C5'_2	115.083	214.968	188.106	0.5647058823529412	0.5647058823529412	0.5647058823529412
C	C4'_2	114.874	216.255	187.325	0.5647058823529412	0.5647058823529412	0.5647058823529412
C	O4'_2	115.617	217.331	187.945	1.0	0.050980392156862744	0.050980392156862744
C	C3'_2	115.393	216.287	185.892	0.5647058823529412	0.5647058823529412	0.5647058823529412
C	O3'_2	114.422	215.688	185.031	1.0	0.050980392156862744	0.050980392156862744
C	C2'_2	115.496	217.791	185.601	0.5647058823529412	0.5647058823529412	0.5647058823529412
C	O2'_2	114.296	218.35	185.1	1.0	0.050980392156862744	0.050980392156862744
C	C1'_2	115.758	218.374	186.999	0.5647058823529412	0.5647058823529412	0.5647058823529412
C	N1_2	117.039	219.074	187.216	0.18823529411764706	0.3137254901960784	0.9725490196078431
C	C2_2	117.021	220.483	187.325	0.5647058823529412	0.5647058823529412	0.5647058823529412
C	O2_2	115.934	221.089	187.226	1.0	0.050980392156862744	0.050980392156862744
C	N3_2	118.187	221.144	187.534	0.18823529411764706	0.3137254901960784	0.9725490196078431
C	C4_2	119.338	220.462	187.634	0.5647058823529412	0.5647058823529412	0.5647058823529412
C	N4_2	120.46	221.161	187.847	0.18823529411764706	0.3137254901960784	0.9725490196078431
C	C5_2	119.385	219.035	187.523	0.5647058823529412	0.5647058823529412	0.5647058823529412
C	C6_2	118.222	218.388	187.317	0.5647058823529412	0.5647058823529412	0.5647058823529412
