A	P_1	200.247	145.637	213.991	1.0	0.5019607843137255	0.0
A	OP1_1	199.403	146.766	213.504	1.0	0.050980392156862744	0.050980392156862744
A	OP2_1	199.813	144.859	215.189	1.0	0.050980392156862744	0.050980392156862744
A	O5'_1	200.43	144.626	212.769	1.0	0.050980392156862744	0.050980392156862744
A	C5'_1	201.616	143.809	212.637	0.5647058823529412	0.5647058823529412	0.5647058823529412
A	C4'_1	201.923	143.565	211.174	0.5647058823529412	0.5647058823529412	0.5647058823529412
A	O4'_1	200.883	142.746	210.582	1.0	0.050980392156862744	0.050980392156862744
A	C3'_1	201.946	144.802	210.292	0.5647058823529412	0.5647058823529412	0.5647058823529412
A	O3'_1	203.155	145.551	210.443	1.0	0.050980392156862744	0.050980392156862744
A	C2'_1	201.718	144.221	208.9	0.5647058823529412	0.5647058823529412	0.5647058823529412
A	O2'_1	202.897	143.72	208.302	1.0	0.050980392156862744	0.050980392156862744
A	C1'_1	200.766	143.057	209.202	0.5647058823529412	0.5647058823529412	0.5647058823529412
A	N9_1	199.351	143.279	208.887	0.18823529411764706	0.3137254901960784	0.9725490196078431
A	C8_1	198.498	144.257	209.356	0.5647058823529412	0.5647058823529412	0.5647058823529412
A	N7_1	197.277	144.164	208.882	0.18823529411764706	0.3137254901960784	0.9725490196078431
A	C5_1	197.325	143.052	208.045	0.5647058823529412	0.5647058823529412	0.5647058823529412
A	C6_1	196.347	142.42	207.241	0.5647058823529412	0.5647058823529412	0.5647058823529412
A	N6_1	195.079	142.835	207.148	0.18823529411764706	0.3137254901960784	0.9725490196078431
A	N1_1	196.724	141.336	206.528	0.18823529411764706	0.3137254901960784	0.9725490196078431
A	C2_1	197.993	140.92	206.621	0.5647058823529412	0.5647058823529412	0.5647058823529412
A	N3_1	199.001	141.426	207.336	0.18823529411764706	0.3137254901960784	0.9725490196078431
A	C4_1	198.596	142.503	208.035	0.5647058823529412	0.5647058823529412	0.5647058823529412
C	P_2	205.954	134.74	205.329	1.0	0.5019607843137255	0.0
C	OP1_2	206.673	133.465	205.62	1.0	0.050980392156862744	0.050980392156862744
C	OP2_2	204.466	134.754	205.306	1.0	0.050980392156862744	0.050980392156862744
C	O5'_2	206.448	135.833	206.376	1.0	0.050980392156862744	0.050980392156862744
C	C5'_2	207.85	136.084	206.573	0.5647058823529412	0.5647058823529412	0.5647058823529412
C	C4'_2	208.041	137.33	207.402	0.5647058823529412	0.5647058823529412	0.5647058823529412
C	O4'_2	207.485	138.467	206.693	1.0	0.050980392156862744	0.050980392156862744
C	C3'_2	207.331	137.345	208.748	0.5647058823529412	0.5647058823529412	0.5647058823529412
C	O3'_2	208.106	136.667	209.736	1.0	0.050980392156862744	0.050980392156862744
C	C2'_2	207.205	138.838	209.039	0.5647058823529412	0.5647058823529412	0.5647058823529412
C	O2'_2	208.392	139.397	209.561	1.0	0.050980392156862744	0.050980392156862744
C	C1'_2	206.978	139.403	207.633	0.5647058823529412	0.5647058823529412	0.5647058823529412
C	N1_2	205.575	139.71	207.299	0.18823529411764706	0.3137254901960784	0.9725490196078431
C	C2_2	205.172	141.059	207.25	0.5647058823529412	0.5647058823529412	0.5647058823529412
C	O2_2	206.007	141.952	207.498	1.0	0.050980392156862744	0.050980392156862744
C	N3_2	203.886	141.351	206.933	0.18823529411764706	0.3137254901960784	0.9725490196078431
C	C4_2	203.02	140.364	206.674	0.5647058823529412	0.5647058823529412	0.5647058823529412
C	N4_2	201.768	140.7	206.365	0.18823529411764706	0.3137254901960784	0.9725490196078431
C	C5_2	203.401	138.989	206.72	0.5647058823529412	0.5647058823529412	0.5647058823529412
C	C6_2	204.675	138.711	207.034	0.5647058823529412	0.5647058823529412	0.5647058823529412
