A	P_1	239.655	177.592	274.492	1.0	0.5019607843137255	0.0
A	OP1_1	239.182	178.989	274.709	1.0	0.050980392156862744	0.050980392156862744
A	OP2_1	240.143	176.791	275.652	1.0	0.050980392156862744	0.050980392156862744
A	O5'_1	238.492	176.776	273.768	1.0	0.050980392156862744	0.050980392156862744
A	C5'_1	237.109	177.097	273.992	0.5647058823529412	0.5647058823529412	0.5647058823529412
A	C4'_1	236.636	178.097	272.966	0.5647058823529412	0.5647058823529412	0.5647058823529412
A	O4'_1	236.952	177.625	271.631	1.0	0.050980392156862744	0.050980392156862744
A	C3'_1	235.138	178.335	272.941	0.5647058823529412	0.5647058823529412	0.5647058823529412
A	O3'_1	234.779	179.286	273.942	1.0	0.050980392156862744	0.050980392156862744
A	C2'_1	234.915	178.856	271.525	0.5647058823529412	0.5647058823529412	0.5647058823529412
A	O2'_1	235.251	180.224	271.395	1.0	0.050980392156862744	0.050980392156862744
A	C1'_1	235.934	178.029	270.73	0.5647058823529412	0.5647058823529412	0.5647058823529412
A	N9_1	235.403	176.837	270.064	0.18823529411764706	0.3137254901960784	0.9725490196078431
A	C8_1	235.725	175.522	270.317	0.5647058823529412	0.5647058823529412	0.5647058823529412
A	N7_1	235.106	174.667	269.54	0.18823529411764706	0.3137254901960784	0.9725490196078431
A	C5_1	234.318	175.467	268.723	0.5647058823529412	0.5647058823529412	0.5647058823529412
A	C6_1	233.422	175.161	267.684	0.5647058823529412	0.5647058823529412	0.5647058823529412
A	N6_1	233.166	173.915	267.271	0.18823529411764706	0.3137254901960784	0.9725490196078431
A	N1_1	232.791	176.189	267.076	0.18823529411764706	0.3137254901960784	0.9725490196078431
A	C2_1	233.055	177.437	267.489	0.5647058823529412	0.5647058823529412	0.5647058823529412
A	N3_1	233.877	177.853	268.452	0.18823529411764706	0.3137254901960784	0.9725490196078431
A	C4_1	234.486	176.806	269.038	0.5647058823529412	0.5647058823529412	0.5647058823529412
C	P_2	231.568	186.798	269.014	1.0	0.5019607843137255	0.0
C	OP1_2	232.502	187.62	269.838	1.0	0.050980392156862744	0.050980392156862744
C	OP2_2	231.106	187.313	267.699	1.0	0.050980392156862744	0.050980392156862744
C	O5'_2	232.236	185.371	268.777	1.0	0.050980392156862744	0.050980392156862744
C	C5'_2	232.755	184.601	269.88	0.5647058823529412	0.5647058823529412	0.5647058823529412
C	C4'_2	233.013	183.176	269.444	0.5647058823529412	0.5647058823529412	0.5647058823529412
C	O4'_2	231.764	182.572	269.021	1.0	0.050980392156862744	0.050980392156862744
C	C3'_2	233.942	182.988	268.252	0.5647058823529412	0.5647058823529412	0.5647058823529412
C	O3'_2	235.304	183.012	268.678	1.0	0.050980392156862744	0.050980392156862744
C	C2'_2	233.532	181.616	267.729	0.5647058823529412	0.5647058823529412	0.5647058823529412
C	O2'_2	234.124	180.562	268.459	1.0	0.050980392156862744	0.050980392156862744
C	C1'_2	232.023	181.619	268.002	0.5647058823529412	0.5647058823529412	0.5647058823529412
C	N1_2	231.151	181.902	266.84	0.18823529411764706	0.3137254901960784	0.9725490196078431
C	C2_2	230.806	180.836	265.979	0.5647058823529412	0.5647058823529412	0.5647058823529412
C	O2_2	231.238	179.695	266.224	1.0	0.050980392156862744	0.050980392156862744
C	N3_2	230.012	181.084	264.907	0.18823529411764706	0.3137254901960784	0.9725490196078431
C	C4_2	229.568	182.324	264.676	0.5647058823529412	0.5647058823529412	0.5647058823529412
C	N4_2	228.805	182.519	263.602	0.18823529411764706	0.3137254901960784	0.9725490196078431
C	C5_2	229.893	183.42	265.536	0.5647058823529412	0.5647058823529412	0.5647058823529412
C	C6_2	230.679	183.167	266.593	0.5647058823529412	0.5647058823529412	0.5647058823529412
