A	P_1	188.658	268.23	167.642	1.0	0.5019607843137255	0.0
A	OP1_1	190.044	268.678	167.334	1.0	0.050980392156862744	0.050980392156862744
A	OP2_1	187.812	269.046	168.552	1.0	0.050980392156862744	0.050980392156862744
A	O5'_1	187.875	268.053	166.264	1.0	0.050980392156862744	0.050980392156862744
A	C5'_1	188.473	267.353	165.149	0.5647058823529412	0.5647058823529412	0.5647058823529412
A	C4'_1	187.757	267.698	163.859	0.5647058823529412	0.5647058823529412	0.5647058823529412
A	O4'_1	186.395	267.194	163.904	1.0	0.050980392156862744	0.050980392156862744
A	C3'_1	187.601	269.184	163.56	0.5647058823529412	0.5647058823529412	0.5647058823529412
A	O3'_1	188.777	269.729	162.955	1.0	0.050980392156862744	0.050980392156862744
A	C2'_1	186.402	269.205	162.615	0.5647058823529412	0.5647058823529412	0.5647058823529412
A	O2'_1	186.732	268.906	161.274	1.0	0.050980392156862744	0.050980392156862744
A	C1'_1	185.54	268.073	163.186	0.5647058823529412	0.5647058823529412	0.5647058823529412
A	N9_1	184.469	268.523	164.081	0.18823529411764706	0.3137254901960784	0.9725490196078431
A	C8_1	184.3	268.218	165.413	0.5647058823529412	0.5647058823529412	0.5647058823529412
A	N7_1	183.234	268.763	165.949	0.18823529411764706	0.3137254901960784	0.9725490196078431
A	C5_1	182.663	269.48	164.906	0.5647058823529412	0.5647058823529412	0.5647058823529412
A	C6_1	181.508	270.276	164.831	0.5647058823529412	0.5647058823529412	0.5647058823529412
A	N6_1	180.689	270.485	165.863	0.18823529411764706	0.3137254901960784	0.9725490196078431
A	N1_1	181.22	270.854	163.646	0.18823529411764706	0.3137254901960784	0.9725490196078431
A	C2_1	182.042	270.637	162.612	0.5647058823529412	0.5647058823529412	0.5647058823529412
A	N3_1	183.151	269.9	162.554	0.18823529411764706	0.3137254901960784	0.9725490196078431
A	C4_1	183.411	269.342	163.748	0.5647058823529412	0.5647058823529412	0.5647058823529412
C	P_2	189.392	271.666	175.93	1.0	0.5019607843137255	0.0
C	OP1_2	188.656	272.038	174.694	1.0	0.050980392156862744	0.050980392156862744
C	OP2_2	189.964	272.74	176.788	1.0	0.050980392156862744	0.050980392156862744
C	O5'_2	188.418	270.798	176.845	1.0	0.050980392156862744	0.050980392156862744
C	C5'_2	187.428	269.91	176.276	0.5647058823529412	0.5647058823529412	0.5647058823529412
C	C4'_2	186.102	270.625	176.138	0.5647058823529412	0.5647058823529412	0.5647058823529412
C	O4'_2	186.078	271.344	174.878	1.0	0.050980392156862744	0.050980392156862744
C	C3'_2	184.876	269.722	176.092	0.5647058823529412	0.5647058823529412	0.5647058823529412
C	O3'_2	184.439	269.476	177.431	1.0	0.050980392156862744	0.050980392156862744
C	C2'_2	183.86	270.568	175.329	0.5647058823529412	0.5647058823529412	0.5647058823529412
C	O2'_2	183.205	271.505	176.16	1.0	0.050980392156862744	0.050980392156862744
C	C1'_2	184.763	271.328	174.349	0.5647058823529412	0.5647058823529412	0.5647058823529412
C	N1_2	184.809	270.797	172.971	0.18823529411764706	0.3137254901960784	0.9725490196078431
C	C2_2	184.017	271.416	171.985	0.5647058823529412	0.5647058823529412	0.5647058823529412
C	O2_2	183.303	272.384	172.301	1.0	0.050980392156862744	0.050980392156862744
C	N3_2	184.054	270.944	170.718	0.18823529411764706	0.3137254901960784	0.9725490196078431
C	C4_2	184.837	269.906	170.414	0.5647058823529412	0.5647058823529412	0.5647058823529412
C	N4_2	184.842	269.48	169.15	0.18823529411764706	0.3137254901960784	0.9725490196078431
C	C5_2	185.65	269.258	171.392	0.5647058823529412	0.5647058823529412	0.5647058823529412
C	C6_2	185.605	269.731	172.646	0.5647058823529412	0.5647058823529412	0.5647058823529412
