C	P_1	195.605	152.524	201.841	1.0	0.5019607843137255	0.0
C	OP1_1	195.076	151.806	203.034	1.0	0.050980392156862744	0.050980392156862744
C	OP2_1	196.247	153.858	202.016	1.0	0.050980392156862744	0.050980392156862744
C	O5'_1	196.666	151.584	201.1	1.0	0.050980392156862744	0.050980392156862744
C	C5'_1	197.014	150.277	201.628	0.5647058823529412	0.5647058823529412	0.5647058823529412
C	C4'_1	198.52	150.086	201.637	0.5647058823529412	0.5647058823529412	0.5647058823529412
C	O4'_1	198.857	148.896	202.402	1.0	0.050980392156862744	0.050980392156862744
C	C3'_1	199.214	149.862	200.299	0.5647058823529412	0.5647058823529412	0.5647058823529412
C	O3'_1	199.452	151.086	199.604	1.0	0.050980392156862744	0.050980392156862744
C	C2'_1	200.525	149.207	200.727	0.5647058823529412	0.5647058823529412	0.5647058823529412
C	O2'_1	201.491	150.129	201.193	1.0	0.050980392156862744	0.050980392156862744
C	C1'_1	200.064	148.339	201.901	0.5647058823529412	0.5647058823529412	0.5647058823529412
C	N1_1	199.837	146.933	201.519	0.18823529411764706	0.3137254901960784	0.9725490196078431
C	C2_1	200.932	146.046	201.525	0.5647058823529412	0.5647058823529412	0.5647058823529412
C	O2_1	202.051	146.466	201.876	1.0	0.050980392156862744	0.050980392156862744
C	N3_1	200.739	144.76	201.153	0.18823529411764706	0.3137254901960784	0.9725490196078431
C	C4_1	199.52	144.346	200.79	0.5647058823529412	0.5647058823529412	0.5647058823529412
C	N4_1	199.377	143.071	200.423	0.18823529411764706	0.3137254901960784	0.9725490196078431
C	C5_1	198.392	145.222	200.785	0.5647058823529412	0.5647058823529412	0.5647058823529412
C	C6_1	198.594	146.493	201.154	0.5647058823529412	0.5647058823529412	0.5647058823529412
A	P_2	198.784	138.946	199.303	1.0	0.5019607843137255	0.0
A	OP1_2	197.785	138.04	198.664	1.0	0.050980392156862744	0.050980392156862744
A	OP2_2	199.436	138.528	200.578	1.0	0.050980392156862744	0.050980392156862744
A	O5'_2	199.962	139.21	198.262	1.0	0.050980392156862744	0.050980392156862744
A	C5'_2	200.443	138.13	197.421	0.5647058823529412	0.5647058823529412	0.5647058823529412
A	C4'_2	201.949	137.985	197.529	0.5647058823529412	0.5647058823529412	0.5647058823529412
A	O4'_2	202.569	139.245	197.16	1.0	0.050980392156862744	0.050980392156862744
A	C3'_2	202.526	137.66	198.903	0.5647058823529412	0.5647058823529412	0.5647058823529412
A	O3'_2	202.498	136.252	199.181	1.0	0.050980392156862744	0.050980392156862744
A	C2'_2	203.953	138.185	198.773	0.5647058823529412	0.5647058823529412	0.5647058823529412
A	O2'_2	204.799	137.327	198.031	1.0	0.050980392156862744	0.050980392156862744
A	C1'_2	203.726	139.459	197.955	0.5647058823529412	0.5647058823529412	0.5647058823529412
A	N9_2	203.482	140.63	198.799	0.18823529411764706	0.3137254901960784	0.9725490196078431
A	C8_2	202.265	141.179	199.149	0.5647058823529412	0.5647058823529412	0.5647058823529412
A	N7_2	202.363	142.238	199.917	0.18823529411764706	0.3137254901960784	0.9725490196078431
A	C5_2	203.732	142.398	200.09	0.5647058823529412	0.5647058823529412	0.5647058823529412
A	C6_2	204.488	143.35	200.8	0.5647058823529412	0.5647058823529412	0.5647058823529412
A	N6_2	203.945	144.354	201.494	0.18823529411764706	0.3137254901960784	0.9725490196078431
A	N1_2	205.838	143.235	200.768	0.18823529411764706	0.3137254901960784	0.9725490196078431
A	C2_2	206.378	142.224	200.066	0.5647058823529412	0.5647058823529412	0.5647058823529412
A	N3_2	205.771	141.265	199.357	0.18823529411764706	0.3137254901960784	0.9725490196078431
A	C4_2	204.434	141.413	199.409	0.5647058823529412	0.5647058823529412	0.5647058823529412
