C	P_1	82.264	189.92	222.239	1.0	0.5019607843137255	0.0
C	OP1_1	83.754	189.941	222.278	1.0	0.050980392156862744	0.050980392156862744
C	OP2_1	81.495	190.768	223.184	1.0	0.050980392156862744	0.050980392156862744
C	O5'_1	81.791	190.281	220.761	1.0	0.050980392156862744	0.050980392156862744
C	C5'_1	82.194	189.476	219.637	0.5647058823529412	0.5647058823529412	0.5647058823529412
C	C4'_1	81.337	189.793	218.433	0.5647058823529412	0.5647058823529412	0.5647058823529412
C	O4'_1	79.951	189.465	218.714	1.0	0.050980392156862744	0.050980392156862744
C	C3'_1	81.288	191.252	218.006	0.5647058823529412	0.5647058823529412	0.5647058823529412
C	O3'_1	82.423	191.574	217.21	1.0	0.050980392156862744	0.050980392156862744
C	C2'_1	79.991	191.314	217.207	0.5647058823529412	0.5647058823529412	0.5647058823529412
C	O2'_1	80.134	190.804	215.897	1.0	0.050980392156862744	0.050980392156862744
C	C1'_1	79.1	190.353	218.001	0.5647058823529412	0.5647058823529412	0.5647058823529412
C	N1_1	78.164	190.991	218.951	0.18823529411764706	0.3137254901960784	0.9725490196078431
C	C2_1	76.886	191.381	218.493	0.5647058823529412	0.5647058823529412	0.5647058823529412
C	O2_1	76.579	191.186	217.304	1.0	0.050980392156862744	0.050980392156862744
C	N3_1	76.023	191.954	219.365	0.18823529411764706	0.3137254901960784	0.9725490196078431
C	C4_1	76.383	192.137	220.641	0.5647058823529412	0.5647058823529412	0.5647058823529412
C	N4_1	75.493	192.693	221.465	0.18823529411764706	0.3137254901960784	0.9725490196078431
C	C5_1	77.67	191.755	221.128	0.5647058823529412	0.5647058823529412	0.5647058823529412
C	C6_1	78.52	191.196	220.259	0.5647058823529412	0.5647058823529412	0.5647058823529412
A	P_2	76.368	194.503	203.578	1.0	0.5019607843137255	0.0
A	OP1_2	75.376	195.509	204.048	1.0	0.050980392156862744	0.050980392156862744
A	OP2_2	77.81	194.872	203.493	1.0	0.050980392156862744	0.050980392156862744
A	O5'_2	76.232	193.204	204.496	1.0	0.050980392156862744	0.050980392156862744
A	C5'_2	76.439	193.267	205.924	0.5647058823529412	0.5647058823529412	0.5647058823529412
A	C4'_2	77.502	192.272	206.34	0.5647058823529412	0.5647058823529412	0.5647058823529412
A	O4'_2	77.786	192.443	207.759	1.0	0.050980392156862744	0.050980392156862744
A	C3'_2	77.151	190.796	206.149	0.5647058823529412	0.5647058823529412	0.5647058823529412
A	O3'_2	78.331	190.052	205.824	1.0	0.050980392156862744	0.050980392156862744
A	C2'_2	76.642	190.403	207.536	0.5647058823529412	0.5647058823529412	0.5647058823529412
A	O2'_2	76.749	189.02	207.815	1.0	0.050980392156862744	0.050980392156862744
A	C1'_2	77.568	191.221	208.437	0.5647058823529412	0.5647058823529412	0.5647058823529412
A	N9_2	77.019	191.517	209.761	0.18823529411764706	0.3137254901960784	0.9725490196078431
A	C8_2	75.791	192.043	210.082	0.5647058823529412	0.5647058823529412	0.5647058823529412
A	N7_2	75.596	192.182	211.372	0.18823529411764706	0.3137254901960784	0.9725490196078431
A	C5_2	76.775	191.718	211.939	0.5647058823529412	0.5647058823529412	0.5647058823529412
A	C6_2	77.201	191.599	213.276	0.5647058823529412	0.5647058823529412	0.5647058823529412
A	N6_2	76.455	191.949	214.328	0.18823529411764706	0.3137254901960784	0.9725490196078431
A	N1_2	78.437	191.099	213.498	0.18823529411764706	0.3137254901960784	0.9725490196078431
A	C2_2	79.184	190.745	212.444	0.5647058823529412	0.5647058823529412	0.5647058823529412
A	N3_2	78.894	190.807	211.145	0.18823529411764706	0.3137254901960784	0.9725490196078431
A	C4_2	77.661	191.308	210.958	0.5647058823529412	0.5647058823529412	0.5647058823529412
