C	P_1	223.822	161.116	210.956	1.0	0.5019607843137255	0.0
C	OP1_1	222.599	161.81	210.438	1.0	0.050980392156862744	0.050980392156862744
C	OP2_1	223.712	159.713	211.446	1.0	0.050980392156862744	0.050980392156862744
C	O5'_1	224.933	161.162	209.813	1.0	0.050980392156862744	0.050980392156862744
C	C5'_1	225.313	162.414	209.219	0.5647058823529412	0.5647058823529412	0.5647058823529412
C	C4'_1	226.626	162.277	208.491	0.5647058823529412	0.5647058823529412	0.5647058823529412
C	O4'_1	227.655	161.856	209.424	1.0	0.050980392156862744	0.050980392156862744
C	C3'_1	226.688	161.219	207.402	0.5647058823529412	0.5647058823529412	0.5647058823529412
C	O3'_1	226.096	161.672	206.186	1.0	0.050980392156862744	0.050980392156862744
C	C2'_1	228.192	160.997	207.27	0.5647058823529412	0.5647058823529412	0.5647058823529412
C	O2'_1	228.841	162.021	206.536	1.0	0.050980392156862744	0.050980392156862744
C	C1'_1	228.632	161.086	208.735	0.5647058823529412	0.5647058823529412	0.5647058823529412
C	N1_1	228.758	159.771	209.391	0.18823529411764706	0.3137254901960784	0.9725490196078431
C	C2_1	230.026	159.142	209.424	0.5647058823529412	0.5647058823529412	0.5647058823529412
C	O2_1	231.002	159.711	208.895	1.0	0.050980392156862744	0.050980392156862744
C	N3_1	230.145	157.937	210.031	0.18823529411764706	0.3137254901960784	0.9725490196078431
C	C4_1	229.069	157.359	210.591	0.5647058823529412	0.5647058823529412	0.5647058823529412
C	N4_1	229.231	156.174	211.188	0.18823529411764706	0.3137254901960784	0.9725490196078431
C	C5_1	227.777	157.972	210.564	0.5647058823529412	0.5647058823529412	0.5647058823529412
C	C6_1	227.67	159.164	209.961	0.5647058823529412	0.5647058823529412	0.5647058823529412
A	P_2	236.423	156.911	210.25	1.0	0.5019607843137255	0.0
A	OP1_2	235.142	157.051	209.488	1.0	0.050980392156862744	0.050980392156862744
A	OP2_2	236.984	155.553	210.505	1.0	0.050980392156862744	0.050980392156862744
A	O5'_2	237.544	157.801	209.536	1.0	0.050980392156862744	0.050980392156862744
A	C5'_2	238.184	157.37	208.316	0.5647058823529412	0.5647058823529412	0.5647058823529412
A	C4'_2	238.449	158.555	207.406	0.5647058823529412	0.5647058823529412	0.5647058823529412
A	O4'_2	237.175	159.146	207.019	1.0	0.050980392156862744	0.050980392156862744
A	C3'_2	239.291	159.708	207.967	0.5647058823529412	0.5647058823529412	0.5647058823529412
A	O3'_2	239.989	160.344	206.893	1.0	0.050980392156862744	0.050980392156862744
A	C2'_2	238.22	160.688	208.447	0.5647058823529412	0.5647058823529412	0.5647058823529412
A	O2'_2	238.663	162.033	208.495	1.0	0.050980392156862744	0.050980392156862744
A	C1'_2	237.179	160.522	207.342	0.5647058823529412	0.5647058823529412	0.5647058823529412
A	N9_2	235.815	160.935	207.674	0.18823529411764706	0.3137254901960784	0.9725490196078431
A	C8_2	234.779	160.199	208.215	0.5647058823529412	0.5647058823529412	0.5647058823529412
A	N7_2	233.657	160.872	208.331	0.18823529411764706	0.3137254901960784	0.9725490196078431
A	C5_2	233.976	162.136	207.848	0.5647058823529412	0.5647058823529412	0.5647058823529412
A	C6_2	233.216	163.316	207.696	0.5647058823529412	0.5647058823529412	0.5647058823529412
A	N6_2	231.923	163.418	208.028	0.18823529411764706	0.3137254901960784	0.9725490196078431
A	N1_2	233.84	164.404	207.18	0.18823529411764706	0.3137254901960784	0.9725490196078431
A	C2_2	235.138	164.304	206.848	0.5647058823529412	0.5647058823529412	0.5647058823529412
A	N3_2	235.954	163.257	206.946	0.18823529411764706	0.3137254901960784	0.9725490196078431
A	C4_2	235.305	162.191	207.455	0.5647058823529412	0.5647058823529412	0.5647058823529412
