C	P_1	178.954	115.387	156.853	1.0	0.5019607843137255	0.0
C	OP1_1	180.436	115.519	156.781	1.0	0.050980392156862744	0.050980392156862744
C	OP2_1	178.237	115.834	158.074	1.0	0.050980392156862744	0.050980392156862744
C	O5'_1	178.324	116.159	155.607	1.0	0.050980392156862744	0.050980392156862744
C	C5'_1	178.758	115.886	154.256	0.5647058823529412	0.5647058823529412	0.5647058823529412
C	C4'_1	177.755	116.431	153.264	0.5647058823529412	0.5647058823529412	0.5647058823529412
C	O4'_1	176.46	115.82	153.509	1.0	0.050980392156862744	0.050980392156862744
C	C3'_1	177.488	117.926	153.354	0.5647058823529412	0.5647058823529412	0.5647058823529412
C	O3'_1	178.472	118.68	152.643	1.0	0.050980392156862744	0.050980392156862744
C	C2'_1	176.093	118.051	152.748	0.5647058823529412	0.5647058823529412	0.5647058823529412
C	O2'_1	176.083	118.051	151.333	1.0	0.050980392156862744	0.050980392156862744
C	C1'_1	175.432	116.764	153.249	0.5647058823529412	0.5647058823529412	0.5647058823529412
C	N1_1	174.614	116.927	154.466	0.18823529411764706	0.3137254901960784	0.9725490196078431
C	C2_1	173.219	116.992	154.332	0.5647058823529412	0.5647058823529412	0.5647058823529412
C	O2_1	172.719	116.921	153.192	1.0	0.050980392156862744	0.050980392156862744
C	N3_1	172.454	117.129	155.442	0.18823529411764706	0.3137254901960784	0.9725490196078431
C	C4_1	173.031	117.2	156.646	0.5647058823529412	0.5647058823529412	0.5647058823529412
C	N4_1	172.237	117.325	157.709	0.18823529411764706	0.3137254901960784	0.9725490196078431
C	C5_1	174.447	117.144	156.81	0.5647058823529412	0.5647058823529412	0.5647058823529412
C	C6_1	175.192	117.01	155.705	0.5647058823529412	0.5647058823529412	0.5647058823529412
A	P_2	162.288	120.222	144.603	1.0	0.5019607843137255	0.0
A	OP1_2	161.96	119.685	143.252	1.0	0.050980392156862744	0.050980392156862744
A	OP2_2	161.622	119.65	145.807	1.0	0.050980392156862744	0.050980392156862744
A	O5'_2	163.864	120.118	144.816	1.0	0.050980392156862744	0.050980392156862744
A	C5'_2	164.537	118.851	144.746	0.5647058823529412	0.5647058823529412	0.5647058823529412
A	C4'_2	166.007	119.062	144.476	0.5647058823529412	0.5647058823529412	0.5647058823529412
A	O4'_2	166.589	119.867	145.535	1.0	0.050980392156862744	0.050980392156862744
A	C3'_2	166.856	117.8	144.448	0.5647058823529412	0.5647058823529412	0.5647058823529412
A	O3'_2	166.784	117.182	143.163	1.0	0.050980392156862744	0.050980392156862744
A	C2'_2	168.249	118.337	144.767	0.5647058823529412	0.5647058823529412	0.5647058823529412
A	O2'_2	168.891	118.922	143.65	1.0	0.050980392156862744	0.050980392156862744
A	C1'_2	167.923	119.444	145.775	0.5647058823529412	0.5647058823529412	0.5647058823529412
A	N9_2	168.042	119.061	147.184	0.18823529411764706	0.3137254901960784	0.9725490196078431
A	C8_2	167.041	119.004	148.13	0.5647058823529412	0.5647058823529412	0.5647058823529412
A	N7_2	167.46	118.655	149.322	0.18823529411764706	0.3137254901960784	0.9725490196078431
A	C5_2	168.824	118.458	149.153	0.5647058823529412	0.5647058823529412	0.5647058823529412
A	C6_2	169.839	118.078	150.047	0.5647058823529412	0.5647058823529412	0.5647058823529412
A	N6_2	169.625	117.818	151.342	0.18823529411764706	0.3137254901960784	0.9725490196078431
A	N1_2	171.096	117.972	149.562	0.18823529411764706	0.3137254901960784	0.9725490196078431
A	C2_2	171.305	118.233	148.264	0.5647058823529412	0.5647058823529412	0.5647058823529412
A	N3_2	170.434	118.604	147.327	0.18823529411764706	0.3137254901960784	0.9725490196078431
A	C4_2	169.196	118.7	147.842	0.5647058823529412	0.5647058823529412	0.5647058823529412
