C	P_1	167.902	212.217	192.408	1.0	0.5019607843137255	0.0
C	OP1_1	168.686	211.626	191.282	1.0	0.050980392156862744	0.050980392156862744
C	OP2_1	168.604	212.998	193.467	1.0	0.050980392156862744	0.050980392156862744
C	O5'_1	166.741	213.129	191.805	1.0	0.050980392156862744	0.050980392156862744
C	C5'_1	165.881	212.626	190.763	0.5647058823529412	0.5647058823529412	0.5647058823529412
C	C4'_1	164.905	213.693	190.316	0.5647058823529412	0.5647058823529412	0.5647058823529412
C	O4'_1	163.877	213.889	191.322	1.0	0.050980392156862744	0.050980392156862744
C	C3'_1	165.448	215.098	190.085	0.5647058823529412	0.5647058823529412	0.5647058823529412
C	O3'_1	166.163	215.233	188.854	1.0	0.050980392156862744	0.050980392156862744
C	C2'_1	164.17	215.931	190.123	0.5647058823529412	0.5647058823529412	0.5647058823529412
C	O2'_1	163.419	215.858	188.927	1.0	0.050980392156862744	0.050980392156862744
C	C1'_1	163.39	215.223	191.236	0.5647058823529412	0.5647058823529412	0.5647058823529412
C	N1_1	163.525	215.875	192.556	0.18823529411764706	0.3137254901960784	0.9725490196078431
C	C2_1	162.617	216.902	192.901	0.5647058823529412	0.5647058823529412	0.5647058823529412
C	O2_1	161.748	217.245	192.076	1.0	0.050980392156862744	0.050980392156862744
C	N3_1	162.718	217.491	194.119	0.18823529411764706	0.3137254901960784	0.9725490196078431
C	C4_1	163.674	217.103	194.972	0.5647058823529412	0.5647058823529412	0.5647058823529412
C	N4_1	163.728	217.706	196.163	0.18823529411764706	0.3137254901960784	0.9725490196078431
C	C5_1	164.615	216.074	194.641	0.5647058823529412	0.5647058823529412	0.5647058823529412
C	C6_1	164.504	215.495	193.436	0.5647058823529412	0.5647058823529412	0.5647058823529412
A	P_2	152.465	223.137	194.466	1.0	0.5019607843137255	0.0
A	OP1_2	151.333	224.045	194.83	1.0	0.050980392156862744	0.050980392156862744
A	OP2_2	152.959	222.14	195.462	1.0	0.050980392156862744	0.050980392156862744
A	O5'_2	152.051	222.355	193.134	1.0	0.050980392156862744	0.050980392156862744
A	C5'_2	153.043	222.002	192.138	0.5647058823529412	0.5647058823529412	0.5647058823529412
A	C4'_2	152.548	220.87	191.256	0.5647058823529412	0.5647058823529412	0.5647058823529412
A	O4'_2	153.555	220.619	190.229	1.0	0.050980392156862744	0.050980392156862744
A	C3'_2	152.34	219.517	191.938	0.5647058823529412	0.5647058823529412	0.5647058823529412
A	O3'_2	151.051	219.402	192.558	1.0	0.050980392156862744	0.050980392156862744
A	C2'_2	152.573	218.535	190.789	0.5647058823529412	0.5647058823529412	0.5647058823529412
A	O2'_2	151.475	218.426	189.899	1.0	0.050980392156862744	0.050980392156862744
A	C1'_2	153.737	219.216	190.058	0.5647058823529412	0.5647058823529412	0.5647058823529412
A	N9_2	155.053	218.857	190.611	0.18823529411764706	0.3137254901960784	0.9725490196078431
A	C8_2	155.602	219.301	191.803	0.5647058823529412	0.5647058823529412	0.5647058823529412
A	N7_2	156.776	218.777	192.076	0.18823529411764706	0.3137254901960784	0.9725490196078431
A	C5_2	157.032	217.94	190.992	0.5647058823529412	0.5647058823529412	0.5647058823529412
A	C6_2	158.115	217.081	190.691	0.5647058823529412	0.5647058823529412	0.5647058823529412
A	N6_2	159.164	216.905	191.502	0.18823529411764706	0.3137254901960784	0.9725490196078431
A	N1_2	158.071	216.393	189.518	0.18823529411764706	0.3137254901960784	0.9725490196078431
A	C2_2	156.997	216.555	188.712	0.5647058823529412	0.5647058823529412	0.5647058823529412
A	N3_2	155.908	217.321	188.895	0.18823529411764706	0.3137254901960784	0.9725490196078431
A	C4_2	155.987	217.993	190.068	0.5647058823529412	0.5647058823529412	0.5647058823529412
