C	P_1	235.24	215.9	246.906	1.0	0.5019607843137255	0.0
C	OP1_1	236.229	216.964	246.569	1.0	0.050980392156862744	0.050980392156862744
C	OP2_1	233.987	216.262	247.618	1.0	0.050980392156862744	0.050980392156862744
C	O5'_1	234.839	215.122	245.573	1.0	0.050980392156862744	0.050980392156862744
C	C5'_1	234.302	215.804	244.417	0.5647058823529412	0.5647058823529412	0.5647058823529412
C	C4'_1	235.151	215.504	243.2	0.5647058823529412	0.5647058823529412	0.5647058823529412
C	O4'_1	236.09	214.439	243.523	1.0	0.050980392156862744	0.050980392156862744
C	C3'_1	234.4	215.048	241.95	0.5647058823529412	0.5647058823529412	0.5647058823529412
C	O3'_1	235.077	215.503	240.775	1.0	0.050980392156862744	0.050980392156862744
C	C2'_1	234.491	213.522	242.059	0.5647058823529412	0.5647058823529412	0.5647058823529412
C	O2'_1	234.387	212.861	240.812	1.0	0.050980392156862744	0.050980392156862744
C	C1'_1	235.892	213.34	242.652	0.5647058823529412	0.5647058823529412	0.5647058823529412
C	N1_1	236.129	212.092	243.419	0.18823529411764706	0.3137254901960784	0.9725490196078431
C	C2_1	237.281	211.312	243.123	0.5647058823529412	0.5647058823529412	0.5647058823529412
C	O2_1	238.04	211.667	242.196	1.0	0.050980392156862744	0.050980392156862744
C	N3_1	237.526	210.192	243.858	0.18823529411764706	0.3137254901960784	0.9725490196078431
C	C4_1	236.683	209.837	244.839	0.5647058823529412	0.5647058823529412	0.5647058823529412
C	N4_1	236.977	208.746	245.553	0.18823529411764706	0.3137254901960784	0.9725490196078431
C	C5_1	235.505	210.59	245.138	0.5647058823529412	0.5647058823529412	0.5647058823529412
C	C6_1	235.268	211.697	244.412	0.5647058823529412	0.5647058823529412	0.5647058823529412
A	P_2	233.874	206.122	247.108	1.0	0.5019607843137255	0.0
A	OP1_2	232.765	205.938	248.096	1.0	0.050980392156862744	0.050980392156862744
A	OP2_2	234.635	207.407	247.087	1.0	0.050980392156862744	0.050980392156862744
A	O5'_2	234.912	204.92	247.297	1.0	0.050980392156862744	0.050980392156862744
A	C5'_2	234.49	203.542	247.138	0.5647058823529412	0.5647058823529412	0.5647058823529412
A	C4'_2	235.685	202.639	246.899	0.5647058823529412	0.5647058823529412	0.5647058823529412
A	O4'_2	236.359	203.018	245.666	1.0	0.050980392156862744	0.050980392156862744
A	C3'_2	236.787	202.681	247.949	0.5647058823529412	0.5647058823529412	0.5647058823529412
A	O3'_2	236.463	201.879	249.086	1.0	0.050980392156862744	0.050980392156862744
A	C2'_2	237.986	202.144	247.173	0.5647058823529412	0.5647058823529412	0.5647058823529412
A	O2'_2	237.977	200.735	247.042	1.0	0.050980392156862744	0.050980392156862744
A	C1'_2	237.752	202.766	245.793	0.5647058823529412	0.5647058823529412	0.5647058823529412
A	N9_2	238.471	204.026	245.614	0.18823529411764706	0.3137254901960784	0.9725490196078431
A	C8_2	238.264	205.231	246.248	0.5647058823529412	0.5647058823529412	0.5647058823529412
A	N7_2	239.087	206.18	245.866	0.18823529411764706	0.3137254901960784	0.9725490196078431
A	C5_2	239.889	205.561	244.914	0.5647058823529412	0.5647058823529412	0.5647058823529412
A	C6_2	240.96	206.029	244.121	0.5647058823529412	0.5647058823529412	0.5647058823529412
A	N6_2	241.416	207.287	244.156	0.18823529411764706	0.3137254901960784	0.9725490196078431
A	N1_2	241.55	205.145	243.277	0.18823529411764706	0.3137254901960784	0.9725490196078431
A	C2_2	241.082	203.885	243.234	0.5647058823529412	0.5647058823529412	0.5647058823529412
A	N3_2	240.081	203.333	243.92	0.18823529411764706	0.3137254901960784	0.9725490196078431
A	C4_2	239.521	204.232	244.752	0.5647058823529412	0.5647058823529412	0.5647058823529412
