C	P_1	85.571	172.72	214.285	1.0	0.5019607843137255	0.0
C	OP1_1	84.21	173.051	214.794	1.0	0.050980392156862744	0.050980392156862744
C	OP2_1	85.791	172.563	212.823	1.0	0.050980392156862744	0.050980392156862744
C	O5'_1	86.587	173.823	214.822	1.0	0.050980392156862744	0.050980392156862744
C	C5'_1	86.595	174.205	216.212	0.5647058823529412	0.5647058823529412	0.5647058823529412
C	C4'_1	87.774	175.107	216.507	0.5647058823529412	0.5647058823529412	0.5647058823529412
C	O4'_1	89.017	174.377	216.336	1.0	0.050980392156862744	0.050980392156862744
C	C3'_1	87.943	176.329	215.618	0.5647058823529412	0.5647058823529412	0.5647058823529412
C	O3'_1	87.068	177.389	216.001	1.0	0.050980392156862744	0.050980392156862744
C	C2'_1	89.415	176.672	215.828	0.5647058823529412	0.5647058823529412	0.5647058823529412
C	O2'_1	89.668	177.357	217.039	1.0	0.050980392156862744	0.050980392156862744
C	C1'_1	90.036	175.276	215.919	0.5647058823529412	0.5647058823529412	0.5647058823529412
C	N1_1	90.601	174.805	214.642	0.18823529411764706	0.3137254901960784	0.9725490196078431
C	C2_1	91.964	175.017	214.393	0.5647058823529412	0.5647058823529412	0.5647058823529412
C	O2_1	92.651	175.596	215.253	1.0	0.050980392156862744	0.050980392156862744
C	N3_1	92.494	174.589	213.224	0.18823529411764706	0.3137254901960784	0.9725490196078431
C	C4_1	91.719	173.976	212.323	0.5647058823529412	0.5647058823529412	0.5647058823529412
C	N4_1	92.284	173.571	211.186	0.18823529411764706	0.3137254901960784	0.9725490196078431
C	C5_1	90.33	173.75	212.549	0.5647058823529412	0.5647058823529412	0.5647058823529412
C	C6_1	89.818	174.176	213.71	0.5647058823529412	0.5647058823529412	0.5647058823529412
A	P_2	93.501	172.536	206.915	1.0	0.5019607843137255	0.0
A	OP1_2	93.364	171.447	205.913	1.0	0.050980392156862744	0.050980392156862744
A	OP2_2	92.803	172.417	208.225	1.0	0.050980392156862744	0.050980392156862744
A	O5'_2	95.055	172.747	207.195	1.0	0.050980392156862744	0.050980392156862744
A	C5'_2	95.993	172.907	206.108	0.5647058823529412	0.5647058823529412	0.5647058823529412
A	C4'_2	97.313	173.43	206.63	0.5647058823529412	0.5647058823529412	0.5647058823529412
A	O4'_2	97.104	174.735	207.235	1.0	0.050980392156862744	0.050980392156862744
A	C3'_2	97.946	172.596	207.735	0.5647058823529412	0.5647058823529412	0.5647058823529412
A	O3'_2	98.7	171.51	207.192	1.0	0.050980392156862744	0.050980392156862744
A	C2'_2	98.809	173.617	208.47	0.5647058823529412	0.5647058823529412	0.5647058823529412
A	O2'_2	100.036	173.881	207.817	1.0	0.050980392156862744	0.050980392156862744
A	C1'_2	97.926	174.867	208.391	0.5647058823529412	0.5647058823529412	0.5647058823529412
A	N9_2	97.054	175.062	209.554	0.18823529411764706	0.3137254901960784	0.9725490196078431
A	C8_2	95.78	174.577	209.741	0.5647058823529412	0.5647058823529412	0.5647058823529412
A	N7_2	95.235	174.939	210.878	0.18823529411764706	0.3137254901960784	0.9725490196078431
A	C5_2	96.215	175.711	211.486	0.5647058823529412	0.5647058823529412	0.5647058823529412
A	C6_2	96.256	176.394	212.722	0.5647058823529412	0.5647058823529412	0.5647058823529412
A	N6_2	95.245	176.413	213.594	0.18823529411764706	0.3137254901960784	0.9725490196078431
A	N1_2	97.388	177.064	213.03	0.18823529411764706	0.3137254901960784	0.9725490196078431
A	C2_2	98.403	177.046	212.152	0.5647058823529412	0.5647058823529412	0.5647058823529412
A	N3_2	98.484	176.448	210.964	0.18823529411764706	0.3137254901960784	0.9725490196078431
A	C4_2	97.345	175.79	210.684	0.5647058823529412	0.5647058823529412	0.5647058823529412
