C	P_1	243.476	132.401	215.063	1.0	0.5019607843137255	0.0
C	OP1_1	243.768	133.008	213.729	1.0	0.050980392156862744	0.050980392156862744
C	OP2_1	242.266	132.828	215.813	1.0	0.050980392156862744	0.050980392156862744
C	O5'_1	243.421	130.818	214.891	1.0	0.050980392156862744	0.050980392156862744
C	C5'_1	244.384	130.124	214.072	0.5647058823529412	0.5647058823529412	0.5647058823529412
C	C4'_1	243.969	128.684	213.892	0.5647058823529412	0.5647058823529412	0.5647058823529412
C	O4'_1	244.108	127.974	215.15	1.0	0.050980392156862744	0.050980392156862744
C	C3'_1	242.516	128.466	213.495	0.5647058823529412	0.5647058823529412	0.5647058823529412
C	O3'_1	242.314	128.65	212.093	1.0	0.050980392156862744	0.050980392156862744
C	C2'_1	242.264	127.039	213.962	0.5647058823529412	0.5647058823529412	0.5647058823529412
C	O2'_1	242.763	126.064	213.073	1.0	0.050980392156862744	0.050980392156862744
C	C1'_1	243.076	127.003	215.261	0.5647058823529412	0.5647058823529412	0.5647058823529412
C	N1_1	242.264	127.299	216.458	0.18823529411764706	0.3137254901960784	0.9725490196078431
C	C2_1	241.592	126.243	217.097	0.5647058823529412	0.5647058823529412	0.5647058823529412
C	O2_1	241.716	125.088	216.651	1.0	0.050980392156862744	0.050980392156862744
C	N3_1	240.83	126.51	218.186	0.18823529411764706	0.3137254901960784	0.9725490196078431
C	C4_1	240.73	127.765	218.642	0.5647058823529412	0.5647058823529412	0.5647058823529412
C	N4_1	239.964	127.98	219.713	0.18823529411764706	0.3137254901960784	0.9725490196078431
C	C5_1	241.411	128.852	218.017	0.5647058823529412	0.5647058823529412	0.5647058823529412
C	C6_1	242.158	128.577	216.941	0.5647058823529412	0.5647058823529412	0.5647058823529412
A	P_2	249.019	123.173	207.123	1.0	0.5019607843137255	0.0
A	OP1_2	249.577	124.321	206.348	1.0	0.050980392156862744	0.050980392156862744
A	OP2_2	249.939	122.306	207.915	1.0	0.050980392156862744	0.050980392156862744
A	O5'_2	247.886	123.723	208.101	1.0	0.050980392156862744	0.050980392156862744
A	C5'_2	246.914	124.685	207.642	0.5647058823529412	0.5647058823529412	0.5647058823529412
A	C4'_2	246.079	125.177	208.797	0.5647058823529412	0.5647058823529412	0.5647058823529412
A	O4'_2	245.267	124.086	209.296	1.0	0.050980392156862744	0.050980392156862744
A	C3'_2	246.84	125.655	210.027	0.5647058823529412	0.5647058823529412	0.5647058823529412
A	O3'_2	247.299	127.003	209.865	1.0	0.050980392156862744	0.050980392156862744
A	C2'_2	245.778	125.542	211.118	0.5647058823529412	0.5647058823529412	0.5647058823529412
A	O2'_2	244.88	126.634	211.124	1.0	0.050980392156862744	0.050980392156862744
A	C1'_2	245.007	124.291	210.675	0.5647058823529412	0.5647058823529412	0.5647058823529412
A	N9_2	245.307	123.06	211.41	0.18823529411764706	0.3137254901960784	0.9725490196078431
A	C8_2	246.143	122.025	211.057	0.5647058823529412	0.5647058823529412	0.5647058823529412
A	N7_2	246.171	121.046	211.932	0.18823529411764706	0.3137254901960784	0.9725490196078431
A	C5_2	245.301	121.466	212.932	0.5647058823529412	0.5647058823529412	0.5647058823529412
A	C6_2	244.888	120.874	214.144	0.5647058823529412	0.5647058823529412	0.5647058823529412
A	N6_2	245.313	119.68	214.568	0.18823529411764706	0.3137254901960784	0.9725490196078431
A	N1_2	244.012	121.558	214.911	0.18823529411764706	0.3137254901960784	0.9725490196078431
A	C2_2	243.584	122.751	214.485	0.5647058823529412	0.5647058823529412	0.5647058823529412
A	N3_2	243.892	123.41	213.368	0.18823529411764706	0.3137254901960784	0.9725490196078431
A	C4_2	244.766	122.705	212.626	0.5647058823529412	0.5647058823529412	0.5647058823529412
