C	P_1	150.292	297.887	186.148	1.0	0.5019607843137255	0.0
C	OP1_1	150.404	298.466	184.781	1.0	0.050980392156862744	0.050980392156862744
C	OP2_1	149.053	298.109	186.942	1.0	0.050980392156862744	0.050980392156862744
C	O5'_1	150.562	296.321	186.038	1.0	0.050980392156862744	0.050980392156862744
C	C5'_1	150.128	295.559	184.899	0.5647058823529412	0.5647058823529412	0.5647058823529412
C	C4'_1	151.301	294.831	184.291	0.5647058823529412	0.5647058823529412	0.5647058823529412
C	O4'_1	152.186	294.367	185.344	1.0	0.050980392156862744	0.050980392156862744
C	C3'_1	150.944	293.584	183.502	0.5647058823529412	0.5647058823529412	0.5647058823529412
C	O3'_1	150.542	293.9	182.171	1.0	0.050980392156862744	0.050980392156862744
C	C2'_1	152.234	292.777	183.574	0.5647058823529412	0.5647058823529412	0.5647058823529412
C	O2'_1	153.206	293.213	182.646	1.0	0.050980392156862744	0.050980392156862744
C	C1'_1	152.707	293.094	185.0	0.5647058823529412	0.5647058823529412	0.5647058823529412
C	N1_1	152.271	292.117	186.022	0.18823529411764706	0.3137254901960784	0.9725490196078431
C	C2_1	152.898	290.855	186.076	0.5647058823529412	0.5647058823529412	0.5647058823529412
C	O2_1	153.811	290.598	185.274	1.0	0.050980392156862744	0.050980392156862744
C	N3_1	152.49	289.959	187.003	0.18823529411764706	0.3137254901960784	0.9725490196078431
C	C4_1	151.508	290.274	187.854	0.5647058823529412	0.5647058823529412	0.5647058823529412
C	N4_1	151.135	289.352	188.742	0.18823529411764706	0.3137254901960784	0.9725490196078431
C	C5_1	150.863	291.546	187.828	0.5647058823529412	0.5647058823529412	0.5647058823529412
C	C6_1	151.271	292.427	186.907	0.5647058823529412	0.5647058823529412	0.5647058823529412
A	P_2	150.34	284.531	192.418	1.0	0.5019607843137255	0.0
A	OP1_2	150.26	283.981	193.801	1.0	0.050980392156862744	0.050980392156862744
A	OP2_2	150.684	285.965	192.221	1.0	0.050980392156862744	0.050980392156862744
A	O5'_2	151.379	283.651	191.591	1.0	0.050980392156862744	0.050980392156862744
A	C5'_2	151.298	282.214	191.595	0.5647058823529412	0.5647058823529412	0.5647058823529412
A	C4'_2	152.015	281.644	190.389	0.5647058823529412	0.5647058823529412	0.5647058823529412
A	O4'_2	151.407	282.167	189.173	1.0	0.050980392156862744	0.050980392156862744
A	C3'_2	153.486	282.014	190.24	0.5647058823529412	0.5647058823529412	0.5647058823529412
A	O3'_2	154.344	281.203	191.046	1.0	0.050980392156862744	0.050980392156862744
A	C2'_2	153.721	281.783	188.751	0.5647058823529412	0.5647058823529412	0.5647058823529412
A	O2'_2	153.9	280.419	188.42	1.0	0.050980392156862744	0.050980392156862744
A	C1'_2	152.4	282.29	188.16	0.5647058823529412	0.5647058823529412	0.5647058823529412
A	N9_2	152.478	283.691	187.728	0.18823529411764706	0.3137254901960784	0.9725490196078431
A	C8_2	151.987	284.821	188.347	0.5647058823529412	0.5647058823529412	0.5647058823529412
A	N7_2	152.257	285.935	187.706	0.18823529411764706	0.3137254901960784	0.9725490196078431
A	C5_2	152.967	285.512	186.588	0.5647058823529412	0.5647058823529412	0.5647058823529412
A	C6_2	153.546	286.211	185.514	0.5647058823529412	0.5647058823529412	0.5647058823529412
A	N6_2	153.506	287.541	185.386	0.18823529411764706	0.3137254901960784	0.9725490196078431
A	N1_2	154.181	285.488	184.564	0.18823529411764706	0.3137254901960784	0.9725490196078431
A	C2_2	154.229	284.156	184.697	0.5647058823529412	0.5647058823529412	0.5647058823529412
A	N3_2	153.727	283.387	185.661	0.18823529411764706	0.3137254901960784	0.9725490196078431
A	C4_2	153.101	284.135	186.585	0.5647058823529412	0.5647058823529412	0.5647058823529412
