C	P_1	170.151	237.145	236.216	1.0	0.5019607843137255	0.0
C	OP1_1	168.822	237.578	236.752	1.0	0.050980392156862744	0.050980392156862744
C	OP2_1	170.868	238.011	235.242	1.0	0.050980392156862744	0.050980392156862744
C	O5'_1	171.146	236.885	237.439	1.0	0.050980392156862744	0.050980392156862744
C	C5'_1	170.672	236.332	238.687	0.5647058823529412	0.5647058823529412	0.5647058823529412
C	C4'_1	171.799	236.253	239.702	0.5647058823529412	0.5647058823529412	0.5647058823529412
C	O4'_1	172.865	235.422	239.167	1.0	0.050980392156862744	0.050980392156862744
C	C3'_1	172.503	237.556	240.08	0.5647058823529412	0.5647058823529412	0.5647058823529412
C	O3'_1	171.789	238.295	241.077	1.0	0.050980392156862744	0.050980392156862744
C	C2'_1	173.841	237.052	240.606	0.5647058823529412	0.5647058823529412	0.5647058823529412
C	O2'_1	173.753	236.545	241.922	1.0	0.050980392156862744	0.050980392156862744
C	C1'_1	174.116	235.889	239.652	0.5647058823529412	0.5647058823529412	0.5647058823529412
C	N1_1	174.968	236.269	238.507	0.18823529411764706	0.3137254901960784	0.9725490196078431
C	C2_1	176.364	236.2	238.659	0.5647058823529412	0.5647058823529412	0.5647058823529412
C	O2_1	176.835	235.844	239.756	1.0	0.050980392156862744	0.050980392156862744
C	N3_1	177.162	236.521	237.61	0.18823529411764706	0.3137254901960784	0.9725490196078431
C	C4_1	176.619	236.903	236.449	0.5647058823529412	0.5647058823529412	0.5647058823529412
C	N4_1	177.448	237.192	235.438	0.18823529411764706	0.3137254901960784	0.9725490196078431
C	C5_1	175.2	236.999	236.271	0.5647058823529412	0.5647058823529412	0.5647058823529412
C	C6_1	174.422	236.675	237.317	0.5647058823529412	0.5647058823529412	0.5647058823529412
A	P_2	173.493	236.199	250.522	1.0	0.5019607843137255	0.0
A	OP1_2	174.644	237.134	250.354	1.0	0.050980392156862744	0.050980392156862744
A	OP2_2	172.437	236.507	251.53	1.0	0.050980392156862744	0.050980392156862744
A	O5'_2	172.788	236.022	249.1	1.0	0.050980392156862744	0.050980392156862744
A	C5'_2	171.97	237.073	248.539	0.5647058823529412	0.5647058823529412	0.5647058823529412
A	C4'_2	172.063	237.068	247.028	0.5647058823529412	0.5647058823529412	0.5647058823529412
A	O4'_2	173.442	237.291	246.622	1.0	0.050980392156862744	0.050980392156862744
A	C3'_2	171.67	235.767	246.343	0.5647058823529412	0.5647058823529412	0.5647058823529412
A	O3'_2	170.254	235.69	246.17	1.0	0.050980392156862744	0.050980392156862744
A	C2'_2	172.421	235.858	245.016	0.5647058823529412	0.5647058823529412	0.5647058823529412
A	O2'_2	171.777	236.695	244.073	1.0	0.050980392156862744	0.050980392156862744
A	C1'_2	173.724	236.535	245.451	0.5647058823529412	0.5647058823529412	0.5647058823529412
A	N9_2	174.812	235.602	245.754	0.18823529411764706	0.3137254901960784	0.9725490196078431
A	C8_2	175.125	235.018	246.964	0.5647058823529412	0.5647058823529412	0.5647058823529412
A	N7_2	176.186	234.246	246.92	0.18823529411764706	0.3137254901960784	0.9725490196078431
A	C5_2	176.599	234.321	245.596	0.5647058823529412	0.5647058823529412	0.5647058823529412
A	C6_2	177.679	233.737	244.907	0.5647058823529412	0.5647058823529412	0.5647058823529412
A	N6_2	178.583	232.943	245.488	0.18823529411764706	0.3137254901960784	0.9725490196078431
A	N1_2	177.803	234.005	243.589	0.18823529411764706	0.3137254901960784	0.9725490196078431
A	C2_2	176.905	234.815	243.013	0.5647058823529412	0.5647058823529412	0.5647058823529412
A	N3_2	175.853	235.432	243.554	0.18823529411764706	0.3137254901960784	0.9725490196078431
A	C4_2	175.755	235.142	244.863	0.5647058823529412	0.5647058823529412	0.5647058823529412
