A	P_1	177.702	246.622	233.754	1.0	0.5019607843137255	0.0
A	OP1_1	176.801	245.437	233.685	1.0	0.050980392156862744	0.050980392156862744
A	OP2_1	178.945	246.553	234.565	1.0	0.050980392156862744	0.050980392156862744
A	O5'_1	178.12	247.006	232.261	1.0	0.050980392156862744	0.050980392156862744
A	C5'_1	177.118	247.254	231.242	0.5647058823529412	0.5647058823529412	0.5647058823529412
A	C4'_1	177.744	247.889	230.011	0.5647058823529412	0.5647058823529412	0.5647058823529412
A	O4'_1	178.163	249.251	230.3	1.0	0.050980392156862744	0.050980392156862744
A	C3'_1	179.0	247.22	229.468	0.5647058823529412	0.5647058823529412	0.5647058823529412
A	O3'_1	178.692	246.071	228.673	1.0	0.050980392156862744	0.050980392156862744
A	C2'_1	179.64	248.346	228.658	0.5647058823529412	0.5647058823529412	0.5647058823529412
A	O2'_1	179.073	248.521	227.372	1.0	0.050980392156862744	0.050980392156862744
A	C1'_1	179.315	249.568	229.526	0.5647058823529412	0.5647058823529412	0.5647058823529412
A	N9_1	180.405	249.93	230.433	0.18823529411764706	0.3137254901960784	0.9725490196078431
A	C8_1	180.464	249.757	231.796	0.5647058823529412	0.5647058823529412	0.5647058823529412
A	N7_1	181.595	250.149	232.332	0.18823529411764706	0.3137254901960784	0.9725490196078431
A	C5_1	182.33	250.619	231.251	0.5647058823529412	0.5647058823529412	0.5647058823529412
A	C6_1	183.627	251.158	231.154	0.5647058823529412	0.5647058823529412	0.5647058823529412
A	N6_1	184.447	251.301	232.199	0.18823529411764706	0.3137254901960784	0.9725490196078431
A	N1_1	184.06	251.541	229.931	0.18823529411764706	0.3137254901960784	0.9725490196078431
A	C2_1	183.239	251.376	228.882	0.5647058823529412	0.5647058823529412	0.5647058823529412
A	N3_1	182.003	250.868	228.845	0.18823529411764706	0.3137254901960784	0.9725490196078431
A	C4_1	181.603	250.504	230.077	0.5647058823529412	0.5647058823529412	0.5647058823529412
C	P_2	183.722	251.177	242.313	1.0	0.5019607843137255	0.0
C	OP1_2	184.189	252.103	243.393	1.0	0.050980392156862744	0.050980392156862744
C	OP2_2	182.316	251.267	241.826	1.0	0.050980392156862744	0.050980392156862744
C	O5'_2	184.701	251.35	241.064	1.0	0.050980392156862744	0.050980392156862744
C	C5'_2	186.13	251.443	241.253	0.5647058823529412	0.5647058823529412	0.5647058823529412
C	C4'_2	186.823	251.734	239.938	0.5647058823529412	0.5647058823529412	0.5647058823529412
C	O4'_2	186.619	250.624	239.018	1.0	0.050980392156862744	0.050980392156862744
C	C3'_2	186.332	252.948	239.156	0.5647058823529412	0.5647058823529412	0.5647058823529412
C	O3'_2	186.852	254.184	239.639	1.0	0.050980392156862744	0.050980392156862744
C	C2'_2	186.814	252.63	237.744	0.5647058823529412	0.5647058823529412	0.5647058823529412
C	O2'_2	188.193	252.887	237.547	1.0	0.050980392156862744	0.050980392156862744
C	C1'_2	186.566	251.12	237.681	0.5647058823529412	0.5647058823529412	0.5647058823529412
C	N1_2	185.238	250.811	237.101	0.18823529411764706	0.3137254901960784	0.9725490196078431
C	C2_2	185.113	250.716	235.696	0.5647058823529412	0.5647058823529412	0.5647058823529412
C	O2_2	186.121	250.894	234.98	1.0	0.050980392156862744	0.050980392156862744
C	N3_2	183.899	250.435	235.164	0.18823529411764706	0.3137254901960784	0.9725490196078431
C	C4_2	182.841	250.249	235.968	0.5647058823529412	0.5647058823529412	0.5647058823529412
C	N4_2	181.665	249.956	235.402	0.18823529411764706	0.3137254901960784	0.9725490196078431
C	C5_2	182.941	250.348	237.388	0.5647058823529412	0.5647058823529412	0.5647058823529412
C	C6_2	184.143	250.625	237.906	0.5647058823529412	0.5647058823529412	0.5647058823529412
