C	P_1	246.693	152.307	221.672	1.0	0.5019607843137255	0.0
C	OP1_1	245.695	151.85	220.664	1.0	0.050980392156862744	0.050980392156862744
C	OP2_1	246.335	153.398	222.614	1.0	0.050980392156862744	0.050980392156862744
C	O5'_1	247.153	151.046	222.534	1.0	0.050980392156862744	0.050980392156862744
C	C5'_1	247.607	149.83	221.902	0.5647058823529412	0.5647058823529412	0.5647058823529412
C	C4'_1	248.114	148.861	222.947	0.5647058823529412	0.5647058823529412	0.5647058823529412
C	O4'_1	249.253	149.447	223.631	1.0	0.050980392156862744	0.050980392156862744
C	C3'_1	247.138	148.52	224.069	0.5647058823529412	0.5647058823529412	0.5647058823529412
C	O3'_1	246.248	147.476	223.669	1.0	0.050980392156862744	0.050980392156862744
C	C2'_1	248.071	148.068	225.189	0.5647058823529412	0.5647058823529412	0.5647058823529412
C	O2'_1	248.501	146.731	225.03	1.0	0.050980392156862744	0.050980392156862744
C	C1'_1	249.278	148.993	224.978	0.5647058823529412	0.5647058823529412	0.5647058823529412
C	N1_1	249.355	150.159	225.891	0.18823529411764706	0.3137254901960784	0.9725490196078431
C	C2_1	249.922	149.979	227.172	0.5647058823529412	0.5647058823529412	0.5647058823529412
C	O2_1	250.362	148.858	227.491	1.0	0.050980392156862744	0.050980392156862744
C	N3_1	249.977	151.033	228.023	0.18823529411764706	0.3137254901960784	0.9725490196078431
C	C4_1	249.506	152.225	227.642	0.5647058823529412	0.5647058823529412	0.5647058823529412
C	N4_1	249.569	153.23	228.521	0.18823529411764706	0.3137254901960784	0.9725490196078431
C	C5_1	248.946	152.439	226.345	0.5647058823529412	0.5647058823529412	0.5647058823529412
C	C6_1	248.888	151.391	225.512	0.5647058823529412	0.5647058823529412	0.5647058823529412
A	P_2	250.584	138.496	221.119	1.0	0.5019607843137255	0.0
A	OP1_2	250.242	138.4	219.672	1.0	0.050980392156862744	0.050980392156862744
A	OP2_2	251.999	138.329	221.553	1.0	0.050980392156862744	0.050980392156862744
A	O5'_2	250.059	139.9	221.659	1.0	0.050980392156862744	0.050980392156862744
A	C5'_2	248.693	140.306	221.445	0.5647058823529412	0.5647058823529412	0.5647058823529412
A	C4'_2	248.498	141.735	221.894	0.5647058823529412	0.5647058823529412	0.5647058823529412
A	O4'_2	248.65	141.822	223.337	1.0	0.050980392156862744	0.050980392156862744
A	C3'_2	249.512	142.729	221.351	0.5647058823529412	0.5647058823529412	0.5647058823529412
A	O3'_2	249.176	143.149	220.027	1.0	0.050980392156862744	0.050980392156862744
A	C2'_2	249.436	143.855	222.377	0.5647058823529412	0.5647058823529412	0.5647058823529412
A	O2'_2	248.316	144.698	222.179	1.0	0.050980392156862744	0.050980392156862744
A	C1'_2	249.243	143.067	223.678	0.5647058823529412	0.5647058823529412	0.5647058823529412
A	N9_2	250.487	142.807	224.409	0.18823529411764706	0.3137254901960784	0.9725490196078431
A	C8_2	251.338	141.733	224.276	0.5647058823529412	0.5647058823529412	0.5647058823529412
A	N7_2	252.377	141.779	225.077	0.18823529411764706	0.3137254901960784	0.9725490196078431
A	C5_2	252.2	142.959	225.785	0.5647058823529412	0.5647058823529412	0.5647058823529412
A	C6_2	252.962	143.577	226.788	0.5647058823529412	0.5647058823529412	0.5647058823529412
A	N6_2	254.101	143.069	227.268	0.18823529411764706	0.3137254901960784	0.9725490196078431
A	N1_2	252.511	144.749	227.288	0.18823529411764706	0.3137254901960784	0.9725490196078431
A	C2_2	251.37	145.257	226.8	0.5647058823529412	0.5647058823529412	0.5647058823529412
A	N3_2	250.565	144.768	225.857	0.18823529411764706	0.3137254901960784	0.9725490196078431
A	C4_2	251.041	143.603	225.385	0.5647058823529412	0.5647058823529412	0.5647058823529412
