A	P_1	155.096	208.447	216.678	1.0	0.5019607843137255	0.0
A	OP1_1	155.296	206.984	216.903	1.0	0.050980392156862744	0.050980392156862744
A	OP2_1	154.473	209.278	217.743	1.0	0.050980392156862744	0.050980392156862744
A	O5'_1	156.511	209.089	216.318	1.0	0.050980392156862744	0.050980392156862744
A	C5'_1	157.53	209.271	217.321	0.5647058823529412	0.5647058823529412	0.5647058823529412
A	C4'_1	157.912	210.737	217.425	0.5647058823529412	0.5647058823529412	0.5647058823529412
A	O4'_1	158.277	211.248	216.108	1.0	0.050980392156862744	0.050980392156862744
A	C3'_1	156.798	211.673	217.868	0.5647058823529412	0.5647058823529412	0.5647058823529412
A	O3'_1	156.614	211.671	219.282	1.0	0.050980392156862744	0.050980392156862744
A	C2'_1	157.283	213.017	217.341	0.5647058823529412	0.5647058823529412	0.5647058823529412
A	O2'_1	158.302	213.596	218.134	1.0	0.050980392156862744	0.050980392156862744
A	C1'_1	157.862	212.608	215.986	0.5647058823529412	0.5647058823529412	0.5647058823529412
A	N9_1	156.864	212.703	214.915	0.18823529411764706	0.3137254901960784	0.9725490196078431
A	C8_1	156.355	211.677	214.151	0.5647058823529412	0.5647058823529412	0.5647058823529412
A	N7_1	155.467	212.064	213.263	0.18823529411764706	0.3137254901960784	0.9725490196078431
A	C5_1	155.383	213.437	213.45	0.5647058823529412	0.5647058823529412	0.5647058823529412
A	C6_1	154.617	214.429	212.813	0.5647058823529412	0.5647058823529412	0.5647058823529412
A	N6_1	153.769	214.172	211.813	0.18823529411764706	0.3137254901960784	0.9725490196078431
A	N1_1	154.756	215.706	213.239	0.18823529411764706	0.3137254901960784	0.9725490196078431
A	C2_1	155.618	215.956	214.239	0.5647058823529412	0.5647058823529412	0.5647058823529412
A	N3_1	156.401	215.108	214.914	0.18823529411764706	0.3137254901960784	0.9725490196078431
A	C4_1	156.235	213.848	214.466	0.5647058823529412	0.5647058823529412	0.5647058823529412
C	P_2	148.792	222.109	208.986	1.0	0.5019607843137255	0.0
C	OP1_2	149.142	223.558	209.024	1.0	0.050980392156862744	0.050980392156862744
C	OP2_2	148.397	221.483	207.695	1.0	0.050980392156862744	0.050980392156862744
C	O5'_2	150.025	221.287	209.579	1.0	0.050980392156862744	0.050980392156862744
C	C5'_2	150.602	221.635	210.858	0.5647058823529412	0.5647058823529412	0.5647058823529412
C	C4'_2	151.525	220.531	211.342	0.5647058823529412	0.5647058823529412	0.5647058823529412
C	O4'_2	150.777	219.29	211.473	1.0	0.050980392156862744	0.050980392156862744
C	C3'_2	152.699	220.171	210.439	0.5647058823529412	0.5647058823529412	0.5647058823529412
C	O3'_2	153.79	221.085	210.624	1.0	0.050980392156862744	0.050980392156862744
C	C2'_2	153.029	218.752	210.896	0.5647058823529412	0.5647058823529412	0.5647058823529412
C	O2'_2	153.782	218.719	212.092	1.0	0.050980392156862744	0.050980392156862744
C	C1'_2	151.63	218.194	211.184	0.5647058823529412	0.5647058823529412	0.5647058823529412
C	N1_2	151.04	217.418	210.074	0.18823529411764706	0.3137254901960784	0.9725490196078431
C	C2_2	150.877	216.026	210.227	0.5647058823529412	0.5647058823529412	0.5647058823529412
C	O2_2	151.225	215.488	211.293	1.0	0.050980392156862744	0.050980392156862744
C	N3_2	150.345	215.309	209.21	0.18823529411764706	0.3137254901960784	0.9725490196078431
C	C4_2	149.982	215.922	208.079	0.5647058823529412	0.5647058823529412	0.5647058823529412
C	N4_2	149.469	215.174	207.102	0.18823529411764706	0.3137254901960784	0.9725490196078431
C	C5_2	150.131	217.332	207.9	0.5647058823529412	0.5647058823529412	0.5647058823529412
C	C6_2	150.658	218.032	208.911	0.5647058823529412	0.5647058823529412	0.5647058823529412
