C	P_1	31.429	0.043	11.673	1.0	0.5019607843137255	0.0
C	OP1_1	31.498	0.292	10.211	1.0	0.050980392156862744	0.050980392156862744
C	OP2_1	30.291	0.595	12.45	1.0	0.050980392156862744	0.050980392156862744
C	O5'_1	31.508	-1.531	11.923	1.0	0.050980392156862744	0.050980392156862744
C	C5'_1	30.698	-2.163	12.916	0.5647058823529412	0.5647058823529412	0.5647058823529412
C	C4'_1	30.37	-3.573	12.498	0.5647058823529412	0.5647058823529412	0.5647058823529412
C	O4'_1	29.58	-3.553	11.277	1.0	0.050980392156862744	0.050980392156862744
C	C3'_1	31.584	-4.411	12.162	0.5647058823529412	0.5647058823529412	0.5647058823529412
C	O3'_1	32.079	-5.045	13.322	1.0	0.050980392156862744	0.050980392156862744
C	C2'_1	31.022	-5.417	11.176	0.5647058823529412	0.5647058823529412	0.5647058823529412
C	O2'_1	30.321	-6.456	11.825	1.0	0.050980392156862744	0.050980392156862744
C	C1'_1	30.059	-4.538	10.376	0.5647058823529412	0.5647058823529412	0.5647058823529412
C	N1_1	30.684	-3.842	9.225	0.18823529411764706	0.3137254901960784	0.9725490196078431
C	C2_1	31.239	-4.596	8.17	0.5647058823529412	0.5647058823529412	0.5647058823529412
C	O2_1	31.193	-5.836	8.215	1.0	0.050980392156862744	0.050980392156862744
C	N3_1	31.81	-3.948	7.13	0.18823529411764706	0.3137254901960784	0.9725490196078431
C	C4_1	31.837	-2.611	7.107	0.5647058823529412	0.5647058823529412	0.5647058823529412
C	N4_1	32.402	-2.009	6.057	0.18823529411764706	0.3137254901960784	0.9725490196078431
C	C5_1	31.283	-1.829	8.158	0.5647058823529412	0.5647058823529412	0.5647058823529412
C	C6_1	30.724	-2.476	9.184	0.5647058823529412	0.5647058823529412	0.5647058823529412
G	P_2	32.379	-8.32	-3.671	1.0	0.5019607843137255	0.0
G	OP1_2	31.891	-9.038	-4.875	1.0	0.050980392156862744	0.050980392156862744
G	OP2_2	32.147	-6.85	-3.557	1.0	0.050980392156862744	0.050980392156862744
G	O5'_2	31.768	-9.044	-2.39	1.0	0.050980392156862744	0.050980392156862744
G	C5'_2	31.964	-10.445	-2.186	0.5647058823529412	0.5647058823529412	0.5647058823529412
G	C4'_2	31.599	-10.834	-0.772	0.5647058823529412	0.5647058823529412	0.5647058823529412
G	O4'_2	32.562	-10.269	0.162	1.0	0.050980392156862744	0.050980392156862744
G	C3'_2	30.253	-10.327	-0.281	0.5647058823529412	0.5647058823529412	0.5647058823529412
G	O3'_2	29.187	-11.17	-0.705	1.0	0.050980392156862744	0.050980392156862744
G	C2'_2	30.445	-10.347	1.229	0.5647058823529412	0.5647058823529412	0.5647058823529412
G	O2'_2	30.324	-11.656	1.752	1.0	0.050980392156862744	0.050980392156862744
G	C1'_2	31.895	-9.863	1.352	0.5647058823529412	0.5647058823529412	0.5647058823529412
G	N9_2	32.045	-8.41	1.502	0.18823529411764706	0.3137254901960784	0.9725490196078431
G	C8_2	32.22	-7.486	0.496	0.5647058823529412	0.5647058823529412	0.5647058823529412
G	N7_2	32.333	-6.261	0.935	0.18823529411764706	0.3137254901960784	0.9725490196078431
G	C5_2	32.225	-6.375	2.315	0.5647058823529412	0.5647058823529412	0.5647058823529412
G	C6_2	32.27	-5.377	3.329	0.5647058823529412	0.5647058823529412	0.5647058823529412
G	O6_2	32.426	-4.155	3.206	1.0	0.050980392156862744	0.050980392156862744
G	N1_2	32.11	-5.928	4.594	0.18823529411764706	0.3137254901960784	0.9725490196078431
G	C2_2	31.933	-7.263	4.858	0.5647058823529412	0.5647058823529412	0.5647058823529412
G	N2_2	31.794	-7.594	6.149	0.18823529411764706	0.3137254901960784	0.9725490196078431
G	N3_2	31.894	-8.203	3.927	0.18823529411764706	0.3137254901960784	0.9725490196078431
G	C4_2	32.044	-7.693	2.685	0.5647058823529412	0.5647058823529412	0.5647058823529412
