C	P_1	67.193	23.926	27.466	1.0	0.5019607843137255	0.0
C	OP1_1	67.222	25.41	27.61	1.0	0.050980392156862744	0.050980392156862744
C	OP2_1	68.461	23.183	27.284	1.0	0.050980392156862744	0.050980392156862744
C	O5'_1	66.51	23.308	28.763	1.0	0.050980392156862744	0.050980392156862744
C	C5'_1	65.319	23.864	29.311	0.5647058823529412	0.5647058823529412	0.5647058823529412
C	C4'_1	64.858	23.032	30.48	0.5647058823529412	0.5647058823529412	0.5647058823529412
C	O4'_1	64.415	21.731	30.009	1.0	0.050980392156862744	0.050980392156862744
C	C3'_1	65.94	22.7	31.492	0.5647058823529412	0.5647058823529412	0.5647058823529412
C	O3'_1	66.119	23.761	32.415	1.0	0.050980392156862744	0.050980392156862744
C	C2'_1	65.377	21.459	32.161	0.5647058823529412	0.5647058823529412	0.5647058823529412
C	O2'_1	64.373	21.76	33.1	1.0	0.050980392156862744	0.050980392156862744
C	C1'_1	64.745	20.744	30.97	0.5647058823529412	0.5647058823529412	0.5647058823529412
C	N1_1	65.684	19.787	30.377	0.18823529411764706	0.3137254901960784	0.9725490196078431
C	C2_1	65.834	18.552	30.991	0.5647058823529412	0.5647058823529412	0.5647058823529412
C	O2_1	65.151	18.299	31.99	1.0	0.050980392156862744	0.050980392156862744
C	N3_1	66.714	17.664	30.487	0.18823529411764706	0.3137254901960784	0.9725490196078431
C	C4_1	67.429	17.976	29.407	0.5647058823529412	0.5647058823529412	0.5647058823529412
C	N4_1	68.294	17.064	28.946	0.18823529411764706	0.3137254901960784	0.9725490196078431
C	C5_1	67.289	19.232	28.75	0.5647058823529412	0.5647058823529412	0.5647058823529412
C	C6_1	66.411	20.097	29.262	0.5647058823529412	0.5647058823529412	0.5647058823529412
G	P_2	69.637	6.892	36.226	1.0	0.5019607843137255	0.0
G	OP1_2	69.076	5.673	36.858	1.0	0.050980392156862744	0.050980392156862744
G	OP2_2	69.774	6.956	34.745	1.0	0.050980392156862744	0.050980392156862744
G	O5'_2	68.764	8.139	36.689	1.0	0.050980392156862744	0.050980392156862744
G	C5'_2	67.674	8.592	35.909	0.5647058823529412	0.5647058823529412	0.5647058823529412
G	C4'_2	67.136	9.869	36.481	0.5647058823529412	0.5647058823529412	0.5647058823529412
G	O4'_2	68.113	10.931	36.316	1.0	0.050980392156862744	0.050980392156862744
G	C3'_2	65.908	10.388	35.776	0.5647058823529412	0.5647058823529412	0.5647058823529412
G	O3'_2	64.772	9.738	36.31	1.0	0.050980392156862744	0.050980392156862744
G	C2'_2	65.973	11.867	36.11	0.5647058823529412	0.5647058823529412	0.5647058823529412
G	O2'_2	65.671	12.116	37.465	1.0	0.050980392156862744	0.050980392156862744
G	C1'_2	67.463	12.129	35.918	0.5647058823529412	0.5647058823529412	0.5647058823529412
G	N9_2	67.825	12.405	34.529	0.18823529411764706	0.3137254901960784	0.9725490196078431
G	C8_2	68.464	11.555	33.658	0.5647058823529412	0.5647058823529412	0.5647058823529412
G	N7_2	68.664	12.08	32.482	0.18823529411764706	0.3137254901960784	0.9725490196078431
G	C5_2	68.122	13.353	32.576	0.5647058823529412	0.5647058823529412	0.5647058823529412
G	C6_2	68.038	14.394	31.607	0.5647058823529412	0.5647058823529412	0.5647058823529412
G	O6_2	68.444	14.397	30.432	1.0	0.050980392156862744	0.050980392156862744
G	N1_2	67.403	15.518	32.124	0.18823529411764706	0.3137254901960784	0.9725490196078431
G	C2_2	66.912	15.629	33.403	0.5647058823529412	0.5647058823529412	0.5647058823529412
G	N2_2	66.331	16.791	33.716	0.18823529411764706	0.3137254901960784	0.9725490196078431
G	N3_2	66.985	14.67	34.31	0.18823529411764706	0.3137254901960784	0.9725490196078431
G	C4_2	67.598	13.569	33.833	0.5647058823529412	0.5647058823529412	0.5647058823529412
