C	P_1	27.687	-10.586	-0.77	1.0	0.5019607843137255	0.0
C	OP1_1	26.793	-11.64	-1.321	1.0	0.050980392156862744	0.050980392156862744
C	OP2_1	27.727	-9.249	-1.425	1.0	0.050980392156862744	0.050980392156862744
C	O5'_1	27.309	-10.384	0.763	1.0	0.050980392156862744	0.050980392156862744
C	C5'_1	27.29	-11.494	1.664	0.5647058823529412	0.5647058823529412	0.5647058823529412
C	C4'_1	27.056	-11.019	3.079	0.5647058823529412	0.5647058823529412	0.5647058823529412
C	O4'_1	28.235	-10.325	3.576	1.0	0.050980392156862744	0.050980392156862744
C	C3'_1	25.938	-10.004	3.22	0.5647058823529412	0.5647058823529412	0.5647058823529412
C	O3'_1	24.659	-10.614	3.232	1.0	0.050980392156862744	0.050980392156862744
C	C2'_1	26.321	-9.283	4.505	0.5647058823529412	0.5647058823529412	0.5647058823529412
C	O2'_1	26.0	-9.996	5.687	1.0	0.050980392156862744	0.050980392156862744
C	C1'_1	27.84	-9.183	4.327	0.5647058823529412	0.5647058823529412	0.5647058823529412
C	N1_1	28.255	-7.967	3.584	0.18823529411764706	0.3137254901960784	0.9725490196078431
C	C2_1	28.724	-6.857	4.302	0.5647058823529412	0.5647058823529412	0.5647058823529412
C	O2_1	28.789	-6.92	5.541	1.0	0.050980392156862744	0.050980392156862744
C	N3_1	29.098	-5.745	3.624	0.18823529411764706	0.3137254901960784	0.9725490196078431
C	C4_1	29.018	-5.713	2.292	0.5647058823529412	0.5647058823529412	0.5647058823529412
C	N4_1	29.399	-4.598	1.669	0.18823529411764706	0.3137254901960784	0.9725490196078431
C	C5_1	28.546	-6.822	1.539	0.5647058823529412	0.5647058823529412	0.5647058823529412
C	C6_1	28.18	-7.917	2.217	0.5647058823529412	0.5647058823529412	0.5647058823529412
G	P_2	29.092	5.177	8.124	1.0	0.5019607843137255	0.0
G	OP1_2	29.119	5.988	9.369	1.0	0.050980392156862744	0.050980392156862744
G	OP2_2	30.372	4.75	7.496	1.0	0.050980392156862744	0.050980392156862744
G	O5'_2	28.215	3.869	8.396	1.0	0.050980392156862744	0.050980392156862744
G	C5'_2	26.934	3.951	9.03	0.5647058823529412	0.5647058823529412	0.5647058823529412
G	C4'_2	26.442	2.571	9.422	0.5647058823529412	0.5647058823529412	0.5647058823529412
G	O4'_2	26.466	1.724	8.246	1.0	0.050980392156862744	0.050980392156862744
G	C3'_2	27.382	1.907	10.437	0.5647058823529412	0.5647058823529412	0.5647058823529412
G	O3'_2	26.717	1.22	11.501	1.0	0.050980392156862744	0.050980392156862744
G	C2'_2	28.296	0.99	9.629	0.5647058823529412	0.5647058823529412	0.5647058823529412
G	O2'_2	28.498	-0.269	10.232	1.0	0.050980392156862744	0.050980392156862744
G	C1'_2	27.426	0.712	8.416	0.5647058823529412	0.5647058823529412	0.5647058823529412
G	N9_2	28.054	0.349	7.156	0.18823529411764706	0.3137254901960784	0.9725490196078431
G	C8_2	28.474	1.159	6.132	0.5647058823529412	0.5647058823529412	0.5647058823529412
G	N7_2	28.977	0.488	5.13	0.18823529411764706	0.3137254901960784	0.9725490196078431
G	C5_2	28.885	-0.842	5.524	0.5647058823529412	0.5647058823529412	0.5647058823529412
G	C6_2	29.266	-2.033	4.858	0.5647058823529412	0.5647058823529412	0.5647058823529412
G	O6_2	29.784	-2.162	3.744	1.0	0.050980392156862744	0.050980392156862744
G	N1_2	28.986	-3.159	5.625	0.18823529411764706	0.3137254901960784	0.9725490196078431
G	C2_2	28.417	-3.146	6.872	0.5647058823529412	0.5647058823529412	0.5647058823529412
G	N2_2	28.222	-4.335	7.459	0.18823529411764706	0.3137254901960784	0.9725490196078431
G	N3_2	28.062	-2.048	7.5	0.18823529411764706	0.3137254901960784	0.9725490196078431
G	C4_2	28.323	-0.94	6.772	0.5647058823529412	0.5647058823529412	0.5647058823529412
