C	P_1	9.234	0.215	-1.972	1.0	0.5019607843137255	0.0
C	OP1_1	9.522	-0.176	-0.562	1.0	0.050980392156862744	0.050980392156862744
C	OP2_1	10.35	0.308	-2.952	1.0	0.050980392156862744	0.050980392156862744
C	O5'_1	8.142	-0.78	-2.576	1.0	0.050980392156862744	0.050980392156862744
C	C5'_1	7.425	-1.688	-1.745	0.5647058823529412	0.5647058823529412	0.5647058823529412
C	C4'_1	6.897	-2.841	-2.566	0.5647058823529412	0.5647058823529412	0.5647058823529412
C	O4'_1	6.076	-2.311	-3.638	1.0	0.050980392156862744	0.050980392156862744
C	C3'_1	7.944	-3.684	-3.28	0.5647058823529412	0.5647058823529412	0.5647058823529412
C	O3'_1	8.44	-4.706	-2.421	1.0	0.050980392156862744	0.050980392156862744
C	C2'_1	7.155	-4.284	-4.438	0.5647058823529412	0.5647058823529412	0.5647058823529412
C	O2'_1	6.442	-5.449	-4.075	1.0	0.050980392156862744	0.050980392156862744
C	C1'_1	6.184	-3.149	-4.778	0.5647058823529412	0.5647058823529412	0.5647058823529412
C	N1_1	6.61	-2.332	-5.93	0.18823529411764706	0.3137254901960784	0.9725490196078431
C	C2_1	6.062	-2.603	-7.193	0.5647058823529412	0.5647058823529412	0.5647058823529412
C	O2_1	5.227	-3.513	-7.308	1.0	0.050980392156862744	0.050980392156862744
C	N3_1	6.455	-1.867	-8.254	0.18823529411764706	0.3137254901960784	0.9725490196078431
C	C4_1	7.356	-0.896	-8.096	0.5647058823529412	0.5647058823529412	0.5647058823529412
C	N4_1	7.714	-0.195	-9.173	0.18823529411764706	0.3137254901960784	0.9725490196078431
C	C5_1	7.928	-0.597	-6.826	0.5647058823529412	0.5647058823529412	0.5647058823529412
C	C6_1	7.53	-1.331	-5.781	0.5647058823529412	0.5647058823529412	0.5647058823529412
G	P_2	10.865	-5.532	-19.921	1.0	0.5019607843137255	0.0
G	OP1_2	10.544	-6.183	-21.219	1.0	0.050980392156862744	0.050980392156862744
G	OP2_2	10.65	-4.067	-19.759	1.0	0.050980392156862744	0.050980392156862744
G	O5'_2	10.073	-6.295	-18.77	1.0	0.050980392156862744	0.050980392156862744
G	C5'_2	8.748	-5.92	-18.416	0.5647058823529412	0.5647058823529412	0.5647058823529412
G	C4'_2	8.275	-6.743	-17.244	0.5647058823529412	0.5647058823529412	0.5647058823529412
G	O4'_2	9.213	-6.609	-16.143	1.0	0.050980392156862744	0.050980392156862744
G	C3'_2	6.93	-6.324	-16.679	0.5647058823529412	0.5647058823529412	0.5647058823529412
G	O3'_2	5.891	-6.978	-17.406	1.0	0.050980392156862744	0.050980392156862744
G	C2'_2	7.025	-6.791	-15.229	0.5647058823529412	0.5647058823529412	0.5647058823529412
G	O2'_2	6.737	-8.168	-15.066	1.0	0.050980392156862744	0.050980392156862744
G	C1'_2	8.505	-6.533	-14.917	0.5647058823529412	0.5647058823529412	0.5647058823529412
G	N9_2	8.784	-5.231	-14.31	0.18823529411764706	0.3137254901960784	0.9725490196078431
G	C8_2	9.677	-4.284	-14.76	0.5647058823529412	0.5647058823529412	0.5647058823529412
G	N7_2	9.704	-3.209	-14.019	0.18823529411764706	0.3137254901960784	0.9725490196078431
G	C5_2	8.778	-3.458	-13.016	0.5647058823529412	0.5647058823529412	0.5647058823529412
G	C6_2	8.373	-2.651	-11.925	0.5647058823529412	0.5647058823529412	0.5647058823529412
G	O6_2	8.764	-1.518	-11.621	1.0	0.050980392156862744	0.050980392156862744
G	N1_2	7.408	-3.289	-11.147	0.18823529411764706	0.3137254901960784	0.9725490196078431
G	C2_2	6.898	-4.543	-11.39	0.5647058823529412	0.5647058823529412	0.5647058823529412
G	N2_2	5.974	-4.987	-10.524	0.18823529411764706	0.3137254901960784	0.9725490196078431
G	N3_2	7.266	-5.306	-12.407	0.18823529411764706	0.3137254901960784	0.9725490196078431
G	C4_2	8.203	-4.704	-13.175	0.5647058823529412	0.5647058823529412	0.5647058823529412
