G	P_1	19.758	-6.29	4.285	1.0	0.5019607843137255	0.0
G	OP1_1	18.5	-7.018	4.587	1.0	0.050980392156862744	0.050980392156862744
G	OP2_1	20.436	-6.502	2.978	1.0	0.050980392156862744	0.050980392156862744
G	O5'_1	19.489	-4.731	4.471	1.0	0.050980392156862744	0.050980392156862744
G	C5'_1	19.024	-4.215	5.717	0.5647058823529412	0.5647058823529412	0.5647058823529412
G	C4'_1	19.288	-2.731	5.804	0.5647058823529412	0.5647058823529412	0.5647058823529412
G	O4'_1	20.718	-2.488	5.832	1.0	0.050980392156862744	0.050980392156862744
G	C3'_1	18.8	-1.925	4.615	0.5647058823529412	0.5647058823529412	0.5647058823529412
G	O3'_1	17.42	-1.627	4.736	1.0	0.050980392156862744	0.050980392156862744
G	C2'_1	19.685	-0.687	4.669	0.5647058823529412	0.5647058823529412	0.5647058823529412
G	O2'_1	19.256	0.295	5.59	1.0	0.050980392156862744	0.050980392156862744
G	C1'_1	21.014	-1.291	5.126	0.5647058823529412	0.5647058823529412	0.5647058823529412
G	N9_1	21.916	-1.606	4.018	0.18823529411764706	0.3137254901960784	0.9725490196078431
G	C8_1	22.317	-2.849	3.584	0.5647058823529412	0.5647058823529412	0.5647058823529412
G	N7_1	23.139	-2.798	2.57	0.18823529411764706	0.3137254901960784	0.9725490196078431
G	C5_1	23.288	-1.441	2.318	0.5647058823529412	0.5647058823529412	0.5647058823529412
G	C6_1	24.059	-0.767	1.336	0.5647058823529412	0.5647058823529412	0.5647058823529412
G	O6_1	24.793	-1.25	0.466	1.0	0.050980392156862744	0.050980392156862744
G	N1_1	23.915	0.614	1.434	0.18823529411764706	0.3137254901960784	0.9725490196078431
G	C2_1	23.133	1.266	2.357	0.5647058823529412	0.5647058823529412	0.5647058823529412
G	N2_1	23.119	2.609	2.292	0.18823529411764706	0.3137254901960784	0.9725490196078431
G	N3_1	22.414	0.65	3.275	0.18823529411764706	0.3137254901960784	0.9725490196078431
G	C4_1	22.538	-0.693	3.2	0.5647058823529412	0.5647058823529412	0.5647058823529412
C	P_2	30.173	6.415	-3.908	1.0	0.5019607843137255	0.0
C	OP1_2	31.316	7.352	-3.751	1.0	0.050980392156862744	0.050980392156862744
C	OP2_2	30.426	4.95	-3.944	1.0	0.050980392156862744	0.050980392156862744
C	O5'_2	29.116	6.71	-2.752	1.0	0.050980392156862744	0.050980392156862744
C	C5'_2	28.562	8.015	-2.596	0.5647058823529412	0.5647058823529412	0.5647058823529412
C	C4'_2	27.662	8.082	-1.381	0.5647058823529412	0.5647058823529412	0.5647058823529412
C	O4'_2	26.481	7.258	-1.581	1.0	0.050980392156862744	0.050980392156862744
C	C3'_2	28.229	7.57	-0.07	0.5647058823529412	0.5647058823529412	0.5647058823529412
C	O3'_2	29.108	8.504	0.545	1.0	0.050980392156862744	0.050980392156862744
C	C2'_2	26.959	7.353	0.741	0.5647058823529412	0.5647058823529412	0.5647058823529412
C	O2'_2	26.405	8.552	1.244	1.0	0.050980392156862744	0.050980392156862744
C	C1'_2	26.031	6.765	-0.323	0.5647058823529412	0.5647058823529412	0.5647058823529412
C	N1_2	26.091	5.291	-0.333	0.18823529411764706	0.3137254901960784	0.9725490196078431
C	C2_2	25.426	4.582	0.678	0.5647058823529412	0.5647058823529412	0.5647058823529412
C	O2_2	24.79	5.21	1.54	1.0	0.050980392156862744	0.050980392156862744
C	N3_2	25.496	3.233	0.692	0.18823529411764706	0.3137254901960784	0.9725490196078431
C	C4_2	26.19	2.59	-0.248	0.5647058823529412	0.5647058823529412	0.5647058823529412
C	N4_2	26.233	1.259	-0.193	0.18823529411764706	0.3137254901960784	0.9725490196078431
C	C5_2	26.871	3.283	-1.288	0.5647058823529412	0.5647058823529412	0.5647058823529412
C	C6_2	26.793	4.619	-1.295	0.5647058823529412	0.5647058823529412	0.5647058823529412
