C	P_1	24.199	29.156	8.831	1.0	0.5019607843137255	0.0
C	OP1_1	24.481	30.616	8.761	1.0	0.050980392156862744	0.050980392156862744
C	OP2_1	25.293	28.209	9.174	1.0	0.050980392156862744	0.050980392156862744
C	O5'_1	23.006	28.914	9.86	1.0	0.050980392156862744	0.050980392156862744
C	C5'_1	21.801	29.663	9.768	0.5647058823529412	0.5647058823529412	0.5647058823529412
C	C4'_1	20.75	29.065	10.664	0.5647058823529412	0.5647058823529412	0.5647058823529412
C	O4'_1	20.445	27.719	10.216	1.0	0.050980392156862744	0.050980392156862744
C	C3'_1	21.167	28.88	12.11	0.5647058823529412	0.5647058823529412	0.5647058823529412
C	O3'_1	20.989	30.074	12.852	1.0	0.050980392156862744	0.050980392156862744
C	C2'_1	20.225	27.782	12.579	0.5647058823529412	0.5647058823529412	0.5647058823529412
C	O2'_1	18.938	28.266	12.91	1.0	0.050980392156862744	0.050980392156862744
C	C1'_1	20.165	26.892	11.337	0.5647058823529412	0.5647058823529412	0.5647058823529412
C	N1_1	21.155	25.797	11.375	0.18823529411764706	0.3137254901960784	0.9725490196078431
C	C2_1	20.84	24.617	12.077	0.5647058823529412	0.5647058823529412	0.5647058823529412
C	O2_1	19.729	24.515	12.63	1.0	0.050980392156862744	0.050980392156862744
C	N3_1	21.755	23.621	12.13	0.18823529411764706	0.3137254901960784	0.9725490196078431
C	C4_1	22.935	23.762	11.519	0.5647058823529412	0.5647058823529412	0.5647058823529412
C	N4_1	23.803	22.755	11.601	0.18823529411764706	0.3137254901960784	0.9725490196078431
C	C5_1	23.276	24.94	10.797	0.5647058823529412	0.5647058823529412	0.5647058823529412
C	C6_1	22.366	25.922	10.75	0.5647058823529412	0.5647058823529412	0.5647058823529412
G	P_2	20.971	13.349	18.027	1.0	0.5019607843137255	0.0
G	OP1_2	20.132	12.295	18.649	1.0	0.050980392156862744	0.050980392156862744
G	OP2_2	21.635	13.075	16.73	1.0	0.050980392156862744	0.050980392156862744
G	O5'_2	20.123	14.684	17.847	1.0	0.050980392156862744	0.050980392156862744
G	C5'_2	19.409	15.239	18.945	0.5647058823529412	0.5647058823529412	0.5647058823529412
G	C4'_2	18.758	16.542	18.549	0.5647058823529412	0.5647058823529412	0.5647058823529412
G	O4'_2	19.751	17.592	18.418	1.0	0.050980392156862744	0.050980392156862744
G	C3'_2	18.043	16.567	17.211	0.5647058823529412	0.5647058823529412	0.5647058823529412
G	O3'_2	16.757	15.966	17.3	1.0	0.050980392156862744	0.050980392156862744
G	C2'_2	17.944	18.065	16.935	0.5647058823529412	0.5647058823529412	0.5647058823529412
G	O2'_2	16.842	18.685	17.577	1.0	0.050980392156862744	0.050980392156862744
G	C1'_2	19.263	18.579	17.524	0.5647058823529412	0.5647058823529412	0.5647058823529412
G	N9_2	20.263	18.826	16.494	0.18823529411764706	0.3137254901960784	0.9725490196078431
G	C8_2	21.234	17.965	16.049	0.5647058823529412	0.5647058823529412	0.5647058823529412
G	N7_2	21.953	18.465	15.083	0.18823529411764706	0.3137254901960784	0.9725490196078431
G	C5_2	21.43	19.737	14.886	0.5647058823529412	0.5647058823529412	0.5647058823529412
G	C6_2	21.799	20.756	13.964	0.5647058823529412	0.5647058823529412	0.5647058823529412
G	O6_2	22.693	20.738	13.108	1.0	0.050980392156862744	0.050980392156862744
G	N1_2	21.003	21.885	14.105	0.18823529411764706	0.3137254901960784	0.9725490196078431
G	C2_2	19.986	22.023	15.009	0.5647058823529412	0.5647058823529412	0.5647058823529412
G	N2_2	19.33	23.19	14.981	0.18823529411764706	0.3137254901960784	0.9725490196078431
G	N3_2	19.635	21.086	15.876	0.18823529411764706	0.3137254901960784	0.9725490196078431
G	C4_2	20.394	19.977	15.756	0.5647058823529412	0.5647058823529412	0.5647058823529412
