G	P_1	19.29	-9.889	-6.87	1.0	0.5019607843137255	0.0
G	OP1_1	20.068	-11.109	-6.519	1.0	0.050980392156862744	0.050980392156862744
G	OP2_1	19.003	-8.876	-5.823	1.0	0.050980392156862744	0.050980392156862744
G	O5'_1	20.038	-9.148	-8.069	1.0	0.050980392156862744	0.050980392156862744
G	C5'_1	20.707	-9.896	-9.086	0.5647058823529412	0.5647058823529412	0.5647058823529412
G	C4'_1	21.211	-8.982	-10.182	0.5647058823529412	0.5647058823529412	0.5647058823529412
G	O4'_1	20.089	-8.265	-10.768	1.0	0.050980392156862744	0.050980392156862744
G	C3'_1	22.158	-7.868	-9.766	0.5647058823529412	0.5647058823529412	0.5647058823529412
G	O3'_1	23.497	-8.334	-9.618	1.0	0.050980392156862744	0.050980392156862744
G	C2'_1	22.024	-6.893	-10.931	0.5647058823529412	0.5647058823529412	0.5647058823529412
G	O2'_1	22.782	-7.27	-12.063	1.0	0.050980392156862744	0.050980392156862744
G	C1'_1	20.534	-7.009	-11.257	0.5647058823529412	0.5647058823529412	0.5647058823529412
G	N9_1	19.738	-5.948	-10.646	0.18823529411764706	0.3137254901960784	0.9725490196078431
G	C8_1	19.09	-5.977	-9.434	0.5647058823529412	0.5647058823529412	0.5647058823529412
G	N7_1	18.477	-4.859	-9.155	0.18823529411764706	0.3137254901960784	0.9725490196078431
G	C5_1	18.732	-4.044	-10.249	0.5647058823529412	0.5647058823529412	0.5647058823529412
G	C6_1	18.327	-2.709	-10.518	0.5647058823529412	0.5647058823529412	0.5647058823529412
G	O6_1	17.641	-1.955	-9.821	1.0	0.050980392156862744	0.050980392156862744
G	N1_1	18.808	-2.266	-11.745	0.18823529411764706	0.3137254901960784	0.9725490196078431
G	C2_1	19.579	-3.007	-12.605	0.5647058823529412	0.5647058823529412	0.5647058823529412
G	N2_1	19.942	-2.397	-13.743	0.18823529411764706	0.3137254901960784	0.9725490196078431
G	N3_1	19.964	-4.251	-12.368	0.18823529411764706	0.3137254901960784	0.9725490196078431
G	C4_1	19.506	-4.702	-11.179	0.5647058823529412	0.5647058823529412	0.5647058823529412
C	P_2	16.351	8.399	-12.517	1.0	0.5019607843137255	0.0
C	OP1_2	16.311	9.499	-13.522	1.0	0.050980392156862744	0.050980392156862744
C	OP2_2	15.101	8.002	-11.813	1.0	0.050980392156862744	0.050980392156862744
C	O5'_2	16.965	7.099	-13.215	1.0	0.050980392156862744	0.050980392156862744
C	C5'_2	17.985	7.213	-14.208	0.5647058823529412	0.5647058823529412	0.5647058823529412
C	C4'_2	18.485	5.846	-14.635	0.5647058823529412	0.5647058823529412	0.5647058823529412
C	O4'_2	19.065	5.147	-13.498	1.0	0.050980392156862744	0.050980392156862744
C	C3'_2	17.472	4.844	-15.163	0.5647058823529412	0.5647058823529412	0.5647058823529412
C	O3'_2	17.111	5.1	-16.516	1.0	0.050980392156862744	0.050980392156862744
C	C2'_2	18.249	3.539	-15.041	0.5647058823529412	0.5647058823529412	0.5647058823529412
C	O2'_2	19.207	3.365	-16.066	1.0	0.050980392156862744	0.050980392156862744
C	C1'_2	18.97	3.743	-13.709	0.5647058823529412	0.5647058823529412	0.5647058823529412
C	N1_2	18.233	3.124	-12.59	0.18823529411764706	0.3137254901960784	0.9725490196078431
C	C2_2	18.538	1.795	-12.231	0.5647058823529412	0.5647058823529412	0.5647058823529412
C	O2_2	19.432	1.187	-12.843	1.0	0.050980392156862744	0.050980392156862744
C	N3_2	17.847	1.211	-11.227	0.18823529411764706	0.3137254901960784	0.9725490196078431
C	C4_2	16.891	1.892	-10.589	0.5647058823529412	0.5647058823529412	0.5647058823529412
C	N4_2	16.232	1.27	-9.61	0.18823529411764706	0.3137254901960784	0.9725490196078431
C	C5_2	16.568	3.241	-10.927	0.5647058823529412	0.5647058823529412	0.5647058823529412
C	C6_2	17.258	3.813	-11.921	0.5647058823529412	0.5647058823529412	0.5647058823529412
