G	P_1	29.967	14.663	3.523	1.0	0.5019607843137255	0.0
G	OP1_1	31.398	15.056	3.508	1.0	0.050980392156862744	0.050980392156862744
G	OP2_1	29.265	14.498	4.82	1.0	0.050980392156862744	0.050980392156862744
G	O5'_1	29.142	15.721	2.663	1.0	0.050980392156862744	0.050980392156862744
G	C5'_1	29.646	16.216	1.426	0.5647058823529412	0.5647058823529412	0.5647058823529412
G	C4'_1	28.67	17.195	0.817	0.5647058823529412	0.5647058823529412	0.5647058823529412
G	O4'_1	27.417	16.511	0.535	1.0	0.050980392156862744	0.050980392156862744
G	C3'_1	28.237	18.353	1.703	0.5647058823529412	0.5647058823529412	0.5647058823529412
G	O3'_1	29.188	19.402	1.754	1.0	0.050980392156862744	0.050980392156862744
G	C2'_1	26.93	18.775	1.049	0.5647058823529412	0.5647058823529412	0.5647058823529412
G	O2'_1	27.079	19.538	-0.133	1.0	0.050980392156862744	0.050980392156862744
G	C1'_1	26.33	17.409	0.722	0.5647058823529412	0.5647058823529412	0.5647058823529412
G	N9_1	25.516	16.937	1.838	0.18823529411764706	0.3137254901960784	0.9725490196078431
G	C8_1	25.851	16.008	2.797	0.5647058823529412	0.5647058823529412	0.5647058823529412
G	N7_1	24.908	15.826	3.68	0.18823529411764706	0.3137254901960784	0.9725490196078431
G	C5_1	23.891	16.681	3.276	0.5647058823529412	0.5647058823529412	0.5647058823529412
G	C6_1	22.615	16.925	3.84	0.5647058823529412	0.5647058823529412	0.5647058823529412
G	O6_1	22.108	16.414	4.847	1.0	0.050980392156862744	0.050980392156862744
G	N1_1	21.905	17.873	3.107	0.18823529411764706	0.3137254901960784	0.9725490196078431
G	C2_1	22.362	18.502	1.976	0.5647058823529412	0.5647058823529412	0.5647058823529412
G	N2_1	21.534	19.384	1.407	0.18823529411764706	0.3137254901960784	0.9725490196078431
G	N3_1	23.545	18.283	1.442	0.18823529411764706	0.3137254901960784	0.9725490196078431
G	C4_1	24.252	17.368	2.138	0.5647058823529412	0.5647058823529412	0.5647058823529412
C	P_2	12.369	19.165	5.452	1.0	0.5019607843137255	0.0
C	OP1_2	11.034	19.272	4.802	1.0	0.050980392156862744	0.050980392156862744
C	OP2_2	12.882	17.825	5.86	1.0	0.050980392156862744	0.050980392156862744
C	O5'_2	13.45	19.821	4.479	1.0	0.050980392156862744	0.050980392156862744
C	C5'_2	13.233	21.102	3.889	0.5647058823529412	0.5647058823529412	0.5647058823529412
C	C4'_2	14.399	21.473	3.002	0.5647058823529412	0.5647058823529412	0.5647058823529412
C	O4'_2	15.594	21.621	3.821	1.0	0.050980392156862744	0.050980392156862744
C	C3'_2	14.794	20.429	1.968	0.5647058823529412	0.5647058823529412	0.5647058823529412
C	O3'_2	14.006	20.483	0.784	1.0	0.050980392156862744	0.050980392156862744
C	C2'_2	16.247	20.79	1.695	0.5647058823529412	0.5647058823529412	0.5647058823529412
C	O2'_2	16.388	21.9	0.829	1.0	0.050980392156862744	0.050980392156862744
C	C1'_2	16.728	21.146	3.102	0.5647058823529412	0.5647058823529412	0.5647058823529412
C	N1_2	17.301	19.981	3.814	0.18823529411764706	0.3137254901960784	0.9725490196078431
C	C2_2	18.635	19.626	3.566	0.5647058823529412	0.5647058823529412	0.5647058823529412
C	O2_2	19.299	20.296	2.76	1.0	0.050980392156862744	0.050980392156862744
C	N3_2	19.166	18.562	4.21	0.18823529411764706	0.3137254901960784	0.9725490196078431
C	C4_2	18.423	17.863	5.069	0.5647058823529412	0.5647058823529412	0.5647058823529412
C	N4_2	18.989	16.824	5.684	0.18823529411764706	0.3137254901960784	0.9725490196078431
C	C5_2	17.066	18.197	5.337	0.5647058823529412	0.5647058823529412	0.5647058823529412
C	C6_2	16.55	19.252	4.696	0.5647058823529412	0.5647058823529412	0.5647058823529412
