C	P_1	24.526	-7.517	-8.685	1.0	0.5019607843137255	0.0
C	OP1_1	25.842	-8.211	-8.71	1.0	0.050980392156862744	0.050980392156862744
C	OP2_1	23.85	-7.28	-7.382	1.0	0.050980392156862744	0.050980392156862744
C	O5'_1	24.687	-6.11	-9.423	1.0	0.050980392156862744	0.050980392156862744
C	C5'_1	25.218	-6.043	-10.745	0.5647058823529412	0.5647058823529412	0.5647058823529412
C	C4'_1	25.043	-4.658	-11.333	0.5647058823529412	0.5647058823529412	0.5647058823529412
C	O4'_1	23.637	-4.309	-11.401	1.0	0.050980392156862744	0.050980392156862744
C	C3'_1	25.665	-3.497	-10.577	0.5647058823529412	0.5647058823529412	0.5647058823529412
C	O3'_1	27.065	-3.416	-10.854	1.0	0.050980392156862744	0.050980392156862744
C	C2'_1	24.9	-2.304	-11.147	0.5647058823529412	0.5647058823529412	0.5647058823529412
C	O2'_1	25.405	-1.842	-12.383	1.0	0.050980392156862744	0.050980392156862744
C	C1'_1	23.505	-2.899	-11.362	0.5647058823529412	0.5647058823529412	0.5647058823529412
C	N1_1	22.542	-2.529	-10.309	0.18823529411764706	0.3137254901960784	0.9725490196078431
C	C2_1	21.728	-1.392	-10.502	0.5647058823529412	0.5647058823529412	0.5647058823529412
C	O2_1	21.836	-0.735	-11.553	1.0	0.050980392156862744	0.050980392156862744
C	N3_1	20.846	-1.041	-9.538	0.18823529411764706	0.3137254901960784	0.9725490196078431
C	C4_1	20.754	-1.766	-8.421	0.5647058823529412	0.5647058823529412	0.5647058823529412
C	N4_1	19.869	-1.379	-7.501	0.18823529411764706	0.3137254901960784	0.9725490196078431
C	C5_1	21.566	-2.92	-8.198	0.5647058823529412	0.5647058823529412	0.5647058823529412
C	C6_1	22.436	-3.263	-9.158	0.5647058823529412	0.5647058823529412	0.5647058823529412
G	P_2	16.07	11.371	-7.648	1.0	0.5019607843137255	0.0
G	OP1_2	15.725	12.618	-8.382	1.0	0.050980392156862744	0.050980392156862744
G	OP2_2	14.985	10.549	-7.047	1.0	0.050980392156862744	0.050980392156862744
G	O5'_2	16.899	10.432	-8.634	1.0	0.050980392156862744	0.050980392156862744
G	C5'_2	17.51	9.238	-8.156	0.5647058823529412	0.5647058823529412	0.5647058823529412
G	C4'_2	18.442	8.661	-9.196	0.5647058823529412	0.5647058823529412	0.5647058823529412
G	O4'_2	19.29	7.67	-8.56	1.0	0.050980392156862744	0.050980392156862744
G	C3'_2	17.791	7.925	-10.362	0.5647058823529412	0.5647058823529412	0.5647058823529412
G	O3'_2	17.447	8.828	-11.414	1.0	0.050980392156862744	0.050980392156862744
G	C2'_2	18.897	6.968	-10.8	0.5647058823529412	0.5647058823529412	0.5647058823529412
G	O2'_2	19.865	7.583	-11.632	1.0	0.050980392156862744	0.050980392156862744
G	C1'_2	19.542	6.605	-9.46	0.5647058823529412	0.5647058823529412	0.5647058823529412
G	N9_2	19.052	5.368	-8.858	0.18823529411764706	0.3137254901960784	0.9725490196078431
G	C8_2	17.956	5.216	-8.043	0.5647058823529412	0.5647058823529412	0.5647058823529412
G	N7_2	17.788	3.988	-7.635	0.18823529411764706	0.3137254901960784	0.9725490196078431
G	C5_2	18.831	3.285	-8.221	0.5647058823529412	0.5647058823529412	0.5647058823529412
G	C6_2	19.171	1.908	-8.145	0.5647058823529412	0.5647058823529412	0.5647058823529412
G	O6_2	18.603	1.006	-7.518	1.0	0.050980392156862744	0.050980392156862744
G	N1_2	20.301	1.618	-8.9	0.18823529411764706	0.3137254901960784	0.9725490196078431
G	C2_2	21.016	2.531	-9.632	0.5647058823529412	0.5647058823529412	0.5647058823529412
G	N2_2	22.079	2.053	-10.295	0.18823529411764706	0.3137254901960784	0.9725490196078431
G	N3_2	20.714	3.817	-9.709	0.18823529411764706	0.3137254901960784	0.9725490196078431
G	C4_2	19.616	4.121	-8.985	0.5647058823529412	0.5647058823529412	0.5647058823529412
