C	P_1	89.754	27.472	34.014	1.0	0.5019607843137255	0.0
C	OP1_1	91.174	27.91	33.989	1.0	0.050980392156862744	0.050980392156862744
C	OP2_1	88.877	27.911	35.133	1.0	0.050980392156862744	0.050980392156862744
C	O5'_1	89.07	27.932	32.645	1.0	0.050980392156862744	0.050980392156862744
C	C5'_1	89.796	27.917	31.415	0.5647058823529412	0.5647058823529412	0.5647058823529412
C	C4'_1	88.934	28.433	30.28	0.5647058823529412	0.5647058823529412	0.5647058823529412
C	O4'_1	87.772	27.568	30.127	1.0	0.050980392156862744	0.050980392156862744
C	C3'_1	88.33	29.823	30.444	0.5647058823529412	0.5647058823529412	0.5647058823529412
C	O3'_1	89.238	30.87	30.108	1.0	0.050980392156862744	0.050980392156862744
C	C2'_1	87.158	29.762	29.473	0.5647058823529412	0.5647058823529412	0.5647058823529412
C	O2'_1	87.545	29.904	28.118	1.0	0.050980392156862744	0.050980392156862744
C	C1'_1	86.646	28.342	29.723	0.5647058823529412	0.5647058823529412	0.5647058823529412
C	N1_1	85.616	28.301	30.79	0.18823529411764706	0.3137254901960784	0.9725490196078431
C	C2_1	84.296	28.678	30.477	0.5647058823529412	0.5647058823529412	0.5647058823529412
C	O2_1	84.022	29.018	29.315	1.0	0.050980392156862744	0.050980392156862744
C	N3_1	83.356	28.663	31.451	0.18823529411764706	0.3137254901960784	0.9725490196078431
C	C4_1	83.684	28.293	32.691	0.5647058823529412	0.5647058823529412	0.5647058823529412
C	N4_1	82.726	28.298	33.618	0.18823529411764706	0.3137254901960784	0.9725490196078431
C	C5_1	85.009	27.9	33.036	0.5647058823529412	0.5647058823529412	0.5647058823529412
C	C6_1	85.933	27.917	32.066	0.5647058823529412	0.5647058823529412	0.5647058823529412
G	P_2	72.238	31.119	33.098	1.0	0.5019607843137255	0.0
G	OP1_2	70.901	30.709	32.593	1.0	0.050980392156862744	0.050980392156862744
G	OP2_2	72.942	30.26	34.089	1.0	0.050980392156862744	0.050980392156862744
G	O5'_2	73.195	31.306	31.842	1.0	0.050980392156862744	0.050980392156862744
G	C5'_2	72.755	32.015	30.688	0.5647058823529412	0.5647058823529412	0.5647058823529412
G	C4'_2	73.836	32.012	29.64	0.5647058823529412	0.5647058823529412	0.5647058823529412
G	O4'_2	74.966	32.784	30.122	1.0	0.050980392156862744	0.050980392156862744
G	C3'_2	74.4	30.636	29.331	0.5647058823529412	0.5647058823529412	0.5647058823529412
G	O3'_2	73.621	29.992	28.33	1.0	0.050980392156862744	0.050980392156862744
G	C2'_2	75.812	30.957	28.86	0.5647058823529412	0.5647058823529412	0.5647058823529412
G	O2'_2	75.86	31.359	27.504	1.0	0.050980392156862744	0.050980392156862744
G	C1'_2	76.176	32.132	29.773	0.5647058823529412	0.5647058823529412	0.5647058823529412
G	N9_2	76.858	31.753	31.011	0.18823529411764706	0.3137254901960784	0.9725490196078431
G	C8_2	76.428	31.992	32.295	0.5647058823529412	0.5647058823529412	0.5647058823529412
G	N7_2	77.252	31.548	33.203	0.18823529411764706	0.3137254901960784	0.9725490196078431
G	C5_2	78.289	30.979	32.478	0.5647058823529412	0.5647058823529412	0.5647058823529412
G	C6_2	79.467	30.338	32.92	0.5647058823529412	0.5647058823529412	0.5647058823529412
G	O6_2	79.847	30.141	34.08	1.0	0.050980392156862744	0.050980392156862744
G	N1_2	80.244	29.904	31.852	0.18823529411764706	0.3137254901960784	0.9725490196078431
G	C2_2	79.927	30.069	30.529	0.5647058823529412	0.5647058823529412	0.5647058823529412
G	N2_2	80.806	29.583	29.649	0.18823529411764706	0.3137254901960784	0.9725490196078431
G	N3_2	78.83	30.666	30.102	0.18823529411764706	0.3137254901960784	0.9725490196078431
G	C4_2	78.061	31.095	31.123	0.5647058823529412	0.5647058823529412	0.5647058823529412
