C	P_1	-13.768	21.576	-13.079	1.0	0.5019607843137255	0.0
C	OP1_1	-12.365	21.52	-12.598	1.0	0.050980392156862744	0.050980392156862744
C	OP2_1	-14.847	22.072	-12.197	1.0	0.050980392156862744	0.050980392156862744
C	O5'_1	-13.819	22.463	-14.397	1.0	0.050980392156862744	0.050980392156862744
C	C5'_1	-12.889	22.232	-15.457	0.5647058823529412	0.5647058823529412	0.5647058823529412
C	C4'_1	-13.279	23.054	-16.659	0.5647058823529412	0.5647058823529412	0.5647058823529412
C	O4'_1	-14.626	22.703	-17.088	1.0	0.050980392156862744	0.050980392156862744
C	C3'_1	-13.342	24.557	-16.442	0.5647058823529412	0.5647058823529412	0.5647058823529412
C	O3'_1	-12.037	25.139	-16.476	1.0	0.050980392156862744	0.050980392156862744
C	C2'_1	-14.232	24.986	-17.603	0.5647058823529412	0.5647058823529412	0.5647058823529412
C	O2'_1	-13.547	25.026	-18.832	1.0	0.050980392156862744	0.050980392156862744
C	C1'_1	-15.256	23.849	-17.632	0.5647058823529412	0.5647058823529412	0.5647058823529412
C	N1_1	-16.472	24.155	-16.857	0.18823529411764706	0.3137254901960784	0.9725490196078431
C	C2_1	-17.437	24.967	-17.454	0.5647058823529412	0.5647058823529412	0.5647058823529412
C	O2_1	-17.244	25.378	-18.606	1.0	0.050980392156862744	0.050980392156862744
C	N3_1	-18.563	25.272	-16.771	0.18823529411764706	0.3137254901960784	0.9725490196078431
C	C4_1	-18.739	24.807	-15.533	0.5647058823529412	0.5647058823529412	0.5647058823529412
C	N4_1	-19.867	25.135	-14.9	0.18823529411764706	0.3137254901960784	0.9725490196078431
C	C5_1	-17.765	23.985	-14.891	0.5647058823529412	0.5647058823529412	0.5647058823529412
C	C6_1	-16.654	23.69	-15.582	0.5647058823529412	0.5647058823529412	0.5647058823529412
G	P_2	-27.714	32.182	-20.176	1.0	0.5019607843137255	0.0
G	OP1_2	-28.919	32.201	-21.033	1.0	0.050980392156862744	0.050980392156862744
G	OP2_2	-27.531	31.065	-19.213	1.0	0.050980392156862744	0.050980392156862744
G	O5'_2	-26.421	32.267	-21.105	1.0	0.050980392156862744	0.050980392156862744
G	C5'_2	-25.821	31.056	-21.566	0.5647058823529412	0.5647058823529412	0.5647058823529412
G	C4'_2	-24.412	31.27	-22.046	0.5647058823529412	0.5647058823529412	0.5647058823529412
G	O4'_2	-23.55	31.703	-20.952	1.0	0.050980392156862744	0.050980392156862744
G	C3'_2	-23.788	29.986	-22.563	0.5647058823529412	0.5647058823529412	0.5647058823529412
G	O3'_2	-24.132	29.835	-23.928	1.0	0.050980392156862744	0.050980392156862744
G	C2'_2	-22.315	30.191	-22.264	0.5647058823529412	0.5647058823529412	0.5647058823529412
G	O2'_2	-21.699	30.975	-23.262	1.0	0.050980392156862744	0.050980392156862744
G	C1'_2	-22.393	30.875	-20.9	0.5647058823529412	0.5647058823529412	0.5647058823529412
G	N9_2	-22.52	29.961	-19.762	0.18823529411764706	0.3137254901960784	0.9725490196078431
G	C8_2	-23.571	29.888	-18.877	0.5647058823529412	0.5647058823529412	0.5647058823529412
G	N7_2	-23.39	28.999	-17.939	0.18823529411764706	0.3137254901960784	0.9725490196078431
G	C5_2	-22.14	28.46	-18.211	0.5647058823529412	0.5647058823529412	0.5647058823529412
G	C6_2	-21.405	27.448	-17.531	0.5647058823529412	0.5647058823529412	0.5647058823529412
G	O6_2	-21.727	26.799	-16.526	1.0	0.050980392156862744	0.050980392156862744
G	N1_2	-20.182	27.205	-18.146	0.18823529411764706	0.3137254901960784	0.9725490196078431
G	C2_2	-19.721	27.849	-19.267	0.5647058823529412	0.5647058823529412	0.5647058823529412
G	N2_2	-18.515	27.47	-19.707	0.18823529411764706	0.3137254901960784	0.9725490196078431
G	N3_2	-20.387	28.804	-19.901	0.18823529411764706	0.3137254901960784	0.9725490196078431
G	C4_2	-21.585	29.049	-19.327	0.5647058823529412	0.5647058823529412	0.5647058823529412
