G	P_1	-29.492	20.81	-10.929	1.0	0.5019607843137255	0.0
G	OP1_1	-29.456	21.335	-9.545	1.0	0.050980392156862744	0.050980392156862744
G	OP2_1	-29.403	21.741	-12.062	1.0	0.050980392156862744	0.050980392156862744
G	O5'_1	-28.319	19.743	-11.047	1.0	0.050980392156862744	0.050980392156862744
G	C5'_1	-28.198	18.674	-10.101	0.5647058823529412	0.5647058823529412	0.5647058823529412
G	C4'_1	-27.239	17.64	-10.629	0.5647058823529412	0.5647058823529412	0.5647058823529412
G	O4'_1	-27.686	17.2	-11.937	1.0	0.050980392156862744	0.050980392156862744
G	C3'_1	-25.823	18.131	-10.859	0.5647058823529412	0.5647058823529412	0.5647058823529412
G	O3'_1	-25.102	18.013	-9.651	1.0	0.050980392156862744	0.050980392156862744
G	C2'_1	-25.318	17.163	-11.916	0.5647058823529412	0.5647058823529412	0.5647058823529412
G	O2'_1	-24.886	15.932	-11.379	1.0	0.050980392156862744	0.050980392156862744
G	C1'_1	-26.564	16.978	-12.771	0.5647058823529412	0.5647058823529412	0.5647058823529412
G	N9_1	-26.666	17.848	-13.942	0.18823529411764706	0.3137254901960784	0.9725490196078431
G	C8_1	-27.515	18.914	-14.126	0.5647058823529412	0.5647058823529412	0.5647058823529412
G	N7_1	-27.427	19.439	-15.318	0.18823529411764706	0.3137254901960784	0.9725490196078431
G	C5_1	-26.461	18.676	-15.96	0.5647058823529412	0.5647058823529412	0.5647058823529412
G	C6_1	-25.933	18.781	-17.27	0.5647058823529412	0.5647058823529412	0.5647058823529412
G	O6_1	-26.224	19.592	-18.153	1.0	0.050980392156862744	0.050980392156862744
G	N1_1	-24.966	17.81	-17.512	0.18823529411764706	0.3137254901960784	0.9725490196078431
G	C2_1	-24.547	16.868	-16.602	0.5647058823529412	0.5647058823529412	0.5647058823529412
G	N2_1	-23.602	16.012	-17.026	0.18823529411764706	0.3137254901960784	0.9725490196078431
G	N3_1	-25.045	16.751	-15.38	0.18823529411764706	0.3137254901960784	0.9725490196078431
G	C4_1	-25.99	17.682	-15.129	0.5647058823529412	0.5647058823529412	0.5647058823529412
C	P_2	-21.372	18.216	-26.796	1.0	0.5019607843137255	0.0
C	OP1_2	-21.065	17.598	-28.095	1.0	0.050980392156862744	0.050980392156862744
C	OP2_2	-22.673	18.907	-26.579	1.0	0.050980392156862744	0.050980392156862744
C	O5'_2	-21.321	17.154	-25.606	1.0	0.050980392156862744	0.050980392156862744
C	C5'_2	-20.263	16.194	-25.463	0.5647058823529412	0.5647058823529412	0.5647058823529412
C	C4'_2	-20.263	15.623	-24.063	0.5647058823529412	0.5647058823529412	0.5647058823529412
C	O4'_2	-20.289	16.689	-23.066	1.0	0.050980392156862744	0.050980392156862744
C	C3'_2	-21.439	14.743	-23.659	0.5647058823529412	0.5647058823529412	0.5647058823529412
C	O3'_2	-21.405	13.414	-24.192	1.0	0.050980392156862744	0.050980392156862744
C	C2'_2	-21.283	14.752	-22.144	0.5647058823529412	0.5647058823529412	0.5647058823529412
C	O2'_2	-20.207	13.954	-21.688	1.0	0.050980392156862744	0.050980392156862744
C	C1'_2	-20.961	16.227	-21.896	0.5647058823529412	0.5647058823529412	0.5647058823529412
C	N1_2	-22.172	17.051	-21.652	0.18823529411764706	0.3137254901960784	0.9725490196078431
C	C2_2	-22.778	16.986	-20.39	0.5647058823529412	0.5647058823529412	0.5647058823529412
C	O2_2	-22.261	16.284	-19.51	1.0	0.050980392156862744	0.050980392156862744
C	N3_2	-23.898	17.707	-20.157	0.18823529411764706	0.3137254901960784	0.9725490196078431
C	C4_2	-24.413	18.471	-21.124	0.5647058823529412	0.5647058823529412	0.5647058823529412
C	N4_2	-25.506	19.184	-20.842	0.18823529411764706	0.3137254901960784	0.9725490196078431
C	C5_2	-23.824	18.546	-22.42	0.5647058823529412	0.5647058823529412	0.5647058823529412
C	C6_2	-22.714	17.831	-22.637	0.5647058823529412	0.5647058823529412	0.5647058823529412
