C	P_1	-34.454	22.233	-14.256	1.0	0.5019607843137255	0.0
C	OP1_1	-34.807	23.143	-13.138	1.0	0.050980392156862744	0.050980392156862744
C	OP2_1	-33.954	22.783	-15.534	1.0	0.050980392156862744	0.050980392156862744
C	O5'_1	-33.378	21.223	-13.662	1.0	0.050980392156862744	0.050980392156862744
C	C5'_1	-33.652	20.483	-12.47	0.5647058823529412	0.5647058823529412	0.5647058823529412
C	C4'_1	-32.772	19.264	-12.408	0.5647058823529412	0.5647058823529412	0.5647058823529412
C	O4'_1	-32.932	18.472	-13.612	1.0	0.050980392156862744	0.050980392156862744
C	C3'_1	-31.27	19.497	-12.353	0.5647058823529412	0.5647058823529412	0.5647058823529412
C	O3'_1	-30.819	19.926	-11.078	1.0	0.050980392156862744	0.050980392156862744
C	C2'_1	-30.774	18.113	-12.733	0.5647058823529412	0.5647058823529412	0.5647058823529412
C	O2'_1	-30.902	17.154	-11.697	1.0	0.050980392156862744	0.050980392156862744
C	C1'_1	-31.721	17.792	-13.888	0.5647058823529412	0.5647058823529412	0.5647058823529412
C	N1_1	-31.21	18.214	-15.21	0.18823529411764706	0.3137254901960784	0.9725490196078431
C	C2_1	-30.268	17.393	-15.838	0.5647058823529412	0.5647058823529412	0.5647058823529412
C	O2_1	-29.882	16.373	-15.256	1.0	0.050980392156862744	0.050980392156862744
C	N3_1	-29.793	17.738	-17.056	0.18823529411764706	0.3137254901960784	0.9725490196078431
C	C4_1	-30.234	18.846	-17.653	0.5647058823529412	0.5647058823529412	0.5647058823529412
C	N4_1	-29.74	19.144	-18.854	0.18823529411764706	0.3137254901960784	0.9725490196078431
C	C5_1	-31.191	19.705	-17.037	0.5647058823529412	0.5647058823529412	0.5647058823529412
C	C6_1	-31.659	19.347	-15.832	0.5647058823529412	0.5647058823529412	0.5647058823529412
G	P_2	-22.751	12.549	-24.347	1.0	0.5019607843137255	0.0
G	OP1_2	-22.386	11.257	-25.002	1.0	0.050980392156862744	0.050980392156862744
G	OP2_2	-23.812	13.405	-24.899	1.0	0.050980392156862744	0.050980392156862744
G	O5'_2	-23.176	12.24	-22.849	1.0	0.050980392156862744	0.050980392156862744
G	C5'_2	-22.363	11.404	-22.03	0.5647058823529412	0.5647058823529412	0.5647058823529412
G	C4'_2	-22.871	11.427	-20.618	0.5647058823529412	0.5647058823529412	0.5647058823529412
G	O4'_2	-22.929	12.798	-20.137	1.0	0.050980392156862744	0.050980392156862744
G	C3'_2	-24.28	10.897	-20.399	0.5647058823529412	0.5647058823529412	0.5647058823529412
G	O3'_2	-24.233	9.483	-20.307	1.0	0.050980392156862744	0.050980392156862744
G	C2'_2	-24.634	11.549	-19.074	0.5647058823529412	0.5647058823529412	0.5647058823529412
G	O2'_2	-24.009	10.958	-17.96	1.0	0.050980392156862744	0.050980392156862744
G	C1'_2	-24.024	12.937	-19.257	0.5647058823529412	0.5647058823529412	0.5647058823529412
G	N9_2	-24.946	13.93	-19.796	0.18823529411764706	0.3137254901960784	0.9725490196078431
G	C8_2	-24.979	14.457	-21.066	0.5647058823529412	0.5647058823529412	0.5647058823529412
G	N7_2	-25.907	15.36	-21.221	0.18823529411764706	0.3137254901960784	0.9725490196078431
G	C5_2	-26.518	15.441	-19.978	0.5647058823529412	0.5647058823529412	0.5647058823529412
G	C6_2	-27.607	16.236	-19.542	0.5647058823529412	0.5647058823529412	0.5647058823529412
G	O6_2	-28.246	17.079	-20.178	1.0	0.050980392156862744	0.050980392156862744
G	N1_2	-27.919	15.993	-18.207	0.18823529411764706	0.3137254901960784	0.9725490196078431
G	C2_2	-27.272	15.088	-17.397	0.5647058823529412	0.5647058823529412	0.5647058823529412
G	N2_2	-27.723	14.99	-16.135	0.18823529411764706	0.3137254901960784	0.9725490196078431
G	N3_2	-26.264	14.327	-17.799	0.18823529411764706	0.3137254901960784	0.9725490196078431
G	C4_2	-25.948	14.551	-19.092	0.5647058823529412	0.5647058823529412	0.5647058823529412
