G	P_1	-34.743	18.602	-30.3	1.0	0.5019607843137255	0.0
G	OP1_1	-34.834	19.44	-31.513	1.0	0.050980392156862744	0.050980392156862744
G	OP2_1	-33.417	18.273	-29.727	1.0	0.050980392156862744	0.050980392156862744
G	O5'_1	-35.604	19.259	-29.138	1.0	0.050980392156862744	0.050980392156862744
G	C5'_1	-36.923	19.722	-29.432	0.5647058823529412	0.5647058823529412	0.5647058823529412
G	C4'_1	-37.849	19.481	-28.27	0.5647058823529412	0.5647058823529412	0.5647058823529412
G	O4'_1	-38.181	18.068	-28.174	1.0	0.050980392156862744	0.050980392156862744
G	C3'_1	-37.345	19.814	-26.874	0.5647058823529412	0.5647058823529412	0.5647058823529412
G	O3'_1	-37.314	21.204	-26.57	1.0	0.050980392156862744	0.050980392156862744
G	C2'_1	-38.356	19.049	-26.032	0.5647058823529412	0.5647058823529412	0.5647058823529412
G	O2'_1	-39.662	19.586	-26.011	1.0	0.050980392156862744	0.050980392156862744
G	C1'_1	-38.432	17.74	-26.812	0.5647058823529412	0.5647058823529412	0.5647058823529412
G	N9_1	-37.464	16.734	-26.385	0.18823529411764706	0.3137254901960784	0.9725490196078431
G	C8_1	-36.305	16.375	-27.029	0.5647058823529412	0.5647058823529412	0.5647058823529412
G	N7_1	-35.661	15.414	-26.427	0.18823529411764706	0.3137254901960784	0.9725490196078431
G	C5_1	-36.438	15.123	-25.314	0.5647058823529412	0.5647058823529412	0.5647058823529412
G	C6_1	-36.259	14.149	-24.295	0.5647058823529412	0.5647058823529412	0.5647058823529412
G	O6_1	-35.34	13.332	-24.161	1.0	0.050980392156862744	0.050980392156862744
G	N1_1	-37.291	14.189	-23.362	0.18823529411764706	0.3137254901960784	0.9725490196078431
G	C2_1	-38.362	15.047	-23.407	0.5647058823529412	0.5647058823529412	0.5647058823529412
G	N2_1	-39.259	14.932	-22.417	0.18823529411764706	0.3137254901960784	0.9725490196078431
G	N3_1	-38.551	15.944	-24.363	0.18823529411764706	0.3137254901960784	0.9725490196078431
G	C4_1	-37.56	15.923	-25.279	0.5647058823529412	0.5647058823529412	0.5647058823529412
C	P_2	-36.516	7.122	-16.562	1.0	0.5019607843137255	0.0
C	OP1_2	-37.218	6.15	-15.679	1.0	0.050980392156862744	0.050980392156862744
C	OP2_2	-36.009	6.685	-17.872	1.0	0.050980392156862744	0.050980392156862744
C	O5'_2	-37.464	8.359	-16.861	1.0	0.050980392156862744	0.050980392156862744
C	C5'_2	-38.209	8.975	-15.806	0.5647058823529412	0.5647058823529412	0.5647058823529412
C	C4'_2	-38.984	10.14	-16.358	0.5647058823529412	0.5647058823529412	0.5647058823529412
C	O4'_2	-38.078	11.147	-16.886	1.0	0.050980392156862744	0.050980392156862744
C	C3'_2	-39.904	9.82	-17.524	0.5647058823529412	0.5647058823529412	0.5647058823529412
C	O3'_2	-41.11	9.237	-17.036	1.0	0.050980392156862744	0.050980392156862744
C	C2'_2	-40.084	11.194	-18.148	0.5647058823529412	0.5647058823529412	0.5647058823529412
C	O2'_2	-41.024	11.986	-17.456	1.0	0.050980392156862744	0.050980392156862744
C	C1'_2	-38.678	11.781	-18.005	0.5647058823529412	0.5647058823529412	0.5647058823529412
C	N1_2	-37.82	11.57	-19.19	0.18823529411764706	0.3137254901960784	0.9725490196078431
C	C2_2	-37.867	12.501	-20.234	0.5647058823529412	0.5647058823529412	0.5647058823529412
C	O2_2	-38.634	13.47	-20.142	1.0	0.050980392156862744	0.050980392156862744
C	N3_2	-37.082	12.316	-21.321	0.18823529411764706	0.3137254901960784	0.9725490196078431
C	C4_2	-36.267	11.259	-21.384	0.5647058823529412	0.5647058823529412	0.5647058823529412
C	N4_2	-35.504	11.122	-22.469	0.18823529411764706	0.3137254901960784	0.9725490196078431
C	C5_2	-36.197	10.299	-20.335	0.5647058823529412	0.5647058823529412	0.5647058823529412
C	C6_2	-36.993	10.484	-19.273	0.5647058823529412	0.5647058823529412	0.5647058823529412
