C	P_1	258.294	131.104	247.787	1.0	0.5019607843137255	0.0
C	OP1_1	257.864	129.909	246.998	1.0	0.050980392156862744	0.050980392156862744
C	OP2_1	259.657	131.138	248.384	1.0	0.050980392156862744	0.050980392156862744
C	O5'_1	258.111	132.394	246.863	1.0	0.050980392156862744	0.050980392156862744
C	C5'_1	258.88	133.597	247.094	0.5647058823529412	0.5647058823529412	0.5647058823529412
C	C4'_1	258.09	134.57	247.949	0.5647058823529412	0.5647058823529412	0.5647058823529412
C	O4'_1	257.856	133.982	249.255	1.0	0.050980392156862744	0.050980392156862744
C	C3'_1	258.783	135.894	248.241	0.5647058823529412	0.5647058823529412	0.5647058823529412
C	O3'_1	258.551	136.809	247.168	1.0	0.050980392156862744	0.050980392156862744
C	C2'_1	258.13	136.336	249.549	0.5647058823529412	0.5647058823529412	0.5647058823529412
C	O2'_1	256.864	136.94	249.36	1.0	0.050980392156862744	0.050980392156862744
C	C1'_1	257.928	134.989	250.252	0.5647058823529412	0.5647058823529412	0.5647058823529412
C	N1_1	258.963	134.599	251.234	0.18823529411764706	0.3137254901960784	0.9725490196078431
C	C2_1	258.633	134.597	252.603	0.5647058823529412	0.5647058823529412	0.5647058823529412
C	O2_1	257.495	134.957	252.954	1.0	0.050980392156862744	0.050980392156862744
C	N3_1	259.561	134.203	253.505	0.18823529411764706	0.3137254901960784	0.9725490196078431
C	C4_1	260.777	133.829	253.094	0.5647058823529412	0.5647058823529412	0.5647058823529412
C	N4_1	261.652	133.438	254.019	0.18823529411764706	0.3137254901960784	0.9725490196078431
C	C5_1	261.146	133.838	251.715	0.5647058823529412	0.5647058823529412	0.5647058823529412
C	C6_1	260.219	134.228	250.828	0.5647058823529412	0.5647058823529412	0.5647058823529412
G	P_2	262.506	139.172	264.257	1.0	0.5019607843137255	0.0
G	OP1_2	262.008	139.833	265.499	1.0	0.050980392156862744	0.050980392156862744
G	OP2_2	262.94	137.749	264.308	1.0	0.050980392156862744	0.050980392156862744
G	O5'_2	261.378	139.308	263.134	1.0	0.050980392156862744	0.050980392156862744
G	C5'_2	260.794	140.59	262.818	0.5647058823529412	0.5647058823529412	0.5647058823529412
G	C4'_2	260.058	140.532	261.493	0.5647058823529412	0.5647058823529412	0.5647058823529412
G	O4'_2	260.975	140.127	260.439	1.0	0.050980392156862744	0.050980392156862744
G	C3'_2	258.914	139.535	261.36	0.5647058823529412	0.5647058823529412	0.5647058823529412
G	O3'_2	257.706	140.031	261.952	1.0	0.050980392156862744	0.050980392156862744
G	C2'_2	258.778	139.417	259.842	0.5647058823529412	0.5647058823529412	0.5647058823529412
G	O2'_2	258.075	140.497	259.259	1.0	0.050980392156862744	0.050980392156862744
G	C1'_2	260.241	139.493	259.396	0.5647058823529412	0.5647058823529412	0.5647058823529412
G	N9_2	260.843	138.195	259.099	0.18823529411764706	0.3137254901960784	0.9725490196078431
G	C8_2	261.731	137.487	259.875	0.5647058823529412	0.5647058823529412	0.5647058823529412
G	N7_2	262.104	136.359	259.331	0.18823529411764706	0.3137254901960784	0.9725490196078431
G	C5_2	261.42	136.316	258.122	0.5647058823529412	0.5647058823529412	0.5647058823529412
G	C6_2	261.421	135.328	257.096	0.5647058823529412	0.5647058823529412	0.5647058823529412
G	O6_2	262.049	134.26	257.054	1.0	0.050980392156862744	0.050980392156862744
G	N1_2	260.581	135.682	256.043	0.18823529411764706	0.3137254901960784	0.9725490196078431
G	C2_2	259.83	136.834	255.981	0.5647058823529412	0.5647058823529412	0.5647058823529412
G	N2_2	259.078	136.995	254.881	0.18823529411764706	0.3137254901960784	0.9725490196078431
G	N3_2	259.819	137.761	256.931	0.18823529411764706	0.3137254901960784	0.9725490196078431
G	C4_2	260.633	137.439	257.964	0.5647058823529412	0.5647058823529412	0.5647058823529412
