C	P_1	280.755	197.978	259.915	1.0	0.5019607843137255	0.0
C	OP1_1	281.683	197.006	260.565	1.0	0.050980392156862744	0.050980392156862744
C	OP2_1	279.799	197.503	258.877	1.0	0.050980392156862744	0.050980392156862744
C	O5'_1	279.914	198.698	261.063	1.0	0.050980392156862744	0.050980392156862744
C	C5'_1	279.283	197.95	262.122	0.5647058823529412	0.5647058823529412	0.5647058823529412
C	C4'_1	277.825	198.333	262.234	0.5647058823529412	0.5647058823529412	0.5647058823529412
C	O4'_1	277.713	199.778	262.341	1.0	0.050980392156862744	0.050980392156862744
C	C3'_1	276.958	197.983	261.033	0.5647058823529412	0.5647058823529412	0.5647058823529412
C	O3'_1	276.525	196.62	261.095	1.0	0.050980392156862744	0.050980392156862744
C	C2'_1	275.798	198.967	261.168	0.5647058823529412	0.5647058823529412	0.5647058823529412
C	O2'_1	274.829	198.555	262.114	1.0	0.050980392156862744	0.050980392156862744
C	C1'_1	276.514	200.209	261.711	0.5647058823529412	0.5647058823529412	0.5647058823529412
C	N1_1	276.841	201.234	260.695	0.18823529411764706	0.3137254901960784	0.9725490196078431
C	C2_1	275.898	202.253	260.423	0.5647058823529412	0.5647058823529412	0.5647058823529412
C	O2_1	274.812	202.257	261.032	1.0	0.050980392156862744	0.050980392156862744
C	N3_1	276.203	203.201	259.506	0.18823529411764706	0.3137254901960784	0.9725490196078431
C	C4_1	277.381	203.165	258.87	0.5647058823529412	0.5647058823529412	0.5647058823529412
C	N4_1	277.636	204.125	257.98	0.18823529411764706	0.3137254901960784	0.9725490196078431
C	C5_1	278.347	202.143	259.119	0.5647058823529412	0.5647058823529412	0.5647058823529412
C	C6_1	278.038	201.208	260.027	0.5647058823529412	0.5647058823529412	0.5647058823529412
G	P_2	263.807	204.983	259.627	1.0	0.5019607843137255	0.0
G	OP1_2	263.003	204.055	260.472	1.0	0.050980392156862744	0.050980392156862744
G	OP2_2	264.042	206.379	260.089	1.0	0.050980392156862744	0.050980392156862744
G	O5'_2	265.216	204.299	259.346	1.0	0.050980392156862744	0.050980392156862744
G	C5'_2	265.291	202.974	258.777	0.5647058823529412	0.5647058823529412	0.5647058823529412
G	C4'_2	266.733	202.573	258.591	0.5647058823529412	0.5647058823529412	0.5647058823529412
G	O4'_2	267.329	203.355	257.522	1.0	0.050980392156862744	0.050980392156862744
G	C3'_2	267.635	202.838	259.786	0.5647058823529412	0.5647058823529412	0.5647058823529412
G	O3'_2	267.518	201.82	260.777	1.0	0.050980392156862744	0.050980392156862744
G	C2'_2	269.015	202.899	259.144	0.5647058823529412	0.5647058823529412	0.5647058823529412
G	O2'_2	269.558	201.621	258.876	1.0	0.050980392156862744	0.050980392156862744
G	C1'_2	268.695	203.601	257.821	0.5647058823529412	0.5647058823529412	0.5647058823529412
G	N9_2	268.914	205.046	257.851	0.18823529411764706	0.3137254901960784	0.9725490196078431
G	C8_2	267.959	206.038	257.866	0.5647058823529412	0.5647058823529412	0.5647058823529412
G	N7_2	268.467	207.241	257.873	0.18823529411764706	0.3137254901960784	0.9725490196078431
G	C5_2	269.841	207.034	257.866	0.5647058823529412	0.5647058823529412	0.5647058823529412
G	C6_2	270.912	207.968	257.867	0.5647058823529412	0.5647058823529412	0.5647058823529412
G	O6_2	270.854	209.205	257.867	1.0	0.050980392156862744	0.050980392156862744
G	N1_2	272.151	207.327	257.868	0.18823529411764706	0.3137254901960784	0.9725490196078431
G	C2_2	272.337	205.964	257.865	0.5647058823529412	0.5647058823529412	0.5647058823529412
G	N2_2	273.615	205.534	257.872	0.18823529411764706	0.3137254901960784	0.9725490196078431
G	N3_2	271.345	205.084	257.857	0.18823529411764706	0.3137254901960784	0.9725490196078431
G	C4_2	270.133	205.685	257.858	0.5647058823529412	0.5647058823529412	0.5647058823529412
