G	P_1	191.457	287.413	171.38	1.0	0.5019607843137255	0.0
G	OP1_1	190.742	286.218	170.849	1.0	0.050980392156862744	0.050980392156862744
G	OP2_1	192.884	287.637	171.015	1.0	0.050980392156862744	0.050980392156862744
G	O5'_1	190.625	288.702	170.949	1.0	0.050980392156862744	0.050980392156862744
G	C5'_1	191.234	290.008	170.937	0.5647058823529412	0.5647058823529412	0.5647058823529412
G	C4'_1	190.723	290.84	172.093	0.5647058823529412	0.5647058823529412	0.5647058823529412
G	O4'_1	191.258	290.327	173.349	1.0	0.050980392156862744	0.050980392156862744
G	C3'_1	191.185	292.288	172.071	0.5647058823529412	0.5647058823529412	0.5647058823529412
G	O3'_1	190.383	293.078	171.199	1.0	0.050980392156862744	0.050980392156862744
G	C2'_1	191.073	292.688	173.536	0.5647058823529412	0.5647058823529412	0.5647058823529412
G	O2'_1	189.745	292.955	173.946	1.0	0.050980392156862744	0.050980392156862744
G	C1'_1	191.573	291.413	174.218	0.5647058823529412	0.5647058823529412	0.5647058823529412
G	N9_1	193.021	291.429	174.422	0.18823529411764706	0.3137254901960784	0.9725490196078431
G	C8_1	193.956	290.663	173.766	0.5647058823529412	0.5647058823529412	0.5647058823529412
G	N7_1	195.179	290.889	174.164	0.18823529411764706	0.3137254901960784	0.9725490196078431
G	C5_1	195.05	291.862	175.146	0.5647058823529412	0.5647058823529412	0.5647058823529412
G	C6_1	196.042	292.497	175.947	0.5647058823529412	0.5647058823529412	0.5647058823529412
G	O6_1	197.267	292.314	175.945	1.0	0.050980392156862744	0.050980392156862744
G	N1_1	195.481	293.427	176.815	0.18823529411764706	0.3137254901960784	0.9725490196078431
G	C2_1	194.139	293.716	176.903	0.5647058823529412	0.5647058823529412	0.5647058823529412
G	N2_1	193.799	294.655	177.802	0.18823529411764706	0.3137254901960784	0.9725490196078431
G	N3_1	193.2	293.128	176.163	0.18823529411764706	0.3137254901960784	0.9725490196078431
G	C4_1	193.725	292.216	175.314	0.5647058823529412	0.5647058823529412	0.5647058823529412
C	P_2	202.344	296.174	183.794	1.0	0.5019607843137255	0.0
C	OP1_2	202.579	296.32	185.259	1.0	0.050980392156862744	0.050980392156862744
C	OP2_2	202.892	294.993	183.079	1.0	0.050980392156862744	0.050980392156862744
C	O5'_2	200.775	296.235	183.517	1.0	0.050980392156862744	0.050980392156862744
C	C5'_2	199.966	297.292	184.077	0.5647058823529412	0.5647058823529412	0.5647058823529412
C	C4'_2	198.547	297.194	183.569	0.5647058823529412	0.5647058823529412	0.5647058823529412
C	O4'_2	198.51	297.482	182.146	1.0	0.050980392156862744	0.050980392156862744
C	C3'_2	197.9	295.821	183.674	0.5647058823529412	0.5647058823529412	0.5647058823529412
C	O3'_2	197.427	295.538	184.986	1.0	0.050980392156862744	0.050980392156862744
C	C2'_2	196.78	295.919	182.647	0.5647058823529412	0.5647058823529412	0.5647058823529412
C	O2'_2	195.65	296.616	183.129	1.0	0.050980392156862744	0.050980392156862744
C	C1'_2	197.465	296.729	181.54	0.5647058823529412	0.5647058823529412	0.5647058823529412
C	N1_2	198.034	295.868	180.483	0.18823529411764706	0.3137254901960784	0.9725490196078431
C	C2_2	197.227	295.53	179.373	0.5647058823529412	0.5647058823529412	0.5647058823529412
C	O2_2	196.081	296.009	179.286	1.0	0.050980392156862744	0.050980392156862744
C	N3_2	197.721	294.694	178.429	0.18823529411764706	0.3137254901960784	0.9725490196078431
C	C4_2	198.96	294.205	178.552	0.5647058823529412	0.5647058823529412	0.5647058823529412
C	N4_2	199.394	293.364	177.61	0.18823529411764706	0.3137254901960784	0.9725490196078431
C	C5_2	199.81	294.555	179.652	0.5647058823529412	0.5647058823529412	0.5647058823529412
C	C6_2	199.311	295.382	180.581	0.5647058823529412	0.5647058823529412	0.5647058823529412
