G	P_1	217.853	162.09	111.223	1.0	0.5019607843137255	0.0
G	OP1_1	217.754	162.295	109.752	1.0	0.050980392156862744	0.050980392156862744
G	OP2_1	218.718	162.993	112.033	1.0	0.050980392156862744	0.050980392156862744
G	O5'_1	216.377	162.127	111.827	1.0	0.050980392156862744	0.050980392156862744
G	C5'_1	215.343	161.273	111.295	0.5647058823529412	0.5647058823529412	0.5647058823529412
G	C4'_1	214.23	161.091	112.305	0.5647058823529412	0.5647058823529412	0.5647058823529412
G	O4'_1	214.768	160.542	113.539	1.0	0.050980392156862744	0.050980392156862744
G	C3'_1	213.498	162.348	112.752	0.5647058823529412	0.5647058823529412	0.5647058823529412
G	O3'_1	212.503	162.722	111.795	1.0	0.050980392156862744	0.050980392156862744
G	C2'_1	212.896	161.916	114.089	0.5647058823529412	0.5647058823529412	0.5647058823529412
G	O2'_1	211.718	161.145	113.944	1.0	0.050980392156862744	0.050980392156862744
G	C1'_1	214.002	161.01	114.641	0.5647058823529412	0.5647058823529412	0.5647058823529412
G	N9_1	214.898	161.646	115.605	0.18823529411764706	0.3137254901960784	0.9725490196078431
G	C8_1	216.175	162.112	115.381	0.5647058823529412	0.5647058823529412	0.5647058823529412
G	N7_1	216.738	162.604	116.452	0.18823529411764706	0.3137254901960784	0.9725490196078431
G	C5_1	215.775	162.463	117.443	0.5647058823529412	0.5647058823529412	0.5647058823529412
G	C6_1	215.812	162.818	118.817	0.5647058823529412	0.5647058823529412	0.5647058823529412
G	O6_1	216.739	163.336	119.452	1.0	0.050980392156862744	0.050980392156862744
G	N1_1	214.616	162.507	119.461	0.18823529411764706	0.3137254901960784	0.9725490196078431
G	C2_1	213.523	161.927	118.862	0.5647058823529412	0.5647058823529412	0.5647058823529412
G	N2_1	212.457	161.707	119.654	0.18823529411764706	0.3137254901960784	0.9725490196078431
G	N3_1	213.476	161.587	117.581	0.18823529411764706	0.3137254901960784	0.9725490196078431
G	C4_1	214.629	161.882	116.936	0.5647058823529412	0.5647058823529412	0.5647058823529412
C	P_2	213.626	163.92	130.11	1.0	0.5019607843137255	0.0
C	OP1_2	212.921	163.256	131.244	1.0	0.050980392156862744	0.050980392156862744
C	OP2_2	215.09	163.712	129.932	1.0	0.050980392156862744	0.050980392156862744
C	O5'_2	212.9	163.503	128.752	1.0	0.050980392156862744	0.050980392156862744
C	C5'_2	211.461	163.527	128.65	0.5647058823529412	0.5647058823529412	0.5647058823529412
C	C4'_2	211.002	162.839	127.382	0.5647058823529412	0.5647058823529412	0.5647058823529412
C	O4'_2	211.252	163.672	126.22	1.0	0.050980392156862744	0.050980392156862744
C	C3'_2	211.68	161.524	127.036	0.5647058823529412	0.5647058823529412	0.5647058823529412
C	O3'_2	211.181	160.448	127.823	1.0	0.050980392156862744	0.050980392156862744
C	C2'_2	211.354	161.384	125.554	0.5647058823529412	0.5647058823529412	0.5647058823529412
C	O2'_2	210.036	160.931	125.319	1.0	0.050980392156862744	0.050980392156862744
C	C1'_2	211.469	162.839	125.086	0.5647058823529412	0.5647058823529412	0.5647058823529412
C	N1_2	212.78	163.165	124.49	0.18823529411764706	0.3137254901960784	0.9725490196078431
C	C2_2	212.935	163.059	123.092	0.5647058823529412	0.5647058823529412	0.5647058823529412
C	O2_2	211.964	162.709	122.396	1.0	0.050980392156862744	0.050980392156862744
C	N3_2	214.14	163.345	122.543	0.18823529411764706	0.3137254901960784	0.9725490196078431
C	C4_2	215.159	163.728	123.324	0.5647058823529412	0.5647058823529412	0.5647058823529412
C	N4_2	216.327	163.995	122.739	0.18823529411764706	0.3137254901960784	0.9725490196078431
C	C5_2	215.025	163.852	124.739	0.5647058823529412	0.5647058823529412	0.5647058823529412
C	C6_2	213.832	163.562	125.274	0.5647058823529412	0.5647058823529412	0.5647058823529412
