G	P_1	170.42	174.572	191.547	1.0	0.5019607843137255	0.0
G	OP1_1	169.235	174.58	192.454	1.0	0.050980392156862744	0.050980392156862744
G	OP2_1	170.853	173.293	190.918	1.0	0.050980392156862744	0.050980392156862744
G	O5'_1	170.164	175.643	190.388	1.0	0.050980392156862744	0.050980392156862744
G	C5'_1	169.843	177.016	190.709	0.5647058823529412	0.5647058823529412	0.5647058823529412
G	C4'_1	169.443	177.791	189.465	0.5647058823529412	0.5647058823529412	0.5647058823529412
G	O4'_1	170.559	177.817	188.527	1.0	0.050980392156862744	0.050980392156862744
G	C3'_1	168.229	177.294	188.678	0.5647058823529412	0.5647058823529412	0.5647058823529412
G	O3'_1	167.49	178.413	188.172	1.0	0.050980392156862744	0.050980392156862744
G	C2'_1	168.872	176.527	187.521	0.5647058823529412	0.5647058823529412	0.5647058823529412
G	O2'_1	168.065	176.477	186.358	1.0	0.050980392156862744	0.050980392156862744
G	C1'_1	170.127	177.361	187.258	0.5647058823529412	0.5647058823529412	0.5647058823529412
G	N9_1	171.216	176.61	186.634	0.18823529411764706	0.3137254901960784	0.9725490196078431
G	C8_1	171.997	175.637	187.218	0.5647058823529412	0.5647058823529412	0.5647058823529412
G	N7_1	172.889	175.137	186.403	0.18823529411764706	0.3137254901960784	0.9725490196078431
G	C5_1	172.69	175.821	185.209	0.5647058823529412	0.5647058823529412	0.5647058823529412
G	C6_1	173.363	175.707	183.959	0.5647058823529412	0.5647058823529412	0.5647058823529412
G	O6_1	174.3	174.956	183.652	1.0	0.050980392156862744	0.050980392156862744
G	N1_1	172.842	176.589	183.016	0.18823529411764706	0.3137254901960784	0.9725490196078431
G	C2_1	171.809	177.468	183.238	0.5647058823529412	0.5647058823529412	0.5647058823529412
G	N2_1	171.449	178.234	182.193	0.18823529411764706	0.3137254901960784	0.9725490196078431
G	N3_1	171.174	177.587	184.399	0.18823529411764706	0.3137254901960784	0.9725490196078431
G	C4_1	171.664	176.738	185.333	0.5647058823529412	0.5647058823529412	0.5647058823529412
C	P_2	178.685	176.189	174.412	1.0	0.5019607843137255	0.0
C	OP1_2	179.354	177.056	173.397	1.0	0.050980392156862744	0.050980392156862744
C	OP2_2	179.48	175.634	175.541	1.0	0.050980392156862744	0.050980392156862744
C	O5'_2	177.439	176.975	175.032	1.0	0.050980392156862744	0.050980392156862744
C	C5'_2	176.52	177.708	174.188	0.5647058823529412	0.5647058823529412	0.5647058823529412
C	C4'_2	175.464	178.4	175.024	0.5647058823529412	0.5647058823529412	0.5647058823529412
C	O4'_2	174.623	177.411	175.678	1.0	0.050980392156862744	0.050980392156862744
C	C3'_2	175.957	179.273	176.168	0.5647058823529412	0.5647058823529412	0.5647058823529412
C	O3'_2	176.373	180.56	175.71	1.0	0.050980392156862744	0.050980392156862744
C	C2'_2	174.729	179.343	177.071	0.5647058823529412	0.5647058823529412	0.5647058823529412
C	O2'_2	173.763	180.27	176.621	1.0	0.050980392156862744	0.050980392156862744
C	C1'_2	174.163	177.928	176.921	0.5647058823529412	0.5647058823529412	0.5647058823529412
C	N1_2	174.546	176.996	178.006	0.18823529411764706	0.3137254901960784	0.9725490196078431
C	C2_2	173.802	177.004	179.207	0.5647058823529412	0.5647058823529412	0.5647058823529412
C	O2_2	172.846	177.793	179.329	1.0	0.050980392156862744	0.050980392156862744
C	N3_2	174.149	176.149	180.198	0.18823529411764706	0.3137254901960784	0.9725490196078431
C	C4_2	175.18	175.313	180.031	0.5647058823529412	0.5647058823529412	0.5647058823529412
C	N4_2	175.482	174.486	181.032	0.18823529411764706	0.3137254901960784	0.9725490196078431
C	C5_2	175.946	175.286	178.83	0.5647058823529412	0.5647058823529412	0.5647058823529412
C	C6_2	175.6	176.134	177.855	0.5647058823529412	0.5647058823529412	0.5647058823529412
