C	P_1	216.791	192.591	174.641	1.0	0.5019607843137255	0.0
C	OP1_1	216.428	192.104	173.283	1.0	0.050980392156862744	0.050980392156862744
C	OP2_1	218.107	193.258	174.855	1.0	0.050980392156862744	0.050980392156862744
C	O5'_1	215.653	193.601	175.118	1.0	0.050980392156862744	0.050980392156862744
C	C5'_1	214.254	193.263	174.994	0.5647058823529412	0.5647058823529412	0.5647058823529412
C	C4'_1	213.386	194.381	175.546	0.5647058823529412	0.5647058823529412	0.5647058823529412
C	O4'_1	213.64	194.554	176.972	1.0	0.050980392156862744	0.050980392156862744
C	C3'_1	213.617	195.77	174.964	0.5647058823529412	0.5647058823529412	0.5647058823529412
C	O3'_1	212.967	195.964	173.702	1.0	0.050980392156862744	0.050980392156862744
C	C2'_1	213.06	196.674	176.061	0.5647058823529412	0.5647058823529412	0.5647058823529412
C	O2'_1	211.647	196.773	176.043	1.0	0.050980392156862744	0.050980392156862744
C	C1'_1	213.497	195.925	177.325	0.5647058823529412	0.5647058823529412	0.5647058823529412
C	N1_1	214.778	196.406	177.898	0.18823529411764706	0.3137254901960784	0.9725490196078431
C	C2_1	214.765	197.505	178.794	0.5647058823529412	0.5647058823529412	0.5647058823529412
C	O2_1	213.683	198.037	179.08	1.0	0.050980392156862744	0.050980392156862744
C	N3_1	215.932	197.949	179.322	0.18823529411764706	0.3137254901960784	0.9725490196078431
C	C4_1	217.083	197.348	179.0	0.5647058823529412	0.5647058823529412	0.5647058823529412
C	N4_1	218.216	197.817	179.553	0.18823529411764706	0.3137254901960784	0.9725490196078431
C	C5_1	217.127	196.234	178.095	0.5647058823529412	0.5647058823529412	0.5647058823529412
C	C6_1	215.963	195.803	177.573	0.5647058823529412	0.5647058823529412	0.5647058823529412
G	P_2	218.245	202.942	187.751	1.0	0.5019607843137255	0.0
G	OP1_2	219.217	203.793	188.511	1.0	0.050980392156862744	0.050980392156862744
G	OP2_2	217.278	202.08	188.498	1.0	0.050980392156862744	0.050980392156862744
G	O5'_2	217.431	203.902	186.764	1.0	0.050980392156862744	0.050980392156862744
G	C5'_2	216.426	204.824	187.25	0.5647058823529412	0.5647058823529412	0.5647058823529412
G	C4'_2	215.191	204.761	186.369	0.5647058823529412	0.5647058823529412	0.5647058823529412
G	O4'_2	215.528	205.147	185.004	1.0	0.050980392156862744	0.050980392156862744
G	C3'_2	214.586	203.371	186.225	0.5647058823529412	0.5647058823529412	0.5647058823529412
G	O3'_2	213.733	203.052	187.321	1.0	0.050980392156862744	0.050980392156862744
G	C2'_2	213.835	203.472	184.903	0.5647058823529412	0.5647058823529412	0.5647058823529412
G	O2'_2	212.59	204.127	185.028	1.0	0.050980392156862744	0.050980392156862744
G	C1'_2	214.793	204.345	184.08	0.5647058823529412	0.5647058823529412	0.5647058823529412
G	N9_2	215.748	203.572	183.282	0.18823529411764706	0.3137254901960784	0.9725490196078431
G	C8_2	217.115	203.747	183.236	0.5647058823529412	0.5647058823529412	0.5647058823529412
G	N7_2	217.717	202.902	182.443	0.18823529411764706	0.3137254901960784	0.9725490196078431
G	C5_2	216.691	202.119	181.926	0.5647058823529412	0.5647058823529412	0.5647058823529412
G	C6_2	216.742	201.03	181.014	0.5647058823529412	0.5647058823529412	0.5647058823529412
G	O6_2	217.736	200.531	180.467	1.0	0.050980392156862744	0.050980392156862744
G	N1_2	215.473	200.515	180.756	0.18823529411764706	0.3137254901960784	0.9725490196078431
G	C2_2	214.304	200.983	181.306	0.5647058823529412	0.5647058823529412	0.5647058823529412
G	N2_2	213.18	200.345	180.928	0.18823529411764706	0.3137254901960784	0.9725490196078431
G	N3_2	214.242	202.001	182.164	0.18823529411764706	0.3137254901960784	0.9725490196078431
G	C4_2	215.467	202.517	182.428	0.5647058823529412	0.5647058823529412	0.5647058823529412
