G	P_1	209.266	318.661	197.892	1.0	0.5019607843137255	0.0
G	OP1_1	210.386	319.632	198.05	1.0	0.050980392156862744	0.050980392156862744
G	OP2_1	207.974	319.12	197.308	1.0	0.050980392156862744	0.050980392156862744
G	O5'_1	209.795	317.425	197.029	1.0	0.050980392156862744	0.050980392156862744
G	C5'_1	210.958	316.677	197.446	0.5647058823529412	0.5647058823529412	0.5647058823529412
G	C4'_1	211.118	315.418	196.617	0.5647058823529412	0.5647058823529412	0.5647058823529412
G	O4'_1	209.944	314.576	196.764	1.0	0.050980392156862744	0.050980392156862744
G	C3'_1	211.258	315.583	195.11	0.5647058823529412	0.5647058823529412	0.5647058823529412
G	O3'_1	212.603	315.913	194.752	1.0	0.050980392156862744	0.050980392156862744
G	C2'_1	210.874	314.197	194.602	0.5647058823529412	0.5647058823529412	0.5647058823529412
G	O2'_1	211.924	313.261	194.734	1.0	0.050980392156862744	0.050980392156862744
G	C1'_1	209.764	313.808	195.583	0.5647058823529412	0.5647058823529412	0.5647058823529412
G	N9_1	208.401	314.0	195.093	0.18823529411764706	0.3137254901960784	0.9725490196078431
G	C8_1	207.466	314.898	195.554	0.5647058823529412	0.5647058823529412	0.5647058823529412
G	N7_1	206.322	314.812	194.932	0.18823529411764706	0.3137254901960784	0.9725490196078431
G	C5_1	206.512	313.802	193.999	0.5647058823529412	0.5647058823529412	0.5647058823529412
G	C6_1	205.621	313.259	193.04	0.5647058823529412	0.5647058823529412	0.5647058823529412
G	O6_1	204.445	313.571	192.82	1.0	0.050980392156862744	0.050980392156862744
G	N1_1	206.223	312.251	192.293	0.18823529411764706	0.3137254901960784	0.9725490196078431
G	C2_1	207.516	311.821	192.449	0.5647058823529412	0.5647058823529412	0.5647058823529412
G	N2_1	207.916	310.845	191.622	0.18823529411764706	0.3137254901960784	0.9725490196078431
G	N3_1	208.357	312.314	193.346	0.18823529411764706	0.3137254901960784	0.9725490196078431
G	C4_1	207.791	313.295	194.081	0.5647058823529412	0.5647058823529412	0.5647058823529412
C	P_2	200.734	305.771	187.876	1.0	0.5019607843137255	0.0
C	OP1_2	200.6	304.296	188.027	1.0	0.050980392156862744	0.050980392156862744
C	OP2_2	200.199	306.668	188.934	1.0	0.050980392156862744	0.050980392156862744
C	O5'_2	202.282	306.108	187.69	1.0	0.050980392156862744	0.050980392156862744
C	C5'_2	203.074	305.455	186.671	0.5647058823529412	0.5647058823529412	0.5647058823529412
C	C4'_2	204.503	305.944	186.733	0.5647058823529412	0.5647058823529412	0.5647058823529412
C	O4'_2	204.539	307.376	186.478	1.0	0.050980392156862744	0.050980392156862744
C	C3'_2	205.177	305.784	188.086	0.5647058823529412	0.5647058823529412	0.5647058823529412
C	O3'_2	205.704	304.468	188.238	1.0	0.050980392156862744	0.050980392156862744
C	C2'_2	206.255	306.861	188.048	0.5647058823529412	0.5647058823529412	0.5647058823529412
C	O2'_2	207.387	306.474	187.296	1.0	0.050980392156862744	0.050980392156862744
C	C1'_2	205.534	307.984	187.292	0.5647058823529412	0.5647058823529412	0.5647058823529412
C	N1_2	204.893	309.013	188.15	0.18823529411764706	0.3137254901960784	0.9725490196078431
C	C2_2	205.709	309.877	188.923	0.5647058823529412	0.5647058823529412	0.5647058823529412
C	O2_2	206.945	309.749	188.88	1.0	0.050980392156862744	0.050980392156862744
C	N3_2	205.118	310.826	189.69	0.18823529411764706	0.3137254901960784	0.9725490196078431
C	C4_2	203.784	310.937	189.709	0.5647058823529412	0.5647058823529412	0.5647058823529412
C	N4_2	203.249	311.891	190.469	0.18823529411764706	0.3137254901960784	0.9725490196078431
C	C5_2	202.939	310.074	188.947	0.5647058823529412	0.5647058823529412	0.5647058823529412
C	C6_2	203.528	309.138	188.193	0.5647058823529412	0.5647058823529412	0.5647058823529412
