C	P_1	172.431	142.202	183.626	1.0	0.5019607843137255	0.0
C	OP1_1	171.559	143.101	182.814	1.0	0.050980392156862744	0.050980392156862744
C	OP2_1	173.27	141.182	182.941	1.0	0.050980392156862744	0.050980392156862744
C	O5'_1	173.39	143.092	184.536	1.0	0.050980392156862744	0.050980392156862744
C	C5'_1	173.078	144.466	184.823	0.5647058823529412	0.5647058823529412	0.5647058823529412
C	C4'_1	174.342	145.24	185.1	0.5647058823529412	0.5647058823529412	0.5647058823529412
C	O4'_1	174.938	144.732	186.326	1.0	0.050980392156862744	0.050980392156862744
C	C3'_1	175.446	145.099	184.058	0.5647058823529412	0.5647058823529412	0.5647058823529412
C	O3'_1	175.194	145.795	182.814	1.0	0.050980392156862744	0.050980392156862744
C	C2'_1	176.715	145.375	184.859	0.5647058823529412	0.5647058823529412	0.5647058823529412
C	O2'_1	177.024	146.741	185.048	1.0	0.050980392156862744	0.050980392156862744
C	C1'_1	176.355	144.728	186.207	0.5647058823529412	0.5647058823529412	0.5647058823529412
C	N1_1	176.844	143.336	186.382	0.18823529411764706	0.3137254901960784	0.9725490196078431
C	C2_1	177.828	143.077	187.362	0.5647058823529412	0.5647058823529412	0.5647058823529412
C	O2_1	178.225	144.007	188.085	1.0	0.050980392156862744	0.050980392156862744
C	N3_1	178.314	141.816	187.494	0.18823529411764706	0.3137254901960784	0.9725490196078431
C	C4_1	177.855	140.837	186.71	0.5647058823529412	0.5647058823529412	0.5647058823529412
C	N4_1	178.38	139.619	186.858	0.18823529411764706	0.3137254901960784	0.9725490196078431
C	C5_1	176.839	141.064	185.731	0.5647058823529412	0.5647058823529412	0.5647058823529412
C	C6_1	176.366	142.314	185.603	0.5647058823529412	0.5647058823529412	0.5647058823529412
G	P_2	189.406	139.733	189.045	1.0	0.5019607843137255	0.0
G	OP1_2	190.82	139.785	189.517	1.0	0.050980392156862744	0.050980392156862744
G	OP2_2	188.884	138.484	188.427	1.0	0.050980392156862744	0.050980392156862744
G	O5'_2	188.456	140.118	190.265	1.0	0.050980392156862744	0.050980392156862744
G	C5'_2	188.701	141.305	191.042	0.5647058823529412	0.5647058823529412	0.5647058823529412
G	C4'_2	187.458	141.702	191.802	0.5647058823529412	0.5647058823529412	0.5647058823529412
G	O4'_2	186.394	142.029	190.872	1.0	0.050980392156862744	0.050980392156862744
G	C3'_2	186.86	140.639	192.708	0.5647058823529412	0.5647058823529412	0.5647058823529412
G	O3'_2	187.544	140.645	193.963	1.0	0.050980392156862744	0.050980392156862744
G	C2'_2	185.406	141.098	192.837	0.5647058823529412	0.5647058823529412	0.5647058823529412
G	O2'_2	185.222	142.122	193.791	1.0	0.050980392156862744	0.050980392156862744
G	C1'_2	185.142	141.692	191.448	0.5647058823529412	0.5647058823529412	0.5647058823529412
G	N9_2	184.431	140.814	190.524	0.18823529411764706	0.3137254901960784	0.9725490196078431
G	C8_2	184.807	139.557	190.107	0.5647058823529412	0.5647058823529412	0.5647058823529412
G	N7_2	183.961	139.02	189.268	0.18823529411764706	0.3137254901960784	0.9725490196078431
G	C5_2	182.968	139.978	189.12	0.5647058823529412	0.5647058823529412	0.5647058823529412
G	C6_2	181.786	139.96	188.334	0.5647058823529412	0.5647058823529412	0.5647058823529412
G	O6_2	181.367	139.06	187.591	1.0	0.050980392156862744	0.050980392156862744
G	N1_2	181.061	141.141	188.474	0.18823529411764706	0.3137254901960784	0.9725490196078431
G	C2_2	181.424	142.202	189.268	0.5647058823529412	0.5647058823529412	0.5647058823529412
G	N2_2	180.593	143.259	189.268	0.18823529411764706	0.3137254901960784	0.9725490196078431
G	N3_2	182.523	142.229	190.01	0.18823529411764706	0.3137254901960784	0.9725490196078431
G	C4_2	183.243	141.093	189.888	0.5647058823529412	0.5647058823529412	0.5647058823529412
