G	P_1	243.739	177.097	173.861	1.0	0.5019607843137255	0.0
G	OP1_1	242.559	177.58	173.085	1.0	0.050980392156862744	0.050980392156862744
G	OP2_1	243.619	176.9	175.335	1.0	0.050980392156862744	0.050980392156862744
G	O5'_1	244.229	175.73	173.204	1.0	0.050980392156862744	0.050980392156862744
G	C5'_1	245.257	174.936	173.833	0.5647058823529412	0.5647058823529412	0.5647058823529412
G	C4'_1	245.833	173.936	172.85	0.5647058823529412	0.5647058823529412	0.5647058823529412
G	O4'_1	244.756	173.151	172.271	1.0	0.050980392156862744	0.050980392156862744
G	C3'_1	246.561	174.516	171.645	0.5647058823529412	0.5647058823529412	0.5647058823529412
G	O3'_1	247.918	174.807	171.964	1.0	0.050980392156862744	0.050980392156862744
G	C2'_1	246.47	173.381	170.635	0.5647058823529412	0.5647058823529412	0.5647058823529412
G	O2'_1	247.408	172.351	170.877	1.0	0.050980392156862744	0.050980392156862744
G	C1'_1	245.068	172.84	170.922	0.5647058823529412	0.5647058823529412	0.5647058823529412
G	N9_1	244.048	173.431	170.062	0.18823529411764706	0.3137254901960784	0.9725490196078431
G	C8_1	243.027	174.279	170.438	0.5647058823529412	0.5647058823529412	0.5647058823529412
G	N7_1	242.251	174.627	169.444	0.18823529411764706	0.3137254901960784	0.9725490196078431
G	C5_1	242.791	173.976	168.341	0.5647058823529412	0.5647058823529412	0.5647058823529412
G	C6_1	242.369	173.97	166.98	0.5647058823529412	0.5647058823529412	0.5647058823529412
G	O6_1	241.394	174.549	166.473	1.0	0.050980392156862744	0.050980392156862744
G	N1_1	243.21	173.184	166.188	0.18823529411764706	0.3137254901960784	0.9725490196078431
G	C2_1	244.31	172.489	166.648	0.5647058823529412	0.5647058823529412	0.5647058823529412
G	N2_1	244.997	171.791	165.727	0.18823529411764706	0.3137254901960784	0.9725490196078431
G	N3_1	244.708	172.479	167.917	0.18823529411764706	0.3137254901960784	0.9725490196078431
G	C4_1	243.908	173.238	168.703	0.5647058823529412	0.5647058823529412	0.5647058823529412
C	P_2	244.602	173.934	155.085	1.0	0.5019607843137255	0.0
C	OP1_2	245.584	173.761	153.978	1.0	0.050980392156862744	0.050980392156862744
C	OP2_2	243.206	173.441	154.917	1.0	0.050980392156862744	0.050980392156862744
C	O5'_2	245.219	173.258	156.393	1.0	0.050980392156862744	0.050980392156862744
C	C5'_2	244.652	173.517	157.696	0.5647058823529412	0.5647058823529412	0.5647058823529412
C	C4'_2	244.962	172.377	158.643	0.5647058823529412	0.5647058823529412	0.5647058823529412
C	O4'_2	244.507	172.735	159.978	1.0	0.050980392156862744	0.050980392156862744
C	C3'_2	244.291	171.045	158.319	0.5647058823529412	0.5647058823529412	0.5647058823529412
C	O3'_2	245.132	169.981	158.774	1.0	0.050980392156862744	0.050980392156862744
C	C2'_2	243.018	171.111	159.16	0.5647058823529412	0.5647058823529412	0.5647058823529412
C	O2'_2	242.482	169.841	159.475	1.0	0.050980392156862744	0.050980392156862744
C	C1'_2	243.541	171.803	160.419	0.5647058823529412	0.5647058823529412	0.5647058823529412
C	N1_2	242.557	172.523	161.254	0.18823529411764706	0.3137254901960784	0.9725490196078431
C	C2_2	242.845	172.695	162.628	0.5647058823529412	0.5647058823529412	0.5647058823529412
C	O2_2	243.907	172.232	163.088	1.0	0.050980392156862744	0.050980392156862744
C	N3_2	241.96	173.36	163.411	0.18823529411764706	0.3137254901960784	0.9725490196078431
C	C4_2	240.83	173.844	162.882	0.5647058823529412	0.5647058823529412	0.5647058823529412
C	N4_2	239.987	174.496	163.694	0.18823529411764706	0.3137254901960784	0.9725490196078431
C	C5_2	240.512	173.681	161.496	0.5647058823529412	0.5647058823529412	0.5647058823529412
C	C6_2	241.394	173.022	160.727	0.5647058823529412	0.5647058823529412	0.5647058823529412
