C	P_1	267.337	167.796	161.269	1.0	0.5019607843137255	0.0
C	OP1_1	267.226	166.369	161.689	1.0	0.050980392156862744	0.050980392156862744
C	OP2_1	266.743	168.86	162.126	1.0	0.050980392156862744	0.050980392156862744
C	O5'_1	268.883	168.118	161.056	1.0	0.050980392156862744	0.050980392156862744
C	C5'_1	269.673	167.344	160.134	0.5647058823529412	0.5647058823529412	0.5647058823529412
C	C4'_1	270.955	168.067	159.804	0.5647058823529412	0.5647058823529412	0.5647058823529412
C	O4'_1	270.654	169.313	159.122	1.0	0.050980392156862744	0.050980392156862744
C	C3'_1	271.795	168.501	160.991	0.5647058823529412	0.5647058823529412	0.5647058823529412
C	O3'_1	272.555	167.431	161.536	1.0	0.050980392156862744	0.050980392156862744
C	C2'_1	272.648	169.607	160.383	0.5647058823529412	0.5647058823529412	0.5647058823529412
C	O2'_1	273.716	169.122	159.594	1.0	0.050980392156862744	0.050980392156862744
C	C1'_1	271.627	170.291	159.472	0.5647058823529412	0.5647058823529412	0.5647058823529412
C	N1_1	270.954	171.427	160.137	0.18823529411764706	0.3137254901960784	0.9725490196078431
C	C2_1	271.502	172.719	159.986	0.5647058823529412	0.5647058823529412	0.5647058823529412
C	O2_1	272.529	172.865	159.29	1.0	0.050980392156862744	0.050980392156862744
C	N3_1	270.901	173.764	160.601	0.18823529411764706	0.3137254901960784	0.9725490196078431
C	C4_1	269.806	173.564	161.34	0.5647058823529412	0.5647058823529412	0.5647058823529412
C	N4_1	269.253	174.622	161.933	0.18823529411764706	0.3137254901960784	0.9725490196078431
C	C5_1	269.228	172.269	161.505	0.5647058823529412	0.5647058823529412	0.5647058823529412
C	C6_1	269.826	171.241	160.892	0.5647058823529412	0.5647058823529412	0.5647058823529412
G	P_2	274.058	185.059	161.56	1.0	0.5019607843137255	0.0
G	OP1_2	274.64	186.308	160.986	1.0	0.050980392156862744	0.050980392156862744
G	OP2_2	272.583	184.856	161.529	1.0	0.050980392156862744	0.050980392156862744
G	O5'_2	274.757	183.816	160.85	1.0	0.050980392156862744	0.050980392156862744
G	C5'_2	276.196	183.718	160.796	0.5647058823529412	0.5647058823529412	0.5647058823529412
G	C4'_2	276.616	182.359	160.288	0.5647058823529412	0.5647058823529412	0.5647058823529412
G	O4'_2	276.263	181.329	161.252	1.0	0.050980392156862744	0.050980392156862744
G	C3'_2	275.961	181.885	159.0	0.5647058823529412	0.5647058823529412	0.5647058823529412
G	O3'_2	276.564	182.478	157.853	1.0	0.050980392156862744	0.050980392156862744
G	C2'_2	276.19	180.38	159.066	0.5647058823529412	0.5647058823529412	0.5647058823529412
G	O2'_2	277.505	180.015	158.7	1.0	0.050980392156862744	0.050980392156862744
G	C1'_2	276.003	180.113	160.563	0.5647058823529412	0.5647058823529412	0.5647058823529412
G	N9_2	274.659	179.647	160.904	0.18823529411764706	0.3137254901960784	0.9725490196078431
G	C8_2	273.632	180.382	161.459	0.5647058823529412	0.5647058823529412	0.5647058823529412
G	N7_2	272.542	179.682	161.645	0.18823529411764706	0.3137254901960784	0.9725490196078431
G	C5_2	272.865	178.409	161.188	0.5647058823529412	0.5647058823529412	0.5647058823529412
G	C6_2	272.081	177.225	161.134	0.5647058823529412	0.5647058823529412	0.5647058823529412
G	O6_2	270.903	177.064	161.486	1.0	0.050980392156862744	0.050980392156862744
G	N1_2	272.802	176.156	160.601	0.18823529411764706	0.3137254901960784	0.9725490196078431
G	C2_2	274.107	176.217	160.174	0.5647058823529412	0.5647058823529412	0.5647058823529412
G	N2_2	274.629	175.072	159.697	0.18823529411764706	0.3137254901960784	0.9725490196078431
G	N3_2	274.849	177.316	160.212	0.18823529411764706	0.3137254901960784	0.9725490196078431
G	C4_2	274.169	178.367	160.728	0.5647058823529412	0.5647058823529412	0.5647058823529412
