G	P_1	146.611	220.615	179.145	1.0	0.5019607843137255	0.0
G	OP1_1	145.892	221.614	179.992	1.0	0.050980392156862744	0.050980392156862744
G	OP2_1	147.166	219.384	179.778	1.0	0.050980392156862744	0.050980392156862744
G	O5'_1	145.627	220.172	177.963	1.0	0.050980392156862744	0.050980392156862744
G	C5'_1	145.259	221.105	176.919	0.5647058823529412	0.5647058823529412	0.5647058823529412
G	C4'_1	144.715	220.372	175.705	0.5647058823529412	0.5647058823529412	0.5647058823529412
G	O4'_1	145.674	219.38	175.247	1.0	0.050980392156862744	0.050980392156862744
G	C3'_1	143.436	219.571	175.9	0.5647058823529412	0.5647058823529412	0.5647058823529412
G	O3'_1	142.292	220.425	175.848	1.0	0.050980392156862744	0.050980392156862744
G	C2'_1	143.483	218.597	174.725	0.5647058823529412	0.5647058823529412	0.5647058823529412
G	O2'_1	143.077	219.178	173.498	1.0	0.050980392156862744	0.050980392156862744
G	C1'_1	144.982	218.293	174.644	0.5647058823529412	0.5647058823529412	0.5647058823529412
G	N9_1	145.37	217.052	175.31	0.18823529411764706	0.3137254901960784	0.9725490196078431
G	C8_1	146.079	216.92	176.486	0.5647058823529412	0.5647058823529412	0.5647058823529412
G	N7_1	146.275	215.675	176.832	0.18823529411764706	0.3137254901960784	0.9725490196078431
G	C5_1	145.659	214.935	175.826	0.5647058823529412	0.5647058823529412	0.5647058823529412
G	C6_1	145.538	213.522	175.658	0.5647058823529412	0.5647058823529412	0.5647058823529412
G	O6_1	145.96	212.618	176.395	1.0	0.050980392156862744	0.050980392156862744
G	N1_1	144.841	213.202	174.492	0.18823529411764706	0.3137254901960784	0.9725490196078431
G	C2_1	144.323	214.115	173.601	0.5647058823529412	0.5647058823529412	0.5647058823529412
G	N2_1	143.692	213.604	172.53	0.18823529411764706	0.3137254901960784	0.9725490196078431
G	N3_1	144.42	215.432	173.749	0.18823529411764706	0.3137254901960784	0.9725490196078431
G	C4_1	145.097	215.769	174.876	0.5647058823529412	0.5647058823529412	0.5647058823529412
C	P_2	141.685	202.798	172.338	1.0	0.5019607843137255	0.0
C	OP1_2	141.559	201.591	171.466	1.0	0.050980392156862744	0.050980392156862744
C	OP2_2	142.952	203.032	173.087	1.0	0.050980392156862744	0.050980392156862744
C	O5'_2	141.384	204.087	171.45	1.0	0.050980392156862744	0.050980392156862744
C	C5'_2	142.451	204.829	170.834	0.5647058823529412	0.5647058823529412	0.5647058823529412
C	C4'_2	141.994	206.232	170.513	0.5647058823529412	0.5647058823529412	0.5647058823529412
C	O4'_2	141.514	206.887	171.72	1.0	0.050980392156862744	0.050980392156862744
C	C3'_2	143.091	207.151	170.002	0.5647058823529412	0.5647058823529412	0.5647058823529412
C	O3'_2	143.333	206.929	168.612	1.0	0.050980392156862744	0.050980392156862744
C	C2'_2	142.544	208.536	170.342	0.5647058823529412	0.5647058823529412	0.5647058823529412
C	O2'_2	141.565	208.996	169.427	1.0	0.050980392156862744	0.050980392156862744
C	C1'_2	141.875	208.262	171.694	0.5647058823529412	0.5647058823529412	0.5647058823529412
C	N1_2	142.729	208.548	172.866	0.18823529411764706	0.3137254901960784	0.9725490196078431
C	C2_2	142.895	209.883	173.28	0.5647058823529412	0.5647058823529412	0.5647058823529412
C	O2_2	142.316	210.788	172.652	1.0	0.050980392156862744	0.050980392156862744
C	N3_2	143.682	210.145	174.355	0.18823529411764706	0.3137254901960784	0.9725490196078431
C	C4_2	144.284	209.14	175.005	0.5647058823529412	0.5647058823529412	0.5647058823529412
C	N4_2	145.055	209.443	176.054	0.18823529411764706	0.3137254901960784	0.9725490196078431
C	C5_2	144.126	207.781	174.608	0.5647058823529412	0.5647058823529412	0.5647058823529412
C	C6_2	143.351	207.533	173.546	0.5647058823529412	0.5647058823529412	0.5647058823529412
