C	P_1	159.89	216.217	132.238	1.0	0.5019607843137255	0.0
C	OP1_1	160.485	214.863	132.408	1.0	0.050980392156862744	0.050980392156862744
C	OP2_1	159.623	216.733	130.863	1.0	0.050980392156862744	0.050980392156862744
C	O5'_1	158.529	216.251	133.073	1.0	0.050980392156862744	0.050980392156862744
C	C5'_1	157.298	215.69	132.554	0.5647058823529412	0.5647058823529412	0.5647058823529412
C	C4'_1	156.598	214.877	133.628	0.5647058823529412	0.5647058823529412	0.5647058823529412
C	O4'_1	157.28	213.61	133.802	1.0	0.050980392156862744	0.050980392156862744
C	C3'_1	156.535	215.496	135.024	0.5647058823529412	0.5647058823529412	0.5647058823529412
C	O3'_1	155.403	216.375	135.128	1.0	0.050980392156862744	0.050980392156862744
C	C2'_1	156.389	214.268	135.929	0.5647058823529412	0.5647058823529412	0.5647058823529412
C	O2'_1	155.049	213.814	136.029	1.0	0.050980392156862744	0.050980392156862744
C	C1'_1	157.2	213.211	135.162	0.5647058823529412	0.5647058823529412	0.5647058823529412
C	N1_1	158.566	212.892	135.64	0.18823529411764706	0.3137254901960784	0.9725490196078431
C	C2_1	158.735	211.917	136.651	0.5647058823529412	0.5647058823529412	0.5647058823529412
C	O2_1	157.732	211.393	137.17	1.0	0.050980392156862744	0.050980392156862744
C	N3_1	159.991	211.578	137.03	0.18823529411764706	0.3137254901960784	0.9725490196078431
C	C4_1	161.046	212.17	136.459	0.5647058823529412	0.5647058823529412	0.5647058823529412
C	N4_1	162.264	211.789	136.845	0.18823529411764706	0.3137254901960784	0.9725490196078431
C	C5_1	160.901	213.178	135.463	0.5647058823529412	0.5647058823529412	0.5647058823529412
C	C6_1	159.659	213.508	135.091	0.5647058823529412	0.5647058823529412	0.5647058823529412
G	P_2	165.315	212.248	147.123	1.0	0.5019607843137255	0.0
G	OP1_2	165.432	212.9	148.459	1.0	0.050980392156862744	0.050980392156862744
G	OP2_2	166.249	211.143	146.763	1.0	0.050980392156862744	0.050980392156862744
G	O5'_2	163.821	211.705	146.967	1.0	0.050980392156862744	0.050980392156862744
G	C5'_2	162.692	212.556	147.255	0.5647058823529412	0.5647058823529412	0.5647058823529412
G	C4'_2	161.418	211.989	146.657	0.5647058823529412	0.5647058823529412	0.5647058823529412
G	O4'_2	161.528	211.95	145.203	1.0	0.050980392156862744	0.050980392156862744
G	C3'_2	160.995	210.582	147.087	0.5647058823529412	0.5647058823529412	0.5647058823529412
G	O3'_2	159.562	210.547	147.165	1.0	0.050980392156862744	0.050980392156862744
G	C2'_2	161.496	209.716	145.926	0.5647058823529412	0.5647058823529412	0.5647058823529412
G	O2'_2	160.797	208.493	145.777	1.0	0.050980392156862744	0.050980392156862744
G	C1'_2	161.235	210.644	144.739	0.5647058823529412	0.5647058823529412	0.5647058823529412
G	N9_2	162.0	210.4	143.514	0.18823529411764706	0.3137254901960784	0.9725490196078431
G	C8_2	163.332	210.059	143.391	0.5647058823529412	0.5647058823529412	0.5647058823529412
G	N7_2	163.716	209.926	142.146	0.18823529411764706	0.3137254901960784	0.9725490196078431
G	C5_2	162.571	210.189	141.4	0.5647058823529412	0.5647058823529412	0.5647058823529412
G	C6_2	162.363	210.195	139.987	0.5647058823529412	0.5647058823529412	0.5647058823529412
G	O6_2	163.178	209.961	139.083	1.0	0.050980392156862744	0.050980392156862744
G	N1_2	161.044	210.517	139.666	0.18823529411764706	0.3137254901960784	0.9725490196078431
G	C2_2	160.051	210.796	140.578	0.5647058823529412	0.5647058823529412	0.5647058823529412
G	N2_2	158.839	211.089	140.071	0.18823529411764706	0.3137254901960784	0.9725490196078431
G	N3_2	160.23	210.79	141.89	0.18823529411764706	0.3137254901960784	0.9725490196078431
G	C4_2	161.504	210.482	142.229	0.5647058823529412	0.5647058823529412	0.5647058823529412
