G	P_1	253.507	134.561	147.19	1.0	0.5019607843137255	0.0
G	OP1_1	254.643	133.622	147.417	1.0	0.050980392156862744	0.050980392156862744
G	OP2_1	252.154	134.017	146.871	1.0	0.050980392156862744	0.050980392156862744
G	O5'_1	253.375	135.501	148.471	1.0	0.050980392156862744	0.050980392156862744
G	C5'_1	254.52	136.223	148.983	0.5647058823529412	0.5647058823529412	0.5647058823529412
G	C4'_1	254.108	137.131	150.125	0.5647058823529412	0.5647058823529412	0.5647058823529412
G	O4'_1	253.212	138.167	149.637	1.0	0.050980392156862744	0.050980392156862744
G	C3'_1	253.333	136.477	151.26	0.5647058823529412	0.5647058823529412	0.5647058823529412
G	O3'_1	254.202	135.809	152.172	1.0	0.050980392156862744	0.050980392156862744
G	C2'_1	252.623	137.67	151.893	0.5647058823529412	0.5647058823529412	0.5647058823529412
G	O2'_1	253.468	138.433	152.731	1.0	0.050980392156862744	0.050980392156862744
G	C1'_1	252.281	138.507	150.657	0.5647058823529412	0.5647058823529412	0.5647058823529412
G	N9_1	250.927	138.272	150.154	0.18823529411764706	0.3137254901960784	0.9725490196078431
G	C8_1	250.566	137.592	149.011	0.5647058823529412	0.5647058823529412	0.5647058823529412
G	N7_1	249.272	137.554	148.821	0.18823529411764706	0.3137254901960784	0.9725490196078431
G	C5_1	248.745	138.244	149.905	0.5647058823529412	0.5647058823529412	0.5647058823529412
G	C6_1	247.398	138.519	150.245	0.5647058823529412	0.5647058823529412	0.5647058823529412
G	O6_1	246.371	138.197	149.634	1.0	0.050980392156862744	0.050980392156862744
G	N1_1	247.306	139.247	151.43	0.18823529411764706	0.3137254901960784	0.9725490196078431
G	C2_1	248.373	139.655	152.192	0.5647058823529412	0.5647058823529412	0.5647058823529412
G	N2_1	248.075	140.357	153.3	0.18823529411764706	0.3137254901960784	0.9725490196078431
G	N3_1	249.64	139.399	151.888	0.18823529411764706	0.3137254901960784	0.9725490196078431
G	C4_1	249.751	138.696	150.739	0.5647058823529412	0.5647058823529412	0.5647058823529412
C	P_2	238.833	143.641	153.229	1.0	0.5019607843137255	0.0
C	OP1_2	238.944	142.899	151.938	1.0	0.050980392156862744	0.050980392156862744
C	OP2_2	237.524	143.685	153.94	1.0	0.050980392156862744	0.050980392156862744
C	O5'_2	239.943	143.046	154.208	1.0	0.050980392156862744	0.050980392156862744
C	C5'_2	240.227	143.665	155.485	0.5647058823529412	0.5647058823529412	0.5647058823529412
C	C4'_2	241.693	143.51	155.825	0.5647058823529412	0.5647058823529412	0.5647058823529412
C	O4'_2	242.047	142.098	155.796	1.0	0.050980392156862744	0.050980392156862744
C	C3'_2	242.662	144.156	154.844	0.5647058823529412	0.5647058823529412	0.5647058823529412
C	O3'_2	242.836	145.549	155.122	1.0	0.050980392156862744	0.050980392156862744
C	C2'_2	243.94	143.349	155.06	0.5647058823529412	0.5647058823529412	0.5647058823529412
C	O2'_2	244.664	143.754	156.207	1.0	0.050980392156862744	0.050980392156862744
C	C1'_2	243.37	141.944	155.29	0.5647058823529412	0.5647058823529412	0.5647058823529412
C	N1_2	243.319	141.116	154.064	0.18823529411764706	0.3137254901960784	0.9725490196078431
C	C2_2	244.455	140.353	153.695	0.5647058823529412	0.5647058823529412	0.5647058823529412
C	O2_2	245.464	140.369	154.424	1.0	0.050980392156862744	0.050980392156862744
C	N3_2	244.41	139.624	152.554	0.18823529411764706	0.3137254901960784	0.9725490196078431
C	C4_2	243.302	139.63	151.796	0.5647058823529412	0.5647058823529412	0.5647058823529412
C	N4_2	243.311	138.914	150.664	0.18823529411764706	0.3137254901960784	0.9725490196078431
C	C5_2	242.139	140.374	152.157	0.5647058823529412	0.5647058823529412	0.5647058823529412
C	C6_2	242.19	141.093	153.285	0.5647058823529412	0.5647058823529412	0.5647058823529412
