G	P_1	209.372	217.424	176.402	1.0	0.5019607843137255	0.0
G	OP1_1	209.899	218.119	177.624	1.0	0.050980392156862744	0.050980392156862744
G	OP2_1	209.814	216.022	176.107	1.0	0.050980392156862744	0.050980392156862744
G	O5'_1	207.778	217.457	176.457	1.0	0.050980392156862744	0.050980392156862744
G	C5'_1	207.084	218.613	176.977	0.5647058823529412	0.5647058823529412	0.5647058823529412
G	C4'_1	205.71	218.217	177.472	0.5647058823529412	0.5647058823529412	0.5647058823529412
G	O4'_1	204.807	218.033	176.35	1.0	0.050980392156862744	0.050980392156862744
G	C3'_1	205.649	216.909	178.248	0.5647058823529412	0.5647058823529412	0.5647058823529412
G	O3'_1	205.999	217.108	179.62	1.0	0.050980392156862744	0.050980392156862744
G	C2'_1	204.202	216.478	178.045	0.5647058823529412	0.5647058823529412	0.5647058823529412
G	O2'_1	203.307	217.168	178.896	1.0	0.050980392156862744	0.050980392156862744
G	C1'_1	203.957	216.926	176.599	0.5647058823529412	0.5647058823529412	0.5647058823529412
G	N9_1	204.251	215.909	175.59	0.18823529411764706	0.3137254901960784	0.9725490196078431
G	C8_1	205.47	215.669	174.993	0.5647058823529412	0.5647058823529412	0.5647058823529412
G	N7_1	205.428	214.715	174.098	0.18823529411764706	0.3137254901960784	0.9725490196078431
G	C5_1	204.104	214.292	174.106	0.5647058823529412	0.5647058823529412	0.5647058823529412
G	C6_1	203.457	213.275	173.345	0.5647058823529412	0.5647058823529412	0.5647058823529412
G	O6_1	203.942	212.529	172.483	1.0	0.050980392156862744	0.050980392156862744
G	N1_1	202.107	213.171	173.677	0.18823529411764706	0.3137254901960784	0.9725490196078431
G	C2_1	201.462	213.939	174.62	0.5647058823529412	0.5647058823529412	0.5647058823529412
G	N2_1	200.156	213.676	174.8	0.18823529411764706	0.3137254901960784	0.9725490196078431
G	N3_1	202.052	214.891	175.334	0.18823529411764706	0.3137254901960784	0.9725490196078431
G	C4_1	203.363	215.013	175.028	0.5647058823529412	0.5647058823529412	0.5647058823529412
C	P_2	197.252	206.788	167.997	1.0	0.5019607843137255	0.0
C	OP1_2	196.092	206.381	167.151	1.0	0.050980392156862744	0.050980392156862744
C	OP2_2	198.482	207.321	167.35	1.0	0.050980392156862744	0.050980392156862744
C	O5'_2	196.748	207.867	169.06	1.0	0.050980392156862744	0.050980392156862744
C	C5'_2	195.489	207.703	169.748	0.5647058823529412	0.5647058823529412	0.5647058823529412
C	C4'_2	195.388	208.675	170.902	0.5647058823529412	0.5647058823529412	0.5647058823529412
C	O4'_2	196.444	208.392	171.86	1.0	0.050980392156862744	0.050980392156862744
C	C3'_2	195.582	210.15	170.574	0.5647058823529412	0.5647058823529412	0.5647058823529412
C	O3'_2	194.408	210.757	170.046	1.0	0.050980392156862744	0.050980392156862744
C	C2'_2	195.968	210.724	171.929	0.5647058823529412	0.5647058823529412	0.5647058823529412
C	O2'_2	194.866	210.909	172.792	1.0	0.050980392156862744	0.050980392156862744
C	C1'_2	196.859	209.606	172.474	0.5647058823529412	0.5647058823529412	0.5647058823529412
C	N1_2	198.277	209.845	172.157	0.18823529411764706	0.3137254901960784	0.9725490196078431
C	C2_2	199.032	210.65	173.03	0.5647058823529412	0.5647058823529412	0.5647058823529412
C	O2_2	198.496	211.089	174.069	1.0	0.050980392156862744	0.050980392156862744
C	N3_2	200.325	210.922	172.721	0.18823529411764706	0.3137254901960784	0.9725490196078431
C	C4_2	200.87	210.411	171.611	0.5647058823529412	0.5647058823529412	0.5647058823529412
C	N4_2	202.146	210.707	171.346	0.18823529411764706	0.3137254901960784	0.9725490196078431
C	C5_2	200.13	209.57	170.721	0.5647058823529412	0.5647058823529412	0.5647058823529412
C	C6_2	198.851	209.317	171.03	0.5647058823529412	0.5647058823529412	0.5647058823529412
