C	P_1	146.581	266.308	185.0	1.0	0.5019607843137255	0.0
C	OP1_1	145.838	266.611	186.258	1.0	0.050980392156862744	0.050980392156862744
C	OP2_1	148.066	266.19	185.036	1.0	0.050980392156862744	0.050980392156862744
C	O5'_1	145.999	264.961	184.376	1.0	0.050980392156862744	0.050980392156862744
C	C5'_1	144.576	264.78	184.175	0.5647058823529412	0.5647058823529412	0.5647058823529412
C	C4'_1	144.298	263.392	183.644	0.5647058823529412	0.5647058823529412	0.5647058823529412
C	O4'_1	144.855	263.261	182.311	1.0	0.050980392156862744	0.050980392156862744
C	C3'_1	144.923	262.261	184.448	0.5647058823529412	0.5647058823529412	0.5647058823529412
C	O3'_1	144.071	261.905	185.536	1.0	0.050980392156862744	0.050980392156862744
C	C2'_1	145.082	261.156	183.409	0.5647058823529412	0.5647058823529412	0.5647058823529412
C	O2'_1	143.877	260.464	183.16	1.0	0.050980392156862744	0.050980392156862744
C	C1'_1	145.431	261.97	182.159	0.5647058823529412	0.5647058823529412	0.5647058823529412
C	N1_1	146.874	262.146	181.896	0.18823529411764706	0.3137254901960784	0.9725490196078431
C	C2_1	147.522	261.27	180.992	0.5647058823529412	0.5647058823529412	0.5647058823529412
C	O2_1	146.872	260.335	180.482	1.0	0.050980392156862744	0.050980392156862744
C	N3_1	148.84	261.476	180.706	0.18823529411764706	0.3137254901960784	0.9725490196078431
C	C4_1	149.506	262.491	181.285	0.5647058823529412	0.5647058823529412	0.5647058823529412
C	N4_1	150.795	262.665	180.961	0.18823529411764706	0.3137254901960784	0.9725490196078431
C	C5_1	148.876	263.374	182.224	0.5647058823529412	0.5647058823529412	0.5647058823529412
C	C6_1	147.576	263.163	182.499	0.5647058823529412	0.5647058823529412	0.5647058823529412
G	P_2	156.953	255.761	174.468	1.0	0.5019607843137255	0.0
G	OP1_2	157.292	254.896	173.298	1.0	0.050980392156862744	0.050980392156862744
G	OP2_2	157.142	257.24	174.365	1.0	0.050980392156862744	0.050980392156862744
G	O5'_2	155.439	255.47	174.882	1.0	0.050980392156862744	0.050980392156862744
G	C5'_2	154.936	254.116	174.937	0.5647058823529412	0.5647058823529412	0.5647058823529412
G	C4'_2	153.449	254.119	175.212	0.5647058823529412	0.5647058823529412	0.5647058823529412
G	O4'_2	153.198	254.515	176.588	1.0	0.050980392156862744	0.050980392156862744
G	C3'_2	152.639	255.104	174.381	0.5647058823529412	0.5647058823529412	0.5647058823529412
G	O3'_2	152.337	254.589	173.087	1.0	0.050980392156862744	0.050980392156862744
G	C2'_2	151.405	255.326	175.247	0.5647058823529412	0.5647058823529412	0.5647058823529412
G	O2'_2	150.463	254.274	175.146	1.0	0.050980392156862744	0.050980392156862744
G	C1'_2	152.025	255.318	176.647	0.5647058823529412	0.5647058823529412	0.5647058823529412
G	N9_2	152.409	256.644	177.126	0.18823529411764706	0.3137254901960784	0.9725490196078431
G	C8_2	153.605	257.291	176.899	0.5647058823529412	0.5647058823529412	0.5647058823529412
G	N7_2	153.685	258.449	177.5	0.18823529411764706	0.3137254901960784	0.9725490196078431
G	C5_2	152.467	258.584	178.156	0.5647058823529412	0.5647058823529412	0.5647058823529412
G	C6_2	151.976	259.634	178.981	0.5647058823529412	0.5647058823529412	0.5647058823529412
G	O6_2	152.547	260.68	179.321	1.0	0.050980392156862744	0.050980392156862744
G	N1_2	150.682	259.374	179.425	0.18823529411764706	0.3137254901960784	0.9725490196078431
G	C2_2	149.954	258.248	179.124	0.5647058823529412	0.5647058823529412	0.5647058823529412
G	N2_2	148.717	258.19	179.64	0.18823529411764706	0.3137254901960784	0.9725490196078431
G	N3_2	150.404	257.252	178.37	0.18823529411764706	0.3137254901960784	0.9725490196078431
G	C4_2	151.658	257.486	177.921	0.5647058823529412	0.5647058823529412	0.5647058823529412
