G	P_1	195.742	121.251	150.075	1.0	0.5019607843137255	0.0
G	OP1_1	194.449	120.699	149.58	1.0	0.050980392156862744	0.050980392156862744
G	OP2_1	196.108	122.66	149.758	1.0	0.050980392156862744	0.050980392156862744
G	O5'_1	195.788	121.065	151.655	1.0	0.050980392156862744	0.050980392156862744
G	C5'_1	195.63	119.76	152.249	0.5647058823529412	0.5647058823529412	0.5647058823529412
G	C4'_1	195.879	119.827	153.738	0.5647058823529412	0.5647058823529412	0.5647058823529412
G	O4'_1	197.283	120.09	154.009	1.0	0.050980392156862744	0.050980392156862744
G	C3'_1	195.146	120.939	154.466	0.5647058823529412	0.5647058823529412	0.5647058823529412
G	O3'_1	193.797	120.562	154.727	1.0	0.050980392156862744	0.050980392156862744
G	C2'_1	195.983	121.114	155.73	0.5647058823529412	0.5647058823529412	0.5647058823529412
G	O2'_1	195.699	120.141	156.715	1.0	0.050980392156862744	0.050980392156862744
G	C1'_1	197.399	120.87	155.191	0.5647058823529412	0.5647058823529412	0.5647058823529412
G	N9_1	198.162	122.078	154.88	0.18823529411764706	0.3137254901960784	0.9725490196078431
G	C8_1	198.494	122.557	153.63	0.5647058823529412	0.5647058823529412	0.5647058823529412
G	N7_1	199.211	123.65	153.672	0.18823529411764706	0.3137254901960784	0.9725490196078431
G	C5_1	199.355	123.915	155.03	0.5647058823529412	0.5647058823529412	0.5647058823529412
G	C6_1	200.031	124.973	155.693	0.5647058823529412	0.5647058823529412	0.5647058823529412
G	O6_1	200.655	125.919	155.194	1.0	0.050980392156862744	0.050980392156862744
G	N1_1	199.93	124.858	157.076	0.18823529411764706	0.3137254901960784	0.9725490196078431
G	C2_1	199.259	123.861	157.739	0.5647058823529412	0.5647058823529412	0.5647058823529412
G	N2_1	199.28	123.926	159.08	0.18823529411764706	0.3137254901960784	0.9725490196078431
G	N3_1	198.616	122.872	157.135	0.18823529411764706	0.3137254901960784	0.9725490196078431
G	C4_1	198.708	122.958	155.79	0.5647058823529412	0.5647058823529412	0.5647058823529412
C	P_2	206.526	130.99	162.578	1.0	0.5019607843137255	0.0
C	OP1_2	207.419	130.94	163.773	1.0	0.050980392156862744	0.050980392156862744
C	OP2_2	207.119	130.939	161.216	1.0	0.050980392156862744	0.050980392156862744
C	O5'_2	205.447	129.822	162.705	1.0	0.050980392156862744	0.050980392156862744
C	C5'_2	204.74	129.601	163.941	0.5647058823529412	0.5647058823529412	0.5647058823529412
C	C4'_2	203.804	128.422	163.815	0.5647058823529412	0.5647058823529412	0.5647058823529412
C	O4'_2	202.726	128.74	162.899	1.0	0.050980392156862744	0.050980392156862744
C	C3'_2	204.388	127.134	163.254	0.5647058823529412	0.5647058823529412	0.5647058823529412
C	O3'_2	205.132	126.41	164.233	1.0	0.050980392156862744	0.050980392156862744
C	C2'_2	203.136	126.391	162.804	0.5647058823529412	0.5647058823529412	0.5647058823529412
C	O2'_2	202.465	125.744	163.867	1.0	0.050980392156862744	0.050980392156862744
C	C1'_2	202.27	127.544	162.282	0.5647058823529412	0.5647058823529412	0.5647058823529412
C	N1_2	202.298	127.712	160.814	0.18823529411764706	0.3137254901960784	0.9725490196078431
C	C2_2	201.322	127.057	160.039	0.5647058823529412	0.5647058823529412	0.5647058823529412
C	O2_2	200.454	126.374	160.608	1.0	0.050980392156862744	0.050980392156862744
C	N3_2	201.351	127.191	158.692	0.18823529411764706	0.3137254901960784	0.9725490196078431
C	C4_2	202.295	127.943	158.114	0.5647058823529412	0.5647058823529412	0.5647058823529412
C	N4_2	202.288	128.045	156.784	0.18823529411764706	0.3137254901960784	0.9725490196078431
C	C5_2	203.29	128.624	158.877	0.5647058823529412	0.5647058823529412	0.5647058823529412
C	C6_2	203.255	128.483	160.209	0.5647058823529412	0.5647058823529412	0.5647058823529412
