G	P_1	187.932	276.817	162.391	1.0	0.5019607843137255	0.0
G	OP1_1	188.849	277.672	161.583	1.0	0.050980392156862744	0.050980392156862744
G	OP2_1	188.431	276.197	163.65	1.0	0.050980392156862744	0.050980392156862744
G	O5'_1	186.641	277.681	162.748	1.0	0.050980392156862744	0.050980392156862744
G	C5'_1	186.021	278.541	161.764	0.5647058823529412	0.5647058823529412	0.5647058823529412
G	C4'_1	184.835	279.257	162.373	0.5647058823529412	0.5647058823529412	0.5647058823529412
G	O4'_1	183.827	278.279	162.756	1.0	0.050980392156862744	0.050980392156862744
G	C3'_1	185.13	280.025	163.656	0.5647058823529412	0.5647058823529412	0.5647058823529412
G	O3'_1	185.646	281.332	163.375	1.0	0.050980392156862744	0.050980392156862744
G	C2'_1	183.762	280.061	164.33	0.5647058823529412	0.5647058823529412	0.5647058823529412
G	O2'_1	182.913	281.049	163.779	1.0	0.050980392156862744	0.050980392156862744
G	C1'_1	183.211	278.674	163.974	0.5647058823529412	0.5647058823529412	0.5647058823529412
G	N9_1	183.495	277.655	164.984	0.18823529411764706	0.3137254901960784	0.9725490196078431
G	C8_1	184.454	276.664	164.921	0.5647058823529412	0.5647058823529412	0.5647058823529412
G	N7_1	184.492	275.914	165.99	0.18823529411764706	0.3137254901960784	0.9725490196078431
G	C5_1	183.497	276.434	166.812	0.5647058823529412	0.5647058823529412	0.5647058823529412
G	C6_1	183.078	276.038	168.117	0.5647058823529412	0.5647058823529412	0.5647058823529412
G	O6_1	183.524	275.126	168.826	1.0	0.050980392156862744	0.050980392156862744
G	N1_1	182.033	276.833	168.585	0.18823529411764706	0.3137254901960784	0.9725490196078431
G	C2_1	181.465	277.881	167.895	0.5647058823529412	0.5647058823529412	0.5647058823529412
G	N2_1	180.468	278.529	168.517	0.18823529411764706	0.3137254901960784	0.9725490196078431
G	N3_1	181.849	278.268	166.681	0.18823529411764706	0.3137254901960784	0.9725490196078431
G	C4_1	182.863	277.504	166.203	0.5647058823529412	0.5647058823529412	0.5647058823529412
C	P_2	179.623	274.961	178.251	1.0	0.5019607843137255	0.0
C	OP1_2	178.585	274.621	179.266	1.0	0.050980392156862744	0.050980392156862744
C	OP2_2	180.317	273.871	177.514	1.0	0.050980392156862744	0.050980392156862744
C	O5'_2	178.943	275.929	177.183	1.0	0.050980392156862744	0.050980392156862744
C	C5'_2	178.33	277.169	177.593	0.5647058823529412	0.5647058823529412	0.5647058823529412
C	C4'_2	177.934	277.974	176.382	0.5647058823529412	0.5647058823529412	0.5647058823529412
C	O4'_2	179.117	278.358	175.638	1.0	0.050980392156862744	0.050980392156862744
C	C3'_2	177.073	277.219	175.387	0.5647058823529412	0.5647058823529412	0.5647058823529412
C	O3'_2	175.715	277.289	175.808	1.0	0.050980392156862744	0.050980392156862744
C	C2'_2	177.352	277.953	174.08	0.5647058823529412	0.5647058823529412	0.5647058823529412
C	O2'_2	176.606	279.147	173.959	1.0	0.050980392156862744	0.050980392156862744
C	C1'_2	178.834	278.322	174.247	0.5647058823529412	0.5647058823529412	0.5647058823529412
C	N1_2	179.825	277.44	173.584	0.18823529411764706	0.3137254901960784	0.9725490196078431
C	C2_2	180.043	277.57	172.191	0.5647058823529412	0.5647058823529412	0.5647058823529412
C	O2_2	179.373	278.398	171.543	1.0	0.050980392156862744	0.050980392156862744
C	N3_2	180.981	276.789	171.596	0.18823529411764706	0.3137254901960784	0.9725490196078431
C	C4_2	181.684	275.911	172.328	0.5647058823529412	0.5647058823529412	0.5647058823529412
C	N4_2	182.609	275.174	171.709	0.18823529411764706	0.3137254901960784	0.9725490196078431
C	C5_2	181.473	275.753	173.73	0.5647058823529412	0.5647058823529412	0.5647058823529412
C	C6_2	180.54	276.524	174.309	0.5647058823529412	0.5647058823529412	0.5647058823529412
