G	P_1	267.127	213.698	144.878	1.0	0.5019607843137255	0.0
G	OP1_1	265.742	214.247	144.9	1.0	0.050980392156862744	0.050980392156862744
G	OP2_1	268.267	214.563	145.29	1.0	0.050980392156862744	0.050980392156862744
G	O5'_1	267.158	212.39	145.787	1.0	0.050980392156862744	0.050980392156862744
G	C5'_1	266.197	211.328	145.601	0.5647058823529412	0.5647058823529412	0.5647058823529412
G	C4'_1	266.551	210.147	146.48	0.5647058823529412	0.5647058823529412	0.5647058823529412
G	O4'_1	267.847	209.625	146.077	1.0	0.050980392156862744	0.050980392156862744
G	C3'_1	266.715	210.46	147.962	0.5647058823529412	0.5647058823529412	0.5647058823529412
G	O3'_1	265.46	210.482	148.648	1.0	0.050980392156862744	0.050980392156862744
G	C2'_1	267.645	209.346	148.425	0.5647058823529412	0.5647058823529412	0.5647058823529412
G	O2'_1	266.984	208.107	148.602	1.0	0.050980392156862744	0.050980392156862744
G	C1'_1	268.589	209.238	147.225	0.5647058823529412	0.5647058823529412	0.5647058823529412
G	N9_1	269.762	210.107	147.324	0.18823529411764706	0.3137254901960784	0.9725490196078431
G	C8_1	269.988	211.284	146.645	0.5647058823529412	0.5647058823529412	0.5647058823529412
G	N7_1	271.141	211.827	146.926	0.18823529411764706	0.3137254901960784	0.9725490196078431
G	C5_1	271.71	210.965	147.852	0.5647058823529412	0.5647058823529412	0.5647058823529412
G	C6_1	272.961	211.032	148.52	0.5647058823529412	0.5647058823529412	0.5647058823529412
G	O6_1	273.844	211.895	148.418	1.0	0.050980392156862744	0.050980392156862744
G	N1_1	273.141	209.949	149.38	0.18823529411764706	0.3137254901960784	0.9725490196078431
G	C2_1	272.231	208.932	149.573	0.5647058823529412	0.5647058823529412	0.5647058823529412
G	N2_1	272.581	207.977	150.451	0.18823529411764706	0.3137254901960784	0.9725490196078431
G	N3_1	271.062	208.858	148.951	0.18823529411764706	0.3137254901960784	0.9725490196078431
G	C4_1	270.869	209.899	148.112	0.5647058823529412	0.5647058823529412	0.5647058823529412
C	P_2	282.602	207.389	151.937	1.0	0.5019607843137255	0.0
C	OP1_2	283.386	206.128	152.081	1.0	0.050980392156862744	0.050980392156862744
C	OP2_2	282.513	208.045	150.607	1.0	0.050980392156862744	0.050980392156862744
C	O5'_2	281.118	207.117	152.452	1.0	0.050980392156862744	0.050980392156862744
C	C5'_2	280.877	206.428	153.698	0.5647058823529412	0.5647058823529412	0.5647058823529412
C	C4'_2	279.395	206.213	153.895	0.5647058823529412	0.5647058823529412	0.5647058823529412
C	O4'_2	278.737	207.503	153.992	1.0	0.050980392156862744	0.050980392156862744
C	C3'_2	278.671	205.501	152.76	0.5647058823529412	0.5647058823529412	0.5647058823529412
C	O3'_2	278.787	204.085	152.9	1.0	0.050980392156862744	0.050980392156862744
C	C2'_2	277.232	205.975	152.939	0.5647058823529412	0.5647058823529412	0.5647058823529412
C	O2'_2	276.549	205.255	153.943	1.0	0.050980392156862744	0.050980392156862744
C	C1'_2	277.437	207.415	153.428	0.5647058823529412	0.5647058823529412	0.5647058823529412
C	N1_2	277.268	208.484	152.415	0.18823529411764706	0.3137254901960784	0.9725490196078431
C	C2_2	275.996	208.678	151.831	0.5647058823529412	0.5647058823529412	0.5647058823529412
C	O2_2	275.055	207.94	152.166	1.0	0.050980392156862744	0.050980392156862744
C	N3_2	275.833	209.666	150.921	0.18823529411764706	0.3137254901960784	0.9725490196078431
C	C4_2	276.868	210.443	150.584	0.5647058823529412	0.5647058823529412	0.5647058823529412
C	N4_2	276.658	211.403	149.685	0.18823529411764706	0.3137254901960784	0.9725490196078431
C	C5_2	278.168	210.268	151.157	0.5647058823529412	0.5647058823529412	0.5647058823529412
C	C6_2	278.321	209.286	152.055	0.5647058823529412	0.5647058823529412	0.5647058823529412
