G	P_1	151.262	231.252	220.503	1.0	0.5019607843137255	0.0
G	OP1_1	151.829	230.111	221.277	1.0	0.050980392156862744	0.050980392156862744
G	OP2_1	150.116	231.015	219.582	1.0	0.050980392156862744	0.050980392156862744
G	O5'_1	150.844	232.388	221.544	1.0	0.050980392156862744	0.050980392156862744
G	C5'_1	151.775	232.862	222.542	0.5647058823529412	0.5647058823529412	0.5647058823529412
G	C4'_1	151.196	234.052	223.284	0.5647058823529412	0.5647058823529412	0.5647058823529412
G	O4'_1	150.916	235.126	222.343	1.0	0.050980392156862744	0.050980392156862744
G	C3'_1	149.875	233.824	224.012	0.5647058823529412	0.5647058823529412	0.5647058823529412
G	O3'_1	150.092	233.248	225.31	1.0	0.050980392156862744	0.050980392156862744
G	C2'_1	149.299	235.238	224.096	0.5647058823529412	0.5647058823529412	0.5647058823529412
G	O2'_1	149.852	235.998	225.156	1.0	0.050980392156862744	0.050980392156862744
G	C1'_1	149.76	235.84	222.761	0.5647058823529412	0.5647058823529412	0.5647058823529412
G	N9_1	148.778	235.804	221.675	0.18823529411764706	0.3137254901960784	0.9725490196078431
G	C8_1	148.859	235.058	220.517	0.5647058823529412	0.5647058823529412	0.5647058823529412
G	N7_1	147.859	235.265	219.698	0.18823529411764706	0.3137254901960784	0.9725490196078431
G	C5_1	147.058	236.197	220.352	0.5647058823529412	0.5647058823529412	0.5647058823529412
G	C6_1	145.834	236.819	219.94	0.5647058823529412	0.5647058823529412	0.5647058823529412
G	O6_1	145.213	236.67	218.878	1.0	0.050980392156862744	0.050980392156862744
G	N1_1	145.351	237.698	220.909	0.18823529411764706	0.3137254901960784	0.9725490196078431
G	C2_1	145.961	237.954	222.116	0.5647058823529412	0.5647058823529412	0.5647058823529412
G	N2_1	145.331	238.827	222.92	0.18823529411764706	0.3137254901960784	0.9725490196078431
G	N3_1	147.107	237.394	222.51	0.18823529411764706	0.3137254901960784	0.9725490196078431
G	C4_1	147.598	236.533	221.583	0.5647058823529412	0.5647058823529412	0.5647058823529412
C	P_2	137.529	243.096	217.419	1.0	0.5019607843137255	0.0
C	OP1_2	136.776	244.372	217.244	1.0	0.050980392156862744	0.050980392156862744
C	OP2_2	138.29	242.53	216.272	1.0	0.050980392156862744	0.050980392156862744
C	O5'_2	138.532	243.274	218.642	1.0	0.050980392156862744	0.050980392156862744
C	C5'_2	138.042	243.677	219.928	0.5647058823529412	0.5647058823529412	0.5647058823529412
C	C4'_2	139.09	243.442	220.983	0.5647058823529412	0.5647058823529412	0.5647058823529412
C	O4'_2	139.315	242.021	221.172	1.0	0.050980392156862744	0.050980392156862744
C	C3'_2	140.469	243.995	220.68	0.5647058823529412	0.5647058823529412	0.5647058823529412
C	O3'_2	140.51	245.393	220.943	1.0	0.050980392156862744	0.050980392156862744
C	C2'_2	141.347	243.176	221.62	0.5647058823529412	0.5647058823529412	0.5647058823529412
C	O2'_2	141.266	243.609	222.964	1.0	0.050980392156862744	0.050980392156862744
C	C1'_2	140.674	241.804	221.527	0.5647058823529412	0.5647058823529412	0.5647058823529412
C	N1_2	141.289	240.904	220.53	0.18823529411764706	0.3137254901960784	0.9725490196078431
C	C2_2	142.364	240.08	220.931	0.5647058823529412	0.5647058823529412	0.5647058823529412
C	O2_2	142.765	240.137	222.11	1.0	0.050980392156862744	0.050980392156862744
C	N3_2	142.93	239.244	220.025	0.18823529411764706	0.3137254901960784	0.9725490196078431
C	C4_2	142.464	239.207	218.77	0.5647058823529412	0.5647058823529412	0.5647058823529412
C	N4_2	143.05	238.37	217.91	0.18823529411764706	0.3137254901960784	0.9725490196078431
C	C5_2	141.377	240.032	218.338	0.5647058823529412	0.5647058823529412	0.5647058823529412
C	C6_2	140.829	240.859	219.239	0.5647058823529412	0.5647058823529412	0.5647058823529412
