G	P_1	265.408	197.137	131.939	1.0	0.5019607843137255	0.0
G	OP1_1	264.75	198.216	131.153	1.0	0.050980392156862744	0.050980392156862744
G	OP2_1	265.505	195.765	131.365	1.0	0.050980392156862744	0.050980392156862744
G	O5'_1	266.876	197.653	132.304	1.0	0.050980392156862744	0.050980392156862744
G	C5'_1	267.758	196.867	133.137	0.5647058823529412	0.5647058823529412	0.5647058823529412
G	C4'_1	268.712	197.759	133.915	0.5647058823529412	0.5647058823529412	0.5647058823529412
G	O4'_1	269.582	198.493	133.006	1.0	0.050980392156862744	0.050980392156862744
G	C3'_1	268.11	198.851	134.791	0.5647058823529412	0.5647058823529412	0.5647058823529412
G	O3'_1	267.624	198.342	136.036	1.0	0.050980392156862744	0.050980392156862744
G	C2'_1	269.3	199.787	134.985	0.5647058823529412	0.5647058823529412	0.5647058823529412
G	O2'_1	270.223	199.325	135.953	1.0	0.050980392156862744	0.050980392156862744
G	C1'_1	269.964	199.726	133.606	0.5647058823529412	0.5647058823529412	0.5647058823529412
G	N9_1	269.566	200.83	132.735	0.18823529411764706	0.3137254901960784	0.9725490196078431
G	C8_1	268.669	200.79	131.691	0.5647058823529412	0.5647058823529412	0.5647058823529412
G	N7_1	268.513	201.946	131.104	0.18823529411764706	0.3137254901960784	0.9725490196078431
G	C5_1	269.358	202.805	131.799	0.5647058823529412	0.5647058823529412	0.5647058823529412
G	C6_1	269.615	204.197	131.616	0.5647058823529412	0.5647058823529412	0.5647058823529412
G	O6_1	269.131	204.969	130.774	1.0	0.050980392156862744	0.050980392156862744
G	N1_1	270.542	204.673	132.541	0.18823529411764706	0.3137254901960784	0.9725490196078431
G	C2_1	271.149	203.912	133.513	0.5647058823529412	0.5647058823529412	0.5647058823529412
G	N2_1	272.021	204.555	134.307	0.18823529411764706	0.3137254901960784	0.9725490196078431
G	N3_1	270.919	202.617	133.693	0.18823529411764706	0.3137254901960784	0.9725490196078431
G	C4_1	270.019	202.133	132.806	0.5647058823529412	0.5647058823529412	0.5647058823529412
C	P_2	273.544	214.535	131.365	1.0	0.5019607843137255	0.0
C	OP1_2	274.644	215.535	131.446	1.0	0.050980392156862744	0.050980392156862744
C	OP2_2	273.117	214.018	130.037	1.0	0.050980392156862744	0.050980392156862744
C	O5'_2	273.925	213.293	132.286	1.0	0.050980392156862744	0.050980392156862744
C	C5'_2	274.404	213.496	133.628	0.5647058823529412	0.5647058823529412	0.5647058823529412
C	C4'_2	274.781	212.176	134.256	0.5647058823529412	0.5647058823529412	0.5647058823529412
C	O4'_2	273.59	211.405	134.554	1.0	0.050980392156862744	0.050980392156862744
C	C3'_2	275.623	211.249	133.395	0.5647058823529412	0.5647058823529412	0.5647058823529412
C	O3'_2	276.998	211.625	133.432	1.0	0.050980392156862744	0.050980392156862744
C	C2'_2	275.355	209.891	134.032	0.5647058823529412	0.5647058823529412	0.5647058823529412
C	O2'_2	276.104	209.696	135.213	1.0	0.050980392156862744	0.050980392156862744
C	C1'_2	273.875	210.022	134.408	0.5647058823529412	0.5647058823529412	0.5647058823529412
C	N1_2	272.929	209.446	133.43	0.18823529411764706	0.3137254901960784	0.9725490196078431
C	C2_2	272.455	208.134	133.633	0.5647058823529412	0.5647058823529412	0.5647058823529412
C	O2_2	272.862	207.488	134.616	1.0	0.050980392156862744	0.050980392156862744
C	N3_2	271.565	207.611	132.751	0.18823529411764706	0.3137254901960784	0.9725490196078431
C	C4_2	271.149	208.34	131.707	0.5647058823529412	0.5647058823529412	0.5647058823529412
C	N4_2	270.258	207.791	130.876	0.18823529411764706	0.3137254901960784	0.9725490196078431
C	C5_2	271.625	209.666	131.473	0.5647058823529412	0.5647058823529412	0.5647058823529412
C	C6_2	272.506	210.172	132.348	0.5647058823529412	0.5647058823529412	0.5647058823529412
