G	P_1	181.326	149.051	146.407	1.0	0.5019607843137255	0.0
G	OP1_1	180.683	149.331	145.091	1.0	0.050980392156862744	0.050980392156862744
G	OP2_1	181.81	150.181	147.244	1.0	0.050980392156862744	0.050980392156862744
G	O5'_1	180.294	148.207	147.274	1.0	0.050980392156862744	0.050980392156862744
G	C5'_1	179.66	147.031	146.739	0.5647058823529412	0.5647058823529412	0.5647058823529412
G	C4'_1	178.891	146.336	147.833	0.5647058823529412	0.5647058823529412	0.5647058823529412
G	O4'_1	179.821	145.946	148.878	1.0	0.050980392156862744	0.050980392156862744
G	C3'_1	177.863	147.22	148.526	0.5647058823529412	0.5647058823529412	0.5647058823529412
G	O3'_1	176.623	147.184	147.804	1.0	0.050980392156862744	0.050980392156862744
G	C2'_1	177.788	146.612	149.925	0.5647058823529412	0.5647058823529412	0.5647058823529412
G	O2'_1	176.978	145.454	149.975	1.0	0.050980392156862744	0.050980392156862744
G	C1'_1	179.246	146.19	150.152	0.5647058823529412	0.5647058823529412	0.5647058823529412
G	N9_1	180.104	147.144	150.861	0.18823529411764706	0.3137254901960784	0.9725490196078431
G	C8_1	181.071	147.956	150.305	0.5647058823529412	0.5647058823529412	0.5647058823529412
G	N7_1	181.734	148.651	151.19	0.18823529411764706	0.3137254901960784	0.9725490196078431
G	C5_1	181.166	148.295	152.408	0.5647058823529412	0.5647058823529412	0.5647058823529412
G	C6_1	181.48	148.722	153.731	0.5647058823529412	0.5647058823529412	0.5647058823529412
G	O6_1	182.354	149.52	154.095	1.0	0.050980392156862744	0.050980392156862744
G	N1_1	180.651	148.116	154.676	0.18823529411764706	0.3137254901960784	0.9725490196078431
G	C2_1	179.649	147.215	154.388	0.5647058823529412	0.5647058823529412	0.5647058823529412
G	N2_1	178.96	146.747	155.441	0.18823529411764706	0.3137254901960784	0.9725490196078431
G	N3_1	179.348	146.805	153.159	0.18823529411764706	0.3137254901960784	0.9725490196078431
G	C4_1	180.141	147.38	152.224	0.5647058823529412	0.5647058823529412	0.5647058823529412
C	P_2	180.743	149.228	166.571	1.0	0.5019607843137255	0.0
C	OP1_2	180.434	150.597	167.091	1.0	0.050980392156862744	0.050980392156862744
C	OP2_2	180.017	148.049	167.132	1.0	0.050980392156862744	0.050980392156862744
C	O5'_2	180.543	149.212	164.984	1.0	0.050980392156862744	0.050980392156862744
C	C5'_2	180.953	148.063	164.196	0.5647058823529412	0.5647058823529412	0.5647058823529412
C	C4'_2	179.864	147.673	163.215	0.5647058823529412	0.5647058823529412	0.5647058823529412
C	O4'_2	179.671	148.729	162.235	1.0	0.050980392156862744	0.050980392156862744
C	C3'_2	180.175	146.447	162.369	0.5647058823529412	0.5647058823529412	0.5647058823529412
C	O3'_2	179.887	145.243	163.082	1.0	0.050980392156862744	0.050980392156862744
C	C2'_2	179.258	146.635	161.167	0.5647058823529412	0.5647058823529412	0.5647058823529412
C	O2'_2	177.922	146.243	161.425	1.0	0.050980392156862744	0.050980392156862744
C	C1'_2	179.31	148.155	160.982	0.5647058823529412	0.5647058823529412	0.5647058823529412
C	N1_2	180.265	148.601	159.942	0.18823529411764706	0.3137254901960784	0.9725490196078431
C	C2_2	179.931	148.411	158.586	0.5647058823529412	0.5647058823529412	0.5647058823529412
C	O2_2	178.858	147.849	158.297	1.0	0.050980392156862744	0.050980392156862744
C	N3_2	180.786	148.841	157.63	0.18823529411764706	0.3137254901960784	0.9725490196078431
C	C4_2	181.932	149.434	157.977	0.5647058823529412	0.5647058823529412	0.5647058823529412
C	N4_2	182.74	149.858	157.002	0.18823529411764706	0.3137254901960784	0.9725490196078431
C	C5_2	182.301	149.625	159.339	0.5647058823529412	0.5647058823529412	0.5647058823529412
C	C6_2	181.449	149.196	160.279	0.5647058823529412	0.5647058823529412	0.5647058823529412
