G	P_1	83.121	221.965	149.819	1.0	0.5019607843137255	0.0
G	OP1_1	82.227	221.859	148.628	1.0	0.050980392156862744	0.050980392156862744
G	OP2_1	83.041	223.171	150.693	1.0	0.050980392156862744	0.050980392156862744
G	O5'_1	82.89	220.674	150.727	1.0	0.050980392156862744	0.050980392156862744
G	C5'_1	83.01	219.348	150.171	0.5647058823529412	0.5647058823529412	0.5647058823529412
G	C4'_1	83.36	218.348	151.254	0.5647058823529412	0.5647058823529412	0.5647058823529412
G	O4'_1	84.534	218.818	151.974	1.0	0.050980392156862744	0.050980392156862744
G	C3'_1	82.332	218.12	152.356	0.5647058823529412	0.5647058823529412	0.5647058823529412
G	O3'_1	81.311	217.201	151.957	1.0	0.050980392156862744	0.050980392156862744
G	C2'_1	83.194	217.549	153.479	0.5647058823529412	0.5647058823529412	0.5647058823529412
G	O2'_1	83.508	216.181	153.299	1.0	0.050980392156862744	0.050980392156862744
G	C1'_1	84.472	218.378	153.325	0.5647058823529412	0.5647058823529412	0.5647058823529412
G	N9_1	84.528	219.539	154.213	0.18823529411764706	0.3137254901960784	0.9725490196078431
G	C8_1	84.462	220.871	153.866	0.5647058823529412	0.5647058823529412	0.5647058823529412
G	N7_1	84.553	221.674	154.893	0.18823529411764706	0.3137254901960784	0.9725490196078431
G	C5_1	84.684	220.825	155.985	0.5647058823529412	0.5647058823529412	0.5647058823529412
G	C6_1	84.828	221.118	157.373	0.5647058823529412	0.5647058823529412	0.5647058823529412
G	O6_1	84.873	222.222	157.931	1.0	0.050980392156862744	0.050980392156862744
G	N1_1	84.928	219.956	158.133	0.18823529411764706	0.3137254901960784	0.9725490196078431
G	C2_1	84.897	218.676	157.632	0.5647058823529412	0.5647058823529412	0.5647058823529412
G	N2_1	85.007	217.686	158.528	0.18823529411764706	0.3137254901960784	0.9725490196078431
G	N3_1	84.768	218.39	156.345	0.18823529411764706	0.3137254901960784	0.9725490196078431
G	C4_1	84.668	219.504	155.584	0.5647058823529412	0.5647058823529412	0.5647058823529412
C	P_2	87.162	218.844	168.397	1.0	0.5019607843137255	0.0
C	OP1_2	87.773	218.097	169.533	1.0	0.050980392156862744	0.050980392156862744
C	OP2_2	87.668	220.201	168.053	1.0	0.050980392156862744	0.050980392156862744
C	O5'_2	87.241	217.928	167.092	1.0	0.050980392156862744	0.050980392156862744
C	C5'_2	86.722	216.581	167.105	0.5647058823529412	0.5647058823529412	0.5647058823529412
C	C4'_2	86.451	216.095	165.695	0.5647058823529412	0.5647058823529412	0.5647058823529412
C	O4'_2	85.414	216.902	165.076	1.0	0.050980392156862744	0.050980392156862744
C	C3'_2	87.601	216.175	164.702	0.5647058823529412	0.5647058823529412	0.5647058823529412
C	O3'_2	88.519	215.096	164.891	1.0	0.050980392156862744	0.050980392156862744
C	C2'_2	86.87	216.095	163.363	0.5647058823529412	0.5647058823529412	0.5647058823529412
C	O2'_2	86.518	214.774	163.006	1.0	0.050980392156862744	0.050980392156862744
C	C1'_2	85.588	216.881	163.667	0.5647058823529412	0.5647058823529412	0.5647058823529412
C	N1_2	85.57	218.266	163.153	0.18823529411764706	0.3137254901960784	0.9725490196078431
C	C2_2	84.959	218.517	161.909	0.5647058823529412	0.5647058823529412	0.5647058823529412
C	O2_2	84.429	217.575	161.296	1.0	0.050980392156862744	0.050980392156862744
C	N3_2	84.961	219.776	161.415	0.18823529411764706	0.3137254901960784	0.9725490196078431
C	C4_2	85.53	220.765	162.109	0.5647058823529412	0.5647058823529412	0.5647058823529412
C	N4_2	85.512	221.99	161.573	0.18823529411764706	0.3137254901960784	0.9725490196078431
C	C5_2	86.143	220.544	163.38	0.5647058823529412	0.5647058823529412	0.5647058823529412
C	C6_2	86.139	219.292	163.86	0.5647058823529412	0.5647058823529412	0.5647058823529412
