G	P_1	168.317	223.53	223.682	1.0	0.5019607843137255	0.0
G	OP1_1	168.856	224.475	222.653	1.0	0.050980392156862744	0.050980392156862744
G	OP2_1	167.709	222.24	223.245	1.0	0.050980392156862744	0.050980392156862744
G	O5'_1	169.482	223.227	224.727	1.0	0.050980392156862744	0.050980392156862744
G	C5'_1	170.09	224.306	225.461	0.5647058823529412	0.5647058823529412	0.5647058823529412
G	C4'_1	170.883	223.775	226.628	0.5647058823529412	0.5647058823529412	0.5647058823529412
G	O4'_1	170.0	223.145	227.594	1.0	0.050980392156862744	0.050980392156862744
G	C3'_1	171.899	222.698	226.303	0.5647058823529412	0.5647058823529412	0.5647058823529412
G	O3'_1	173.088	223.279	225.774	1.0	0.050980392156862744	0.050980392156862744
G	C2'_1	172.113	222.039	227.664	0.5647058823529412	0.5647058823529412	0.5647058823529412
G	O2'_1	172.983	222.772	228.503	1.0	0.050980392156862744	0.050980392156862744
G	C1'_1	170.699	222.1	228.257	0.5647058823529412	0.5647058823529412	0.5647058823529412
G	N9_1	169.94	220.859	228.114	0.18823529411764706	0.3137254901960784	0.9725490196078431
G	C8_1	168.918	220.594	227.227	0.5647058823529412	0.5647058823529412	0.5647058823529412
G	N7_1	168.443	219.38	227.338	0.18823529411764706	0.3137254901960784	0.9725490196078431
G	C5_1	169.196	218.811	228.36	0.5647058823529412	0.5647058823529412	0.5647058823529412
G	C6_1	169.143	217.504	228.932	0.5647058823529412	0.5647058823529412	0.5647058823529412
G	O6_1	168.409	216.555	228.62	1.0	0.050980392156862744	0.050980392156862744
G	N1_1	170.073	217.357	229.962	0.18823529411764706	0.3137254901960784	0.9725490196078431
G	C2_1	170.95	218.334	230.384	0.5647058823529412	0.5647058823529412	0.5647058823529412
G	N2_1	171.766	218.0	231.404	0.18823529411764706	0.3137254901960784	0.9725490196078431
G	N3_1	171.019	219.548	229.85	0.18823529411764706	0.3137254901960784	0.9725490196078431
G	C4_1	170.12	219.715	228.853	0.5647058823529412	0.5647058823529412	0.5647058823529412
C	P_2	168.855	208.498	234.53	1.0	0.5019607843137255	0.0
C	OP1_2	168.915	207.739	235.819	1.0	0.050980392156862744	0.050980392156862744
C	OP2_2	167.526	208.861	233.947	1.0	0.050980392156862744	0.050980392156862744
C	O5'_2	169.718	209.83	234.697	1.0	0.050980392156862744	0.050980392156862744
C	C5'_2	171.058	209.776	235.237	0.5647058823529412	0.5647058823529412	0.5647058823529412
C	C4'_2	171.696	211.147	235.202	0.5647058823529412	0.5647058823529412	0.5647058823529412
C	O4'_2	172.003	211.517	233.831	1.0	0.050980392156862744	0.050980392156862744
C	C3'_2	170.838	212.292	235.724	0.5647058823529412	0.5647058823529412	0.5647058823529412
C	O3'_2	170.87	212.359	237.146	1.0	0.050980392156862744	0.050980392156862744
C	C2'_2	171.467	213.501	235.038	0.5647058823529412	0.5647058823529412	0.5647058823529412
C	O2'_2	172.682	213.918	235.64	1.0	0.050980392156862744	0.050980392156862744
C	C1'_2	171.797	212.914	233.662	0.5647058823529412	0.5647058823529412	0.5647058823529412
C	N1_2	170.732	213.113	232.653	0.18823529411764706	0.3137254901960784	0.9725490196078431
C	C2_2	170.66	214.348	231.967	0.5647058823529412	0.5647058823529412	0.5647058823529412
C	O2_2	171.478	215.249	232.251	1.0	0.050980392156862744	0.050980392156862744
C	N3_2	169.702	214.518	231.017	0.18823529411764706	0.3137254901960784	0.9725490196078431
C	C4_2	168.843	213.525	230.746	0.5647058823529412	0.5647058823529412	0.5647058823529412
C	N4_2	167.93	213.729	229.79	0.18823529411764706	0.3137254901960784	0.9725490196078431
C	C5_2	168.885	212.276	231.44	0.5647058823529412	0.5647058823529412	0.5647058823529412
C	C6_2	169.833	212.115	232.375	0.5647058823529412	0.5647058823529412	0.5647058823529412
