C	P_1	245.784	127.979	252.882	1.0	0.5019607843137255	0.0
C	OP1_1	246.71	127.499	253.949	1.0	0.050980392156862744	0.050980392156862744
C	OP2_1	244.538	127.221	252.598	1.0	0.050980392156862744	0.050980392156862744
C	O5'_1	245.377	129.485	253.215	1.0	0.050980392156862744	0.050980392156862744
C	C5'_1	246.376	130.464	253.571	0.5647058823529412	0.5647058823529412	0.5647058823529412
C	C4'_1	245.742	131.827	253.749	0.5647058823529412	0.5647058823529412	0.5647058823529412
C	O4'_1	245.175	132.272	252.489	1.0	0.050980392156862744	0.050980392156862744
C	C3'_1	244.579	131.916	254.723	0.5647058823529412	0.5647058823529412	0.5647058823529412
C	O3'_1	245.024	132.012	256.07	1.0	0.050980392156862744	0.050980392156862744
C	C2'_1	243.872	133.182	254.262	0.5647058823529412	0.5647058823529412	0.5647058823529412
C	O2'_1	244.508	134.362	254.71	1.0	0.050980392156862744	0.050980392156862744
C	C1'_1	244.026	133.069	252.743	0.5647058823529412	0.5647058823529412	0.5647058823529412
C	N1_1	242.861	132.456	252.071	0.18823529411764706	0.3137254901960784	0.9725490196078431
C	C2_1	241.806	133.288	251.65	0.5647058823529412	0.5647058823529412	0.5647058823529412
C	O2_1	241.888	134.511	251.84	1.0	0.050980392156862744	0.050980392156862744
C	N3_1	240.73	132.731	251.047	0.18823529411764706	0.3137254901960784	0.9725490196078431
C	C4_1	240.68	131.407	250.856	0.5647058823529412	0.5647058823529412	0.5647058823529412
C	N4_1	239.594	130.9	250.266	0.18823529411764706	0.3137254901960784	0.9725490196078431
C	C5_1	241.739	130.542	251.266	0.5647058823529412	0.5647058823529412	0.5647058823529412
C	C6_1	242.798	131.103	251.862	0.5647058823529412	0.5647058823529412	0.5647058823529412
G	P_2	229.578	141.144	250.475	1.0	0.5019607843137255	0.0
G	OP1_2	229.132	140.291	251.613	1.0	0.050980392156862744	0.050980392156862744
G	OP2_2	229.288	142.605	250.504	1.0	0.050980392156862744	0.050980392156862744
G	O5'_2	231.151	140.955	250.263	1.0	0.050980392156862744	0.050980392156862744
G	C5'_2	231.797	139.694	250.551	0.5647058823529412	0.5647058823529412	0.5647058823529412
G	C4'_2	233.244	139.917	250.935	0.5647058823529412	0.5647058823529412	0.5647058823529412
G	O4'_2	233.714	138.798	251.733	1.0	0.050980392156862744	0.050980392156862744
G	C3'_2	234.268	140.0	249.811	0.5647058823529412	0.5647058823529412	0.5647058823529412
G	O3'_2	234.301	141.26	249.136	1.0	0.050980392156862744	0.050980392156862744
G	C2'_2	235.568	139.711	250.556	0.5647058823529412	0.5647058823529412	0.5647058823529412
G	O2'_2	236.048	140.821	251.294	1.0	0.050980392156862744	0.050980392156862744
G	C1'_2	235.112	138.62	251.527	0.5647058823529412	0.5647058823529412	0.5647058823529412
G	N9_2	235.357	137.273	251.012	0.18823529411764706	0.3137254901960784	0.9725490196078431
G	C8_2	234.484	136.461	250.323	0.5647058823529412	0.5647058823529412	0.5647058823529412
G	N7_2	235.008	135.313	249.991	0.18823529411764706	0.3137254901960784	0.9725490196078431
G	C5_2	236.303	135.367	250.49	0.5647058823529412	0.5647058823529412	0.5647058823529412
G	C6_2	237.351	134.409	250.436	0.5647058823529412	0.5647058823529412	0.5647058823529412
G	O6_2	237.338	133.281	249.924	1.0	0.050980392156862744	0.050980392156862744
G	N1_2	238.505	134.876	251.062	0.18823529411764706	0.3137254901960784	0.9725490196078431
G	C2_2	238.635	136.106	251.663	0.5647058823529412	0.5647058823529412	0.5647058823529412
G	N2_2	239.831	136.384	252.202	0.18823529411764706	0.3137254901960784	0.9725490196078431
G	N3_2	237.664	137.002	251.728	0.18823529411764706	0.3137254901960784	0.9725490196078431
G	C4_2	236.534	136.569	251.123	0.5647058823529412	0.5647058823529412	0.5647058823529412
