G	P_1	204.025	313.461	173.194	1.0	0.5019607843137255	0.0
G	OP1_1	204.263	312.75	171.905	1.0	0.050980392156862744	0.050980392156862744
G	OP2_1	204.994	314.494	173.651	1.0	0.050980392156862744	0.050980392156862744
G	O5'_1	202.576	314.125	173.15	1.0	0.050980392156862744	0.050980392156862744
G	C5'_1	201.439	313.378	172.674	0.5647058823529412	0.5647058823529412	0.5647058823529412
G	C4'_1	200.15	313.979	173.191	0.5647058823529412	0.5647058823529412	0.5647058823529412
G	O4'_1	200.156	313.977	174.647	1.0	0.050980392156862744	0.050980392156862744
G	C3'_1	199.875	315.433	172.841	0.5647058823529412	0.5647058823529412	0.5647058823529412
G	O3'_1	199.363	315.578	171.515	1.0	0.050980392156862744	0.050980392156862744
G	C2'_1	198.854	315.821	173.906	0.5647058823529412	0.5647058823529412	0.5647058823529412
G	O2'_1	197.56	315.324	173.628	1.0	0.050980392156862744	0.050980392156862744
G	C1'_1	199.404	315.084	175.128	0.5647058823529412	0.5647058823529412	0.5647058823529412
G	N9_1	200.271	315.919	175.957	0.18823529411764706	0.3137254901960784	0.9725490196078431
G	C8_1	201.647	315.952	175.959	0.5647058823529412	0.5647058823529412	0.5647058823529412
G	N7_1	202.139	316.798	176.824	0.18823529411764706	0.3137254901960784	0.9725490196078431
G	C5_1	201.023	317.359	177.43	0.5647058823529412	0.5647058823529412	0.5647058823529412
G	C6_1	200.929	318.342	178.452	0.5647058823529412	0.5647058823529412	0.5647058823529412
G	O6_1	201.843	318.931	179.042	1.0	0.050980392156862744	0.050980392156862744
G	N1_1	199.604	318.624	178.771	0.18823529411764706	0.3137254901960784	0.9725490196078431
G	C2_1	198.51	318.04	178.185	0.5647058823529412	0.5647058823529412	0.5647058823529412
G	N2_1	197.315	318.444	178.636	0.18823529411764706	0.3137254901960784	0.9725490196078431
G	N3_1	198.582	317.125	177.227	0.18823529411764706	0.3137254901960784	0.9725490196078431
G	C4_1	199.862	316.833	176.902	0.5647058823529412	0.5647058823529412	0.5647058823529412
C	P_2	198.514	325.215	186.251	1.0	0.5019607843137255	0.0
C	OP1_2	197.892	325.598	187.552	1.0	0.050980392156862744	0.050980392156862744
C	OP2_2	199.849	324.559	186.244	1.0	0.050980392156862744	0.050980392156862744
C	O5'_2	197.498	324.262	185.473	1.0	0.050980392156862744	0.050980392156862744
C	C5'_2	196.101	324.601	185.352	0.5647058823529412	0.5647058823529412	0.5647058823529412
C	C4'_2	195.42	323.686	184.36	0.5647058823529412	0.5647058823529412	0.5647058823529412
C	O4'_2	196.041	323.847	183.056	1.0	0.050980392156862744	0.050980392156862744
C	C3'_2	195.517	322.188	184.626	0.5647058823529412	0.5647058823529412	0.5647058823529412
C	O3'_2	194.564	321.738	185.587	1.0	0.050980392156862744	0.050980392156862744
C	C2'_2	195.259	321.605	183.243	0.5647058823529412	0.5647058823529412	0.5647058823529412
C	O2'_2	193.889	321.615	182.886	1.0	0.050980392156862744	0.050980392156862744
C	C1'_2	196.013	322.605	182.361	0.5647058823529412	0.5647058823529412	0.5647058823529412
C	N1_2	197.401	322.192	182.058	0.18823529411764706	0.3137254901960784	0.9725490196078431
C	C2_2	197.626	321.312	180.985	0.5647058823529412	0.5647058823529412	0.5647058823529412
C	O2_2	196.655	320.894	180.332	1.0	0.050980392156862744	0.050980392156862744
C	N3_2	198.894	320.945	180.692	0.18823529411764706	0.3137254901960784	0.9725490196078431
C	C4_2	199.911	321.416	181.419	0.5647058823529412	0.5647058823529412	0.5647058823529412
C	N4_2	201.144	321.037	181.084	0.18823529411764706	0.3137254901960784	0.9725490196078431
C	C5_2	199.709	322.299	182.52	0.5647058823529412	0.5647058823529412	0.5647058823529412
C	C6_2	198.454	322.657	182.8	0.5647058823529412	0.5647058823529412	0.5647058823529412
