C	P_1	157.827	255.065	252.84	1.0	0.5019607843137255	0.0
C	OP1_1	157.748	255.529	254.256	1.0	0.050980392156862744	0.050980392156862744
C	OP2_1	158.171	253.644	252.553	1.0	0.050980392156862744	0.050980392156862744
C	O5'_1	156.439	255.405	252.128	1.0	0.050980392156862744	0.050980392156862744
C	C5'_1	155.94	256.762	252.083	0.5647058823529412	0.5647058823529412	0.5647058823529412
C	C4'_1	154.994	256.943	250.914	0.5647058823529412	0.5647058823529412	0.5647058823529412
C	O4'_1	155.678	256.592	249.68	1.0	0.050980392156862744	0.050980392156862744
C	C3'_1	153.743	256.075	250.918	0.5647058823529412	0.5647058823529412	0.5647058823529412
C	O3'_1	152.713	256.683	251.698	1.0	0.050980392156862744	0.050980392156862744
C	C2'_1	153.373	256.017	249.439	0.5647058823529412	0.5647058823529412	0.5647058823529412
C	O2'_1	152.669	257.162	249.0	1.0	0.050980392156862744	0.050980392156862744
C	C1'_1	154.756	255.996	248.777	0.5647058823529412	0.5647058823529412	0.5647058823529412
C	N1_1	155.249	254.653	248.399	0.18823529411764706	0.3137254901960784	0.9725490196078431
C	C2_1	154.653	253.993	247.299	0.5647058823529412	0.5647058823529412	0.5647058823529412
C	O2_1	153.71	254.541	246.698	1.0	0.050980392156862744	0.050980392156862744
C	N3_1	155.127	252.781	246.931	0.18823529411764706	0.3137254901960784	0.9725490196078431
C	C4_1	156.141	252.223	247.606	0.5647058823529412	0.5647058823529412	0.5647058823529412
C	N4_1	156.58	251.033	247.2	0.18823529411764706	0.3137254901960784	0.9725490196078431
C	C5_1	156.749	252.861	248.727	0.5647058823529412	0.5647058823529412	0.5647058823529412
C	C6_1	156.276	254.059	249.087	0.5647058823529412	0.5647058823529412	0.5647058823529412
G	P_2	152.57	248.047	237.365	1.0	0.5019607843137255	0.0
G	OP1_2	152.04	248.749	236.159	1.0	0.050980392156862744	0.050980392156862744
G	OP2_2	153.923	248.405	237.886	1.0	0.050980392156862744	0.050980392156862744
G	O5'_2	151.515	248.243	238.549	1.0	0.050980392156862744	0.050980392156862744
G	C5'_2	150.089	248.334	238.288	0.5647058823529412	0.5647058823529412	0.5647058823529412
G	C4'_2	149.454	249.396	239.173	0.5647058823529412	0.5647058823529412	0.5647058823529412
G	O4'_2	149.631	249.041	240.575	1.0	0.050980392156862744	0.050980392156862744
G	C3'_2	150.052	250.793	239.065	0.5647058823529412	0.5647058823529412	0.5647058823529412
G	O3'_2	149.525	251.524	237.957	1.0	0.050980392156862744	0.050980392156862744
G	C2'_2	149.685	251.416	240.407	0.5647058823529412	0.5647058823529412	0.5647058823529412
G	O2'_2	148.352	251.884	240.458	1.0	0.050980392156862744	0.050980392156862744
G	C1'_2	149.852	250.217	241.347	0.5647058823529412	0.5647058823529412	0.5647058823529412
G	N9_2	151.18	250.122	241.955	0.18823529411764706	0.3137254901960784	0.9725490196078431
G	C8_2	152.16	249.202	241.65	0.5647058823529412	0.5647058823529412	0.5647058823529412
G	N7_2	153.239	249.341	242.371	0.18823529411764706	0.3137254901960784	0.9725490196078431
G	C5_2	152.966	250.419	243.202	0.5647058823529412	0.5647058823529412	0.5647058823529412
G	C6_2	153.765	251.023	244.205	0.5647058823529412	0.5647058823529412	0.5647058823529412
G	O6_2	154.904	250.708	244.574	1.0	0.050980392156862744	0.050980392156862744
G	N1_2	153.111	252.094	244.806	0.18823529411764706	0.3137254901960784	0.9725490196078431
G	C2_2	151.849	252.527	244.486	0.5647058823529412	0.5647058823529412	0.5647058823529412
G	N2_2	151.397	253.58	245.182	0.18823529411764706	0.3137254901960784	0.9725490196078431
G	N3_2	151.086	251.968	243.553	0.18823529411764706	0.3137254901960784	0.9725490196078431
G	C4_2	151.704	250.924	242.956	0.5647058823529412	0.5647058823529412	0.5647058823529412
