G	P_1	264.311	242.124	211.483	1.0	0.5019607843137255	0.0
G	OP1_1	263.757	240.807	211.052	1.0	0.050980392156862744	0.050980392156862744
G	OP2_1	263.391	243.169	212.011	1.0	0.050980392156862744	0.050980392156862744
G	O5'_1	265.443	241.863	212.578	1.0	0.050980392156862744	0.050980392156862744
G	C5'_1	266.48	240.877	212.364	0.5647058823529412	0.5647058823529412	0.5647058823529412
G	C4'_1	267.556	240.989	213.43	0.5647058823529412	0.5647058823529412	0.5647058823529412
G	O4'_1	268.22	242.28	213.336	1.0	0.050980392156862744	0.050980392156862744
G	C3'_1	267.103	240.913	214.883	0.5647058823529412	0.5647058823529412	0.5647058823529412
G	O3'_1	266.909	239.56	215.304	1.0	0.050980392156862744	0.050980392156862744
G	C2'_1	268.263	241.582	215.619	0.5647058823529412	0.5647058823529412	0.5647058823529412
G	O2'_1	269.363	240.719	215.816	1.0	0.050980392156862744	0.050980392156862744
G	C1'_1	268.663	242.681	214.628	0.5647058823529412	0.5647058823529412	0.5647058823529412
G	N9_1	268.098	243.994	214.941	0.18823529411764706	0.3137254901960784	0.9725490196078431
G	C8_1	267.045	244.629	214.319	0.5647058823529412	0.5647058823529412	0.5647058823529412
G	N7_1	266.77	245.798	214.835	0.18823529411764706	0.3137254901960784	0.9725490196078431
G	C5_1	267.697	245.949	215.859	0.5647058823529412	0.5647058823529412	0.5647058823529412
G	C6_1	267.884	247.016	216.782	0.5647058823529412	0.5647058823529412	0.5647058823529412
G	O6_1	267.251	248.075	216.876	1.0	0.050980392156862744	0.050980392156862744
G	N1_1	268.933	246.757	217.659	0.18823529411764706	0.3137254901960784	0.9725490196078431
G	C2_1	269.707	245.623	217.654	0.5647058823529412	0.5647058823529412	0.5647058823529412
G	N2_1	270.673	245.569	218.584	0.18823529411764706	0.3137254901960784	0.9725490196078431
G	N3_1	269.545	244.616	216.798	0.18823529411764706	0.3137254901960784	0.9725490196078431
G	C4_1	268.526	244.846	215.937	0.5647058823529412	0.5647058823529412	0.5647058823529412
C	P_2	271.59	254.223	224.115	1.0	0.5019607843137255	0.0
C	OP1_2	272.714	254.948	224.779	1.0	0.050980392156862744	0.050980392156862744
C	OP2_2	270.925	254.829	222.929	1.0	0.050980392156862744	0.050980392156862744
C	O5'_2	272.098	252.766	223.708	1.0	0.050980392156862744	0.050980392156862744
C	C5'_2	272.85	251.961	224.635	0.5647058823529412	0.5647058823529412	0.5647058823529412
C	C4'_2	273.142	250.603	224.039	0.5647058823529412	0.5647058823529412	0.5647058823529412
C	O4'_2	271.899	249.876	223.846	1.0	0.050980392156862744	0.050980392156862744
C	C3'_2	273.789	250.58	222.66	0.5647058823529412	0.5647058823529412	0.5647058823529412
C	O3'_2	275.196	250.817	222.712	1.0	0.050980392156862744	0.050980392156862744
C	C2'_2	273.451	249.172	222.179	0.5647058823529412	0.5647058823529412	0.5647058823529412
C	O2'_2	274.287	248.173	222.736	1.0	0.050980392156862744	0.050980392156862744
C	C1'_2	272.029	249.007	222.726	0.5647058823529412	0.5647058823529412	0.5647058823529412
C	N1_2	270.992	249.34	221.729	0.18823529411764706	0.3137254901960784	0.9725490196078431
C	C2_2	270.56	248.337	220.838	0.5647058823529412	0.5647058823529412	0.5647058823529412
C	O2_2	271.04	247.195	220.932	1.0	0.050980392156862744	0.050980392156862744
C	N3_2	269.632	248.643	219.905	0.18823529411764706	0.3137254901960784	0.9725490196078431
C	C4_2	269.133	249.881	219.839	0.5647058823529412	0.5647058823529412	0.5647058823529412
C	N4_2	268.227	250.138	218.894	0.18823529411764706	0.3137254901960784	0.9725490196078431
C	C5_2	269.542	250.911	220.738	0.5647058823529412	0.5647058823529412	0.5647058823529412
C	C6_2	270.463	250.6	221.656	0.5647058823529412	0.5647058823529412	0.5647058823529412
