C	P_1	264.435	197.307	149.704	1.0	0.5019607843137255	0.0
C	OP1_1	265.881	196.944	149.689	1.0	0.050980392156862744	0.050980392156862744
C	OP2_1	264.029	198.709	149.43	1.0	0.050980392156862744	0.050980392156862744
C	O5'_1	263.679	196.359	148.669	1.0	0.050980392156862744	0.050980392156862744
C	C5'_1	263.828	194.927	148.731	0.5647058823529412	0.5647058823529412	0.5647058823529412
C	C4'_1	262.708	194.246	147.97	0.5647058823529412	0.5647058823529412	0.5647058823529412
C	O4'_1	261.432	194.604	148.562	1.0	0.050980392156862744	0.050980392156862744
C	C3'_1	262.551	194.617	146.5	0.5647058823529412	0.5647058823529412	0.5647058823529412
C	O3'_1	263.457	193.882	145.675	1.0	0.050980392156862744	0.050980392156862744
C	C2'_1	261.099	194.246	146.233	0.5647058823529412	0.5647058823529412	0.5647058823529412
C	O2'_1	260.919	192.854	146.072	1.0	0.050980392156862744	0.050980392156862744
C	C1'_1	260.438	194.665	147.548	0.5647058823529412	0.5647058823529412	0.5647058823529412
C	N1_1	259.862	196.026	147.523	0.18823529411764706	0.3137254901960784	0.9725490196078431
C	C2_1	258.544	196.201	147.043	0.5647058823529412	0.5647058823529412	0.5647058823529412
C	O2_1	257.901	195.207	146.659	1.0	0.050980392156862744	0.050980392156862744
C	N3_1	258.01	197.449	147.017	0.18823529411764706	0.3137254901960784	0.9725490196078431
C	C4_1	258.729	198.493	147.447	0.5647058823529412	0.5647058823529412	0.5647058823529412
C	N4_1	258.163	199.707	147.406	0.18823529411764706	0.3137254901960784	0.9725490196078431
C	C5_1	260.065	198.341	147.941	0.5647058823529412	0.5647058823529412	0.5647058823529412
C	C6_1	260.586	197.104	147.958	0.5647058823529412	0.5647058823529412	0.5647058823529412
G	P_2	252.069	200.53	140.531	1.0	0.5019607843137255	0.0
G	OP1_2	252.294	201.716	141.407	1.0	0.050980392156862744	0.050980392156862744
G	OP2_2	253.213	199.634	140.209	1.0	0.050980392156862744	0.050980392156862744
G	O5'_2	250.921	199.639	141.191	1.0	0.050980392156862744	0.050980392156862744
G	C5'_2	250.343	198.51	140.485	0.5647058823529412	0.5647058823529412	0.5647058823529412
G	C4'_2	249.916	197.441	141.473	0.5647058823529412	0.5647058823529412	0.5647058823529412
G	O4'_2	251.092	196.974	142.18	1.0	0.050980392156862744	0.050980392156862744
G	C3'_2	248.924	197.897	142.542	0.5647058823529412	0.5647058823529412	0.5647058823529412
G	O3'_2	247.589	197.591	142.11	1.0	0.050980392156862744	0.050980392156862744
G	C2'_2	249.308	197.054	143.756	0.5647058823529412	0.5647058823529412	0.5647058823529412
G	O2'_2	248.739	195.761	143.714	1.0	0.050980392156862744	0.050980392156862744
G	C1'_2	250.82	196.894	143.563	0.5647058823529412	0.5647058823529412	0.5647058823529412
G	N9_2	251.714	197.828	144.245	0.18823529411764706	0.3137254901960784	0.9725490196078431
G	C8_2	251.536	199.179	144.455	0.5647058823529412	0.5647058823529412	0.5647058823529412
G	N7_2	252.554	199.744	145.054	0.18823529411764706	0.3137254901960784	0.9725490196078431
G	C5_2	253.453	198.703	145.262	0.5647058823529412	0.5647058823529412	0.5647058823529412
G	C6_2	254.745	198.702	145.861	0.5647058823529412	0.5647058823529412	0.5647058823529412
G	O6_2	255.375	199.655	146.347	1.0	0.050980392156862744	0.050980392156862744
G	N1_2	255.307	197.428	145.859	0.18823529411764706	0.3137254901960784	0.9725490196078431
G	C2_2	254.71	196.302	145.349	0.5647058823529412	0.5647058823529412	0.5647058823529412
G	N2_2	255.417	195.165	145.435	0.18823529411764706	0.3137254901960784	0.9725490196078431
G	N3_2	253.51	196.288	144.792	0.18823529411764706	0.3137254901960784	0.9725490196078431
G	C4_2	252.945	197.513	144.78	0.5647058823529412	0.5647058823529412	0.5647058823529412
