G	P_1	273.095	185.848	226.3	1.0	0.5019607843137255	0.0
G	OP1_1	273.29	187.228	225.773	1.0	0.050980392156862744	0.050980392156862744
G	OP2_1	273.298	184.681	225.397	1.0	0.050980392156862744	0.050980392156862744
G	O5'_1	274.039	185.67	227.573	1.0	0.050980392156862744	0.050980392156862744
G	C5'_1	275.34	185.059	227.459	0.5647058823529412	0.5647058823529412	0.5647058823529412
G	C4'_1	275.631	184.222	228.688	0.5647058823529412	0.5647058823529412	0.5647058823529412
G	O4'_1	274.607	183.202	228.839	1.0	0.050980392156862744	0.050980392156862744
G	C3'_1	276.94	183.444	228.661	0.5647058823529412	0.5647058823529412	0.5647058823529412
G	O3'_1	278.029	184.272	229.075	1.0	0.050980392156862744	0.050980392156862744
G	C2'_1	276.666	182.311	229.645	0.5647058823529412	0.5647058823529412	0.5647058823529412
G	O2'_1	276.8	182.719	230.993	1.0	0.050980392156862744	0.050980392156862744
G	C1'_1	275.186	182.017	229.369	0.5647058823529412	0.5647058823529412	0.5647058823529412
G	N9_1	274.897	180.905	228.455	0.18823529411764706	0.3137254901960784	0.9725490196078431
G	C8_1	274.072	180.945	227.351	0.5647058823529412	0.5647058823529412	0.5647058823529412
G	N7_1	273.949	179.789	226.754	0.18823529411764706	0.3137254901960784	0.9725490196078431
G	C5_1	274.75	178.929	227.495	0.5647058823529412	0.5647058823529412	0.5647058823529412
G	C6_1	275.003	177.54	227.329	0.5647058823529412	0.5647058823529412	0.5647058823529412
G	O6_1	274.552	176.772	226.469	1.0	0.050980392156862744	0.050980392156862744
G	N1_1	275.876	177.06	228.3	0.18823529411764706	0.3137254901960784	0.9725490196078431
G	C2_1	276.431	177.814	229.302	0.5647058823529412	0.5647058823529412	0.5647058823529412
G	N2_1	277.246	177.158	230.142	0.18823529411764706	0.3137254901960784	0.9725490196078431
G	N3_1	276.205	179.111	229.471	0.18823529411764706	0.3137254901960784	0.9725490196078431
G	C4_1	275.358	179.601	228.54	0.5647058823529412	0.5647058823529412	0.5647058823529412
C	P_2	275.996	166.761	228.065	1.0	0.5019607843137255	0.0
C	OP1_2	276.117	165.512	228.873	1.0	0.050980392156862744	0.050980392156862744
C	OP2_2	274.654	167.233	227.645	1.0	0.050980392156862744	0.050980392156862744
C	O5'_2	276.709	167.944	228.866	1.0	0.050980392156862744	0.050980392156862744
C	C5'_2	278.043	167.789	229.392	0.5647058823529412	0.5647058823529412	0.5647058823529412
C	C4'_2	278.611	169.132	229.801	0.5647058823529412	0.5647058823529412	0.5647058823529412
C	O4'_2	278.593	170.026	228.654	1.0	0.050980392156862744	0.050980392156862744
C	C3'_2	277.848	169.897	230.876	0.5647058823529412	0.5647058823529412	0.5647058823529412
C	O3'_2	278.196	169.449	232.188	1.0	0.050980392156862744	0.050980392156862744
C	C2'_2	278.287	171.337	230.619	0.5647058823529412	0.5647058823529412	0.5647058823529412
C	O2'_2	279.568	171.633	231.136	1.0	0.050980392156862744	0.050980392156862744
C	C1'_2	278.359	171.36	229.09	0.5647058823529412	0.5647058823529412	0.5647058823529412
C	N1_2	277.135	171.879	228.439	0.18823529411764706	0.3137254901960784	0.9725490196078431
C	C2_2	276.963	173.276	228.334	0.5647058823529412	0.5647058823529412	0.5647058823529412
C	O2_2	277.829	174.031	228.807	1.0	0.050980392156862744	0.050980392156862744
C	N3_2	275.858	173.759	227.722	0.18823529411764706	0.3137254901960784	0.9725490196078431
C	C4_2	274.942	172.918	227.231	0.5647058823529412	0.5647058823529412	0.5647058823529412
C	N4_2	273.874	173.447	226.628	0.18823529411764706	0.3137254901960784	0.9725490196078431
C	C5_2	275.082	171.5	227.334	0.5647058823529412	0.5647058823529412	0.5647058823529412
C	C6_2	276.181	171.029	227.938	0.5647058823529412	0.5647058823529412	0.5647058823529412
