C	P_1	209.406	269.901	176.891	1.0	0.5019607843137255	0.0
C	OP1_1	210.476	269.507	175.926	1.0	0.050980392156862744	0.050980392156862744
C	OP2_1	208.006	270.061	176.41	1.0	0.050980392156862744	0.050980392156862744
C	O5'_1	209.393	268.848	178.087	1.0	0.050980392156862744	0.050980392156862744
C	C5'_1	210.608	268.513	178.792	0.5647058823529412	0.5647058823529412	0.5647058823529412
C	C4'_1	210.332	267.456	179.841	0.5647058823529412	0.5647058823529412	0.5647058823529412
C	O4'_1	209.52	268.019	180.905	1.0	0.050980392156862744	0.050980392156862744
C	C3'_1	209.556	266.231	179.373	0.5647058823529412	0.5647058823529412	0.5647058823529412
C	O3'_1	210.413	265.282	178.731	1.0	0.050980392156862744	0.050980392156862744
C	C2'_1	208.958	265.712	180.677	0.5647058823529412	0.5647058823529412	0.5647058823529412
C	O2'_1	209.882	264.976	181.452	1.0	0.050980392156862744	0.050980392156862744
C	C1'_1	208.643	267.022	181.408	0.5647058823529412	0.5647058823529412	0.5647058823529412
C	N1_1	207.25	267.494	181.258	0.18823529411764706	0.3137254901960784	0.9725490196078431
C	C2_1	206.268	267.005	182.14	0.5647058823529412	0.5647058823529412	0.5647058823529412
C	O2_1	206.593	266.174	183.008	1.0	0.050980392156862744	0.050980392156862744
C	N3_1	204.994	267.453	182.022	0.18823529411764706	0.3137254901960784	0.9725490196078431
C	C4_1	204.684	268.348	181.079	0.5647058823529412	0.5647058823529412	0.5647058823529412
C	N4_1	203.422	268.767	181.009	0.18823529411764706	0.3137254901960784	0.9725490196078431
C	C5_1	205.656	268.852	180.167	0.5647058823529412	0.5647058823529412	0.5647058823529412
C	C6_1	206.913	268.4	180.288	0.5647058823529412	0.5647058823529412	0.5647058823529412
G	P_2	195.28	262.93	187.551	1.0	0.5019607843137255	0.0
G	OP1_2	194.602	262.34	188.742	1.0	0.050980392156862744	0.050980392156862744
G	OP2_2	194.96	264.323	187.144	1.0	0.050980392156862744	0.050980392156862744
G	O5'_2	196.856	262.819	187.765	1.0	0.050980392156862744	0.050980392156862744
G	C5'_2	197.438	261.608	188.282	0.5647058823529412	0.5647058823529412	0.5647058823529412
G	C4'_2	198.944	261.635	188.15	0.5647058823529412	0.5647058823529412	0.5647058823529412
G	O4'_2	199.327	261.669	186.748	1.0	0.050980392156862744	0.050980392156862744
G	C3'_2	199.682	262.827	188.738	0.5647058823529412	0.5647058823529412	0.5647058823529412
G	O3'_2	199.834	262.738	190.152	1.0	0.050980392156862744	0.050980392156862744
G	C2'_2	201.028	262.734	188.027	0.5647058823529412	0.5647058823529412	0.5647058823529412
G	O2'_2	201.871	261.743	188.586	1.0	0.050980392156862744	0.050980392156862744
G	C1'_2	200.598	262.293	186.625	0.5647058823529412	0.5647058823529412	0.5647058823529412
G	N9_2	200.501	263.415	185.693	0.18823529411764706	0.3137254901960784	0.9725490196078431
G	C8_2	199.365	264.1	185.312	0.5647058823529412	0.5647058823529412	0.5647058823529412
G	N7_2	199.609	265.07	184.47	0.18823529411764706	0.3137254901960784	0.9725490196078431
G	C5_2	200.987	265.028	184.282	0.5647058823529412	0.5647058823529412	0.5647058823529412
G	C6_2	201.833	265.842	183.48	0.5647058823529412	0.5647058823529412	0.5647058823529412
G	O6_2	201.522	266.796	182.756	1.0	0.050980392156862744	0.050980392156862744
G	N1_2	203.168	265.448	183.577	0.18823529411764706	0.3137254901960784	0.9725490196078431
G	C2_2	203.631	264.406	184.345	0.5647058823529412	0.5647058823529412	0.5647058823529412
G	N2_2	204.953	264.17	184.293	0.18823529411764706	0.3137254901960784	0.9725490196078431
G	N3_2	202.855	263.645	185.105	0.18823529411764706	0.3137254901960784	0.9725490196078431
G	C4_2	201.553	264.008	185.023	0.5647058823529412	0.5647058823529412	0.5647058823529412
