C	P_1	265.022	190.625	238.782	1.0	0.5019607843137255	0.0
C	OP1_1	265.962	191.781	238.682	1.0	0.050980392156862744	0.050980392156862744
C	OP2_1	265.511	189.331	239.323	1.0	0.050980392156862744	0.050980392156862744
C	O5'_1	263.761	191.075	239.649	1.0	0.050980392156862744	0.050980392156862744
C	C5'_1	263.113	192.338	239.404	0.5647058823529412	0.5647058823529412	0.5647058823529412
C	C4'_1	261.823	192.434	240.19	0.5647058823529412	0.5647058823529412	0.5647058823529412
C	O4'_1	260.932	191.354	239.806	1.0	0.050980392156862744	0.050980392156862744
C	C3'_1	261.921	192.306	241.703	0.5647058823529412	0.5647058823529412	0.5647058823529412
C	O3'_1	262.316	193.539	242.299	1.0	0.050980392156862744	0.050980392156862744
C	C2'_1	260.494	191.915	242.082	0.5647058823529412	0.5647058823529412	0.5647058823529412
C	O2'_1	259.598	193.01	242.102	1.0	0.050980392156862744	0.050980392156862744
C	C1'_1	260.114	191.001	240.913	0.5647058823529412	0.5647058823529412	0.5647058823529412
C	N1_1	260.291	189.566	241.204	0.18823529411764706	0.3137254901960784	0.9725490196078431
C	C2_1	259.276	188.887	241.897	0.5647058823529412	0.5647058823529412	0.5647058823529412
C	O2_1	258.253	189.511	242.236	1.0	0.050980392156862744	0.050980392156862744
C	N3_1	259.434	187.576	242.175	0.18823529411764706	0.3137254901960784	0.9725490196078431
C	C4_1	260.542	186.941	241.786	0.5647058823529412	0.5647058823529412	0.5647058823529412
C	N4_1	260.654	185.648	242.082	0.18823529411764706	0.3137254901960784	0.9725490196078431
C	C5_1	261.584	187.603	241.077	0.5647058823529412	0.5647058823529412	0.5647058823529412
C	C6_1	261.42	188.901	240.81	0.5647058823529412	0.5647058823529412	0.5647058823529412
G	P_2	254.146	180.173	247.943	1.0	0.5019607843137255	0.0
G	OP1_2	252.815	179.521	248.14	1.0	0.050980392156862744	0.050980392156862744
G	OP2_2	254.824	180.071	246.621	1.0	0.050980392156862744	0.050980392156862744
G	O5'_2	253.989	181.721	248.286	1.0	0.050980392156862744	0.050980392156862744
G	C5'_2	252.867	182.205	249.044	0.5647058823529412	0.5647058823529412	0.5647058823529412
G	C4'_2	252.554	183.622	248.639	0.5647058823529412	0.5647058823529412	0.5647058823529412
G	O4'_2	253.72	184.456	248.899	1.0	0.050980392156862744	0.050980392156862744
G	C3'_2	252.29	183.816	247.156	0.5647058823529412	0.5647058823529412	0.5647058823529412
G	O3'_2	250.955	183.493	246.789	1.0	0.050980392156862744	0.050980392156862744
G	C2'_2	252.634	185.285	246.961	0.5647058823529412	0.5647058823529412	0.5647058823529412
G	O2'_2	251.621	186.154	247.424	1.0	0.050980392156862744	0.050980392156862744
G	C1'_2	253.866	185.414	247.858	0.5647058823529412	0.5647058823529412	0.5647058823529412
G	N9_2	255.096	185.116	247.127	0.18823529411764706	0.3137254901960784	0.9725490196078431
G	C8_2	255.859	183.974	247.22	0.5647058823529412	0.5647058823529412	0.5647058823529412
G	N7_2	256.894	183.98	246.423	0.18823529411764706	0.3137254901960784	0.9725490196078431
G	C5_2	256.815	185.2	245.765	0.5647058823529412	0.5647058823529412	0.5647058823529412
G	C6_2	257.663	185.76	244.778	0.5647058823529412	0.5647058823529412	0.5647058823529412
G	O6_2	258.682	185.271	244.278	1.0	0.050980392156862744	0.050980392156862744
G	N1_2	257.221	187.02	244.375	0.18823529411764706	0.3137254901960784	0.9725490196078431
G	C2_2	256.104	187.662	244.865	0.5647058823529412	0.5647058823529412	0.5647058823529412
G	N2_2	255.849	188.886	244.357	0.18823529411764706	0.3137254901960784	0.9725490196078431
G	N3_2	255.299	187.144	245.788	0.18823529411764706	0.3137254901960784	0.9725490196078431
G	C4_2	255.714	185.919	246.191	0.5647058823529412	0.5647058823529412	0.5647058823529412
