G	P_1	69.828	184.39	191.07	1.0	0.5019607843137255	0.0
G	OP1_1	68.443	184.776	191.471	1.0	0.050980392156862744	0.050980392156862744
G	OP2_1	70.47	185.067	189.914	1.0	0.050980392156862744	0.050980392156862744
G	O5'_1	70.781	184.572	192.335	1.0	0.050980392156862744	0.050980392156862744
G	C5'_1	70.475	183.946	193.603	0.5647058823529412	0.5647058823529412	0.5647058823529412
G	C4'_1	71.618	184.154	194.573	0.5647058823529412	0.5647058823529412	0.5647058823529412
G	O4'_1	72.782	183.404	194.123	1.0	0.050980392156862744	0.050980392156862744
G	C3'_1	72.11	185.59	194.678	0.5647058823529412	0.5647058823529412	0.5647058823529412
G	O3'_1	71.302	186.362	195.567	1.0	0.050980392156862744	0.050980392156862744
G	C2'_1	73.551	185.412	195.146	0.5647058823529412	0.5647058823529412	0.5647058823529412
G	O2'_1	73.659	185.167	196.534	1.0	0.050980392156862744	0.050980392156862744
G	C1'_1	73.964	184.154	194.373	0.5647058823529412	0.5647058823529412	0.5647058823529412
G	N9_1	74.615	184.422	193.09	0.18823529411764706	0.3137254901960784	0.9725490196078431
G	C8_1	74.014	184.476	191.853	0.5647058823529412	0.5647058823529412	0.5647058823529412
G	N7_1	74.852	184.728	190.883	0.18823529411764706	0.3137254901960784	0.9725490196078431
G	C5_1	76.082	184.848	191.513	0.5647058823529412	0.5647058823529412	0.5647058823529412
G	C6_1	77.367	185.117	190.972	0.5647058823529412	0.5647058823529412	0.5647058823529412
G	O6_1	77.682	185.306	189.786	1.0	0.050980392156862744	0.050980392156862744
G	N1_1	78.342	185.156	191.966	0.18823529411764706	0.3137254901960784	0.9725490196078431
G	C2_1	78.112	184.959	193.307	0.5647058823529412	0.5647058823529412	0.5647058823529412
G	N2_1	79.187	185.034	194.107	0.18823529411764706	0.3137254901960784	0.9725490196078431
G	N3_1	76.917	184.707	193.826	0.18823529411764706	0.3137254901960784	0.9725490196078431
G	C4_1	75.955	184.665	192.878	0.5647058823529412	0.5647058823529412	0.5647058823529412
C	P_2	76.034	183.212	202.813	1.0	0.5019607843137255	0.0
C	OP1_2	74.871	182.512	203.43	1.0	0.050980392156862744	0.050980392156862744
C	OP2_2	77.295	182.458	202.574	1.0	0.050980392156862744	0.050980392156862744
C	O5'_2	75.568	183.816	201.413	1.0	0.050980392156862744	0.050980392156862744
C	C5'_2	74.864	182.99	200.452	0.5647058823529412	0.5647058823529412	0.5647058823529412
C	C4'_2	75.497	183.104	199.083	0.5647058823529412	0.5647058823529412	0.5647058823529412
C	O4'_2	75.513	184.502	198.695	1.0	0.050980392156862744	0.050980392156862744
C	C3'_2	76.948	182.657	198.959	0.5647058823529412	0.5647058823529412	0.5647058823529412
C	O3'_2	77.045	181.248	198.744	1.0	0.050980392156862744	0.050980392156862744
C	C2'_2	77.431	183.451	197.752	0.5647058823529412	0.5647058823529412	0.5647058823529412
C	O2'_2	77.035	182.879	196.52	1.0	0.050980392156862744	0.050980392156862744
C	C1'_2	76.687	184.777	197.946	0.5647058823529412	0.5647058823529412	0.5647058823529412
C	N1_2	77.466	185.82	198.649	0.18823529411764706	0.3137254901960784	0.9725490196078431
C	C2_2	78.33	186.65	197.902	0.5647058823529412	0.5647058823529412	0.5647058823529412
C	O2_2	78.416	186.489	196.671	1.0	0.050980392156862744	0.050980392156862744
C	N3_2	79.041	187.605	198.546	0.18823529411764706	0.3137254901960784	0.9725490196078431
C	C4_2	78.913	187.759	199.87	0.5647058823529412	0.5647058823529412	0.5647058823529412
C	N4_2	79.626	188.721	200.458	0.18823529411764706	0.3137254901960784	0.9725490196078431
C	C5_2	78.046	186.934	200.647	0.5647058823529412	0.5647058823529412	0.5647058823529412
C	C6_2	77.352	185.987	200.005	0.5647058823529412	0.5647058823529412	0.5647058823529412
