G	P_1	212.589	176.309	134.847	1.0	0.5019607843137255	0.0
G	OP1_1	211.636	175.887	135.915	1.0	0.050980392156862744	0.050980392156862744
G	OP2_1	213.48	177.494	135.075	1.0	0.050980392156862744	0.050980392156862744
G	O5'_1	213.513	175.06	134.478	1.0	0.050980392156862744	0.050980392156862744
G	C5'_1	212.945	173.769	134.182	0.5647058823529412	0.5647058823529412	0.5647058823529412
G	C4'_1	213.941	172.922	133.42	0.5647058823529412	0.5647058823529412	0.5647058823529412
G	O4'_1	214.305	173.611	132.192	1.0	0.050980392156862744	0.050980392156862744
G	C3'_1	215.273	172.671	134.114	0.5647058823529412	0.5647058823529412	0.5647058823529412
G	O3'_1	215.203	171.568	135.016	1.0	0.050980392156862744	0.050980392156862744
G	C2'_1	216.206	172.392	132.941	0.5647058823529412	0.5647058823529412	0.5647058823529412
G	O2'_1	216.08	171.076	132.437	1.0	0.050980392156862744	0.050980392156862744
G	C1'_1	215.678	173.383	131.9	0.5647058823529412	0.5647058823529412	0.5647058823529412
G	N9_1	216.373	174.669	131.925	0.18823529411764706	0.3137254901960784	0.9725490196078431
G	C8_1	215.984	175.811	132.59	0.5647058823529412	0.5647058823529412	0.5647058823529412
G	N7_1	216.811	176.808	132.425	0.18823529411764706	0.3137254901960784	0.9725490196078431
G	C5_1	217.807	176.297	131.603	0.5647058823529412	0.5647058823529412	0.5647058823529412
G	C6_1	218.975	176.917	131.083	0.5647058823529412	0.5647058823529412	0.5647058823529412
G	O6_1	219.379	178.072	131.262	1.0	0.050980392156862744	0.050980392156862744
G	N1_1	219.707	176.044	130.286	0.18823529411764706	0.3137254901960784	0.9725490196078431
G	C2_1	219.366	174.738	130.025	0.5647058823529412	0.5647058823529412	0.5647058823529412
G	N2_1	220.208	174.055	129.224	0.18823529411764706	0.3137254901960784	0.9725490196078431
G	N3_1	218.283	174.143	130.51	0.18823529411764706	0.3137254901960784	0.9725490196078431
G	C4_1	217.553	174.978	131.284	0.5647058823529412	0.5647058823529412	0.5647058823529412
C	P_2	227.517	181.229	125.8	1.0	0.5019607843137255	0.0
C	OP1_2	227.9	181.705	124.438	1.0	0.050980392156862744	0.050980392156862744
C	OP2_2	226.634	182.074	126.653	1.0	0.050980392156862744	0.050980392156862744
C	O5'_2	226.82	179.801	125.661	1.0	0.050980392156862744	0.050980392156862744
C	C5'_2	227.47	178.717	124.968	0.5647058823529412	0.5647058823529412	0.5647058823529412
C	C4'_2	226.566	177.504	124.927	0.5647058823529412	0.5647058823529412	0.5647058823529412
C	O4'_2	226.229	177.119	126.283	1.0	0.050980392156862744	0.050980392156862744
C	C3'_2	225.22	177.69	124.233	0.5647058823529412	0.5647058823529412	0.5647058823529412
C	O3'_2	225.364	177.473	122.82	1.0	0.050980392156862744	0.050980392156862744
C	C2'_2	224.36	176.606	124.881	0.5647058823529412	0.5647058823529412	0.5647058823529412
C	O2'_2	224.556	175.331	124.305	1.0	0.050980392156862744	0.050980392156862744
C	C1'_2	224.923	176.57	126.305	0.5647058823529412	0.5647058823529412	0.5647058823529412
C	N1_2	224.126	177.251	127.343	0.18823529411764706	0.3137254901960784	0.9725490196078431
C	C2_2	223.029	176.575	127.905	0.5647058823529412	0.5647058823529412	0.5647058823529412
C	O2_2	222.74	175.437	127.49	1.0	0.050980392156862744	0.050980392156862744
C	N3_2	222.315	177.177	128.885	0.18823529411764706	0.3137254901960784	0.9725490196078431
C	C4_2	222.657	178.398	129.307	0.5647058823529412	0.5647058823529412	0.5647058823529412
C	N4_2	221.94	178.939	130.289	0.18823529411764706	0.3137254901960784	0.9725490196078431
C	C5_2	223.754	179.115	128.742	0.5647058823529412	0.5647058823529412	0.5647058823529412
C	C6_2	224.452	178.511	127.77	0.5647058823529412	0.5647058823529412	0.5647058823529412
