C	P_1	152.022	255.607	171.881	1.0	0.5019607843137255	0.0
C	OP1_1	151.903	254.794	170.639	1.0	0.050980392156862744	0.050980392156862744
C	OP2_1	153.011	256.722	171.939	1.0	0.050980392156862744	0.050980392156862744
C	O5'_1	150.583	256.19	172.249	1.0	0.050980392156862744	0.050980392156862744
C	C5'_1	149.444	255.311	172.381	0.5647058823529412	0.5647058823529412	0.5647058823529412
C	C4'_1	148.281	256.042	173.015	0.5647058823529412	0.5647058823529412	0.5647058823529412
C	O4'_1	148.586	256.376	174.397	1.0	0.050980392156862744	0.050980392156862744
C	C3'_1	147.919	257.378	172.385	0.5647058823529412	0.5647058823529412	0.5647058823529412
C	O3'_1	147.139	257.203	171.202	1.0	0.050980392156862744	0.050980392156862744
C	C2'_1	147.159	258.069	173.515	0.5647058823529412	0.5647058823529412	0.5647058823529412
C	O2'_1	145.826	257.621	173.659	1.0	0.050980392156862744	0.050980392156862744
C	C1'_1	147.958	257.606	174.735	0.5647058823529412	0.5647058823529412	0.5647058823529412
C	N1_1	148.99	258.579	175.139	0.18823529411764706	0.3137254901960784	0.9725490196078431
C	C2_1	148.643	259.598	176.047	0.5647058823529412	0.5647058823529412	0.5647058823529412
C	O2_1	147.488	259.635	176.506	1.0	0.050980392156862744	0.050980392156862744
C	N3_1	149.58	260.509	176.399	0.18823529411764706	0.3137254901960784	0.9725490196078431
C	C4_1	150.816	260.427	175.892	0.5647058823529412	0.5647058823529412	0.5647058823529412
C	N4_1	151.704	261.352	176.256	0.18823529411764706	0.3137254901960784	0.9725490196078431
C	C5_1	151.197	259.396	174.985	0.5647058823529412	0.5647058823529412	0.5647058823529412
C	C6_1	150.263	258.503	174.638	0.5647058823529412	0.5647058823529412	0.5647058823529412
G	P_2	148.648	271.529	180.592	1.0	0.5019607843137255	0.0
G	OP1_2	148.639	273.02	180.592	1.0	0.050980392156862744	0.050980392156862744
G	OP2_2	149.946	270.805	180.646	1.0	0.050980392156862744	0.050980392156862744
G	O5'_2	147.75	271.045	181.82	1.0	0.050980392156862744	0.050980392156862744
G	C5'_2	147.924	269.733	182.412	0.5647058823529412	0.5647058823529412	0.5647058823529412
G	C4'_2	146.796	268.811	181.989	0.5647058823529412	0.5647058823529412	0.5647058823529412
G	O4'_2	146.91	268.541	180.562	1.0	0.050980392156862744	0.050980392156862744
G	C3'_2	146.806	267.43	182.628	0.5647058823529412	0.5647058823529412	0.5647058823529412
G	O3'_2	146.188	267.436	183.915	1.0	0.050980392156862744	0.050980392156862744
G	C2'_2	146.04	266.596	181.61	0.5647058823529412	0.5647058823529412	0.5647058823529412
G	O2'_2	144.64	266.793	181.687	1.0	0.050980392156862744	0.050980392156862744
G	C1'_2	146.565	267.185	180.296	0.5647058823529412	0.5647058823529412	0.5647058823529412
G	N9_2	147.761	266.503	179.799	0.18823529411764706	0.3137254901960784	0.9725490196078431
G	C8_2	149.069	266.903	179.977	0.5647058823529412	0.5647058823529412	0.5647058823529412
G	N7_2	149.936	266.088	179.435	0.18823529411764706	0.3137254901960784	0.9725490196078431
G	C5_2	149.159	265.088	178.857	0.5647058823529412	0.5647058823529412	0.5647058823529412
G	C6_2	149.549	263.928	178.131	0.5647058823529412	0.5647058823529412	0.5647058823529412
G	O6_2	150.69	263.545	177.846	1.0	0.050980392156862744	0.050980392156862744
G	N1_2	148.448	263.183	177.729	0.18823529411764706	0.3137254901960784	0.9725490196078431
G	C2_2	147.14	263.508	177.985	0.5647058823529412	0.5647058823529412	0.5647058823529412
G	N2_2	146.222	262.654	177.509	0.18823529411764706	0.3137254901960784	0.9725490196078431
G	N3_2	146.757	264.59	178.659	0.18823529411764706	0.3137254901960784	0.9725490196078431
G	C4_2	147.812	265.328	179.066	0.5647058823529412	0.5647058823529412	0.5647058823529412
