C	P_1	170.176	136.687	148.57	1.0	0.5019607843137255	0.0
C	OP1_1	171.066	137.21	149.645	1.0	0.050980392156862744	0.050980392156862744
C	OP2_1	170.075	137.417	147.279	1.0	0.050980392156862744	0.050980392156862744
C	O5'_1	170.585	135.18	148.251	1.0	0.050980392156862744	0.050980392156862744
C	C5'_1	170.601	134.183	149.289	0.5647058823529412	0.5647058823529412	0.5647058823529412
C	C4'_1	170.806	132.81	148.696	0.5647058823529412	0.5647058823529412	0.5647058823529412
C	O4'_1	169.668	132.457	147.867	1.0	0.050980392156862744	0.050980392156862744
C	C3'_1	171.996	132.639	147.763	0.5647058823529412	0.5647058823529412	0.5647058823529412
C	O3'_1	173.207	132.47	148.49	1.0	0.050980392156862744	0.050980392156862744
C	C2'_1	171.609	131.389	146.981	0.5647058823529412	0.5647058823529412	0.5647058823529412
C	O2'_1	171.834	130.19	147.694	1.0	0.050980392156862744	0.050980392156862744
C	C1'_1	170.096	131.585	146.829	0.5647058823529412	0.5647058823529412	0.5647058823529412
C	N1_1	169.694	132.142	145.522	0.18823529411764706	0.3137254901960784	0.9725490196078431
C	C2_1	169.76	131.311	144.386	0.5647058823529412	0.5647058823529412	0.5647058823529412
C	O2_1	170.13	130.13	144.519	1.0	0.050980392156862744	0.050980392156862744
C	N3_1	169.415	131.819	143.181	0.18823529411764706	0.3137254901960784	0.9725490196078431
C	C4_1	169.012	133.091	143.081	0.5647058823529412	0.5647058823529412	0.5647058823529412
C	N4_1	168.693	133.548	141.87	0.18823529411764706	0.3137254901960784	0.9725490196078431
C	C5_1	168.921	133.949	144.219	0.5647058823529412	0.5647058823529412	0.5647058823529412
C	C6_1	169.269	133.44	145.404	0.5647058823529412	0.5647058823529412	0.5647058823529412
G	P_2	169.949	128.618	131.971	1.0	0.5019607843137255	0.0
G	OP1_2	169.512	127.583	130.992	1.0	0.050980392156862744	0.050980392156862744
G	OP2_2	168.969	129.622	132.465	1.0	0.050980392156862744	0.050980392156862744
G	O5'_2	170.565	127.875	133.241	1.0	0.050980392156862744	0.050980392156862744
G	C5'_2	171.584	126.862	133.092	0.5647058823529412	0.5647058823529412	0.5647058823529412
G	C4'_2	172.118	126.441	134.448	0.5647058823529412	0.5647058823529412	0.5647058823529412
G	O4'_2	172.691	127.597	135.124	1.0	0.050980392156862744	0.050980392156862744
G	C3'_2	171.096	125.907	135.444	0.5647058823529412	0.5647058823529412	0.5647058823529412
G	O3'_2	170.771	124.534	135.217	1.0	0.050980392156862744	0.050980392156862744
G	C2'_2	171.816	126.125	136.771	0.5647058823529412	0.5647058823529412	0.5647058823529412
G	O2'_2	172.824	125.158	137.018	1.0	0.050980392156862744	0.050980392156862744
G	C1'_2	172.474	127.488	136.528	0.5647058823529412	0.5647058823529412	0.5647058823529412
G	N9_2	171.638	128.612	136.96	0.18823529411764706	0.3137254901960784	0.9725490196078431
G	C8_2	170.919	129.469	136.157	0.5647058823529412	0.5647058823529412	0.5647058823529412
G	N7_2	170.26	130.375	136.83	0.18823529411764706	0.3137254901960784	0.9725490196078431
G	C5_2	170.559	130.105	138.16	0.5647058823529412	0.5647058823529412	0.5647058823529412
G	C6_2	170.13	130.756	139.345	0.5647058823529412	0.5647058823529412	0.5647058823529412
G	O6_2	169.377	131.732	139.458	1.0	0.050980392156862744	0.050980392156862744
G	N1_2	170.67	130.159	140.479	0.18823529411764706	0.3137254901960784	0.9725490196078431
G	C2_2	171.511	129.072	140.475	0.5647058823529412	0.5647058823529412	0.5647058823529412
G	N2_2	171.92	128.639	141.68	0.18823529411764706	0.3137254901960784	0.9725490196078431
G	N3_2	171.92	128.456	139.376	0.18823529411764706	0.3137254901960784	0.9725490196078431
G	C4_2	171.409	129.022	138.262	0.5647058823529412	0.5647058823529412	0.5647058823529412
