C	P_1	119.067	207.012	212.172	1.0	0.5019607843137255	0.0
C	OP1_1	119.453	205.623	212.548	1.0	0.050980392156862744	0.050980392156862744
C	OP2_1	117.643	207.437	212.29	1.0	0.050980392156862744	0.050980392156862744
C	O5'_1	119.973	208.015	213.017	1.0	0.050980392156862744	0.050980392156862744
C	C5'_1	121.41	207.842	213.082	0.5647058823529412	0.5647058823529412	0.5647058823529412
C	C4'_1	122.072	209.107	213.581	0.5647058823529412	0.5647058823529412	0.5647058823529412
C	O4'_1	121.934	210.16	212.592	1.0	0.050980392156862744	0.050980392156862744
C	C3'_1	121.479	209.701	214.852	0.5647058823529412	0.5647058823529412	0.5647058823529412
C	O3'_1	121.985	209.037	216.007	1.0	0.050980392156862744	0.050980392156862744
C	C2'_1	121.91	211.161	214.758	0.5647058823529412	0.5647058823529412	0.5647058823529412
C	O2'_1	123.26	211.359	215.129	1.0	0.050980392156862744	0.050980392156862744
C	C1'_1	121.781	211.412	213.251	0.5647058823529412	0.5647058823529412	0.5647058823529412
C	N1_1	120.494	212.013	212.835	0.18823529411764706	0.3137254901960784	0.9725490196078431
C	C2_1	120.455	213.388	212.53	0.5647058823529412	0.5647058823529412	0.5647058823529412
C	O2_1	121.497	214.066	212.648	1.0	0.050980392156862744	0.050980392156862744
C	N3_1	119.286	213.939	212.118	0.18823529411764706	0.3137254901960784	0.9725490196078431
C	C4_1	118.188	213.18	212.008	0.5647058823529412	0.5647058823529412	0.5647058823529412
C	N4_1	117.064	213.764	211.58	0.18823529411764706	0.3137254901960784	0.9725490196078431
C	C5_1	118.195	211.788	212.329	0.5647058823529412	0.5647058823529412	0.5647058823529412
C	C6_1	119.357	211.252	212.734	0.5647058823529412	0.5647058823529412	0.5647058823529412
G	P_2	116.791	226.379	210.755	1.0	0.5019607843137255	0.0
G	OP1_2	116.939	227.743	210.171	1.0	0.050980392156862744	0.050980392156862744
G	OP2_2	115.954	225.366	210.057	1.0	0.050980392156862744	0.050980392156862744
G	O5'_2	118.244	225.762	210.964	1.0	0.050980392156862744	0.050980392156862744
G	C5'_2	118.827	224.891	209.981	0.5647058823529412	0.5647058823529412	0.5647058823529412
G	C4'_2	119.912	224.054	210.614	0.5647058823529412	0.5647058823529412	0.5647058823529412
G	O4'_2	119.356	223.308	211.731	1.0	0.050980392156862744	0.050980392156862744
G	C3'_2	120.533	222.99	209.72	0.5647058823529412	0.5647058823529412	0.5647058823529412
G	O3'_2	121.545	223.551	208.879	1.0	0.050980392156862744	0.050980392156862744
G	C2'_2	121.072	221.99	210.739	0.5647058823529412	0.5647058823529412	0.5647058823529412
G	O2'_2	122.297	222.377	211.326	1.0	0.050980392156862744	0.050980392156862744
G	C1'_2	119.976	222.033	211.81	0.5647058823529412	0.5647058823529412	0.5647058823529412
G	N9_2	118.951	221.008	211.622	0.18823529411764706	0.3137254901960784	0.9725490196078431
G	C8_2	117.656	221.19	211.188	0.5647058823529412	0.5647058823529412	0.5647058823529412
G	N7_2	116.982	220.075	211.098	0.18823529411764706	0.3137254901960784	0.9725490196078431
G	C5_2	117.883	219.095	211.499	0.5647058823529412	0.5647058823529412	0.5647058823529412
G	C6_2	117.726	217.686	211.596	0.5647058823529412	0.5647058823529412	0.5647058823529412
G	O6_2	116.725	217.001	211.337	1.0	0.050980392156862744	0.050980392156862744
G	N1_2	118.894	217.07	212.045	0.18823529411764706	0.3137254901960784	0.9725490196078431
G	C2_2	120.062	217.723	212.36	0.5647058823529412	0.5647058823529412	0.5647058823529412
G	N2_2	121.077	216.95	212.785	0.18823529411764706	0.3137254901960784	0.9725490196078431
G	N3_2	120.224	219.037	212.267	0.18823529411764706	0.3137254901960784	0.9725490196078431
G	C4_2	119.101	219.655	211.835	0.5647058823529412	0.5647058823529412	0.5647058823529412
