G	P_1	151.83	280.021	171.434	1.0	0.5019607843137255	0.0
G	OP1_1	152.689	280.639	170.384	1.0	0.050980392156862744	0.050980392156862744
G	OP2_1	152.199	278.696	171.996	1.0	0.050980392156862744	0.050980392156862744
G	O5'_1	151.712	281.06	172.635	1.0	0.050980392156862744	0.050980392156862744
G	C5'_1	151.143	282.365	172.42	0.5647058823529412	0.5647058823529412	0.5647058823529412
G	C4'_1	150.808	283.014	173.741	0.5647058823529412	0.5647058823529412	0.5647058823529412
G	O4'_1	149.796	282.238	174.438	1.0	0.050980392156862744	0.050980392156862744
G	C3'_1	151.95	283.109	174.74	0.5647058823529412	0.5647058823529412	0.5647058823529412
G	O3'_1	152.794	284.218	174.44	1.0	0.050980392156862744	0.050980392156862744
G	C2'_1	151.207	283.271	176.062	0.5647058823529412	0.5647058823529412	0.5647058823529412
G	O2'_1	150.754	284.592	176.281	1.0	0.050980392156862744	0.050980392156862744
G	C1'_1	149.996	282.355	175.84	0.5647058823529412	0.5647058823529412	0.5647058823529412
G	N9_1	150.155	281.016	176.409	0.18823529411764706	0.3137254901960784	0.9725490196078431
G	C8_1	150.363	279.833	175.733	0.5647058823529412	0.5647058823529412	0.5647058823529412
G	N7_1	150.471	278.799	176.528	0.18823529411764706	0.3137254901960784	0.9725490196078431
G	C5_1	150.327	279.327	177.806	0.5647058823529412	0.5647058823529412	0.5647058823529412
G	C6_1	150.359	278.69	179.079	0.5647058823529412	0.5647058823529412	0.5647058823529412
G	O6_1	150.527	277.492	179.335	1.0	0.050980392156862744	0.050980392156862744
G	N1_1	150.168	279.603	180.116	0.18823529411764706	0.3137254901960784	0.9725490196078431
G	C2_1	149.971	280.954	179.954	0.5647058823529412	0.5647058823529412	0.5647058823529412
G	N2_1	149.794	281.673	181.076	0.18823529411764706	0.3137254901960784	0.9725490196078431
G	N3_1	149.944	281.56	178.776	0.18823529411764706	0.3137254901960784	0.9725490196078431
G	C4_1	150.127	280.693	177.752	0.5647058823529412	0.5647058823529412	0.5647058823529412
C	P_2	149.603	275.347	189.501	1.0	0.5019607843137255	0.0
C	OP1_2	148.895	275.383	190.812	1.0	0.050980392156862744	0.050980392156862744
C	OP2_2	149.294	274.265	188.529	1.0	0.050980392156862744	0.050980392156862744
C	O5'_2	149.397	276.749	188.772	1.0	0.050980392156862744	0.050980392156862744
C	C5'_2	149.544	277.982	189.503	0.5647058823529412	0.5647058823529412	0.5647058823529412
C	C4'_2	149.326	279.169	188.592	0.5647058823529412	0.5647058823529412	0.5647058823529412
C	O4'_2	150.397	279.246	187.615	1.0	0.050980392156862744	0.050980392156862744
C	C3'_2	148.06	279.159	187.748	0.5647058823529412	0.5647058823529412	0.5647058823529412
C	O3'_2	146.906	279.553	188.499	1.0	0.050980392156862744	0.050980392156862744
C	C2'_2	148.415	280.146	186.641	0.5647058823529412	0.5647058823529412	0.5647058823529412
C	O2'_2	148.274	281.496	187.032	1.0	0.050980392156862744	0.050980392156862744
C	C1'_2	149.898	279.826	186.42	0.5647058823529412	0.5647058823529412	0.5647058823529412
C	N1_2	150.125	278.898	185.294	0.18823529411764706	0.3137254901960784	0.9725490196078431
C	C2_2	150.332	279.435	184.015	0.5647058823529412	0.5647058823529412	0.5647058823529412
C	O2_2	150.353	280.67	183.876	1.0	0.050980392156862744	0.050980392156862744
C	N3_2	150.505	278.598	182.969	0.18823529411764706	0.3137254901960784	0.9725490196078431
C	C4_2	150.481	277.275	183.159	0.5647058823529412	0.5647058823529412	0.5647058823529412
C	N4_2	150.639	276.49	182.093	0.18823529411764706	0.3137254901960784	0.9725490196078431
C	C5_2	150.29	276.701	184.45	0.5647058823529412	0.5647058823529412	0.5647058823529412
C	C6_2	150.12	277.541	185.479	0.5647058823529412	0.5647058823529412	0.5647058823529412
