G	P_1	260.706	181.352	161.772	1.0	0.5019607843137255	0.0
G	OP1_1	260.064	180.851	163.018	1.0	0.050980392156862744	0.050980392156862744
G	OP2_1	262.19	181.563	161.739	1.0	0.050980392156862744	0.050980392156862744
G	O5'_1	260.31	180.356	160.59	1.0	0.050980392156862744	0.050980392156862744
G	C5'_1	258.93	179.996	160.365	0.5647058823529412	0.5647058823529412	0.5647058823529412
G	C4'_1	258.825	178.967	159.261	0.5647058823529412	0.5647058823529412	0.5647058823529412
G	O4'_1	259.27	179.545	158.001	1.0	0.050980392156862744	0.050980392156862744
G	C3'_1	259.698	177.73	159.427	0.5647058823529412	0.5647058823529412	0.5647058823529412
G	O3'_1	259.113	176.771	160.309	1.0	0.050980392156862744	0.050980392156862744
G	C2'_1	259.816	177.228	157.992	0.5647058823529412	0.5647058823529412	0.5647058823529412
G	O2'_1	258.657	176.544	157.557	1.0	0.050980392156862744	0.050980392156862744
G	C1'_1	259.929	178.549	157.225	0.5647058823529412	0.5647058823529412	0.5647058823529412
G	N9_1	261.311	178.974	156.999	0.18823529411764706	0.3137254901960784	0.9725490196078431
G	C8_1	262.031	179.882	157.743	0.5647058823529412	0.5647058823529412	0.5647058823529412
G	N7_1	263.242	180.074	157.289	0.18823529411764706	0.3137254901960784	0.9725490196078431
G	C5_1	263.332	179.238	156.182	0.5647058823529412	0.5647058823529412	0.5647058823529412
G	C6_1	264.413	179.016	155.283	0.5647058823529412	0.5647058823529412	0.5647058823529412
G	O6_1	265.54	179.532	155.292	1.0	0.050980392156862744	0.050980392156862744
G	N1_1	264.08	178.086	154.3	0.18823529411764706	0.3137254901960784	0.9725490196078431
G	C2_1	262.868	177.446	154.197	0.5647058823529412	0.5647058823529412	0.5647058823529412
G	N2_1	262.746	176.572	153.183	0.18823529411764706	0.3137254901960784	0.9725490196078431
G	N3_1	261.851	177.645	155.029	0.18823529411764706	0.3137254901960784	0.9725490196078431
G	C4_1	262.152	178.548	155.99	0.5647058823529412	0.5647058823529412	0.5647058823529412
C	P_2	271.212	177.72	147.753	1.0	0.5019607843137255	0.0
C	OP1_2	271.598	177.826	146.314	1.0	0.050980392156862744	0.050980392156862744
C	OP2_2	271.234	178.936	148.615	1.0	0.050980392156862744	0.050980392156862744
C	O5'_2	269.755	177.09	147.815	1.0	0.050980392156862744	0.050980392156862744
C	C5'_2	269.496	175.794	147.254	0.5647058823529412	0.5647058823529412	0.5647058823529412
C	C4'_2	268.126	175.328	147.66	0.5647058823529412	0.5647058823529412	0.5647058823529412
C	O4'_2	268.107	175.037	149.085	1.0	0.050980392156862744	0.050980392156862744
C	C3'_2	267.037	176.372	147.475	0.5647058823529412	0.5647058823529412	0.5647058823529412
C	O3'_2	266.585	176.424	146.129	1.0	0.050980392156862744	0.050980392156862744
C	C2'_2	265.981	175.913	148.471	0.5647058823529412	0.5647058823529412	0.5647058823529412
C	O2'_2	265.235	174.807	148.006	1.0	0.050980392156862744	0.050980392156862744
C	C1'_2	266.863	175.454	149.636	0.5647058823529412	0.5647058823529412	0.5647058823529412
C	N1_2	267.12	176.526	150.623	0.18823529411764706	0.3137254901960784	0.9725490196078431
C	C2_2	266.234	176.681	151.713	0.5647058823529412	0.5647058823529412	0.5647058823529412
C	O2_2	265.266	175.905	151.823	1.0	0.050980392156862744	0.050980392156862744
C	N3_2	266.467	177.669	152.612	0.18823529411764706	0.3137254901960784	0.9725490196078431
C	C4_2	267.528	178.474	152.466	0.5647058823529412	0.5647058823529412	0.5647058823529412
C	N4_2	267.721	179.425	153.381	0.18823529411764706	0.3137254901960784	0.9725490196078431
C	C5_2	268.439	178.336	151.377	0.5647058823529412	0.5647058823529412	0.5647058823529412
C	C6_2	268.201	177.362	150.488	0.5647058823529412	0.5647058823529412	0.5647058823529412
