G	P_1	211.233	232.612	241.291	1.0	0.5019607843137255	0.0
G	OP1_1	210.771	232.36	242.684	1.0	0.050980392156862744	0.050980392156862744
G	OP2_1	210.256	233.08	240.269	1.0	0.050980392156862744	0.050980392156862744
G	O5'_1	212.448	233.648	241.346	1.0	0.050980392156862744	0.050980392156862744
G	C5'_1	213.61	233.383	242.168	0.5647058823529412	0.5647058823529412	0.5647058823529412
G	C4'_1	214.665	234.46	241.982	0.5647058823529412	0.5647058823529412	0.5647058823529412
G	O4'_1	215.167	234.443	240.616	1.0	0.050980392156862744	0.050980392156862744
G	C3'_1	214.233	235.907	242.183	0.5647058823529412	0.5647058823529412	0.5647058823529412
G	O3'_1	214.149	236.27	243.565	1.0	0.050980392156862744	0.050980392156862744
G	C2'_1	215.334	236.669	241.452	0.5647058823529412	0.5647058823529412	0.5647058823529412
G	O2'_1	216.529	236.775	242.197	1.0	0.050980392156862744	0.050980392156862744
G	C1'_1	215.582	235.756	240.25	0.5647058823529412	0.5647058823529412	0.5647058823529412
G	N9_1	214.846	236.174	239.058	0.18823529411764706	0.3137254901960784	0.9725490196078431
G	C8_1	213.731	235.577	238.513	0.5647058823529412	0.5647058823529412	0.5647058823529412
G	N7_1	213.297	236.182	237.438	0.18823529411764706	0.3137254901960784	0.9725490196078431
G	C5_1	214.175	237.243	237.258	0.5647058823529412	0.5647058823529412	0.5647058823529412
G	C6_1	214.208	238.245	236.25	0.5647058823529412	0.5647058823529412	0.5647058823529412
G	O6_1	213.442	238.392	235.288	1.0	0.050980392156862744	0.050980392156862744
G	N1_1	215.267	239.134	236.442	0.18823529411764706	0.3137254901960784	0.9725490196078431
G	C2_1	216.181	239.068	237.471	0.5647058823529412	0.5647058823529412	0.5647058823529412
G	N2_1	217.128	240.026	237.482	0.18823529411764706	0.3137254901960784	0.9725490196078431
G	N3_1	216.163	238.131	238.42	0.18823529411764706	0.3137254901960784	0.9725490196078431
G	C4_1	215.138	237.257	238.251	0.5647058823529412	0.5647058823529412	0.5647058823529412
C	P_2	215.441	244.992	228.532	1.0	0.5019607843137255	0.0
C	OP1_2	216.328	245.584	227.49	1.0	0.050980392156862744	0.050980392156862744
C	OP2_2	214.693	243.741	228.232	1.0	0.050980392156862744	0.050980392156862744
C	O5'_2	216.309	244.749	229.851	1.0	0.050980392156862744	0.050980392156862744
C	C5'_2	217.157	245.786	230.398	0.5647058823529412	0.5647058823529412	0.5647058823529412
C	C4'_2	217.602	245.415	231.799	0.5647058823529412	0.5647058823529412	0.5647058823529412
C	O4'_2	216.422	245.192	232.617	1.0	0.050980392156862744	0.050980392156862744
C	C3'_2	218.407	244.127	231.945	0.5647058823529412	0.5647058823529412	0.5647058823529412
C	O3'_2	219.801	244.328	231.685	1.0	0.050980392156862744	0.050980392156862744
C	C2'_2	218.143	243.745	233.396	0.5647058823529412	0.5647058823529412	0.5647058823529412
C	O2'_2	218.922	244.474	234.322	1.0	0.050980392156862744	0.050980392156862744
C	C1'_2	216.675	244.15	233.549	0.5647058823529412	0.5647058823529412	0.5647058823529412
C	N1_2	215.728	243.041	233.298	0.18823529411764706	0.3137254901960784	0.9725490196078431
C	C2_2	215.465	242.12	234.342	0.5647058823529412	0.5647058823529412	0.5647058823529412
C	O2_2	216.038	242.267	235.445	1.0	0.050980392156862744	0.050980392156862744
C	N3_2	214.597	241.1	234.117	0.18823529411764706	0.3137254901960784	0.9725490196078431
C	C4_2	214.005	240.977	232.921	0.5647058823529412	0.5647058823529412	0.5647058823529412
C	N4_2	213.16	239.96	232.747	0.18823529411764706	0.3137254901960784	0.9725490196078431
C	C5_2	214.256	241.892	231.851	0.5647058823529412	0.5647058823529412	0.5647058823529412
C	C6_2	215.113	242.896	232.081	0.5647058823529412	0.5647058823529412	0.5647058823529412
