C	P_1	78.036	169.547	194.401	1.0	0.5019607843137255	0.0
C	OP1_1	77.51	168.56	195.391	1.0	0.050980392156862744	0.050980392156862744
C	OP2_1	79.491	169.836	194.355	1.0	0.050980392156862744	0.050980392156862744
C	O5'_1	77.574	169.096	192.943	1.0	0.050980392156862744	0.050980392156862744
C	C5'_1	76.251	168.565	192.706	0.5647058823529412	0.5647058823529412	0.5647058823529412
C	C4'_1	75.992	168.457	191.22	0.5647058823529412	0.5647058823529412	0.5647058823529412
C	O4'_1	75.993	169.786	190.635	1.0	0.050980392156862744	0.050980392156862744
C	C3'_1	77.035	167.691	190.42	0.5647058823529412	0.5647058823529412	0.5647058823529412
C	O3'_1	76.827	166.283	190.482	1.0	0.050980392156862744	0.050980392156862744
C	C2'_1	76.857	168.262	189.019	0.5647058823529412	0.5647058823529412	0.5647058823529412
C	O2'_1	75.77	167.701	188.321	1.0	0.050980392156862744	0.050980392156862744
C	C1'_1	76.56	169.732	189.333	0.5647058823529412	0.5647058823529412	0.5647058823529412
C	N1_1	77.759	170.596	189.305	0.18823529411764706	0.3137254901960784	0.9725490196078431
C	C2_1	78.087	171.265	188.111	0.5647058823529412	0.5647058823529412	0.5647058823529412
C	O2_1	77.352	171.126	187.115	1.0	0.050980392156862744	0.050980392156862744
C	N3_1	79.194	172.044	188.08	0.18823529411764706	0.3137254901960784	0.9725490196078431
C	C4_1	79.956	172.172	189.174	0.5647058823529412	0.5647058823529412	0.5647058823529412
C	N4_1	81.036	172.947	189.096	0.18823529411764706	0.3137254901960784	0.9725490196078431
C	C5_1	79.642	171.51	190.395	0.5647058823529412	0.5647058823529412	0.5647058823529412
C	C6_1	78.547	170.743	190.417	0.5647058823529412	0.5647058823529412	0.5647058823529412
G	P_2	84.801	176.712	179.16	1.0	0.5019607843137255	0.0
G	OP1_2	84.753	177.524	177.911	1.0	0.050980392156862744	0.050980392156862744
G	OP2_2	84.885	177.397	180.479	1.0	0.050980392156862744	0.050980392156862744
G	O5'_2	83.531	175.75	179.173	1.0	0.050980392156862744	0.050980392156862744
G	C5'_2	83.244	174.89	178.05	0.5647058823529412	0.5647058823529412	0.5647058823529412
G	C4'_2	82.109	173.949	178.382	0.5647058823529412	0.5647058823529412	0.5647058823529412
G	O4'_2	82.513	173.05	179.451	1.0	0.050980392156862744	0.050980392156862744
G	C3'_2	80.842	174.604	178.904	0.5647058823529412	0.5647058823529412	0.5647058823529412
G	O3'_2	80.043	175.098	177.826	1.0	0.050980392156862744	0.050980392156862744
G	C2'_2	80.175	173.458	179.66	0.5647058823529412	0.5647058823529412	0.5647058823529412
G	O2'_2	79.504	172.553	178.805	1.0	0.050980392156862744	0.050980392156862744
G	C1'_2	81.389	172.745	180.266	0.5647058823529412	0.5647058823529412	0.5647058823529412
G	N9_2	81.697	173.112	181.649	0.18823529411764706	0.3137254901960784	0.9725490196078431
G	C8_2	82.71	173.939	182.081	0.5647058823529412	0.5647058823529412	0.5647058823529412
G	N7_2	82.755	174.061	183.38	0.18823529411764706	0.3137254901960784	0.9725490196078431
G	C5_2	81.707	173.272	183.838	0.5647058823529412	0.5647058823529412	0.5647058823529412
G	C6_2	81.263	173.015	185.163	0.5647058823529412	0.5647058823529412	0.5647058823529412
G	O6_2	81.722	173.447	186.227	1.0	0.050980392156862744	0.050980392156862744
G	N1_2	80.167	172.159	185.18	0.18823529411764706	0.3137254901960784	0.9725490196078431
G	C2_2	79.57	171.619	184.067	0.5647058823529412	0.5647058823529412	0.5647058823529412
G	N2_2	78.521	170.808	184.292	0.18823529411764706	0.3137254901960784	0.9725490196078431
G	N3_2	79.97	171.855	182.823	0.18823529411764706	0.3137254901960784	0.9725490196078431
G	C4_2	81.038	172.684	182.785	0.5647058823529412	0.5647058823529412	0.5647058823529412
