G	P_1	207.59	214.161	136.432	1.0	0.5019607843137255	0.0
G	OP1_1	207.812	215.046	135.246	1.0	0.050980392156862744	0.050980392156862744
G	OP2_1	206.446	214.434	137.346	1.0	0.050980392156862744	0.050980392156862744
G	O5'_1	207.491	212.648	135.94	1.0	0.050980392156862744	0.050980392156862744
G	C5'_1	208.429	212.128	134.974	0.5647058823529412	0.5647058823529412	0.5647058823529412
G	C4'_1	207.924	210.828	134.388	0.5647058823529412	0.5647058823529412	0.5647058823529412
G	O4'_1	208.131	209.724	135.312	1.0	0.050980392156862744	0.050980392156862744
G	C3'_1	206.439	210.747	134.074	0.5647058823529412	0.5647058823529412	0.5647058823529412
G	O3'_1	206.074	211.458	132.896	1.0	0.050980392156862744	0.050980392156862744
G	C2'_1	206.231	209.241	133.956	0.5647058823529412	0.5647058823529412	0.5647058823529412
G	O2'_1	206.667	208.721	132.717	1.0	0.050980392156862744	0.050980392156862744
G	C1'_1	207.14	208.727	135.079	0.5647058823529412	0.5647058823529412	0.5647058823529412
G	N9_1	206.393	208.483	136.314	0.18823529411764706	0.3137254901960784	0.9725490196078431
G	C8_1	206.299	209.302	137.417	0.5647058823529412	0.5647058823529412	0.5647058823529412
G	N7_1	205.517	208.823	138.349	0.18823529411764706	0.3137254901960784	0.9725490196078431
G	C5_1	205.075	207.609	137.838	0.5647058823529412	0.5647058823529412	0.5647058823529412
G	C6_1	204.195	206.643	138.395	0.5647058823529412	0.5647058823529412	0.5647058823529412
G	O6_1	203.615	206.671	139.486	1.0	0.050980392156862744	0.050980392156862744
G	N1_1	204.014	205.556	137.54	0.18823529411764706	0.3137254901960784	0.9725490196078431
G	C2_1	204.602	205.417	136.307	0.5647058823529412	0.5647058823529412	0.5647058823529412
G	N2_1	204.308	204.294	135.633	0.18823529411764706	0.3137254901960784	0.9725490196078431
G	N3_1	205.422	206.316	135.772	0.18823529411764706	0.3137254901960784	0.9725490196078431
G	C4_1	205.612	207.378	136.587	0.5647058823529412	0.5647058823529412	0.5647058823529412
C	P_2	199.741	197.23	141.927	1.0	0.5019607843137255	0.0
C	OP1_2	199.961	195.755	142.053	1.0	0.050980392156862744	0.050980392156862744
C	OP2_2	200.05	198.12	143.077	1.0	0.050980392156862744	0.050980392156862744
C	O5'_2	200.567	197.746	140.665	1.0	0.050980392156862744	0.050980392156862744
C	C5'_2	200.405	197.12	139.38	0.5647058823529412	0.5647058823529412	0.5647058823529412
C	C4'_2	201.16	197.886	138.319	0.5647058823529412	0.5647058823529412	0.5647058823529412
C	O4'_2	200.565	199.196	138.128	1.0	0.050980392156862744	0.050980392156862744
C	C3'_2	202.626	198.183	138.607	0.5647058823529412	0.5647058823529412	0.5647058823529412
C	O3'_2	203.438	197.047	138.313	1.0	0.050980392156862744	0.050980392156862744
C	C2'_2	202.909	199.353	137.667	0.5647058823529412	0.5647058823529412	0.5647058823529412
C	O2'_2	203.155	198.947	136.336	1.0	0.050980392156862744	0.050980392156862744
C	C1'_2	201.571	200.107	137.704	0.5647058823529412	0.5647058823529412	0.5647058823529412
C	N1_2	201.568	201.291	138.587	0.18823529411764706	0.3137254901960784	0.9725490196078431
C	C2_2	202.159	202.491	138.115	0.5647058823529412	0.5647058823529412	0.5647058823529412
C	O2_2	202.644	202.518	136.967	1.0	0.050980392156862744	0.050980392156862744
C	N3_2	202.18	203.58	138.927	0.18823529411764706	0.3137254901960784	0.9725490196078431
C	C4_2	201.641	203.511	140.154	0.5647058823529412	0.5647058823529412	0.5647058823529412
C	N4_2	201.695	204.604	140.922	0.18823529411764706	0.3137254901960784	0.9725490196078431
C	C5_2	201.025	202.315	140.649	0.5647058823529412	0.5647058823529412	0.5647058823529412
C	C6_2	201.012	201.24	139.841	0.5647058823529412	0.5647058823529412	0.5647058823529412
