G	P_1	177.323	264.816	210.022	1.0	0.5019607843137255	0.0
G	OP1_1	175.971	264.534	209.457	1.0	0.050980392156862744	0.050980392156862744
G	OP2_1	177.519	264.806	211.495	1.0	0.050980392156862744	0.050980392156862744
G	O5'_1	178.325	263.756	209.388	1.0	0.050980392156862744	0.050980392156862744
G	C5'_1	178.194	262.361	209.708	0.5647058823529412	0.5647058823529412	0.5647058823529412
G	C4'_1	177.436	261.644	208.615	0.5647058823529412	0.5647058823529412	0.5647058823529412
G	O4'_1	178.114	261.842	207.345	1.0	0.050980392156862744	0.050980392156862744
G	C3'_1	177.337	260.137	208.798	0.5647058823529412	0.5647058823529412	0.5647058823529412
G	O3'_1	176.196	259.789	209.584	1.0	0.050980392156862744	0.050980392156862744
G	C2'_1	177.27	259.628	207.363	0.5647058823529412	0.5647058823529412	0.5647058823529412
G	O2'_1	175.978	259.752	206.795	1.0	0.050980392156862744	0.050980392156862744
G	C1'_1	178.224	260.603	206.664	0.5647058823529412	0.5647058823529412	0.5647058823529412
G	N9_1	179.632	260.207	206.687	0.18823529411764706	0.3137254901960784	0.9725490196078431
G	C8_1	180.671	260.876	207.3	0.5647058823529412	0.5647058823529412	0.5647058823529412
G	N7_1	181.832	260.307	207.115	0.18823529411764706	0.3137254901960784	0.9725490196078431
G	C5_1	181.546	259.189	206.342	0.5647058823529412	0.5647058823529412	0.5647058823529412
G	C6_1	182.409	258.191	205.824	0.5647058823529412	0.5647058823529412	0.5647058823529412
G	O6_1	183.639	258.102	205.94	1.0	0.050980392156862744	0.050980392156862744
G	N1_1	181.703	257.226	205.103	0.18823529411764706	0.3137254901960784	0.9725490196078431
G	C2_1	180.339	257.226	204.905	0.5647058823529412	0.5647058823529412	0.5647058823529412
G	N2_1	179.837	256.206	204.187	0.18823529411764706	0.3137254901960784	0.9725490196078431
G	N3_1	179.524	258.159	205.377	0.18823529411764706	0.3137254901960784	0.9725490196078431
G	C4_1	180.19	259.103	206.08	0.5647058823529412	0.5647058823529412	0.5647058823529412
C	P_2	187.918	251.134	200.615	1.0	0.5019607843137255	0.0
C	OP1_2	188.19	250.304	199.404	1.0	0.050980392156862744	0.050980392156862744
C	OP2_2	188.655	252.41	200.81	1.0	0.050980392156862744	0.050980392156862744
C	O5'_2	186.356	251.448	200.66	1.0	0.050980392156862744	0.050980392156862744
C	C5'_2	185.382	250.406	200.427	0.5647058823529412	0.5647058823529412	0.5647058823529412
C	C4'_2	183.986	250.927	200.687	0.5647058823529412	0.5647058823529412	0.5647058823529412
C	O4'_2	183.833	251.226	202.103	1.0	0.050980392156862744	0.050980392156862744
C	C3'_2	183.627	252.232	199.99	0.5647058823529412	0.5647058823529412	0.5647058823529412
C	O3'_2	183.246	252.026	198.63	1.0	0.050980392156862744	0.050980392156862744
C	C2'_2	182.5	252.764	200.869	0.5647058823529412	0.5647058823529412	0.5647058823529412
C	O2'_2	181.268	252.115	200.636	1.0	0.050980392156862744	0.050980392156862744
C	C1'_2	183.006	252.373	202.261	0.5647058823529412	0.5647058823529412	0.5647058823529412
C	N1_2	183.793	253.437	202.924	0.18823529411764706	0.3137254901960784	0.9725490196078431
C	C2_2	183.115	254.397	203.703	0.5647058823529412	0.5647058823529412	0.5647058823529412
C	O2_2	181.875	254.325	203.805	1.0	0.050980392156862744	0.050980392156862744
C	N3_2	183.834	255.371	204.322	0.18823529411764706	0.3137254901960784	0.9725490196078431
C	C4_2	185.168	255.407	204.191	0.5647058823529412	0.5647058823529412	0.5647058823529412
C	N4_2	185.836	256.376	204.83	0.18823529411764706	0.3137254901960784	0.9725490196078431
C	C5_2	185.877	254.448	203.4	0.5647058823529412	0.5647058823529412	0.5647058823529412
C	C6_2	185.158	253.494	202.791	0.5647058823529412	0.5647058823529412	0.5647058823529412
