G	P_1	247.48	249.355	186.087	1.0	0.5019607843137255	0.0
G	OP1_1	247.84	250.724	186.567	1.0	0.050980392156862744	0.050980392156862744
G	OP2_1	248.399	248.215	186.36	1.0	0.050980392156862744	0.050980392156862744
G	O5'_1	246.048	248.998	186.686	1.0	0.050980392156862744	0.050980392156862744
G	C5'_1	244.923	249.867	186.46	0.5647058823529412	0.5647058823529412	0.5647058823529412
G	C4'_1	243.673	249.278	187.074	0.5647058823529412	0.5647058823529412	0.5647058823529412
G	O4'_1	243.293	248.063	186.373	1.0	0.050980392156862744	0.050980392156862744
G	C3'_1	243.783	248.845	188.529	0.5647058823529412	0.5647058823529412	0.5647058823529412
G	O3'_1	243.632	249.97	189.4	1.0	0.050980392156862744	0.050980392156862744
G	C2'_1	242.633	247.847	188.66	0.5647058823529412	0.5647058823529412	0.5647058823529412
G	O2'_1	241.377	248.475	188.836	1.0	0.050980392156862744	0.050980392156862744
G	C1'_1	242.652	247.176	187.283	0.5647058823529412	0.5647058823529412	0.5647058823529412
G	N9_1	243.317	245.874	187.227	0.18823529411764706	0.3137254901960784	0.9725490196078431
G	C8_1	244.556	245.597	186.693	0.5647058823529412	0.5647058823529412	0.5647058823529412
G	N7_1	244.87	244.328	186.753	0.18823529411764706	0.3137254901960784	0.9725490196078431
G	C5_1	243.778	243.729	187.371	0.5647058823529412	0.5647058823529412	0.5647058823529412
G	C6_1	243.542	242.363	187.705	0.5647058823529412	0.5647058823529412	0.5647058823529412
G	O6_1	244.279	241.386	187.519	1.0	0.050980392156862744	0.050980392156862744
G	N1_1	242.3	242.192	188.316	0.18823529411764706	0.3137254901960784	0.9725490196078431
G	C2_1	241.401	243.202	188.58	0.5647058823529412	0.5647058823529412	0.5647058823529412
G	N2_1	240.251	242.833	189.178	0.18823529411764706	0.3137254901960784	0.9725490196078431
G	N3_1	241.612	244.482	188.28	0.18823529411764706	0.3137254901960784	0.9725490196078431
G	C4_1	242.811	244.67	187.679	0.5647058823529412	0.5647058823529412	0.5647058823529412
C	P_2	240.729	232.747	189.656	1.0	0.5019607843137255	0.0
C	OP1_2	239.699	231.663	189.678	1.0	0.050980392156862744	0.050980392156862744
C	OP2_2	241.461	233.036	188.394	1.0	0.050980392156862744	0.050980392156862744
C	O5'_2	240.021	234.092	190.122	1.0	0.050980392156862744	0.050980392156862744
C	C5'_2	239.034	234.088	191.169	0.5647058823529412	0.5647058823529412	0.5647058823529412
C	C4'_2	238.447	235.465	191.312	0.5647058823529412	0.5647058823529412	0.5647058823529412
C	O4'_2	239.49	236.388	191.714	1.0	0.050980392156862744	0.050980392156862744
C	C3'_2	237.892	236.023	190.015	0.5647058823529412	0.5647058823529412	0.5647058823529412
C	O3'_2	236.544	235.587	189.876	1.0	0.050980392156862744	0.050980392156862744
C	C2'_2	238.044	237.528	190.198	0.5647058823529412	0.5647058823529412	0.5647058823529412
C	O2'_2	237.006	238.097	190.966	1.0	0.050980392156862744	0.050980392156862744
C	C1'_2	239.347	237.606	191.004	0.5647058823529412	0.5647058823529412	0.5647058823529412
C	N1_2	240.59	237.832	190.234	0.18823529411764706	0.3137254901960784	0.9725490196078431
C	C2_2	240.967	239.152	189.903	0.5647058823529412	0.5647058823529412	0.5647058823529412
C	O2_2	240.227	240.099	190.242	1.0	0.050980392156862744	0.050980392156862744
C	N3_2	242.129	239.354	189.226	0.18823529411764706	0.3137254901960784	0.9725490196078431
C	C4_2	242.897	238.31	188.884	0.5647058823529412	0.5647058823529412	0.5647058823529412
C	N4_2	244.039	238.555	188.235	0.18823529411764706	0.3137254901960784	0.9725490196078431
C	C5_2	242.529	236.967	189.197	0.5647058823529412	0.5647058823529412	0.5647058823529412
C	C6_2	241.38	236.776	189.861	0.5647058823529412	0.5647058823529412	0.5647058823529412
