G	P_1	161.978	164.636	146.505	1.0	0.5019607843137255	0.0
G	OP1_1	161.302	165.88	146.045	1.0	0.050980392156862744	0.050980392156862744
G	OP2_1	161.932	164.265	147.947	1.0	0.050980392156862744	0.050980392156862744
G	O5'_1	161.399	163.418	145.658	1.0	0.050980392156862744	0.050980392156862744
G	C5'_1	161.362	163.473	144.22	0.5647058823529412	0.5647058823529412	0.5647058823529412
G	C4'_1	160.953	162.134	143.65	0.5647058823529412	0.5647058823529412	0.5647058823529412
G	O4'_1	161.966	161.136	143.954	1.0	0.050980392156862744	0.050980392156862744
G	C3'_1	159.672	161.538	144.211	0.5647058823529412	0.5647058823529412	0.5647058823529412
G	O3'_1	158.509	162.102	143.61	1.0	0.050980392156862744	0.050980392156862744
G	C2'_1	159.846	160.055	143.901	0.5647058823529412	0.5647058823529412	0.5647058823529412
G	O2'_1	159.561	159.726	142.555	1.0	0.050980392156862744	0.050980392156862744
G	C1'_1	161.345	159.872	144.158	0.5647058823529412	0.5647058823529412	0.5647058823529412
G	N9_1	161.641	159.417	145.515	0.18823529411764706	0.3137254901960784	0.9725490196078431
G	C8_1	162.174	160.159	146.545	0.5647058823529412	0.5647058823529412	0.5647058823529412
G	N7_1	162.334	159.474	147.645	0.18823529411764706	0.3137254901960784	0.9725490196078431
G	C5_1	161.879	158.2	147.327	0.5647058823529412	0.5647058823529412	0.5647058823529412
G	C6_1	161.808	157.028	148.121	0.5647058823529412	0.5647058823529412	0.5647058823529412
G	O6_1	162.147	156.877	149.3	1.0	0.050980392156862744	0.050980392156862744
G	N1_1	161.276	155.957	147.408	0.18823529411764706	0.3137254901960784	0.9725490196078431
G	C2_1	160.864	156.005	146.098	0.5647058823529412	0.5647058823529412	0.5647058823529412
G	N2_1	160.372	154.863	145.585	0.18823529411764706	0.3137254901960784	0.9725490196078431
G	N3_1	160.927	157.096	145.342	0.18823529411764706	0.3137254901960784	0.9725490196078431
G	C4_1	161.443	158.148	146.017	0.5647058823529412	0.5647058823529412	0.5647058823529412
C	P_2	161.268	146.856	152.047	1.0	0.5019607843137255	0.0
C	OP1_2	161.462	145.4	151.778	1.0	0.050980392156862744	0.050980392156862744
C	OP2_2	162.401	147.663	152.569	1.0	0.050980392156862744	0.050980392156862744
C	O5'_2	160.741	147.553	150.715	1.0	0.050980392156862744	0.050980392156862744
C	C5'_2	159.754	146.911	149.882	0.5647058823529412	0.5647058823529412	0.5647058823529412
C	C4'_2	159.561	147.69	148.602	0.5647058823529412	0.5647058823529412	0.5647058823529412
C	O4'_2	158.89	148.948	148.886	1.0	0.050980392156862744	0.050980392156862744
C	C3'_2	160.833	148.113	147.884	0.5647058823529412	0.5647058823529412	0.5647058823529412
C	O3'_2	161.43	147.059	147.137	1.0	0.050980392156862744	0.050980392156862744
C	C2'_2	160.339	149.267	147.024	0.5647058823529412	0.5647058823529412	0.5647058823529412
C	O2'_2	159.643	148.845	145.87	1.0	0.050980392156862744	0.050980392156862744
C	C1'_2	159.36	149.946	147.988	0.5647058823529412	0.5647058823529412	0.5647058823529412
C	N1_2	160.0	151.031	148.761	0.18823529411764706	0.3137254901960784	0.9725490196078431
C	C2_2	160.03	152.324	148.211	0.5647058823529412	0.5647058823529412	0.5647058823529412
C	O2_2	159.489	152.528	147.108	1.0	0.050980392156862744	0.050980392156862744
C	N3_2	160.646	153.314	148.895	0.18823529411764706	0.3137254901960784	0.9725490196078431
C	C4_2	161.211	153.059	150.078	0.5647058823529412	0.5647058823529412	0.5647058823529412
C	N4_2	161.819	154.063	150.707	0.18823529411764706	0.3137254901960784	0.9725490196078431
C	C5_2	161.18	151.761	150.667	0.5647058823529412	0.5647058823529412	0.5647058823529412
C	C6_2	160.569	150.788	149.983	0.5647058823529412	0.5647058823529412	0.5647058823529412
