G	P_1	234.752	142.624	178.8	1.0	0.5019607843137255	0.0
G	OP1_1	234.767	142.396	180.279	1.0	0.050980392156862744	0.050980392156862744
G	OP2_1	235.892	143.345	178.157	1.0	0.050980392156862744	0.050980392156862744
G	O5'_1	234.588	141.208	178.076	1.0	0.050980392156862744	0.050980392156862744
G	C5'_1	233.546	140.286	178.471	0.5647058823529412	0.5647058823529412	0.5647058823529412
G	C4'_1	233.48	139.114	177.513	0.5647058823529412	0.5647058823529412	0.5647058823529412
G	O4'_1	233.05	139.568	176.199	1.0	0.050980392156862744	0.050980392156862744
G	C3'_1	234.794	138.4	177.24	0.5647058823529412	0.5647058823529412	0.5647058823529412
G	O3'_1	235.129	137.483	178.276	1.0	0.050980392156862744	0.050980392156862744
G	C2'_1	234.51	137.719	175.907	0.5647058823529412	0.5647058823529412	0.5647058823529412
G	O2'_1	233.703	136.568	176.035	1.0	0.050980392156862744	0.050980392156862744
G	C1'_1	233.698	138.8	175.194	0.5647058823529412	0.5647058823529412	0.5647058823529412
G	N9_1	234.555	139.687	174.411	0.18823529411764706	0.3137254901960784	0.9725490196078431
G	C8_1	234.913	140.982	174.711	0.5647058823529412	0.5647058823529412	0.5647058823529412
G	N7_1	235.727	141.507	173.835	0.18823529411764706	0.3137254901960784	0.9725490196078431
G	C5_1	235.911	140.503	172.895	0.5647058823529412	0.5647058823529412	0.5647058823529412
G	C6_1	236.699	140.486	171.719	0.5647058823529412	0.5647058823529412	0.5647058823529412
G	O6_1	237.422	141.383	171.266	1.0	0.050980392156862744	0.050980392156862744
G	N1_1	236.598	139.266	171.048	0.18823529411764706	0.3137254901960784	0.9725490196078431
G	C2_1	235.835	138.199	171.463	0.5647058823529412	0.5647058823529412	0.5647058823529412
G	N2_1	235.864	137.107	170.681	0.18823529411764706	0.3137254901960784	0.9725490196078431
G	N3_1	235.097	138.201	172.566	0.18823529411764706	0.3137254901960784	0.9725490196078431
G	C4_1	235.184	139.377	173.229	0.5647058823529412	0.5647058823529412	0.5647058823529412
C	P_2	241.68	139.38	162.309	1.0	0.5019607843137255	0.0
C	OP1_2	241.445	139.005	160.884	1.0	0.050980392156862744	0.050980392156862744
C	OP2_2	241.401	140.771	162.758	1.0	0.050980392156862744	0.050980392156862744
C	O5'_2	240.86	138.387	163.251	1.0	0.050980392156862744	0.050980392156862744
C	C5'_2	240.826	136.97	162.976	0.5647058823529412	0.5647058823529412	0.5647058823529412
C	C4'_2	239.788	136.286	163.841	0.5647058823529412	0.5647058823529412	0.5647058823529412
C	O4'_2	240.235	136.259	165.222	1.0	0.050980392156862744	0.050980392156862744
C	C3'_2	238.418	136.945	163.914	0.5647058823529412	0.5647058823529412	0.5647058823529412
C	O3'_2	237.615	136.669	162.769	1.0	0.050980392156862744	0.050980392156862744
C	C2'_2	237.855	136.358	165.203	0.5647058823529412	0.5647058823529412	0.5647058823529412
C	O2'_2	237.393	135.026	165.067	1.0	0.050980392156862744	0.050980392156862744
C	C1'_2	239.106	136.345	166.086	0.5647058823529412	0.5647058823529412	0.5647058823529412
C	N1_2	239.228	137.562	166.918	0.18823529411764706	0.3137254901960784	0.9725490196078431
C	C2_2	238.476	137.652	168.108	0.5647058823529412	0.5647058823529412	0.5647058823529412
C	O2_2	237.754	136.693	168.443	1.0	0.050980392156862744	0.050980392156862744
C	N3_2	238.565	138.778	168.855	0.18823529411764706	0.3137254901960784	0.9725490196078431
C	C4_2	239.365	139.778	168.466	0.5647058823529412	0.5647058823529412	0.5647058823529412
C	N4_2	239.415	140.868	169.223	0.18823529411764706	0.3137254901960784	0.9725490196078431
C	C5_2	240.149	139.704	167.278	0.5647058823529412	0.5647058823529412	0.5647058823529412
C	C6_2	240.049	138.593	166.541	0.5647058823529412	0.5647058823529412	0.5647058823529412
