G	P_1	132.868	274.507	171.533	1.0	0.5019607843137255	0.0
G	OP1_1	133.261	273.309	172.319	1.0	0.050980392156862744	0.050980392156862744
G	OP2_1	132.085	274.334	170.275	1.0	0.050980392156862744	0.050980392156862744
G	O5'_1	132.03	275.473	172.487	1.0	0.050980392156862744	0.050980392156862744
G	C5'_1	132.573	275.93	173.737	0.5647058823529412	0.5647058823529412	0.5647058823529412
G	C4'_1	132.094	277.332	174.034	0.5647058823529412	0.5647058823529412	0.5647058823529412
G	O4'_1	132.288	278.144	172.843	1.0	0.050980392156862744	0.050980392156862744
G	C3'_1	130.612	277.511	174.354	0.5647058823529412	0.5647058823529412	0.5647058823529412
G	O3'_1	130.321	277.233	175.735	1.0	0.050980392156862744	0.050980392156862744
G	C2'_1	130.396	278.982	174.015	0.5647058823529412	0.5647058823529412	0.5647058823529412
G	O2'_1	130.873	279.856	175.02	1.0	0.050980392156862744	0.050980392156862744
G	C1'_1	131.275	279.134	172.771	0.5647058823529412	0.5647058823529412	0.5647058823529412
G	N9_1	130.54	278.97	171.52	0.18823529411764706	0.3137254901960784	0.9725490196078431
G	C8_1	130.677	277.958	170.596	0.5647058823529412	0.5647058823529412	0.5647058823529412
G	N7_1	129.88	278.088	169.568	0.18823529411764706	0.3137254901960784	0.9725490196078431
G	C5_1	129.174	279.258	169.826	0.5647058823529412	0.5647058823529412	0.5647058823529412
G	C6_1	128.167	279.909	169.066	0.5647058823529412	0.5647058823529412	0.5647058823529412
G	O6_1	127.691	279.574	167.975	1.0	0.050980392156862744	0.050980392156862744
G	N1_1	127.714	281.065	169.7	0.18823529411764706	0.3137254901960784	0.9725490196078431
G	C2_1	128.17	281.536	170.906	0.5647058823529412	0.5647058823529412	0.5647058823529412
G	N2_1	127.603	282.669	171.355	0.18823529411764706	0.3137254901960784	0.9725490196078431
G	N3_1	129.112	280.941	171.623	0.18823529411764706	0.3137254901960784	0.9725490196078431
G	C4_1	129.567	279.815	171.027	0.5647058823529412	0.5647058823529412	0.5647058823529412
C	P_2	119.649	287.427	165.609	1.0	0.5019607843137255	0.0
C	OP1_2	119.187	288.781	165.192	1.0	0.050980392156862744	0.050980392156862744
C	OP2_2	120.537	286.642	164.708	1.0	0.050980392156862744	0.050980392156862744
C	O5'_2	120.35	287.547	167.037	1.0	0.050980392156862744	0.050980392156862744
C	C5'_2	121.755	287.86	167.164	0.5647058823529412	0.5647058823529412	0.5647058823529412
C	C4'_2	122.26	287.432	168.525	0.5647058823529412	0.5647058823529412	0.5647058823529412
C	O4'_2	122.064	286.003	168.678	1.0	0.050980392156862744	0.050980392156862744
C	C3'_2	123.746	287.633	168.784	0.5647058823529412	0.5647058823529412	0.5647058823529412
C	O3'_2	124.033	288.967	169.2	1.0	0.050980392156862744	0.050980392156862744
C	C2'_2	124.023	286.618	169.884	0.5647058823529412	0.5647058823529412	0.5647058823529412
C	O2'_2	123.616	287.064	171.163	1.0	0.050980392156862744	0.050980392156862744
C	C1'_2	123.121	285.457	169.453	0.5647058823529412	0.5647058823529412	0.5647058823529412
C	N1_2	123.797	284.406	168.662	0.18823529411764706	0.3137254901960784	0.9725490196078431
C	C2_2	124.783	283.617	169.277	0.5647058823529412	0.5647058823529412	0.5647058823529412
C	O2_2	125.092	283.847	170.459	1.0	0.050980392156862744	0.050980392156862744
C	N3_2	125.371	282.629	168.567	0.18823529411764706	0.3137254901960784	0.9725490196078431
C	C4_2	125.018	282.419	167.294	0.5647058823529412	0.5647058823529412	0.5647058823529412
C	N4_2	125.614	281.425	166.634	0.18823529411764706	0.3137254901960784	0.9725490196078431
C	C5_2	124.037	283.218	166.641	0.5647058823529412	0.5647058823529412	0.5647058823529412
C	C6_2	123.459	284.19	167.353	0.5647058823529412	0.5647058823529412	0.5647058823529412
