C	P_1	88.641	230.852	153.572	1.0	0.5019607843137255	0.0
C	OP1_1	87.887	231.833	152.736	1.0	0.050980392156862744	0.050980392156862744
C	OP2_1	88.095	230.445	154.895	1.0	0.050980392156862744	0.050980392156862744
C	O5'_1	88.887	229.532	152.709	1.0	0.050980392156862744	0.050980392156862744
C	C5'_1	89.395	229.611	151.361	0.5647058823529412	0.5647058823529412	0.5647058823529412
C	C4'_1	89.831	228.245	150.875	0.5647058823529412	0.5647058823529412	0.5647058823529412
C	O4'_1	90.941	227.77	151.685	1.0	0.050980392156862744	0.050980392156862744
C	C3'_1	88.806	227.124	150.972	0.5647058823529412	0.5647058823529412	0.5647058823529412
C	O3'_1	87.858	227.151	149.91	1.0	0.050980392156862744	0.050980392156862744
C	C2'_1	89.692	225.885	150.942	0.5647058823529412	0.5647058823529412	0.5647058823529412
C	O2'_1	90.15	225.562	149.644	1.0	0.050980392156862744	0.050980392156862744
C	C1'_1	90.875	226.353	151.795	0.5647058823529412	0.5647058823529412	0.5647058823529412
C	N1_1	90.723	225.987	153.219	0.18823529411764706	0.3137254901960784	0.9725490196078431
C	C2_1	91.32	224.797	153.68	0.5647058823529412	0.5647058823529412	0.5647058823529412
C	O2_1	91.985	224.103	152.885	1.0	0.050980392156862744	0.050980392156862744
C	N3_1	91.155	224.439	154.975	0.18823529411764706	0.3137254901960784	0.9725490196078431
C	C4_1	90.438	225.213	155.8	0.5647058823529412	0.5647058823529412	0.5647058823529412
C	N4_1	90.296	224.813	157.069	0.18823529411764706	0.3137254901960784	0.9725490196078431
C	C5_1	89.835	226.431	155.362	0.5647058823529412	0.5647058823529412	0.5647058823529412
C	C6_1	90.004	226.777	154.079	0.5647058823529412	0.5647058823529412	0.5647058823529412
G	P_2	93.23	213.561	159.957	1.0	0.5019607843137255	0.0
G	OP1_2	94.145	212.385	160.001	1.0	0.050980392156862744	0.050980392156862744
G	OP2_2	93.391	214.654	160.959	1.0	0.050980392156862744	0.050980392156862744
G	O5'_2	93.297	214.21	158.499	1.0	0.050980392156862744	0.050980392156862744
G	C5'_2	93.271	213.387	157.31	0.5647058823529412	0.5647058823529412	0.5647058823529412
G	C4'_2	93.336	214.249	156.065	0.5647058823529412	0.5647058823529412	0.5647058823529412
G	O4'_2	92.152	215.091	155.987	1.0	0.050980392156862744	0.050980392156862744
G	C3'_2	94.489	215.243	155.977	0.5647058823529412	0.5647058823529412	0.5647058823529412
G	O3'_2	95.696	214.626	155.535	1.0	0.050980392156862744	0.050980392156862744
G	C2'_2	93.965	216.257	154.965	0.5647058823529412	0.5647058823529412	0.5647058823529412
G	O2'_2	94.074	215.81	153.629	1.0	0.050980392156862744	0.050980392156862744
G	C1'_2	92.482	216.319	155.343	0.5647058823529412	0.5647058823529412	0.5647058823529412
G	N9_2	92.146	217.431	156.234	0.18823529411764706	0.3137254901960784	0.9725490196078431
G	C8_2	91.896	217.378	157.588	0.5647058823529412	0.5647058823529412	0.5647058823529412
G	N7_2	91.603	218.543	158.103	0.18823529411764706	0.3137254901960784	0.9725490196078431
G	C5_2	91.662	219.42	157.028	0.5647058823529412	0.5647058823529412	0.5647058823529412
G	C6_2	91.433	220.821	156.971	0.5647058823529412	0.5647058823529412	0.5647058823529412
G	O6_2	91.115	221.59	157.891	1.0	0.050980392156862744	0.050980392156862744
G	N1_2	91.606	221.314	155.679	0.18823529411764706	0.3137254901960784	0.9725490196078431
G	C2_2	91.951	220.561	154.582	0.5647058823529412	0.5647058823529412	0.5647058823529412
G	N2_2	92.066	221.219	153.417	0.18823529411764706	0.3137254901960784	0.9725490196078431
G	N3_2	92.167	219.255	154.623	0.18823529411764706	0.3137254901960784	0.9725490196078431
G	C4_2	92.004	218.753	155.868	0.5647058823529412	0.5647058823529412	0.5647058823529412
