G	P_1	232.534	118.144	173.842	1.0	0.5019607843137255	0.0
G	OP1_1	233.347	116.892	173.856	1.0	0.050980392156862744	0.050980392156862744
G	OP2_1	232.683	119.104	172.711	1.0	0.050980392156862744	0.050980392156862744
G	O5'_1	230.995	117.741	173.946	1.0	0.050980392156862744	0.050980392156862744
G	C5'_1	230.517	116.908	175.023	0.5647058823529412	0.5647058823529412	0.5647058823529412
G	C4'_1	229.003	116.834	175.004	0.5647058823529412	0.5647058823529412	0.5647058823529412
G	O4'_1	228.426	118.122	175.352	1.0	0.050980392156862744	0.050980392156862744
G	C3'_1	228.362	116.497	173.668	0.5647058823529412	0.5647058823529412	0.5647058823529412
G	O3'_1	228.436	115.094	173.405	1.0	0.050980392156862744	0.050980392156862744
G	C2'_1	226.937	117.01	173.86	0.5647058823529412	0.5647058823529412	0.5647058823529412
G	O2'_1	226.132	116.129	174.617	1.0	0.050980392156862744	0.050980392156862744
G	C1'_1	227.186	118.286	174.673	0.5647058823529412	0.5647058823529412	0.5647058823529412
G	N9_1	227.25	119.505	173.868	0.18823529411764706	0.3137254901960784	0.9725490196078431
G	C8_1	228.382	120.162	173.44	0.5647058823529412	0.5647058823529412	0.5647058823529412
G	N7_1	228.122	121.229	172.735	0.18823529411764706	0.3137254901960784	0.9725490196078431
G	C5_1	226.735	121.284	172.691	0.5647058823529412	0.5647058823529412	0.5647058823529412
G	C6_1	225.874	122.224	172.065	0.5647058823529412	0.5647058823529412	0.5647058823529412
G	O6_1	226.178	123.221	171.4	1.0	0.050980392156862744	0.050980392156862744
G	N1_1	224.534	121.909	172.272	0.18823529411764706	0.3137254901960784	0.9725490196078431
G	C2_1	224.077	120.826	172.985	0.5647058823529412	0.5647058823529412	0.5647058823529412
G	N2_1	222.744	120.694	173.068	0.18823529411764706	0.3137254901960784	0.9725490196078431
G	N3_1	224.869	119.938	173.573	0.18823529411764706	0.3137254901960784	0.9725490196078431
G	C4_1	226.178	120.228	173.387	0.5647058823529412	0.5647058823529412	0.5647058823529412
C	P_2	217.753	129.092	168.643	1.0	0.5019607843137255	0.0
C	OP1_2	216.456	129.78	168.896	1.0	0.050980392156862744	0.050980392156862744
C	OP2_2	219.027	129.845	168.808	1.0	0.050980392156862744	0.050980392156862744
C	O5'_2	217.819	127.793	169.568	1.0	0.050980392156862744	0.050980392156862744
C	C5'_2	216.692	126.894	169.669	0.5647058823529412	0.5647058823529412	0.5647058823529412
C	C4'_2	217.054	125.679	170.499	0.5647058823529412	0.5647058823529412	0.5647058823529412
C	O4'_2	218.133	124.951	169.858	1.0	0.050980392156862744	0.050980392156862744
C	C3'_2	217.57	125.932	171.909	0.5647058823529412	0.5647058823529412	0.5647058823529412
C	O3'_2	216.493	126.157	172.819	1.0	0.050980392156862744	0.050980392156862744
C	C2'_2	218.319	124.638	172.216	0.5647058823529412	0.5647058823529412	0.5647058823529412
C	O2'_2	217.469	123.573	172.593	1.0	0.050980392156862744	0.050980392156862744
C	C1'_2	218.925	124.31	170.849	0.5647058823529412	0.5647058823529412	0.5647058823529412
C	N1_2	220.336	124.718	170.682	0.18823529411764706	0.3137254901960784	0.9725490196078431
C	C2_2	221.353	123.833	171.111	0.5647058823529412	0.5647058823529412	0.5647058823529412
C	O2_2	221.034	122.747	171.64	1.0	0.050980392156862744	0.050980392156862744
C	N3_2	222.65	124.186	170.936	0.18823529411764706	0.3137254901960784	0.9725490196078431
C	C4_2	222.953	125.358	170.364	0.5647058823529412	0.5647058823529412	0.5647058823529412
C	N4_2	224.245	125.654	170.198	0.18823529411764706	0.3137254901960784	0.9725490196078431
C	C5_2	221.944	126.276	169.933	0.5647058823529412	0.5647058823529412	0.5647058823529412
C	C6_2	220.664	125.922	170.112	0.5647058823529412	0.5647058823529412	0.5647058823529412
