G	P_1	182.467	320.363	167.291	1.0	0.5019607843137255	0.0
G	OP1_1	183.588	320.818	166.417	1.0	0.050980392156862744	0.050980392156862744
G	OP2_1	182.765	319.806	168.641	1.0	0.050980392156862744	0.050980392156862744
G	O5'_1	181.441	321.571	167.451	1.0	0.050980392156862744	0.050980392156862744
G	C5'_1	180.8	322.137	166.29	0.5647058823529412	0.5647058823529412	0.5647058823529412
G	C4'_1	179.57	322.917	166.689	0.5647058823529412	0.5647058823529412	0.5647058823529412
G	O4'_1	178.558	322.032	167.236	1.0	0.050980392156862744	0.050980392156862744
G	C3'_1	179.749	323.94	167.797	0.5647058823529412	0.5647058823529412	0.5647058823529412
G	O3'_1	180.388	325.119	167.319	1.0	0.050980392156862744	0.050980392156862744
G	C2'_1	178.304	324.188	168.223	0.5647058823529412	0.5647058823529412	0.5647058823529412
G	O2'_1	177.605	325.049	167.345	1.0	0.050980392156862744	0.050980392156862744
G	C1'_1	177.713	322.778	168.105	0.5647058823529412	0.5647058823529412	0.5647058823529412
G	N9_1	177.611	322.09	169.389	0.18823529411764706	0.3137254901960784	0.9725490196078431
G	C8_1	178.486	321.174	169.929	0.5647058823529412	0.5647058823529412	0.5647058823529412
G	N7_1	178.118	320.745	171.107	0.18823529411764706	0.3137254901960784	0.9725490196078431
G	C5_1	176.927	321.415	171.36	0.5647058823529412	0.5647058823529412	0.5647058823529412
G	C6_1	176.06	321.359	172.485	0.5647058823529412	0.5647058823529412	0.5647058823529412
G	O6_1	176.178	320.686	173.517	1.0	0.050980392156862744	0.050980392156862744
G	N1_1	174.961	322.199	172.326	0.18823529411764706	0.3137254901960784	0.9725490196078431
G	C2_1	174.724	322.993	171.231	0.5647058823529412	0.5647058823529412	0.5647058823529412
G	N2_1	173.602	323.735	171.266	0.18823529411764706	0.3137254901960784	0.9725490196078431
G	N3_1	175.526	323.057	170.178	0.18823529411764706	0.3137254901960784	0.9725490196078431
G	C4_1	176.6	322.247	170.309	0.5647058823529412	0.5647058823529412	0.5647058823529412
C	P_2	167.856	321.585	179.597	1.0	0.5019607843137255	0.0
C	OP1_2	166.403	321.625	179.931	1.0	0.050980392156862744	0.050980392156862744
C	OP2_2	168.54	320.272	179.453	1.0	0.050980392156862744	0.050980392156862744
C	O5'_2	168.086	322.416	178.256	1.0	0.050980392156862744	0.050980392156862744
C	C5'_2	167.651	323.786	178.145	0.5647058823529412	0.5647058823529412	0.5647058823529412
C	C4'_2	168.15	324.391	176.854	0.5647058823529412	0.5647058823529412	0.5647058823529412
C	O4'_2	169.595	324.541	176.904	1.0	0.050980392156862744	0.050980392156862744
C	C3'_2	167.908	323.564	175.6	0.5647058823529412	0.5647058823529412	0.5647058823529412
C	O3'_2	166.578	323.697	175.106	1.0	0.050980392156862744	0.050980392156862744
C	C2'_2	168.961	324.112	174.647	0.5647058823529412	0.5647058823529412	0.5647058823529412
C	O2'_2	168.593	325.345	174.065	1.0	0.050980392156862744	0.050980392156862744
C	C1'_2	170.136	324.341	175.603	0.5647058823529412	0.5647058823529412	0.5647058823529412
C	N1_2	171.092	323.213	175.646	0.18823529411764706	0.3137254901960784	0.9725490196078431
C	C2_2	172.15	323.184	174.715	0.5647058823529412	0.5647058823529412	0.5647058823529412
C	O2_2	172.247	324.1	173.878	1.0	0.050980392156862744	0.050980392156862744
C	N3_2	173.033	322.16	174.756	0.18823529411764706	0.3137254901960784	0.9725490196078431
C	C4_2	172.893	321.192	175.668	0.5647058823529412	0.5647058823529412	0.5647058823529412
C	N4_2	173.792	320.207	175.673	0.18823529411764706	0.3137254901960784	0.9725490196078431
C	C5_2	171.827	321.191	176.617	0.5647058823529412	0.5647058823529412	0.5647058823529412
C	C6_2	170.96	322.21	176.571	0.5647058823529412	0.5647058823529412	0.5647058823529412
