C	P_1	235.585	168.608	127.722	1.0	0.5019607843137255	0.0
C	OP1_1	236.897	168.091	127.223	1.0	0.050980392156862744	0.050980392156862744
C	OP2_1	234.853	167.854	128.776	1.0	0.050980392156862744	0.050980392156862744
C	O5'_1	235.801	170.101	128.242	1.0	0.050980392156862744	0.050980392156862744
C	C5'_1	236.91	170.899	127.78	0.5647058823529412	0.5647058823529412	0.5647058823529412
C	C4'_1	237.032	172.159	128.611	0.5647058823529412	0.5647058823529412	0.5647058823529412
C	O4'_1	235.764	172.865	128.568	1.0	0.050980392156862744	0.050980392156862744
C	C3'_1	237.306	171.973	130.1	0.5647058823529412	0.5647058823529412	0.5647058823529412
C	O3'_1	238.699	171.812	130.373	1.0	0.050980392156862744	0.050980392156862744
C	C2'_1	236.762	173.265	130.698	0.5647058823529412	0.5647058823529412	0.5647058823529412
C	O2'_1	237.645	174.357	130.556	1.0	0.050980392156862744	0.050980392156862744
C	C1'_1	235.539	173.515	129.811	0.5647058823529412	0.5647058823529412	0.5647058823529412
C	N1_1	234.262	173.042	130.383	0.18823529411764706	0.3137254901960784	0.9725490196078431
C	C2_1	233.648	173.808	131.388	0.5647058823529412	0.5647058823529412	0.5647058823529412
C	O2_1	234.208	174.847	131.78	1.0	0.050980392156862744	0.050980392156862744
C	N3_1	232.463	173.396	131.901	0.18823529411764706	0.3137254901960784	0.9725490196078431
C	C4_1	231.893	172.274	131.449	0.5647058823529412	0.5647058823529412	0.5647058823529412
C	N4_1	230.718	171.914	131.969	0.18823529411764706	0.3137254901960784	0.9725490196078431
C	C5_1	232.501	171.472	130.439	0.5647058823529412	0.5647058823529412	0.5647058823529412
C	C6_1	233.673	171.888	129.94	0.5647058823529412	0.5647058823529412	0.5647058823529412
G	P_2	225.298	177.669	140.29	1.0	0.5019607843137255	0.0
G	OP1_2	224.57	178.839	140.87	1.0	0.050980392156862744	0.050980392156862744
G	OP2_2	224.553	176.666	139.482	1.0	0.050980392156862744	0.050980392156862744
G	O5'_2	226.522	178.224	139.433	1.0	0.050980392156862744	0.050980392156862744
G	C5'_2	227.373	179.246	139.981	0.5647058823529412	0.5647058823529412	0.5647058823529412
G	C4'_2	228.711	179.268	139.279	0.5647058823529412	0.5647058823529412	0.5647058823529412
G	O4'_2	229.299	177.94	139.303	1.0	0.050980392156862744	0.050980392156862744
G	C3'_2	228.728	179.622	137.801	0.5647058823529412	0.5647058823529412	0.5647058823529412
G	O3'_2	228.638	181.028	137.595	1.0	0.050980392156862744	0.050980392156862744
G	C2'_2	230.093	179.089	137.377	0.5647058823529412	0.5647058823529412	0.5647058823529412
G	O2'_2	231.164	179.93	137.763	1.0	0.050980392156862744	0.050980392156862744
G	C1'_2	230.161	177.791	138.183	0.5647058823529412	0.5647058823529412	0.5647058823529412
G	N9_2	229.718	176.651	137.387	0.18823529411764706	0.3137254901960784	0.9725490196078431
G	C8_2	228.559	175.918	137.524	0.5647058823529412	0.5647058823529412	0.5647058823529412
G	N7_2	228.443	174.973	136.627	0.18823529411764706	0.3137254901960784	0.9725490196078431
G	C5_2	229.597	175.085	135.858	0.5647058823529412	0.5647058823529412	0.5647058823529412
G	C6_2	230.027	174.339	134.726	0.5647058823529412	0.5647058823529412	0.5647058823529412
G	O6_2	229.453	173.397	134.16	1.0	0.050980392156862744	0.050980392156862744
G	N1_2	231.259	174.791	134.253	0.18823529411764706	0.3137254901960784	0.9725490196078431
G	C2_2	231.984	175.828	134.798	0.5647058823529412	0.5647058823529412	0.5647058823529412
G	N2_2	233.159	176.112	134.211	0.18823529411764706	0.3137254901960784	0.9725490196078431
G	N3_2	231.589	176.533	135.845	0.18823529411764706	0.3137254901960784	0.9725490196078431
G	C4_2	230.396	176.11	136.32	0.5647058823529412	0.5647058823529412	0.5647058823529412
