G	P_1	140.003	146.95	165.561	1.0	0.5019607843137255	0.0
G	OP1_1	138.944	147.764	164.899	1.0	0.050980392156862744	0.050980392156862744
G	OP2_1	141.085	147.634	166.318	1.0	0.050980392156862744	0.050980392156862744
G	O5'_1	139.3	145.907	166.542	1.0	0.050980392156862744	0.050980392156862744
G	C5'_1	138.23	145.055	166.077	0.5647058823529412	0.5647058823529412	0.5647058823529412
G	C4'_1	137.982	143.935	167.064	0.5647058823529412	0.5647058823529412	0.5647058823529412
G	O4'_1	139.144	143.065	167.135	1.0	0.050980392156862744	0.050980392156862744
G	C3'_1	137.747	144.354	168.507	0.5647058823529412	0.5647058823529412	0.5647058823529412
G	O3'_1	136.394	144.764	168.702	1.0	0.050980392156862744	0.050980392156862744
G	C2'_1	138.091	143.083	169.277	0.5647058823529412	0.5647058823529412	0.5647058823529412
G	O2'_1	137.039	142.139	169.275	1.0	0.050980392156862744	0.050980392156862744
G	C1'_1	139.254	142.531	168.446	0.5647058823529412	0.5647058823529412	0.5647058823529412
G	N9_1	140.577	142.846	168.984	0.18823529411764706	0.3137254901960784	0.9725490196078431
G	C8_1	141.447	143.833	168.568	0.5647058823529412	0.5647058823529412	0.5647058823529412
G	N7_1	142.56	143.859	169.251	0.18823529411764706	0.3137254901960784	0.9725490196078431
G	C5_1	142.42	142.831	170.177	0.5647058823529412	0.5647058823529412	0.5647058823529412
G	C6_1	143.305	142.379	171.191	0.5647058823529412	0.5647058823529412	0.5647058823529412
G	O6_1	144.423	142.817	171.49	1.0	0.050980392156862744	0.050980392156862744
G	N1_1	142.768	141.304	171.897	0.18823529411764706	0.3137254901960784	0.9725490196078431
G	C2_1	141.538	140.738	171.664	0.5647058823529412	0.5647058823529412	0.5647058823529412
G	N2_1	141.201	139.706	172.449	0.18823529411764706	0.3137254901960784	0.9725490196078431
G	N3_1	140.701	141.154	170.727	0.18823529411764706	0.3137254901960784	0.9725490196078431
G	C4_1	141.203	142.195	170.025	0.5647058823529412	0.5647058823529412	0.5647058823529412
C	P_2	148.401	137.581	179.647	1.0	0.5019607843137255	0.0
C	OP1_2	148.924	136.244	180.048	1.0	0.050980392156862744	0.050980392156862744
C	OP2_2	149.219	138.454	178.763	1.0	0.050980392156862744	0.050980392156862744
C	O5'_2	146.967	137.387	178.971	1.0	0.050980392156862744	0.050980392156862744
C	C5'_2	145.945	136.577	179.602	0.5647058823529412	0.5647058823529412	0.5647058823529412
C	C4'_2	144.742	136.42	178.688	0.5647058823529412	0.5647058823529412	0.5647058823529412
C	O4'_2	144.107	137.709	178.471	1.0	0.050980392156862744	0.050980392156862744
C	C3'_2	145.021	135.905	177.283	0.5647058823529412	0.5647058823529412	0.5647058823529412
C	O3'_2	145.184	134.486	177.251	1.0	0.050980392156862744	0.050980392156862744
C	C2'_2	143.794	136.381	176.511	0.5647058823529412	0.5647058823529412	0.5647058823529412
C	O2'_2	142.66	135.558	176.68	1.0	0.050980392156862744	0.050980392156862744
C	C1'_2	143.534	137.74	177.168	0.5647058823529412	0.5647058823529412	0.5647058823529412
C	N1_2	144.107	138.873	176.409	0.18823529411764706	0.3137254901960784	0.9725490196078431
C	C2_2	143.336	139.459	175.387	0.5647058823529412	0.5647058823529412	0.5647058823529412
C	O2_2	142.197	139.014	175.156	1.0	0.050980392156862744	0.050980392156862744
C	N3_2	143.854	140.493	174.683	0.18823529411764706	0.3137254901960784	0.9725490196078431
C	C4_2	145.082	140.945	174.96	0.5647058823529412	0.5647058823529412	0.5647058823529412
C	N4_2	145.547	141.964	174.237	0.18823529411764706	0.3137254901960784	0.9725490196078431
C	C5_2	145.885	140.372	175.991	0.5647058823529412	0.5647058823529412	0.5647058823529412
C	C6_2	145.364	139.348	176.683	0.5647058823529412	0.5647058823529412	0.5647058823529412
