G	P_1	277.149	169.622	233.404	1.0	0.5019607843137255	0.0
G	OP1_1	277.745	168.94	234.584	1.0	0.050980392156862744	0.050980392156862744
G	OP2_1	275.798	169.213	232.926	1.0	0.050980392156862744	0.050980392156862744
G	O5'_1	277.131	171.192	233.702	1.0	0.050980392156862744	0.050980392156862744
G	C5'_1	278.357	171.91	233.962	0.5647058823529412	0.5647058823529412	0.5647058823529412
G	C4'_1	278.087	173.393	234.158	0.5647058823529412	0.5647058823529412	0.5647058823529412
G	O4'_1	277.422	173.93	232.978	1.0	0.050980392156862744	0.050980392156862744
G	C3'_1	277.216	173.801	235.351	0.5647058823529412	0.5647058823529412	0.5647058823529412
G	O3'_1	277.69	175.05	235.882	1.0	0.050980392156862744	0.050980392156862744
G	C2'_1	275.839	173.987	234.712	0.5647058823529412	0.5647058823529412	0.5647058823529412
G	O2'_1	274.998	174.86	235.442	1.0	0.050980392156862744	0.050980392156862744
G	C1'_1	276.233	174.598	233.369	0.5647058823529412	0.5647058823529412	0.5647058823529412
G	N9_1	275.25	174.488	232.29	0.18823529411764706	0.3137254901960784	0.9725490196078431
G	C8_1	274.868	173.351	231.614	0.5647058823529412	0.5647058823529412	0.5647058823529412
G	N7_1	273.999	173.586	230.666	0.18823529411764706	0.3137254901960784	0.9725490196078431
G	C5_1	273.786	174.958	230.725	0.5647058823529412	0.5647058823529412	0.5647058823529412
G	C6_1	272.952	175.795	229.934	0.5647058823529412	0.5647058823529412	0.5647058823529412
G	O6_1	272.217	175.481	228.987	1.0	0.050980392156862744	0.050980392156862744
G	N1_1	273.032	177.123	230.339	0.18823529411764706	0.3137254901960784	0.9725490196078431
G	C2_1	273.815	177.589	231.37	0.5647058823529412	0.5647058823529412	0.5647058823529412
G	N2_1	273.742	178.907	231.618	0.18823529411764706	0.3137254901960784	0.9725490196078431
G	N3_1	274.604	176.822	232.105	0.18823529411764706	0.3137254901960784	0.9725490196078431
G	C4_1	274.54	175.528	231.731	0.5647058823529412	0.5647058823529412	0.5647058823529412
C	P_2	267.759	183.159	224.422	1.0	0.5019607843137255	0.0
C	OP1_2	267.559	184.376	223.582	1.0	0.050980392156862744	0.050980392156862744
C	OP2_2	268.181	181.885	223.78	1.0	0.050980392156862744	0.050980392156862744
C	O5'_2	268.809	183.509	225.572	1.0	0.050980392156862744	0.050980392156862744
C	C5'_2	268.602	184.639	226.453	0.5647058823529412	0.5647058823529412	0.5647058823529412
C	C4'_2	269.576	184.589	227.614	0.5647058823529412	0.5647058823529412	0.5647058823529412
C	O4'_2	269.321	183.404	228.415	1.0	0.050980392156862744	0.050980392156862744
C	C3'_2	271.055	184.487	227.258	0.5647058823529412	0.5647058823529412	0.5647058823529412
C	O3'_2	271.611	185.761	226.919	1.0	0.050980392156862744	0.050980392156862744
C	C2'_2	271.652	183.891	228.53	0.5647058823529412	0.5647058823529412	0.5647058823529412
C	O2'_2	271.839	184.84	229.563	1.0	0.050980392156862744	0.050980392156862744
C	C1'_2	270.547	182.916	228.945	0.5647058823529412	0.5647058823529412	0.5647058823529412
C	N1_2	270.767	181.542	228.451	0.18823529411764706	0.3137254901960784	0.9725490196078431
C	C2_2	271.339	180.594	229.322	0.5647058823529412	0.5647058823529412	0.5647058823529412
C	O2_2	271.665	180.946	230.473	1.0	0.050980392156862744	0.050980392156862744
C	N3_2	271.522	179.324	228.883	0.18823529411764706	0.3137254901960784	0.9725490196078431
C	C4_2	271.168	178.988	227.636	0.5647058823529412	0.5647058823529412	0.5647058823529412
C	N4_2	271.357	177.725	227.254	0.18823529411764706	0.3137254901960784	0.9725490196078431
C	C5_2	270.602	179.935	226.728	0.5647058823529412	0.5647058823529412	0.5647058823529412
C	C6_2	270.421	181.186	227.173	0.5647058823529412	0.5647058823529412	0.5647058823529412
