C	P_1	282.693	137.201	178.635	1.0	0.5019607843137255	0.0
C	OP1_1	283.379	136.844	177.359	1.0	0.050980392156862744	0.050980392156862744
C	OP2_1	283.483	137.297	179.89	1.0	0.050980392156862744	0.050980392156862744
C	O5'_1	281.926	138.585	178.431	1.0	0.050980392156862744	0.050980392156862744
C	C5'_1	281.172	138.851	177.226	0.5647058823529412	0.5647058823529412	0.5647058823529412
C	C4'_1	280.585	140.246	177.265	0.5647058823529412	0.5647058823529412	0.5647058823529412
C	O4'_1	279.649	140.352	178.374	1.0	0.050980392156862744	0.050980392156862744
C	C3'_1	281.555	141.396	177.502	0.5647058823529412	0.5647058823529412	0.5647058823529412
C	O3'_1	282.241	141.783	176.312	1.0	0.050980392156862744	0.050980392156862744
C	C2'_1	280.623	142.495	177.999	0.5647058823529412	0.5647058823529412	0.5647058823529412
C	O2'_1	279.911	143.124	176.951	1.0	0.050980392156862744	0.050980392156862744
C	C1'_1	279.64	141.691	178.856	0.5647058823529412	0.5647058823529412	0.5647058823529412
C	N1_1	279.979	141.698	180.294	0.18823529411764706	0.3137254901960784	0.9725490196078431
C	C2_1	279.666	142.844	181.058	0.5647058823529412	0.5647058823529412	0.5647058823529412
C	O2_1	279.093	143.801	180.508	1.0	0.050980392156862744	0.050980392156862744
C	N3_1	279.996	142.869	182.37	0.18823529411764706	0.3137254901960784	0.9725490196078431
C	C4_1	280.597	141.814	182.927	0.5647058823529412	0.5647058823529412	0.5647058823529412
C	N4_1	280.904	141.885	184.222	0.18823529411764706	0.3137254901960784	0.9725490196078431
C	C5_1	280.913	140.639	182.181	0.5647058823529412	0.5647058823529412	0.5647058823529412
C	C6_1	280.593	140.624	180.884	0.5647058823529412	0.5647058823529412	0.5647058823529412
G	P_2	279.635	152.341	189.908	1.0	0.5019607843137255	0.0
G	OP1_2	279.834	153.506	190.815	1.0	0.050980392156862744	0.050980392156862744
G	OP2_2	280.307	151.047	190.216	1.0	0.050980392156862744	0.050980392156862744
G	O5'_2	278.064	152.08	189.817	1.0	0.050980392156862744	0.050980392156862744
G	C5'_2	277.524	150.819	189.346	0.5647058823529412	0.5647058823529412	0.5647058823529412
G	C4'_2	277.307	150.858	187.843	0.5647058823529412	0.5647058823529412	0.5647058823529412
G	O4'_2	278.586	150.645	187.177	1.0	0.050980392156862744	0.050980392156862744
G	C3'_2	276.41	149.756	187.284	0.5647058823529412	0.5647058823529412	0.5647058823529412
G	O3'_2	275.027	150.111	187.362	1.0	0.050980392156862744	0.050980392156862744
G	C2'_2	276.895	149.626	185.845	0.5647058823529412	0.5647058823529412	0.5647058823529412
G	O2'_2	276.377	150.629	184.991	1.0	0.050980392156862744	0.050980392156862744
G	C1'_2	278.404	149.824	186.026	0.5647058823529412	0.5647058823529412	0.5647058823529412
G	N9_2	279.156	148.582	186.226	0.18823529411764706	0.3137254901960784	0.9725490196078431
G	C8_2	279.851	148.211	187.357	0.5647058823529412	0.5647058823529412	0.5647058823529412
G	N7_2	280.422	147.041	187.252	0.18823529411764706	0.3137254901960784	0.9725490196078431
G	C5_2	280.091	146.608	185.974	0.5647058823529412	0.5647058823529412	0.5647058823529412
G	C6_2	280.425	145.4	185.295	0.5647058823529412	0.5647058823529412	0.5647058823529412
G	O6_2	281.1	144.448	185.707	1.0	0.050980392156862744	0.050980392156862744
G	N1_2	279.885	145.365	184.01	0.18823529411764706	0.3137254901960784	0.9725490196078431
G	C2_2	279.121	146.36	183.448	0.5647058823529412	0.5647058823529412	0.5647058823529412
G	N2_2	278.699	146.14	182.19	0.18823529411764706	0.3137254901960784	0.9725490196078431
G	N3_2	278.796	147.49	184.072	0.18823529411764706	0.3137254901960784	0.9725490196078431
G	C4_2	279.312	147.546	185.323	0.5647058823529412	0.5647058823529412	0.5647058823529412
