G	O5'_1	172.589	249.694	150.648	1.0	0.050980392156862744	0.050980392156862744
G	C5'_1	173.007	249.863	149.279	0.5647058823529412	0.5647058823529412	0.5647058823529412
G	C4'_1	174.432	249.384	149.1	0.5647058823529412	0.5647058823529412	0.5647058823529412
G	O4'_1	175.31	250.118	149.998	1.0	0.050980392156862744	0.050980392156862744
G	C3'_1	174.689	247.922	149.443	0.5647058823529412	0.5647058823529412	0.5647058823529412
G	O3'_1	174.337	247.045	148.374	1.0	0.050980392156862744	0.050980392156862744
G	C2'_1	176.185	247.92	149.738	0.5647058823529412	0.5647058823529412	0.5647058823529412
G	O2'_1	176.981	247.92	148.569	1.0	0.050980392156862744	0.050980392156862744
G	C1'_1	176.348	249.262	150.461	0.5647058823529412	0.5647058823529412	0.5647058823529412
G	N9_1	176.241	249.147	151.916	0.18823529411764706	0.3137254901960784	0.9725490196078431
G	C8_1	175.2	249.573	152.714	0.5647058823529412	0.5647058823529412	0.5647058823529412
G	N7_1	175.386	249.32	153.983	0.18823529411764706	0.3137254901960784	0.9725490196078431
G	C5_1	176.625	248.689	154.032	0.5647058823529412	0.5647058823529412	0.5647058823529412
G	C6_1	177.352	248.175	155.141	0.5647058823529412	0.5647058823529412	0.5647058823529412
G	O6_1	177.033	248.176	156.341	1.0	0.050980392156862744	0.050980392156862744
G	N1_1	178.566	247.615	154.742	0.18823529411764706	0.3137254901960784	0.9725490196078431
G	C2_1	179.022	247.552	153.445	0.5647058823529412	0.5647058823529412	0.5647058823529412
G	N2_1	180.22	246.969	153.264	0.18823529411764706	0.3137254901960784	0.9725490196078431
G	N3_1	178.353	248.026	152.402	0.18823529411764706	0.3137254901960784	0.9725490196078431
G	C4_1	177.17	248.577	152.766	0.5647058823529412	0.5647058823529412	0.5647058823529412
C	P_2	184.778	243.979	162.176	1.0	0.5019607843137255	0.0
C	OP1_2	185.788	244.266	163.234	1.0	0.050980392156862744	0.050980392156862744
C	OP2_2	183.601	244.877	162.027	1.0	0.050980392156862744	0.050980392156862744
C	O5'_2	185.535	243.9	160.772	1.0	0.050980392156862744	0.050980392156862744
C	C5'_2	185.796	245.094	160.003	0.5647058823529412	0.5647058823529412	0.5647058823529412
C	C4'_2	185.505	244.856	158.534	0.5647058823529412	0.5647058823529412	0.5647058823529412
C	O4'_2	184.229	244.178	158.382	1.0	0.050980392156862744	0.050980392156862744
C	C3'_2	185.366	246.125	157.706	0.5647058823529412	0.5647058823529412	0.5647058823529412
C	O3'_2	186.635	246.628	157.302	1.0	0.050980392156862744	0.050980392156862744
C	C2'_2	184.497	245.672	156.537	0.5647058823529412	0.5647058823529412	0.5647058823529412
C	O2'_2	185.222	245.001	155.523	1.0	0.050980392156862744	0.050980392156862744
C	C1'_2	183.553	244.681	157.234	0.5647058823529412	0.5647058823529412	0.5647058823529412
C	N1_2	182.266	245.273	157.668	0.18823529411764706	0.3137254901960784	0.9725490196078431
C	C2_2	181.27	245.534	156.696	0.5647058823529412	0.5647058823529412	0.5647058823529412
C	O2_2	181.497	245.252	155.5	1.0	0.050980392156862744	0.050980392156862744
C	N3_2	180.094	246.084	157.093	0.18823529411764706	0.3137254901960784	0.9725490196078431
C	C4_2	179.889	246.367	158.39	0.5647058823529412	0.5647058823529412	0.5647058823529412
C	N4_2	178.719	246.912	158.732	0.18823529411764706	0.3137254901960784	0.9725490196078431
C	C5_2	180.875	246.105	159.392	0.5647058823529412	0.5647058823529412	0.5647058823529412
C	C6_2	182.035	245.567	158.991	0.5647058823529412	0.5647058823529412	0.5647058823529412
