C	P_1	217.346	166.499	259.648	1.0	0.5019607843137255	0.0
C	OP1_1	218.581	165.938	259.033	1.0	0.050980392156862744	0.050980392156862744
C	OP2_1	217.457	167.413	260.813	1.0	0.050980392156862744	0.050980392156862744
C	O5'_1	216.533	167.24	258.498	1.0	0.050980392156862744	0.050980392156862744
C	C5'_1	216.279	166.593	257.236	0.5647058823529412	0.5647058823529412	0.5647058823529412
C	C4'_1	215.266	167.385	256.443	0.5647058823529412	0.5647058823529412	0.5647058823529412
C	O4'_1	213.98	167.345	257.118	1.0	0.050980392156862744	0.050980392156862744
C	C3'_1	215.568	168.868	256.289	0.5647058823529412	0.5647058823529412	0.5647058823529412
C	O3'_1	216.483	169.104	255.227	1.0	0.050980392156862744	0.050980392156862744
C	C2'_1	214.188	169.455	256.032	0.5647058823529412	0.5647058823529412	0.5647058823529412
C	O2'_1	213.759	169.284	254.7	1.0	0.050980392156862744	0.050980392156862744
C	C1'_1	213.321	168.59	256.953	0.5647058823529412	0.5647058823529412	0.5647058823529412
C	N1_1	213.098	169.189	258.284	0.18823529411764706	0.3137254901960784	0.9725490196078431
C	C2_1	212.016	170.07	258.454	0.5647058823529412	0.5647058823529412	0.5647058823529412
C	O2_1	211.263	170.295	257.49	1.0	0.050980392156862744	0.050980392156862744
C	N3_1	211.821	170.651	259.661	0.18823529411764706	0.3137254901960784	0.9725490196078431
C	C4_1	212.649	170.381	260.672	0.5647058823529412	0.5647058823529412	0.5647058823529412
C	N4_1	212.429	170.996	261.838	0.18823529411764706	0.3137254901960784	0.9725490196078431
C	C5_1	213.743	169.475	260.533	0.5647058823529412	0.5647058823529412	0.5647058823529412
C	C6_1	213.928	168.908	259.335	0.5647058823529412	0.5647058823529412	0.5647058823529412
G	P_2	204.211	179.986	262.866	1.0	0.5019607843137255	0.0
G	OP1_2	202.866	180.592	263.089	1.0	0.050980392156862744	0.050980392156862744
G	OP2_2	204.612	178.779	263.643	1.0	0.050980392156862744	0.050980392156862744
G	O5'_2	204.378	179.677	261.312	1.0	0.050980392156862744	0.050980392156862744
G	C5'_2	204.239	178.344	260.794	0.5647058823529412	0.5647058823529412	0.5647058823529412
G	C4'_2	205.12	178.172	259.577	0.5647058823529412	0.5647058823529412	0.5647058823529412
G	O4'_2	206.523	178.292	259.956	1.0	0.050980392156862744	0.050980392156862744
G	C3'_2	205.031	176.805	258.928	0.5647058823529412	0.5647058823529412	0.5647058823529412
G	O3'_2	203.895	176.729	258.077	1.0	0.050980392156862744	0.050980392156862744
G	C2'_2	206.362	176.701	258.196	0.5647058823529412	0.5647058823529412	0.5647058823529412
G	O2'_2	206.385	177.432	256.984	1.0	0.050980392156862744	0.050980392156862744
G	C1'_2	207.305	177.368	259.207	0.5647058823529412	0.5647058823529412	0.5647058823529412
G	N9_2	207.929	176.43	260.144	0.18823529411764706	0.3137254901960784	0.9725490196078431
G	C8_2	207.892	176.49	261.52	0.5647058823529412	0.5647058823529412	0.5647058823529412
G	N7_2	208.523	175.502	262.097	0.18823529411764706	0.3137254901960784	0.9725490196078431
G	C5_2	209.013	174.743	261.041	0.5647058823529412	0.5647058823529412	0.5647058823529412
G	C6_2	209.778	173.541	261.048	0.5647058823529412	0.5647058823529412	0.5647058823529412
G	O6_2	210.18	172.89	262.021	1.0	0.050980392156862744	0.050980392156862744
G	N1_2	210.068	173.11	259.757	0.18823529411764706	0.3137254901960784	0.9725490196078431
G	C2_2	209.677	173.747	258.607	0.5647058823529412	0.5647058823529412	0.5647058823529412
G	N2_2	210.065	173.178	257.455	0.18823529411764706	0.3137254901960784	0.9725490196078431
G	N3_2	208.958	174.864	258.584	0.18823529411764706	0.3137254901960784	0.9725490196078431
G	C4_2	208.664	175.303	259.828	0.5647058823529412	0.5647058823529412	0.5647058823529412
