G	P_1	165.346	193.212	189.862	1.0	0.5019607843137255	0.0
G	OP1_1	164.911	193.152	188.438	1.0	0.050980392156862744	0.050980392156862744
G	OP2_1	166.555	194.003	190.228	1.0	0.050980392156862744	0.050980392156862744
G	O5'_1	164.12	193.745	190.732	1.0	0.050980392156862744	0.050980392156862744
G	C5'_1	162.813	193.142	190.621	0.5647058823529412	0.5647058823529412	0.5647058823529412
G	C4'_1	161.907	193.636	191.728	0.5647058823529412	0.5647058823529412	0.5647058823529412
G	O4'_1	162.478	193.287	193.018	1.0	0.050980392156862744	0.050980392156862744
G	C3'_1	161.697	195.142	191.81	0.5647058823529412	0.5647058823529412	0.5647058823529412
G	O3'_1	160.686	195.573	190.897	1.0	0.050980392156862744	0.050980392156862744
G	C2'_1	161.273	195.328	193.263	0.5647058823529412	0.5647058823529412	0.5647058823529412
G	O2'_1	159.914	195.004	193.487	1.0	0.050980392156862744	0.050980392156862744
G	C1'_1	162.148	194.288	193.97	0.5647058823529412	0.5647058823529412	0.5647058823529412
G	N9_1	163.381	194.839	194.531	0.18823529411764706	0.3137254901960784	0.9725490196078431
G	C8_1	164.67	194.651	194.081	0.5647058823529412	0.5647058823529412	0.5647058823529412
G	N7_1	165.56	195.279	194.801	0.18823529411764706	0.3137254901960784	0.9725490196078431
G	C5_1	164.817	195.921	195.785	0.5647058823529412	0.5647058823529412	0.5647058823529412
G	C6_1	165.233	196.753	196.848	0.5647058823529412	0.5647058823529412	0.5647058823529412
G	O6_1	166.38	197.106	197.147	1.0	0.050980392156862744	0.050980392156862744
G	N1_1	164.149	197.189	197.61	0.18823529411764706	0.3137254901960784	0.9725490196078431
G	C2_1	162.833	196.865	197.377	0.5647058823529412	0.5647058823529412	0.5647058823529412
G	N2_1	161.93	197.381	198.225	0.18823529411764706	0.3137254901960784	0.9725490196078431
G	N3_1	162.433	196.092	196.385	0.18823529411764706	0.3137254901960784	0.9725490196078431
G	C4_1	163.471	195.657	195.632	0.5647058823529412	0.5647058823529412	0.5647058823529412
C	P_2	167.122	202.199	205.039	1.0	0.5019607843137255	0.0
C	OP1_2	167.114	202.041	206.521	1.0	0.050980392156862744	0.050980392156862744
C	OP2_2	168.023	201.345	204.217	1.0	0.050980392156862744	0.050980392156862744
C	O5'_2	165.632	201.992	204.508	1.0	0.050980392156862744	0.050980392156862744
C	C5'_2	164.527	202.704	205.089	0.5647058823529412	0.5647058823529412	0.5647058823529412
C	C4'_2	163.252	202.359	204.359	0.5647058823529412	0.5647058823529412	0.5647058823529412
C	O4'_2	163.38	202.773	202.968	1.0	0.050980392156862744	0.050980392156862744
C	C3'_2	162.914	200.876	204.272	0.5647058823529412	0.5647058823529412	0.5647058823529412
C	O3'_2	162.269	200.392	205.453	1.0	0.050980392156862744	0.050980392156862744
C	C2'_2	162.012	200.833	203.044	0.5647058823529412	0.5647058823529412	0.5647058823529412
C	O2'_2	160.703	201.294	203.305	1.0	0.050980392156862744	0.050980392156862744
C	C1'_2	162.721	201.833	202.122	0.5647058823529412	0.5647058823529412	0.5647058823529412
C	N1_2	163.737	201.187	201.258	0.18823529411764706	0.3137254901960784	0.9725490196078431
C	C2_2	163.334	200.191	200.338	0.5647058823529412	0.5647058823529412	0.5647058823529412
C	O2_2	162.123	199.916	200.226	1.0	0.050980392156862744	0.050980392156862744
C	N3_2	164.28	199.564	199.6	0.18823529411764706	0.3137254901960784	0.9725490196078431
C	C4_2	165.57	199.896	199.739	0.5647058823529412	0.5647058823529412	0.5647058823529412
C	N4_2	166.469	199.236	199.012	0.18823529411764706	0.3137254901960784	0.9725490196078431
C	C5_2	165.997	200.917	200.634	0.5647058823529412	0.5647058823529412	0.5647058823529412
C	C6_2	165.06	201.531	201.363	0.5647058823529412	0.5647058823529412	0.5647058823529412
