C	P_1	214.754	194.873	146.358	1.0	0.5019607843137255	0.0
C	OP1_1	214.825	193.817	145.308	1.0	0.050980392156862744	0.050980392156862744
C	OP2_1	215.584	196.1	146.218	1.0	0.050980392156862744	0.050980392156862744
C	O5'_1	213.223	195.289	146.526	1.0	0.050980392156862744	0.050980392156862744
C	C5'_1	212.228	194.294	146.851	0.5647058823529412	0.5647058823529412	0.5647058823529412
C	C4'_1	210.941	194.946	147.314	0.5647058823529412	0.5647058823529412	0.5647058823529412
C	O4'_1	211.207	195.728	148.517	1.0	0.050980392156862744	0.050980392156862744
C	C3'_1	210.26	195.893	146.322	0.5647058823529412	0.5647058823529412	0.5647058823529412
C	O3'_1	208.837	195.763	146.381	1.0	0.050980392156862744	0.050980392156862744
C	C2'_1	210.695	197.27	146.816	0.5647058823529412	0.5647058823529412	0.5647058823529412
C	O2'_1	209.792	198.304	146.477	1.0	0.050980392156862744	0.050980392156862744
C	C1'_1	210.749	197.054	148.328	0.5647058823529412	0.5647058823529412	0.5647058823529412
C	N1_1	211.655	197.987	149.032	0.18823529411764706	0.3137254901960784	0.9725490196078431
C	C2_1	211.123	198.817	150.046	0.5647058823529412	0.5647058823529412	0.5647058823529412
C	O2_1	209.923	198.703	150.356	1.0	0.050980392156862744	0.050980392156862744
C	N3_1	211.935	199.712	150.662	0.18823529411764706	0.3137254901960784	0.9725490196078431
C	C4_1	213.225	199.79	150.317	0.5647058823529412	0.5647058823529412	0.5647058823529412
C	N4_1	213.986	200.695	150.942	0.18823529411764706	0.3137254901960784	0.9725490196078431
C	C5_1	213.795	198.945	149.312	0.5647058823529412	0.5647058823529412	0.5647058823529412
C	C6_1	212.983	198.067	148.703	0.5647058823529412	0.5647058823529412	0.5647058823529412
G	P_2	207.263	208.054	159.95	1.0	0.5019607843137255	0.0
G	OP1_2	206.436	207.803	161.166	1.0	0.050980392156862744	0.050980392156862744
G	OP2_2	208.658	207.528	159.89	1.0	0.050980392156862744	0.050980392156862744
G	O5'_2	206.459	207.503	158.684	1.0	0.050980392156862744	0.050980392156862744
G	C5'_2	207.109	207.32	157.402	0.5647058823529412	0.5647058823529412	0.5647058823529412
G	C4'_2	206.532	206.115	156.688	0.5647058823529412	0.5647058823529412	0.5647058823529412
G	O4'_2	207.1	206.004	155.352	1.0	0.050980392156862744	0.050980392156862744
G	C3'_2	206.83	204.767	157.325	0.5647058823529412	0.5647058823529412	0.5647058823529412
G	O3'_2	205.924	204.508	158.396	1.0	0.050980392156862744	0.050980392156862744
G	C2'_2	206.654	203.801	156.153	0.5647058823529412	0.5647058823529412	0.5647058823529412
G	O2'_2	205.299	203.488	155.886	1.0	0.050980392156862744	0.050980392156862744
G	C1'_2	207.208	204.632	154.99	0.5647058823529412	0.5647058823529412	0.5647058823529412
G	N9_2	208.599	204.347	154.64	0.18823529411764706	0.3137254901960784	0.9725490196078431
G	C8_2	209.711	205.088	154.981	0.5647058823529412	0.5647058823529412	0.5647058823529412
G	N7_2	210.824	204.596	154.5	0.18823529411764706	0.3137254901960784	0.9725490196078431
G	C5_2	210.429	203.461	153.803	0.5647058823529412	0.5647058823529412	0.5647058823529412
G	C6_2	211.201	202.523	153.069	0.5647058823529412	0.5647058823529412	0.5647058823529412
G	O6_2	212.423	202.512	152.88	1.0	0.050980392156862744	0.050980392156862744
G	N1_2	210.405	201.52	152.525	0.18823529411764706	0.3137254901960784	0.9725490196078431
G	C2_2	209.039	201.428	152.667	0.5647058823529412	0.5647058823529412	0.5647058823529412
G	N2_2	208.445	200.381	152.066	0.18823529411764706	0.3137254901960784	0.9725490196078431
G	N3_2	208.305	202.3	153.349	0.18823529411764706	0.3137254901960784	0.9725490196078431
G	C4_2	209.06	203.284	153.886	0.5647058823529412	0.5647058823529412	0.5647058823529412
