C	P_1	231.512	217.459	155.222	1.0	0.5019607843137255	0.0
C	OP1_1	232.447	216.352	155.566	1.0	0.050980392156862744	0.050980392156862744
C	OP2_1	231.036	218.379	156.292	1.0	0.050980392156862744	0.050980392156862744
C	O5'_1	232.17	218.336	154.063	1.0	0.050980392156862744	0.050980392156862744
C	C5'_1	232.754	217.71	152.897	0.5647058823529412	0.5647058823529412	0.5647058823529412
C	C4'_1	233.3	218.76	151.954	0.5647058823529412	0.5647058823529412	0.5647058823529412
C	O4'_1	232.207	219.519	151.368	1.0	0.050980392156862744	0.050980392156862744
C	C3'_1	234.199	219.817	152.58	0.5647058823529412	0.5647058823529412	0.5647058823529412
C	O3'_1	235.53	219.343	152.758	1.0	0.050980392156862744	0.050980392156862744
C	C2'_1	234.087	220.965	151.58	0.5647058823529412	0.5647058823529412	0.5647058823529412
C	O2'_1	234.86	220.772	150.411	1.0	0.050980392156862744	0.050980392156862744
C	C1'_1	232.608	220.875	151.197	0.5647058823529412	0.5647058823529412	0.5647058823529412
C	N1_1	231.738	221.736	152.028	0.18823529411764706	0.3137254901960784	0.9725490196078431
C	C2_1	231.381	223.01	151.548	0.5647058823529412	0.5647058823529412	0.5647058823529412
C	O2_1	231.814	223.388	150.443	1.0	0.050980392156862744	0.050980392156862744
C	N3_1	230.573	223.792	152.304	0.18823529411764706	0.3137254901960784	0.9725490196078431
C	C4_1	230.131	223.352	153.489	0.5647058823529412	0.5647058823529412	0.5647058823529412
C	N4_1	229.338	224.157	154.198	0.18823529411764706	0.3137254901960784	0.9725490196078431
C	C5_1	230.483	222.07	153.999	0.5647058823529412	0.5647058823529412	0.5647058823529412
C	C6_1	231.279	221.304	153.247	0.5647058823529412	0.5647058823529412	0.5647058823529412
G	P_2	227.975	236.297	151.409	1.0	0.5019607843137255	0.0
G	OP1_2	227.802	237.629	150.766	1.0	0.050980392156862744	0.050980392156862744
G	OP2_2	226.782	235.441	151.658	1.0	0.050980392156862744	0.050980392156862744
G	O5'_2	229.033	235.47	150.551	1.0	0.050980392156862744	0.050980392156862744
G	C5'_2	228.594	234.499	149.585	0.5647058823529412	0.5647058823529412	0.5647058823529412
G	C4'_2	229.756	233.656	149.115	0.5647058823529412	0.5647058823529412	0.5647058823529412
G	O4'_2	230.434	233.042	150.248	1.0	0.050980392156862744	0.050980392156862744
G	C3'_2	229.363	232.479	148.238	0.5647058823529412	0.5647058823529412	0.5647058823529412
G	O3'_2	229.152	232.914	146.896	1.0	0.050980392156862744	0.050980392156862744
G	C2'_2	230.547	231.525	148.408	0.5647058823529412	0.5647058823529412	0.5647058823529412
G	O2'_2	231.671	231.863	147.616	1.0	0.050980392156862744	0.050980392156862744
G	C1'_2	230.902	231.746	149.884	0.5647058823529412	0.5647058823529412	0.5647058823529412
G	N9_2	230.337	230.767	150.817	0.18823529411764706	0.3137254901960784	0.9725490196078431
G	C8_2	229.375	230.997	151.78	0.5647058823529412	0.5647058823529412	0.5647058823529412
G	N7_2	229.091	229.936	152.488	0.18823529411764706	0.3137254901960784	0.9725490196078431
G	C5_2	229.906	228.94	151.963	0.5647058823529412	0.5647058823529412	0.5647058823529412
G	C6_2	230.038	227.576	152.331	0.5647058823529412	0.5647058823529412	0.5647058823529412
G	O6_2	229.441	226.958	153.224	1.0	0.050980392156862744	0.050980392156862744
G	N1_2	230.976	226.919	151.542	0.18823529411764706	0.3137254901960784	0.9725490196078431
G	C2_2	231.689	227.492	150.524	0.5647058823529412	0.5647058823529412	0.5647058823529412
G	N2_2	232.536	226.68	149.87	0.18823529411764706	0.3137254901960784	0.9725490196078431
G	N3_2	231.58	228.768	150.168	0.18823529411764706	0.3137254901960784	0.9725490196078431
G	C4_2	230.677	229.43	150.926	0.5647058823529412	0.5647058823529412	0.5647058823529412
