G	P_1	129.15	225.879	223.862	1.0	0.5019607843137255	0.0
G	OP1_1	127.855	225.602	224.549	1.0	0.050980392156862744	0.050980392156862744
G	OP2_1	130.428	225.503	224.527	1.0	0.050980392156862744	0.050980392156862744
G	O5'_1	129.099	225.205	222.423	1.0	0.050980392156862744	0.050980392156862744
G	C5'_1	129.845	224.015	222.134	0.5647058823529412	0.5647058823529412	0.5647058823529412
G	C4'_1	130.219	223.992	220.673	0.5647058823529412	0.5647058823529412	0.5647058823529412
G	O4'_1	131.197	225.035	220.399	1.0	0.050980392156862744	0.050980392156862744
G	C3'_1	130.882	222.716	220.187	0.5647058823529412	0.5647058823529412	0.5647058823529412
G	O3'_1	129.878	221.743	219.879	1.0	0.050980392156862744	0.050980392156862744
G	C2'_1	131.641	223.196	218.953	0.5647058823529412	0.5647058823529412	0.5647058823529412
G	O2'_1	130.798	223.346	217.824	1.0	0.050980392156862744	0.050980392156862744
G	C1'_1	132.113	224.584	219.408	0.5647058823529412	0.5647058823529412	0.5647058823529412
G	N9_1	133.467	224.645	219.967	0.18823529411764706	0.3137254901960784	0.9725490196078431
G	C8_1	133.829	225.098	221.222	0.5647058823529412	0.5647058823529412	0.5647058823529412
G	N7_1	135.12	225.051	221.438	0.18823529411764706	0.3137254901960784	0.9725490196078431
G	C5_1	135.649	224.537	220.259	0.5647058823529412	0.5647058823529412	0.5647058823529412
G	C6_1	136.998	224.264	219.899	0.5647058823529412	0.5647058823529412	0.5647058823529412
G	O6_1	138.024	224.431	220.573	1.0	0.050980392156862744	0.050980392156862744
G	N1_1	137.089	223.746	218.605	0.18823529411764706	0.3137254901960784	0.9725490196078431
G	C2_1	136.021	223.523	217.762	0.5647058823529412	0.5647058823529412	0.5647058823529412
G	N2_1	136.317	223.022	216.548	0.18823529411764706	0.3137254901960784	0.9725490196078431
G	N3_1	134.756	223.774	218.084	0.18823529411764706	0.3137254901960784	0.9725490196078431
G	C4_1	134.643	224.276	219.338	0.5647058823529412	0.5647058823529412	0.5647058823529412
C	P_2	145.936	224.923	214.136	1.0	0.5019607843137255	0.0
C	OP1_2	146.498	225.552	212.905	1.0	0.050980392156862744	0.050980392156862744
C	OP2_2	144.776	225.563	214.827	1.0	0.050980392156862744	0.050980392156862744
C	O5'_2	145.508	223.432	213.762	1.0	0.050980392156862744	0.050980392156862744
C	C5'_2	144.898	222.582	214.746	0.5647058823529412	0.5647058823529412	0.5647058823529412
C	C4'_2	143.7	221.859	214.169	0.5647058823529412	0.5647058823529412	0.5647058823529412
C	O4'_2	143.084	221.099	215.245	1.0	0.050980392156862744	0.050980392156862744
C	C3'_2	142.601	222.748	213.581	0.5647058823529412	0.5647058823529412	0.5647058823529412
C	O3'_2	142.727	222.826	212.149	1.0	0.050980392156862744	0.050980392156862744
C	C2'_2	141.311	222.051	214.012	0.5647058823529412	0.5647058823529412	0.5647058823529412
C	O2'_2	140.936	220.99	213.155	1.0	0.050980392156862744	0.050980392156862744
C	C1'_2	141.722	221.458	215.365	0.5647058823529412	0.5647058823529412	0.5647058823529412
C	N1_2	141.56	222.314	216.567	0.18823529411764706	0.3137254901960784	0.9725490196078431
C	C2_2	140.27	222.472	217.125	0.5647058823529412	0.5647058823529412	0.5647058823529412
C	O2_2	139.296	221.937	216.564	1.0	0.050980392156862744	0.050980392156862744
C	N3_2	140.126	223.207	218.26	0.18823529411764706	0.3137254901960784	0.9725490196078431
C	C4_2	141.197	223.774	218.831	0.5647058823529412	0.5647058823529412	0.5647058823529412
C	N4_2	141.009	224.467	219.959	0.18823529411764706	0.3137254901960784	0.9725490196078431
C	C5_2	142.511	223.65	218.272	0.5647058823529412	0.5647058823529412	0.5647058823529412
C	C6_2	142.642	222.923	217.151	0.5647058823529412	0.5647058823529412	0.5647058823529412
