C	P_1	227.081	170.533	249.249	1.0	0.5019607843137255	0.0
C	OP1_1	225.738	170.019	249.659	1.0	0.050980392156862744	0.050980392156862744
C	OP2_1	228.311	169.831	249.718	1.0	0.050980392156862744	0.050980392156862744
C	O5'_1	227.12	170.618	247.657	1.0	0.050980392156862744	0.050980392156862744
C	C5'_1	226.094	171.329	246.941	0.5647058823529412	0.5647058823529412	0.5647058823529412
C	C4'_1	226.446	171.452	245.474	0.5647058823529412	0.5647058823529412	0.5647058823529412
C	O4'_1	227.651	172.242	245.313	1.0	0.050980392156862744	0.050980392156862744
C	C3'_1	226.762	170.175	244.711	0.5647058823529412	0.5647058823529412	0.5647058823529412
C	O3'_1	225.572	169.484	244.349	1.0	0.050980392156862744	0.050980392156862744
C	C2'_1	227.489	170.718	243.485	0.5647058823529412	0.5647058823529412	0.5647058823529412
C	O2'_1	226.609	171.244	242.515	1.0	0.050980392156862744	0.050980392156862744
C	C1'_1	228.283	171.879	244.094	0.5647058823529412	0.5647058823529412	0.5647058823529412
C	N1_1	229.699	171.555	244.358	0.18823529411764706	0.3137254901960784	0.9725490196078431
C	C2_1	230.653	171.843	243.362	0.5647058823529412	0.5647058823529412	0.5647058823529412
C	O2_1	230.281	172.407	242.315	1.0	0.050980392156862744	0.050980392156862744
C	N3_1	231.95	171.505	243.57	0.18823529411764706	0.3137254901960784	0.9725490196078431
C	C4_1	232.309	170.915	244.713	0.5647058823529412	0.5647058823529412	0.5647058823529412
C	N4_1	233.591	170.571	244.863	0.18823529411764706	0.3137254901960784	0.9725490196078431
C	C5_1	231.367	170.641	245.754	0.5647058823529412	0.5647058823529412	0.5647058823529412
C	C6_1	230.087	170.975	245.536	0.5647058823529412	0.5647058823529412	0.5647058823529412
G	P_2	240.537	170.252	236.346	1.0	0.5019607843137255	0.0
G	OP1_2	241.666	171.052	235.785	1.0	0.050980392156862744	0.050980392156862744
G	OP2_2	240.606	169.77	237.75	1.0	0.050980392156862744	0.050980392156862744
G	O5'_2	239.205	171.121	236.194	1.0	0.050980392156862744	0.050980392156862744
G	C5'_2	238.731	171.558	234.901	0.5647058823529412	0.5647058823529412	0.5647058823529412
G	C4'_2	237.229	171.774	234.936	0.5647058823529412	0.5647058823529412	0.5647058823529412
G	O4'_2	236.62	170.664	235.656	1.0	0.050980392156862744	0.050980392156862744
G	C3'_2	236.717	173.008	235.675	0.5647058823529412	0.5647058823529412	0.5647058823529412
G	O3'_2	236.741	174.175	234.856	1.0	0.050980392156862744	0.050980392156862744
G	C2'_2	235.292	172.601	236.019	0.5647058823529412	0.5647058823529412	0.5647058823529412
G	O2'_2	234.415	172.676	234.912	1.0	0.050980392156862744	0.050980392156862744
G	C1'_2	235.491	171.13	236.383	0.5647058823529412	0.5647058823529412	0.5647058823529412
G	N9_2	235.736	170.94	237.814	0.18823529411764706	0.3137254901960784	0.9725490196078431
G	C8_2	236.932	170.633	238.432	0.5647058823529412	0.5647058823529412	0.5647058823529412
G	N7_2	236.826	170.517	239.732	0.18823529411764706	0.3137254901960784	0.9725490196078431
G	C5_2	235.482	170.767	239.991	0.5647058823529412	0.5647058823529412	0.5647058823529412
G	C6_2	234.768	170.784	241.222	0.5647058823529412	0.5647058823529412	0.5647058823529412
G	O6_2	235.196	170.568	242.366	1.0	0.050980392156862744	0.050980392156862744
G	N1_2	233.419	171.089	241.025	0.18823529411764706	0.3137254901960784	0.9725490196078431
G	C2_2	232.833	171.349	239.802	0.5647058823529412	0.5647058823529412	0.5647058823529412
G	N2_2	231.517	171.633	239.812	0.18823529411764706	0.3137254901960784	0.9725490196078431
G	N3_2	233.488	171.333	238.651	0.18823529411764706	0.3137254901960784	0.9725490196078431
G	C4_2	234.796	171.035	238.817	0.5647058823529412	0.5647058823529412	0.5647058823529412
