G	P_1	260.794	211.771	188.023	1.0	0.5019607843137255	0.0
G	OP1_1	261.045	212.707	189.157	1.0	0.050980392156862744	0.050980392156862744
G	OP2_1	259.476	211.802	187.318	1.0	0.050980392156862744	0.050980392156862744
G	O5'_1	261.951	211.971	186.949	1.0	0.050980392156862744	0.050980392156862744
G	C5'_1	261.732	212.756	185.768	0.5647058823529412	0.5647058823529412	0.5647058823529412
G	C4'_1	262.881	212.574	184.803	0.5647058823529412	0.5647058823529412	0.5647058823529412
G	O4'_1	262.97	211.181	184.381	1.0	0.050980392156862744	0.050980392156862744
G	C3'_1	262.735	213.346	183.503	0.5647058823529412	0.5647058823529412	0.5647058823529412
G	O3'_1	263.147	214.7	183.662	1.0	0.050980392156862744	0.050980392156862744
G	C2'_1	263.622	212.549	182.554	0.5647058823529412	0.5647058823529412	0.5647058823529412
G	O2'_1	265.002	212.812	182.729	1.0	0.050980392156862744	0.050980392156862744
G	C1'_1	263.307	211.116	182.997	0.5647058823529412	0.5647058823529412	0.5647058823529412
G	N9_1	262.157	210.574	182.274	0.18823529411764706	0.3137254901960784	0.9725490196078431
G	C8_1	260.896	210.363	182.787	0.5647058823529412	0.5647058823529412	0.5647058823529412
G	N7_1	260.043	209.928	181.899	0.18823529411764706	0.3137254901960784	0.9725490196078431
G	C5_1	260.783	209.832	180.727	0.5647058823529412	0.5647058823529412	0.5647058823529412
G	C6_1	260.379	209.438	179.418	0.5647058823529412	0.5647058823529412	0.5647058823529412
G	O6_1	259.248	209.093	179.031	1.0	0.050980392156862744	0.050980392156862744
G	N1_1	261.446	209.476	178.519	0.18823529411764706	0.3137254901960784	0.9725490196078431
G	C2_1	262.728	209.847	178.833	0.5647058823529412	0.5647058823529412	0.5647058823529412
G	N2_1	263.606	209.795	177.823	0.18823529411764706	0.3137254901960784	0.9725490196078431
G	N3_1	263.117	210.235	180.05	0.18823529411764706	0.3137254901960784	0.9725490196078431
G	C4_1	262.097	210.205	180.941	0.5647058823529412	0.5647058823529412	0.5647058823529412
C	P_2	260.386	205.039	169.433	1.0	0.5019607843137255	0.0
C	OP1_2	261.005	204.167	168.392	1.0	0.050980392156862744	0.050980392156862744
C	OP2_2	259.469	204.438	170.444	1.0	0.050980392156862744	0.050980392156862744
C	O5'_2	261.552	205.809	170.203	1.0	0.050980392156862744	0.050980392156862744
C	C5'_2	262.565	206.53	169.468	0.5647058823529412	0.5647058823529412	0.5647058823529412
C	C4'_2	263.491	207.265	170.412	0.5647058823529412	0.5647058823529412	0.5647058823529412
C	O4'_2	262.777	208.342	171.071	1.0	0.050980392156862744	0.050980392156862744
C	C3'_2	264.075	206.458	171.563	0.5647058823529412	0.5647058823529412	0.5647058823529412
C	O3'_2	265.183	205.659	171.156	1.0	0.050980392156862744	0.050980392156862744
C	C2'_2	264.474	207.55	172.548	0.5647058823529412	0.5647058823529412	0.5647058823529412
C	O2'_2	265.679	208.199	172.192	1.0	0.050980392156862744	0.050980392156862744
C	C1'_2	263.315	208.534	172.376	0.5647058823529412	0.5647058823529412	0.5647058823529412
C	N1_2	262.242	208.345	173.367	0.18823529411764706	0.3137254901960784	0.9725490196078431
C	C2_2	262.357	208.98	174.618	0.5647058823529412	0.5647058823529412	0.5647058823529412
C	O2_2	263.37	209.661	174.864	1.0	0.050980392156862744	0.050980392156862744
C	N3_2	261.363	208.831	175.523	0.18823529411764706	0.3137254901960784	0.9725490196078431
C	C4_2	260.293	208.085	175.223	0.5647058823529412	0.5647058823529412	0.5647058823529412
C	N4_2	259.333	207.976	176.14	0.18823529411764706	0.3137254901960784	0.9725490196078431
C	C5_2	260.161	207.419	173.968	0.5647058823529412	0.5647058823529412	0.5647058823529412
C	C6_2	261.147	207.574	173.081	0.5647058823529412	0.5647058823529412	0.5647058823529412
