C	P_1	136.23	215.982	213.428	1.0	0.5019607843137255	0.0
C	OP1_1	135.585	215.832	212.087	1.0	0.050980392156862744	0.050980392156862744
C	OP2_1	135.402	215.833	214.658	1.0	0.050980392156862744	0.050980392156862744
C	O5'_1	137.463	214.964	213.522	1.0	0.050980392156862744	0.050980392156862744
C	C5'_1	137.918	214.21	212.361	0.5647058823529412	0.5647058823529412	0.5647058823529412
C	C4'_1	138.891	213.117	212.782	0.5647058823529412	0.5647058823529412	0.5647058823529412
C	O4'_1	140.141	213.734	213.209	1.0	0.050980392156862744	0.050980392156862744
C	C3'_1	138.395	212.268	213.955	0.5647058823529412	0.5647058823529412	0.5647058823529412
C	O3'_1	138.7	210.85	213.953	1.0	0.050980392156862744	0.050980392156862744
C	C2'_1	139.063	212.953	215.151	0.5647058823529412	0.5647058823529412	0.5647058823529412
C	O2'_1	139.219	212.109	216.277	1.0	0.050980392156862744	0.050980392156862744
C	C1'_1	140.404	213.385	214.553	0.5647058823529412	0.5647058823529412	0.5647058823529412
C	N1_1	141.061	214.529	215.218	0.18823529411764706	0.3137254901960784	0.9725490196078431
C	C2_1	142.322	214.328	215.819	0.5647058823529412	0.5647058823529412	0.5647058823529412
C	O2_1	142.844	213.2	215.766	1.0	0.050980392156862744	0.050980392156862744
C	N3_1	142.936	215.367	216.44	0.18823529411764706	0.3137254901960784	0.9725490196078431
C	C4_1	142.344	216.564	216.481	0.5647058823529412	0.5647058823529412	0.5647058823529412
C	N4_1	142.981	217.554	217.112	0.18823529411764706	0.3137254901960784	0.9725490196078431
C	C5_1	141.067	216.799	215.877	0.5647058823529412	0.5647058823529412	0.5647058823529412
C	C6_1	140.469	215.763	215.259	0.5647058823529412	0.5647058823529412	0.5647058823529412
G	P_2	150.32	212.296	225.712	1.0	0.5019607843137255	0.0
G	OP1_2	151.313	211.19	225.556	1.0	0.050980392156862744	0.050980392156862744
G	OP2_2	150.798	213.705	225.798	1.0	0.050980392156862744	0.050980392156862744
G	O5'_2	149.291	212.197	224.498	1.0	0.050980392156862744	0.050980392156862744
G	C5'_2	148.782	210.921	224.067	0.5647058823529412	0.5647058823529412	0.5647058823529412
G	C4'_2	149.142	210.666	222.616	0.5647058823529412	0.5647058823529412	0.5647058823529412
G	O4'_2	148.249	211.412	221.738	1.0	0.050980392156862744	0.050980392156862744
G	C3'_2	150.568	211.022	222.192	0.5647058823529412	0.5647058823529412	0.5647058823529412
G	O3'_2	151.062	210.058	221.263	1.0	0.050980392156862744	0.050980392156862744
G	C2'_2	150.388	212.373	221.496	0.5647058823529412	0.5647058823529412	0.5647058823529412
G	O2'_2	151.38	212.608	220.513	1.0	0.050980392156862744	0.050980392156862744
G	C1'_2	149.01	212.209	220.845	0.5647058823529412	0.5647058823529412	0.5647058823529412
G	N9_2	148.277	213.455	220.608	0.18823529411764706	0.3137254901960784	0.9725490196078431
G	C8_2	148.407	214.641	221.296	0.5647058823529412	0.5647058823529412	0.5647058823529412
G	N7_2	147.601	215.58	220.868	0.18823529411764706	0.3137254901960784	0.9725490196078431
G	C5_2	146.892	214.984	219.832	0.5647058823529412	0.5647058823529412	0.5647058823529412
G	C6_2	145.865	215.515	218.987	0.5647058823529412	0.5647058823529412	0.5647058823529412
G	O6_2	145.365	216.65	218.996	1.0	0.050980392156862744	0.050980392156862744
G	N1_2	145.422	214.57	218.064	0.18823529411764706	0.3137254901960784	0.9725490196078431
G	C2_2	145.896	213.28	217.964	0.5647058823529412	0.5647058823529412	0.5647058823529412
G	N2_2	145.34	212.517	217.005	0.18823529411764706	0.3137254901960784	0.9725490196078431
G	N3_2	146.849	212.772	218.746	0.18823529411764706	0.3137254901960784	0.9725490196078431
G	C4_2	147.299	213.673	219.651	0.5647058823529412	0.5647058823529412	0.5647058823529412
