G	P_1	167.345	159.458	173.194	1.0	0.5019607843137255	0.0
G	OP1_1	167.05	158.449	172.139	1.0	0.050980392156862744	0.050980392156862744
G	OP2_1	166.227	160.021	174.003	1.0	0.050980392156862744	0.050980392156862744
G	O5'_1	168.419	158.822	174.191	1.0	0.050980392156862744	0.050980392156862744
G	C5'_1	169.684	158.331	173.701	0.5647058823529412	0.5647058823529412	0.5647058823529412
G	C4'_1	170.617	158.009	174.852	0.5647058823529412	0.5647058823529412	0.5647058823529412
G	O4'_1	170.767	159.183	175.695	1.0	0.050980392156862744	0.050980392156862744
G	C3'_1	170.168	156.93	175.829	0.5647058823529412	0.5647058823529412	0.5647058823529412
G	O3'_1	170.456	155.624	175.33	1.0	0.050980392156862744	0.050980392156862744
G	C2'_1	171.009	157.242	177.063	0.5647058823529412	0.5647058823529412	0.5647058823529412
G	O2'_1	172.329	156.754	176.959	1.0	0.050980392156862744	0.050980392156862744
G	C1'_1	171.053	158.772	177.025	0.5647058823529412	0.5647058823529412	0.5647058823529412
G	N9_1	170.147	159.456	177.947	0.18823529411764706	0.3137254901960784	0.9725490196078431
G	C8_1	169.042	160.212	177.625	0.5647058823529412	0.5647058823529412	0.5647058823529412
G	N7_1	168.464	160.747	178.667	0.18823529411764706	0.3137254901960784	0.9725490196078431
G	C5_1	169.224	160.311	179.745	0.5647058823529412	0.5647058823529412	0.5647058823529412
G	C6_1	169.087	160.576	181.135	0.5647058823529412	0.5647058823529412	0.5647058823529412
G	O6_1	168.246	161.283	181.705	1.0	0.050980392156862744	0.050980392156862744
G	N1_1	170.066	159.923	181.881	0.18823529411764706	0.3137254901960784	0.9725490196078431
G	C2_1	171.054	159.125	181.361	0.5647058823529412	0.5647058823529412	0.5647058823529412
G	N2_1	171.905	158.582	182.248	0.18823529411764706	0.3137254901960784	0.9725490196078431
G	N3_1	171.199	158.876	180.066	0.18823529411764706	0.3137254901960784	0.9725490196078431
G	C4_1	170.257	159.498	179.321	0.5647058823529412	0.5647058823529412	0.5647058823529412
C	P_2	171.943	163.686	191.391	1.0	0.5019607843137255	0.0
C	OP1_2	172.426	163.484	192.788	1.0	0.050980392156862744	0.050980392156862744
C	OP2_2	172.581	164.724	190.539	1.0	0.050980392156862744	0.050980392156862744
C	O5'_2	172.025	162.3	190.601	1.0	0.050980392156862744	0.050980392156862744
C	C5'_2	172.666	161.143	191.176	0.5647058823529412	0.5647058823529412	0.5647058823529412
C	C4'_2	173.089	160.178	190.089	0.5647058823529412	0.5647058823529412	0.5647058823529412
C	O4'_2	171.916	159.659	189.406	1.0	0.050980392156862744	0.050980392156862744
C	C3'_2	173.933	160.754	188.962	0.5647058823529412	0.5647058823529412	0.5647058823529412
C	O3'_2	175.305	160.9	189.328	1.0	0.050980392156862744	0.050980392156862744
C	C2'_2	173.723	159.729	187.853	0.5647058823529412	0.5647058823529412	0.5647058823529412
C	O2'_2	174.497	158.557	188.02	1.0	0.050980392156862744	0.050980392156862744
C	C1'_2	172.245	159.378	188.049	0.5647058823529412	0.5647058823529412	0.5647058823529412
C	N1_2	171.333	160.129	187.159	0.18823529411764706	0.3137254901960784	0.9725490196078431
C	C2_2	171.107	159.646	185.853	0.5647058823529412	0.5647058823529412	0.5647058823529412
C	O2_2	171.682	158.606	185.483	1.0	0.050980392156862744	0.050980392156862744
C	N3_2	170.272	160.325	185.035	0.18823529411764706	0.3137254901960784	0.9725490196078431
C	C4_2	169.676	161.44	185.467	0.5647058823529412	0.5647058823529412	0.5647058823529412
C	N4_2	168.862	162.077	184.627	0.18823529411764706	0.3137254901960784	0.9725490196078431
C	C5_2	169.888	161.952	186.783	0.5647058823529412	0.5647058823529412	0.5647058823529412
C	C6_2	170.715	161.272	187.586	0.5647058823529412	0.5647058823529412	0.5647058823529412
