G	P_1	118.193	202.215	229.027	1.0	0.5019607843137255	0.0
G	OP1_1	116.806	201.864	229.452	1.0	0.050980392156862744	0.050980392156862744
G	OP2_1	119.35	201.56	229.7	1.0	0.050980392156862744	0.050980392156862744
G	O5'_1	118.326	201.933	227.462	1.0	0.050980392156862744	0.050980392156862744
G	C5'_1	117.331	202.403	226.524	0.5647058823529412	0.5647058823529412	0.5647058823529412
G	C4'_1	117.847	202.272	225.107	0.5647058823529412	0.5647058823529412	0.5647058823529412
G	O4'_1	119.094	203.007	225.001	1.0	0.050980392156862744	0.050980392156862744
G	C3'_1	118.179	200.858	224.641	0.5647058823529412	0.5647058823529412	0.5647058823529412
G	O3'_1	117.013	200.227	224.085	1.0	0.050980392156862744	0.050980392156862744
G	C2'_1	119.236	201.105	223.562	0.5647058823529412	0.5647058823529412	0.5647058823529412
G	O2'_1	118.667	201.441	222.313	1.0	0.050980392156862744	0.050980392156862744
G	C1'_1	119.967	202.341	224.106	0.5647058823529412	0.5647058823529412	0.5647058823529412
G	N9_1	121.235	202.087	224.793	0.18823529411764706	0.3137254901960784	0.9725490196078431
G	C8_1	121.435	201.888	226.145	0.5647058823529412	0.5647058823529412	0.5647058823529412
G	N7_1	122.694	201.7	226.458	0.18823529411764706	0.3137254901960784	0.9725490196078431
G	C5_1	123.366	201.775	225.244	0.5647058823529412	0.5647058823529412	0.5647058823529412
G	C6_1	124.754	201.645	224.95	0.5647058823529412	0.5647058823529412	0.5647058823529412
G	O6_1	125.694	201.433	225.736	1.0	0.050980392156862744	0.050980392156862744
G	N1_1	125.004	201.783	223.584	0.18823529411764706	0.3137254901960784	0.9725490196078431
G	C2_1	124.047	202.018	222.625	0.5647058823529412	0.5647058823529412	0.5647058823529412
G	N2_1	124.49	202.117	221.36	0.18823529411764706	0.3137254901960784	0.9725490196078431
G	N3_1	122.749	202.145	222.885	0.18823529411764706	0.3137254901960784	0.9725490196078431
G	C4_1	122.482	202.012	224.204	0.5647058823529412	0.5647058823529412	0.5647058823529412
C	P_2	135.029	201.1	220.177	1.0	0.5019607843137255	0.0
C	OP1_2	135.986	201.426	219.082	1.0	0.050980392156862744	0.050980392156862744
C	OP2_2	135.127	201.814	221.477	1.0	0.050980392156862744	0.050980392156862744
C	O5'_2	133.545	201.27	219.621	1.0	0.050980392156862744	0.050980392156862744
C	C5'_2	133.162	200.69	218.355	0.5647058823529412	0.5647058823529412	0.5647058823529412
C	C4'_2	131.712	200.988	218.048	0.5647058823529412	0.5647058823529412	0.5647058823529412
C	O4'_2	130.833	200.174	218.868	1.0	0.050980392156862744	0.050980392156862744
C	C3'_2	131.236	202.405	218.315	0.5647058823529412	0.5647058823529412	0.5647058823529412
C	O3'_2	131.657	203.313	217.309	1.0	0.050980392156862744	0.050980392156862744
C	C2'_2	129.725	202.224	218.36	0.5647058823529412	0.5647058823529412	0.5647058823529412
C	O2'_2	129.145	202.116	217.074	1.0	0.050980392156862744	0.050980392156862744
C	C1'_2	129.613	200.875	219.08	0.5647058823529412	0.5647058823529412	0.5647058823529412
C	N1_2	129.379	201.012	220.53	0.18823529411764706	0.3137254901960784	0.9725490196078431
C	C2_2	128.05	201.046	221.0	0.5647058823529412	0.5647058823529412	0.5647058823529412
C	O2_2	127.114	200.949	220.18	1.0	0.050980392156862744	0.050980392156862744
C	N3_2	127.825	201.185	222.334	0.18823529411764706	0.3137254901960784	0.9725490196078431
C	C4_2	128.86	201.281	223.18	0.5647058823529412	0.5647058823529412	0.5647058823529412
C	N4_2	128.593	201.417	224.486	0.18823529411764706	0.3137254901960784	0.9725490196078431
C	C5_2	130.216	201.244	222.726	0.5647058823529412	0.5647058823529412	0.5647058823529412
C	C6_2	130.426	201.11	221.408	0.5647058823529412	0.5647058823529412	0.5647058823529412
