G	P_1	207.439	273.825	221.504	1.0	0.5019607843137255	0.0
G	OP1_1	206.901	275.115	222.017	1.0	0.050980392156862744	0.050980392156862744
G	OP2_1	207.527	273.601	220.035	1.0	0.050980392156862744	0.050980392156862744
G	O5'_1	208.891	273.61	222.129	1.0	0.050980392156862744	0.050980392156862744
G	C5'_1	209.106	273.697	223.554	0.5647058823529412	0.5647058823529412	0.5647058823529412
G	C4'_1	210.553	273.401	223.89	0.5647058823529412	0.5647058823529412	0.5647058823529412
G	O4'_1	210.879	272.033	223.521	1.0	0.050980392156862744	0.050980392156862744
G	C3'_1	211.602	274.231	223.166	0.5647058823529412	0.5647058823529412	0.5647058823529412
G	O3'_1	211.772	275.506	223.782	1.0	0.050980392156862744	0.050980392156862744
G	C2'_1	212.851	273.362	223.295	0.5647058823529412	0.5647058823529412	0.5647058823529412
G	O2'_1	213.473	273.483	224.56	1.0	0.050980392156862744	0.050980392156862744
G	C1'_1	212.257	271.953	223.173	0.5647058823529412	0.5647058823529412	0.5647058823529412
G	N9_1	212.383	271.352	221.845	0.18823529411764706	0.3137254901960784	0.9725490196078431
G	C8_1	211.394	271.208	220.896	0.5647058823529412	0.5647058823529412	0.5647058823529412
G	N7_1	211.811	270.621	219.804	0.18823529411764706	0.3137254901960784	0.9725490196078431
G	C5_1	213.156	270.363	220.041	0.5647058823529412	0.5647058823529412	0.5647058823529412
G	C6_1	214.134	269.743	219.214	0.5647058823529412	0.5647058823529412	0.5647058823529412
G	O6_1	213.996	269.283	218.072	1.0	0.050980392156862744	0.050980392156862744
G	N1_1	215.376	269.686	219.844	0.18823529411764706	0.3137254901960784	0.9725490196078431
G	C2_1	215.643	270.157	221.105	0.5647058823529412	0.5647058823529412	0.5647058823529412
G	N2_1	216.904	270.002	221.538	0.18823529411764706	0.3137254901960784	0.9725490196078431
G	N3_1	214.743	270.736	221.887	0.18823529411764706	0.3137254901960784	0.9725490196078431
G	C4_1	213.528	270.806	221.296	0.5647058823529412	0.5647058823529412	0.5647058823529412
C	P_2	221.748	264.578	213.797	1.0	0.5019607843137255	0.0
C	OP1_2	222.764	263.5	213.609	1.0	0.050980392156862744	0.050980392156862744
C	OP2_2	220.365	264.377	213.287	1.0	0.050980392156862744	0.050980392156862744
C	O5'_2	221.654	264.932	215.353	1.0	0.050980392156862744	0.050980392156862744
C	C5'_2	222.848	265.115	216.147	0.5647058823529412	0.5647058823529412	0.5647058823529412
C	C4'_2	222.528	265.85	217.433	0.5647058823529412	0.5647058823529412	0.5647058823529412
C	O4'_2	221.917	267.132	217.12	1.0	0.050980392156862744	0.050980392156862744
C	C3'_2	221.53	265.2	218.382	0.5647058823529412	0.5647058823529412	0.5647058823529412
C	O3'_2	222.131	264.186	219.184	1.0	0.050980392156862744	0.050980392156862744
C	C2'_2	221.071	266.391	219.217	0.5647058823529412	0.5647058823529412	0.5647058823529412
C	O2'_2	222.0	266.775	220.209	1.0	0.050980392156862744	0.050980392156862744
C	C1'_2	221.005	267.487	218.152	0.5647058823529412	0.5647058823529412	0.5647058823529412
C	N1_2	219.652	267.618	217.577	0.18823529411764706	0.3137254901960784	0.9725490196078431
C	C2_2	218.732	268.466	218.211	0.5647058823529412	0.5647058823529412	0.5647058823529412
C	O2_2	219.093	269.115	219.21	1.0	0.050980392156862744	0.050980392156862744
C	N3_2	217.477	268.556	217.72	0.18823529411764706	0.3137254901960784	0.9725490196078431
C	C4_2	217.129	267.848	216.642	0.5647058823529412	0.5647058823529412	0.5647058823529412
C	N4_2	215.876	267.954	216.207	0.18823529411764706	0.3137254901960784	0.9725490196078431
C	C5_2	218.05	266.999	215.965	0.5647058823529412	0.5647058823529412	0.5647058823529412
C	C6_2	219.287	266.915	216.459	0.5647058823529412	0.5647058823529412	0.5647058823529412
