C	P_1	145.698	203.575	182.229	1.0	0.5019607843137255	0.0
C	OP1_1	146.504	202.407	181.768	1.0	0.050980392156862744	0.050980392156862744
C	OP2_1	146.135	204.954	181.874	1.0	0.050980392156862744	0.050980392156862744
C	O5'_1	144.207	203.393	181.695	1.0	0.050980392156862744	0.050980392156862744
C	C5'_1	143.46	202.183	181.95	0.5647058823529412	0.5647058823529412	0.5647058823529412
C	C4'_1	142.062	202.322	181.397	0.5647058823529412	0.5647058823529412	0.5647058823529412
C	O4'_1	141.384	203.406	182.092	1.0	0.050980392156862744	0.050980392156862744
C	C3'_1	141.998	202.72	179.928	0.5647058823529412	0.5647058823529412	0.5647058823529412
C	O3'_1	142.136	201.593	179.064	1.0	0.050980392156862744	0.050980392156862744
C	C2'_1	140.64	203.405	179.826	0.5647058823529412	0.5647058823529412	0.5647058823529412
C	O2'_1	139.564	202.495	179.731	1.0	0.050980392156862744	0.050980392156862744
C	C1'_1	140.57	204.128	181.176	0.5647058823529412	0.5647058823529412	0.5647058823529412
C	N1_1	141.017	205.541	181.148	0.18823529411764706	0.3137254901960784	0.9725490196078431
C	C2_1	140.121	206.529	180.684	0.5647058823529412	0.5647058823529412	0.5647058823529412
C	O2_1	138.982	206.189	180.305	1.0	0.050980392156862744	0.050980392156862744
C	N3_1	140.525	207.825	180.664	0.18823529411764706	0.3137254901960784	0.9725490196078431
C	C4_1	141.755	208.152	181.084	0.5647058823529412	0.5647058823529412	0.5647058823529412
C	N4_1	142.105	209.439	181.051	0.18823529411764706	0.3137254901960784	0.9725490196078431
C	C5_1	142.679	207.172	181.557	0.5647058823529412	0.5647058823529412	0.5647058823529412
C	C6_1	142.275	205.895	181.57	0.5647058823529412	0.5647058823529412	0.5647058823529412
G	P_2	135.874	217.632	176.147	1.0	0.5019607843137255	0.0
G	OP1_2	135.181	218.923	176.437	1.0	0.050980392156862744	0.050980392156862744
G	OP2_2	136.76	217.021	177.183	1.0	0.050980392156862744	0.050980392156862744
G	O5'_2	134.768	216.56	175.715	1.0	0.050980392156862744	0.050980392156862744
G	C5'_2	134.254	215.585	176.657	0.5647058823529412	0.5647058823529412	0.5647058823529412
G	C4'_2	134.357	214.191	176.072	0.5647058823529412	0.5647058823529412	0.5647058823529412
G	O4'_2	135.717	213.964	175.609	1.0	0.050980392156862744	0.050980392156862744
G	C3'_2	134.081	213.047	177.039	0.5647058823529412	0.5647058823529412	0.5647058823529412
G	O3'_2	132.684	212.767	177.145	1.0	0.050980392156862744	0.050980392156862744
G	C2'_2	134.868	211.896	176.418	0.5647058823529412	0.5647058823529412	0.5647058823529412
G	O2'_2	134.196	211.283	175.333	1.0	0.050980392156862744	0.050980392156862744
G	C1'_2	136.108	212.628	175.89	0.5647058823529412	0.5647058823529412	0.5647058823529412
G	N9_2	137.242	212.676	176.816	0.18823529411764706	0.3137254901960784	0.9725490196078431
G	C8_2	137.989	213.787	177.147	0.5647058823529412	0.5647058823529412	0.5647058823529412
G	N7_2	138.95	213.53	177.995	0.18823529411764706	0.3137254901960784	0.9725490196078431
G	C5_2	138.836	212.167	178.243	0.5647058823529412	0.5647058823529412	0.5647058823529412
G	C6_2	139.609	211.319	179.081	0.5647058823529412	0.5647058823529412	0.5647058823529412
G	O6_2	140.58	211.614	179.787	1.0	0.050980392156862744	0.050980392156862744
G	N1_2	139.149	210.004	179.04	0.18823529411764706	0.3137254901960784	0.9725490196078431
G	C2_2	138.085	209.557	178.289	0.5647058823529412	0.5647058823529412	0.5647058823529412
G	N2_2	137.795	208.249	178.381	0.18823529411764706	0.3137254901960784	0.9725490196078431
G	N3_2	137.357	210.337	177.502	0.18823529411764706	0.3137254901960784	0.9725490196078431
G	C4_2	137.785	211.622	177.526	0.5647058823529412	0.5647058823529412	0.5647058823529412
