G	P_1	266.356	156.511	185.854	1.0	0.5019607843137255	0.0
G	OP1_1	265.694	155.174	185.81	1.0	0.050980392156862744	0.050980392156862744
G	OP2_1	266.257	157.341	187.085	1.0	0.050980392156862744	0.050980392156862744
G	O5'_1	267.9	156.316	185.516	1.0	0.050980392156862744	0.050980392156862744
G	C5'_1	268.319	155.538	184.375	0.5647058823529412	0.5647058823529412	0.5647058823529412
G	C4'_1	269.827	155.537	184.275	0.5647058823529412	0.5647058823529412	0.5647058823529412
G	O4'_1	270.301	156.875	183.963	1.0	0.050980392156862744	0.050980392156862744
G	C3'_1	270.55	155.148	185.557	0.5647058823529412	0.5647058823529412	0.5647058823529412
G	O3'_1	270.649	153.72	185.648	1.0	0.050980392156862744	0.050980392156862744
G	C2'_1	271.905	155.839	185.403	0.5647058823529412	0.5647058823529412	0.5647058823529412
G	O2'_1	272.823	155.094	184.626	1.0	0.050980392156862744	0.050980392156862744
G	C1'_1	271.521	157.117	184.643	0.5647058823529412	0.5647058823529412	0.5647058823529412
G	N9_1	271.353	158.314	185.465	0.18823529411764706	0.3137254901960784	0.9725490196078431
G	C8_1	270.167	158.808	185.969	0.5647058823529412	0.5647058823529412	0.5647058823529412
G	N7_1	270.316	159.918	186.647	0.18823529411764706	0.3137254901960784	0.9725490196078431
G	C5_1	271.683	160.175	186.597	0.5647058823529412	0.5647058823529412	0.5647058823529412
G	C6_1	272.435	161.245	187.152	0.5647058823529412	0.5647058823529412	0.5647058823529412
G	O6_1	272.028	162.207	187.821	1.0	0.050980392156862744	0.050980392156862744
G	N1_1	273.794	161.124	186.858	0.18823529411764706	0.3137254901960784	0.9725490196078431
G	C2_1	274.358	160.109	186.121	0.5647058823529412	0.5647058823529412	0.5647058823529412
G	N2_1	275.688	160.189	185.922	0.18823529411764706	0.3137254901960784	0.9725490196078431
G	N3_1	273.668	159.094	185.605	0.18823529411764706	0.3137254901960784	0.9725490196078431
G	C4_1	272.344	159.192	185.877	0.5647058823529412	0.5647058823529412	0.5647058823529412
C	P_2	277.835	169.276	187.61	1.0	0.5019607843137255	0.0
C	OP1_2	277.518	168.852	186.209	1.0	0.050980392156862744	0.050980392156862744
C	OP2_2	276.732	169.444	188.597	1.0	0.050980392156862744	0.050980392156862744
C	O5'_2	278.878	168.233	188.221	1.0	0.050980392156862744	0.050980392156862744
C	C5'_2	280.172	168.0	187.614	0.5647058823529412	0.5647058823529412	0.5647058823529412
C	C4'_2	280.261	166.581	187.083	0.5647058823529412	0.5647058823529412	0.5647058823529412
C	O4'_2	279.748	165.662	188.087	1.0	0.050980392156862744	0.050980392156862744
C	C3'_2	279.45	166.277	185.826	0.5647058823529412	0.5647058823529412	0.5647058823529412
C	O3'_2	280.208	166.627	184.659	1.0	0.050980392156862744	0.050980392156862744
C	C2'_2	279.229	164.769	185.929	0.5647058823529412	0.5647058823529412	0.5647058823529412
C	O2'_2	280.339	164.02	185.475	1.0	0.050980392156862744	0.050980392156862744
C	C1'_2	279.086	164.577	187.447	0.5647058823529412	0.5647058823529412	0.5647058823529412
C	N1_2	277.695	164.496	187.952	0.18823529411764706	0.3137254901960784	0.9725490196078431
C	C2_2	276.972	163.292	187.787	0.5647058823529412	0.5647058823529412	0.5647058823529412
C	O2_2	277.518	162.324	187.224	1.0	0.050980392156862744	0.050980392156862744
C	N3_2	275.703	163.223	188.25	0.18823529411764706	0.3137254901960784	0.9725490196078431
C	C4_2	275.154	164.279	188.863	0.5647058823529412	0.5647058823529412	0.5647058823529412
C	N4_2	273.905	164.162	189.309	0.18823529411764706	0.3137254901960784	0.9725490196078431
C	C5_2	275.862	165.502	189.045	0.5647058823529412	0.5647058823529412	0.5647058823529412
C	C6_2	277.114	165.567	188.578	0.5647058823529412	0.5647058823529412	0.5647058823529412
