G	P_1	231.689	266.412	198.881	1.0	0.5019607843137255	0.0
G	OP1_1	231.306	267.428	197.86	1.0	0.050980392156862744	0.050980392156862744
G	OP2_1	230.878	265.171	199.023	1.0	0.050980392156862744	0.050980392156862744
G	O5'_1	233.202	265.991	198.607	1.0	0.050980392156862744	0.050980392156862744
G	C5'_1	234.241	266.987	198.51	0.5647058823529412	0.5647058823529412	0.5647058823529412
G	C4'_1	235.591	266.322	198.352	0.5647058823529412	0.5647058823529412	0.5647058823529412
G	O4'_1	235.893	265.537	199.538	1.0	0.050980392156862744	0.050980392156862744
G	C3'_1	235.711	265.332	197.202	0.5647058823529412	0.5647058823529412	0.5647058823529412
G	O3'_1	235.994	266.004	195.976	1.0	0.050980392156862744	0.050980392156862744
G	C2'_1	236.862	264.442	197.659	0.5647058823529412	0.5647058823529412	0.5647058823529412
G	O2'_1	238.129	265.032	197.447	1.0	0.050980392156862744	0.050980392156862744
G	C1'_1	236.601	264.364	199.166	0.5647058823529412	0.5647058823529412	0.5647058823529412
G	N9_1	235.813	263.204	199.578	0.18823529411764706	0.3137254901960784	0.9725490196078431
G	C8_1	234.481	263.19	199.928	0.5647058823529412	0.5647058823529412	0.5647058823529412
G	N7_1	234.058	262.011	200.296	0.18823529411764706	0.3137254901960784	0.9725490196078431
G	C5_1	235.171	261.191	200.172	0.5647058823529412	0.5647058823529412	0.5647058823529412
G	C6_1	235.319	259.808	200.435	0.5647058823529412	0.5647058823529412	0.5647058823529412
G	O6_1	234.47	259.012	200.852	1.0	0.050980392156862744	0.050980392156862744
G	N1_1	236.614	259.37	200.169	0.18823529411764706	0.3137254901960784	0.9725490196078431
G	C2_1	237.638	260.163	199.71	0.5647058823529412	0.5647058823529412	0.5647058823529412
G	N2_1	238.82	259.553	199.513	0.18823529411764706	0.3137254901960784	0.9725490196078431
G	N3_1	237.514	261.462	199.462	0.18823529411764706	0.3137254901960784	0.9725490196078431
G	C4_1	236.261	261.906	199.716	0.5647058823529412	0.5647058823529412	0.5647058823529412
C	P_2	238.943	250.703	204.151	1.0	0.5019607843137255	0.0
C	OP1_2	239.768	249.732	204.929	1.0	0.050980392156862744	0.050980392156862744
C	OP2_2	237.761	251.336	204.788	1.0	0.050980392156862744	0.050980392156862744
C	O5'_2	239.9	251.862	203.619	1.0	0.050980392156862744	0.050980392156862744
C	C5'_2	241.11	251.556	202.891	0.5647058823529412	0.5647058823529412	0.5647058823529412
C	C4'_2	241.523	252.739	202.042	0.5647058823529412	0.5647058823529412	0.5647058823529412
C	O4'_2	240.48	253.004	201.066	1.0	0.050980392156862744	0.050980392156862744
C	C3'_2	241.698	254.067	202.771	0.5647058823529412	0.5647058823529412	0.5647058823529412
C	O3'_2	242.988	254.18	203.38	1.0	0.050980392156862744	0.050980392156862744
C	C2'_2	241.503	255.078	201.648	0.5647058823529412	0.5647058823529412	0.5647058823529412
C	O2'_2	242.653	255.24	200.843	1.0	0.050980392156862744	0.050980392156862744
C	C1'_2	240.401	254.404	200.823	0.5647058823529412	0.5647058823529412	0.5647058823529412
C	N1_2	239.041	254.874	201.155	0.18823529411764706	0.3137254901960784	0.9725490196078431
C	C2_2	238.56	256.046	200.545	0.5647058823529412	0.5647058823529412	0.5647058823529412
C	O2_2	239.282	256.646	199.727	1.0	0.050980392156862744	0.050980392156862744
C	N3_2	237.326	256.492	200.859	0.18823529411764706	0.3137254901960784	0.9725490196078431
C	C4_2	236.578	255.82	201.735	0.5647058823529412	0.5647058823529412	0.5647058823529412
C	N4_2	235.37	256.302	202.019	0.18823529411764706	0.3137254901960784	0.9725490196078431
C	C5_2	237.035	254.624	202.361	0.5647058823529412	0.5647058823529412	0.5647058823529412
C	C6_2	238.259	254.191	202.045	0.5647058823529412	0.5647058823529412	0.5647058823529412
