G	P_1	240.042	164.095	196.182	1.0	0.5019607843137255	0.0
G	OP1_1	240.9	164.909	197.101	1.0	0.050980392156862744	0.050980392156862744
G	OP2_1	239.538	162.76	196.632	1.0	0.050980392156862744	0.050980392156862744
G	O5'_1	238.788	164.971	195.727	1.0	0.050980392156862744	0.050980392156862744
G	C5'_1	238.966	166.317	195.233	0.5647058823529412	0.5647058823529412	0.5647058823529412
G	C4'_1	237.637	166.905	194.817	0.5647058823529412	0.5647058823529412	0.5647058823529412
G	O4'_1	237.164	166.301	193.586	1.0	0.050980392156862744	0.050980392156862744
G	C3'_1	236.502	166.689	195.801	0.5647058823529412	0.5647058823529412	0.5647058823529412
G	O3'_1	236.579	167.628	196.861	1.0	0.050980392156862744	0.050980392156862744
G	C2'_1	235.272	166.874	194.924	0.5647058823529412	0.5647058823529412	0.5647058823529412
G	O2'_1	234.958	168.234	194.692	1.0	0.050980392156862744	0.050980392156862744
G	C1'_1	235.745	166.238	193.612	0.5647058823529412	0.5647058823529412	0.5647058823529412
G	N9_1	235.342	164.84	193.492	0.18823529411764706	0.3137254901960784	0.9725490196078431
G	C8_1	236.043	163.729	193.911	0.5647058823529412	0.5647058823529412	0.5647058823529412
G	N7_1	235.419	162.604	193.665	0.18823529411764706	0.3137254901960784	0.9725490196078431
G	C5_1	234.236	162.996	193.048	0.5647058823529412	0.5647058823529412	0.5647058823529412
G	C6_1	233.162	162.219	192.553	0.5647058823529412	0.5647058823529412	0.5647058823529412
G	O6_1	233.032	160.984	192.574	1.0	0.050980392156862744	0.050980392156862744
G	N1_1	232.164	163.021	191.99	0.18823529411764706	0.3137254901960784	0.9725490196078431
G	C2_1	232.2	164.397	191.917	0.5647058823529412	0.5647058823529412	0.5647058823529412
G	N2_1	231.152	164.992	191.324	0.18823529411764706	0.3137254901960784	0.9725490196078431
G	N3_1	233.194	165.133	192.387	0.18823529411764706	0.3137254901960784	0.9725490196078431
G	C4_1	234.172	164.374	192.932	0.5647058823529412	0.5647058823529412	0.5647058823529412
C	P_2	224.537	157.975	187.401	1.0	0.5019607843137255	0.0
C	OP1_2	223.663	158.15	186.204	1.0	0.050980392156862744	0.050980392156862744
C	OP2_2	225.755	157.12	187.305	1.0	0.050980392156862744	0.050980392156862744
C	O5'_2	224.991	159.415	187.912	1.0	0.050980392156862744	0.050980392156862744
C	C5'_2	224.09	160.536	187.856	0.5647058823529412	0.5647058823529412	0.5647058823529412
C	C4'_2	224.862	161.829	187.977	0.5647058823529412	0.5647058823529412	0.5647058823529412
C	O4'_2	225.365	161.988	189.332	1.0	0.050980392156862744	0.050980392156862744
C	C3'_2	226.109	161.929	187.11	0.5647058823529412	0.5647058823529412	0.5647058823529412
C	O3'_2	225.815	162.259	185.758	1.0	0.050980392156862744	0.050980392156862744
C	C2'_2	226.911	163.008	187.83	0.5647058823529412	0.5647058823529412	0.5647058823529412
C	O2'_2	226.443	164.319	187.574	1.0	0.050980392156862744	0.050980392156862744
C	C1'_2	226.623	162.66	189.295	0.5647058823529412	0.5647058823529412	0.5647058823529412
C	N1_2	227.657	161.784	189.889	0.18823529411764706	0.3137254901960784	0.9725490196078431
C	C2_2	228.72	162.372	190.609	0.5647058823529412	0.5647058823529412	0.5647058823529412
C	O2_2	228.764	163.61	190.727	1.0	0.050980392156862744	0.050980392156862744
C	N3_2	229.664	161.572	191.156	0.18823529411764706	0.3137254901960784	0.9725490196078431
C	C4_2	229.58	160.244	191.015	0.5647058823529412	0.5647058823529412	0.5647058823529412
C	N4_2	230.523	159.492	191.588	0.18823529411764706	0.3137254901960784	0.9725490196078431
C	C5_2	228.521	159.625	190.284	0.5647058823529412	0.5647058823529412	0.5647058823529412
C	C6_2	227.593	160.424	189.744	0.5647058823529412	0.5647058823529412	0.5647058823529412
