G	P_1	257.993	205.135	153.225	1.0	0.5019607843137255	0.0
G	OP1_1	259.097	206.05	152.818	1.0	0.050980392156862744	0.050980392156862744
G	OP2_1	257.025	204.649	152.198	1.0	0.050980392156862744	0.050980392156862744
G	O5'_1	258.644	203.865	153.937	1.0	0.050980392156862744	0.050980392156862744
G	C5'_1	259.571	204.008	155.041	0.5647058823529412	0.5647058823529412	0.5647058823529412
G	C4'_1	259.855	202.652	155.652	0.5647058823529412	0.5647058823529412	0.5647058823529412
G	O4'_1	258.62	202.098	156.187	1.0	0.050980392156862744	0.050980392156862744
G	C3'_1	260.358	201.599	154.674	0.5647058823529412	0.5647058823529412	0.5647058823529412
G	O3'_1	261.769	201.673	154.488	1.0	0.050980392156862744	0.050980392156862744
G	C2'_1	259.903	200.299	155.322	0.5647058823529412	0.5647058823529412	0.5647058823529412
G	O2'_1	260.735	199.903	156.393	1.0	0.050980392156862744	0.050980392156862744
G	C1'_1	258.539	200.713	155.879	0.5647058823529412	0.5647058823529412	0.5647058823529412
G	N9_1	257.426	200.53	154.947	0.18823529411764706	0.3137254901960784	0.9725490196078431
G	C8_1	256.614	201.519	154.44	0.5647058823529412	0.5647058823529412	0.5647058823529412
G	N7_1	255.67	201.064	153.663	0.18823529411764706	0.3137254901960784	0.9725490196078431
G	C5_1	255.869	199.69	153.644	0.5647058823529412	0.5647058823529412	0.5647058823529412
G	C6_1	255.14	198.673	152.982	0.5647058823529412	0.5647058823529412	0.5647058823529412
G	O6_1	254.138	198.791	152.266	1.0	0.050980392156862744	0.050980392156862744
G	N1_1	255.681	197.411	153.224	0.18823529411764706	0.3137254901960784	0.9725490196078431
G	C2_1	256.784	197.162	154.004	0.5647058823529412	0.5647058823529412	0.5647058823529412
G	N2_1	257.153	195.877	154.112	0.18823529411764706	0.3137254901960784	0.9725490196078431
G	N3_1	257.476	198.107	154.635	0.18823529411764706	0.3137254901960784	0.9725490196078431
G	C4_1	256.96	199.341	154.417	0.5647058823529412	0.5647058823529412	0.5647058823529412
C	P_2	250.104	189.813	150.675	1.0	0.5019607843137255	0.0
C	OP1_2	249.622	188.443	151.022	1.0	0.050980392156862744	0.050980392156862744
C	OP2_2	249.342	190.999	151.149	1.0	0.050980392156862744	0.050980392156862744
C	O5'_2	251.606	189.967	151.185	1.0	0.050980392156862744	0.050980392156862744
C	C5'_2	252.52	188.846	151.187	0.5647058823529412	0.5647058823529412	0.5647058823529412
C	C4'_2	253.808	189.234	151.877	0.5647058823529412	0.5647058823529412	0.5647058823529412
C	O4'_2	254.429	190.325	151.141	1.0	0.050980392156862744	0.050980392156862744
C	C3'_2	253.638	189.784	153.285	0.5647058823529412	0.5647058823529412	0.5647058823529412
C	O3'_2	253.524	188.753	154.255	1.0	0.050980392156862744	0.050980392156862744
C	C2'_2	254.872	190.661	153.456	0.5647058823529412	0.5647058823529412	0.5647058823529412
C	O2'_2	256.052	189.941	153.758	1.0	0.050980392156862744	0.050980392156862744
C	C1'_2	255.002	191.256	152.052	0.5647058823529412	0.5647058823529412	0.5647058823529412
C	N1_2	254.338	192.569	151.866	0.18823529411764706	0.3137254901960784	0.9725490196078431
C	C2_2	255.057	193.746	152.16	0.5647058823529412	0.5647058823529412	0.5647058823529412
C	O2_2	256.217	193.654	152.593	1.0	0.050980392156862744	0.050980392156862744
C	N3_2	254.461	194.947	151.963	0.18823529411764706	0.3137254901960784	0.9725490196078431
C	C4_2	253.206	195.005	151.499	0.5647058823529412	0.5647058823529412	0.5647058823529412
C	N4_2	252.661	196.209	151.312	0.18823529411764706	0.3137254901960784	0.9725490196078431
C	C5_2	252.454	193.83	151.207	0.5647058823529412	0.5647058823529412	0.5647058823529412
C	C6_2	253.049	192.647	151.404	0.5647058823529412	0.5647058823529412	0.5647058823529412
