G	P_1	215.559	125.387	250.731	1.0	0.5019607843137255	0.0
G	OP1_1	214.256	126.112	250.734	1.0	0.050980392156862744	0.050980392156862744
G	OP2_1	215.609	123.973	250.272	1.0	0.050980392156862744	0.050980392156862744
G	O5'_1	216.596	126.232	249.861	1.0	0.050980392156862744	0.050980392156862744
G	C5'_1	216.729	127.656	250.046	0.5647058823529412	0.5647058823529412	0.5647058823529412
G	C4'_1	217.951	128.176	249.318	0.5647058823529412	0.5647058823529412	0.5647058823529412
G	O4'_1	219.138	127.488	249.802	1.0	0.050980392156862744	0.050980392156862744
G	C3'_1	217.998	127.975	247.81	0.5647058823529412	0.5647058823529412	0.5647058823529412
G	O3'_1	217.251	128.972	247.111	1.0	0.050980392156862744	0.050980392156862744
G	C2'_1	219.492	128.072	247.525	0.5647058823529412	0.5647058823529412	0.5647058823529412
G	O2'_1	219.959	129.406	247.51	1.0	0.050980392156862744	0.050980392156862744
G	C1'_1	220.075	127.349	248.743	0.5647058823529412	0.5647058823529412	0.5647058823529412
G	N9_1	220.298	125.923	248.501	0.18823529411764706	0.3137254901960784	0.9725490196078431
G	C8_1	219.549	124.869	248.976	0.5647058823529412	0.5647058823529412	0.5647058823529412
G	N7_1	219.992	123.704	248.583	0.18823529411764706	0.3137254901960784	0.9725490196078431
G	C5_1	221.1	124.003	247.802	0.5647058823529412	0.5647058823529412	0.5647058823529412
G	C6_1	221.99	123.144	247.099	0.5647058823529412	0.5647058823529412	0.5647058823529412
G	O6_1	221.971	121.906	247.026	1.0	0.050980392156862744	0.050980392156862744
G	N1_1	222.978	123.864	246.434	0.18823529411764706	0.3137254901960784	0.9725490196078431
G	C2_1	223.098	125.228	246.443	0.5647058823529412	0.5647058823529412	0.5647058823529412
G	N2_1	224.126	125.733	245.749	0.18823529411764706	0.3137254901960784	0.9725490196078431
G	N3_1	222.273	126.042	247.087	0.18823529411764706	0.3137254901960784	0.9725490196078431
G	C4_1	221.305	125.367	247.742	0.5647058823529412	0.5647058823529412	0.5647058823529412
C	P_2	230.311	119.128	241.635	1.0	0.5019607843137255	0.0
C	OP1_2	231.725	118.89	241.222	1.0	0.050980392156862744	0.050980392156862744
C	OP2_2	229.691	118.252	242.668	1.0	0.050980392156862744	0.050980392156862744
C	O5'_2	230.196	120.634	242.15	1.0	0.050980392156862744	0.050980392156862744
C	C5'_2	230.68	121.739	241.354	0.5647058823529412	0.5647058823529412	0.5647058823529412
C	C4'_2	229.984	123.024	241.758	0.5647058823529412	0.5647058823529412	0.5647058823529412
C	O4'_2	228.549	122.843	241.634	1.0	0.050980392156862744	0.050980392156862744
C	C3'_2	230.182	123.495	243.196	0.5647058823529412	0.5647058823529412	0.5647058823529412
C	O3'_2	231.389	124.249	243.323	1.0	0.050980392156862744	0.050980392156862744
C	C2'_2	228.95	124.363	243.427	0.5647058823529412	0.5647058823529412	0.5647058823529412
C	O2'_2	229.083	125.651	242.861	1.0	0.050980392156862744	0.050980392156862744
C	C1'_2	227.886	123.598	242.635	0.5647058823529412	0.5647058823529412	0.5647058823529412
C	N1_2	227.052	122.69	243.446	0.18823529411764706	0.3137254901960784	0.9725490196078431
C	C2_2	225.863	123.188	244.01	0.5647058823529412	0.5647058823529412	0.5647058823529412
C	O2_2	225.554	124.376	243.814	1.0	0.050980392156862744	0.050980392156862744
C	N3_2	225.086	122.36	244.748	0.18823529411764706	0.3137254901960784	0.9725490196078431
C	C4_2	225.451	121.087	244.931	0.5647058823529412	0.5647058823529412	0.5647058823529412
C	N4_2	224.648	120.306	245.656	0.18823529411764706	0.3137254901960784	0.9725490196078431
C	C5_2	226.655	120.557	244.374	0.5647058823529412	0.5647058823529412	0.5647058823529412
C	C6_2	227.417	121.385	243.648	0.5647058823529412	0.5647058823529412	0.5647058823529412
