C	P_1	191.898	236.596	217.207	1.0	0.5019607843137255	0.0
C	OP1_1	193.241	237.187	217.463	1.0	0.050980392156862744	0.050980392156862744
C	OP2_1	191.798	235.259	216.565	1.0	0.050980392156862744	0.050980392156862744
C	O5'_1	191.096	236.55	218.587	1.0	0.050980392156862744	0.050980392156862744
C	C5'_1	191.129	237.67	219.503	0.5647058823529412	0.5647058823529412	0.5647058823529412
C	C4'_1	190.24	237.407	220.701	0.5647058823529412	0.5647058823529412	0.5647058823529412
C	O4'_1	188.85	237.338	220.277	1.0	0.050980392156862744	0.050980392156862744
C	C3'_1	190.467	236.096	221.444	0.5647058823529412	0.5647058823529412	0.5647058823529412
C	O3'_1	191.57	236.175	222.352	1.0	0.050980392156862744	0.050980392156862744
C	C2'_1	189.131	235.898	222.157	0.5647058823529412	0.5647058823529412	0.5647058823529412
C	O2'_1	188.994	236.68	223.329	1.0	0.050980392156862744	0.050980392156862744
C	C1'_1	188.15	236.409	221.097	0.5647058823529412	0.5647058823529412	0.5647058823529412
C	N1_1	187.609	235.327	220.246	0.18823529411764706	0.3137254901960784	0.9725490196078431
C	C2_1	186.445	234.651	220.669	0.5647058823529412	0.5647058823529412	0.5647058823529412
C	O2_1	185.898	234.997	221.732	1.0	0.050980392156862744	0.050980392156862744
C	N3_1	185.955	233.645	219.906	0.18823529411764706	0.3137254901960784	0.9725490196078431
C	C4_1	186.573	233.304	218.768	0.5647058823529412	0.5647058823529412	0.5647058823529412
C	N4_1	186.059	232.301	218.057	0.18823529411764706	0.3137254901960784	0.9725490196078431
C	C5_1	187.747	233.978	218.311	0.5647058823529412	0.5647058823529412	0.5647058823529412
C	C6_1	188.226	234.973	219.073	0.5647058823529412	0.5647058823529412	0.5647058823529412
G	P_2	177.565	225.916	220.569	1.0	0.5019607843137255	0.0
G	OP1_2	176.088	225.77	220.755	1.0	0.050980392156862744	0.050980392156862744
G	OP2_2	178.103	226.262	219.221	1.0	0.050980392156862744	0.050980392156862744
G	O5'_2	178.085	227.007	221.613	1.0	0.050980392156862744	0.050980392156862744
G	C5'_2	177.751	226.91	223.019	0.5647058823529412	0.5647058823529412	0.5647058823529412
G	C4'_2	178.556	227.913	223.825	0.5647058823529412	0.5647058823529412	0.5647058823529412
G	O4'_2	179.974	227.653	223.644	1.0	0.050980392156862744	0.050980392156862744
G	C3'_2	178.378	229.376	223.444	0.5647058823529412	0.5647058823529412	0.5647058823529412
G	O3'_2	177.249	229.925	224.116	1.0	0.050980392156862744	0.050980392156862744
G	C2'_2	179.686	230.006	223.918	0.5647058823529412	0.5647058823529412	0.5647058823529412
G	O2'_2	179.705	230.265	225.309	1.0	0.050980392156862744	0.050980392156862744
G	C1'_2	180.689	228.884	223.622	0.5647058823529412	0.5647058823529412	0.5647058823529412
G	N9_2	181.382	228.994	222.335	0.18823529411764706	0.3137254901960784	0.9725490196078431
G	C8_2	181.206	228.195	221.223	0.5647058823529412	0.5647058823529412	0.5647058823529412
G	N7_2	181.99	228.516	220.226	0.18823529411764706	0.3137254901960784	0.9725490196078431
G	C5_2	182.724	229.597	220.699	0.5647058823529412	0.5647058823529412	0.5647058823529412
G	C6_2	183.732	230.37	220.059	0.5647058823529412	0.5647058823529412	0.5647058823529412
G	O6_2	184.184	230.245	218.913	1.0	0.050980392156862744	0.050980392156862744
G	N1_2	184.218	231.375	220.897	0.18823529411764706	0.3137254901960784	0.9725490196078431
G	C2_2	183.786	231.608	222.186	0.5647058823529412	0.5647058823529412	0.5647058823529412
G	N2_2	184.382	232.625	222.838	0.18823529411764706	0.3137254901960784	0.9725490196078431
G	N3_2	182.841	230.894	222.793	0.18823529411764706	0.3137254901960784	0.9725490196078431
G	C4_2	182.359	229.911	221.997	0.5647058823529412	0.5647058823529412	0.5647058823529412
