C	P_1	261.457	252.453	209.311	1.0	0.5019607843137255	0.0
C	OP1_1	260.269	251.764	208.719	1.0	0.050980392156862744	0.050980392156862744
C	OP2_1	261.561	252.598	210.782	1.0	0.050980392156862744	0.050980392156862744
C	O5'_1	262.774	251.713	208.8	1.0	0.050980392156862744	0.050980392156862744
C	C5'_1	262.916	251.325	207.415	0.5647058823529412	0.5647058823529412	0.5647058823529412
C	C4'_1	264.113	250.414	207.247	0.5647058823529412	0.5647058823529412	0.5647058823529412
C	O4'_1	265.341	251.146	207.502	1.0	0.050980392156862744	0.050980392156862744
C	C3'_1	264.185	249.229	208.196	0.5647058823529412	0.5647058823529412	0.5647058823529412
C	O3'_1	263.359	248.16	207.749	1.0	0.050980392156862744	0.050980392156862744
C	C2'_1	265.666	248.876	208.159	0.5647058823529412	0.5647058823529412	0.5647058823529412
C	O2'_1	266.034	248.137	207.013	1.0	0.050980392156862744	0.050980392156862744
C	C1'_1	266.303	250.266	208.066	0.5647058823529412	0.5647058823529412	0.5647058823529412
C	N1_1	266.767	250.817	209.357	0.18823529411764706	0.3137254901960784	0.9725490196078431
C	C2_1	267.975	250.336	209.91	0.5647058823529412	0.5647058823529412	0.5647058823529412
C	O2_1	268.61	249.447	209.309	1.0	0.050980392156862744	0.050980392156862744
C	N3_1	268.413	250.855	211.082	0.18823529411764706	0.3137254901960784	0.9725490196078431
C	C4_1	267.706	251.807	211.698	0.5647058823529412	0.5647058823529412	0.5647058823529412
C	N4_1	268.181	252.295	212.845	0.18823529411764706	0.3137254901960784	0.9725490196078431
C	C5_1	266.479	252.303	211.166	0.5647058823529412	0.5647058823529412	0.5647058823529412
C	C6_1	266.05	251.784	210.009	0.5647058823529412	0.5647058823529412	0.5647058823529412
G	P_2	278.699	249.6	216.759	1.0	0.5019607843137255	0.0
G	OP1_2	280.185	249.52	216.674	1.0	0.050980392156862744	0.050980392156862744
G	OP2_2	278.058	250.88	217.16	1.0	0.050980392156862744	0.050980392156862744
G	O5'_2	278.093	249.154	215.353	1.0	0.050980392156862744	0.050980392156862744
G	C5'_2	278.646	248.031	214.635	0.5647058823529412	0.5647058823529412	0.5647058823529412
G	C4'_2	277.694	247.564	213.55	0.5647058823529412	0.5647058823529412	0.5647058823529412
G	O4'_2	276.393	247.269	214.138	1.0	0.050980392156862744	0.050980392156862744
G	C3'_2	277.345	248.541	212.433	0.5647058823529412	0.5647058823529412	0.5647058823529412
G	O3'_2	278.342	248.654	211.421	1.0	0.050980392156862744	0.050980392156862744
G	C2'_2	276.065	247.928	211.884	0.5647058823529412	0.5647058823529412	0.5647058823529412
G	O2'_2	276.298	246.79	211.078	1.0	0.050980392156862744	0.050980392156862744
G	C1'_2	275.37	247.503	213.176	0.5647058823529412	0.5647058823529412	0.5647058823529412
G	N9_2	274.494	248.572	213.651	0.18823529411764706	0.3137254901960784	0.9725490196078431
G	C8_2	274.686	249.406	214.729	0.5647058823529412	0.5647058823529412	0.5647058823529412
G	N7_2	273.738	250.296	214.866	0.18823529411764706	0.3137254901960784	0.9725490196078431
G	C5_2	272.862	250.029	213.821	0.5647058823529412	0.5647058823529412	0.5647058823529412
G	C6_2	271.647	250.672	213.45	0.5647058823529412	0.5647058823529412	0.5647058823529412
G	O6_2	271.091	251.64	213.988	1.0	0.050980392156862744	0.050980392156862744
G	N1_2	271.076	250.076	212.325	0.18823529411764706	0.3137254901960784	0.9725490196078431
G	C2_2	271.606	249.002	211.64	0.5647058823529412	0.5647058823529412	0.5647058823529412
G	N2_2	270.905	248.564	210.572	0.18823529411764706	0.3137254901960784	0.9725490196078431
G	N3_2	272.74	248.398	211.977	0.18823529411764706	0.3137254901960784	0.9725490196078431
G	C4_2	273.309	248.96	213.068	0.5647058823529412	0.5647058823529412	0.5647058823529412
