G	P_1	215.621	190.548	202.196	1.0	0.5019607843137255	0.0
G	OP1_1	215.316	189.808	203.469	1.0	0.050980392156862744	0.050980392156862744
G	OP2_1	214.624	190.526	201.079	1.0	0.050980392156862744	0.050980392156862744
G	O5'_1	215.897	192.075	202.569	1.0	0.050980392156862744	0.050980392156862744
G	C5'_1	216.857	192.423	203.59	0.5647058823529412	0.5647058823529412	0.5647058823529412
G	C4'_1	216.688	193.871	203.999	0.5647058823529412	0.5647058823529412	0.5647058823529412
G	O4'_1	217.12	194.742	202.916	1.0	0.050980392156862744	0.050980392156862744
G	C3'_1	215.259	194.304	204.306	0.5647058823529412	0.5647058823529412	0.5647058823529412
G	O3'_1	214.876	193.95	205.643	1.0	0.050980392156862744	0.050980392156862744
G	C2'_1	215.331	195.808	204.065	0.5647058823529412	0.5647058823529412	0.5647058823529412
G	O2'_1	215.923	196.503	205.146	1.0	0.050980392156862744	0.050980392156862744
G	C1'_1	216.268	195.875	202.85	0.5647058823529412	0.5647058823529412	0.5647058823529412
G	N9_1	215.557	195.831	201.574	0.18823529411764706	0.3137254901960784	0.9725490196078431
G	C8_1	215.531	194.784	200.677	0.5647058823529412	0.5647058823529412	0.5647058823529412
G	N7_1	214.793	195.025	199.624	0.18823529411764706	0.3137254901960784	0.9725490196078431
G	C5_1	214.304	196.311	199.831	0.5647058823529412	0.5647058823529412	0.5647058823529412
G	C6_1	213.434	197.106	199.028	0.5647058823529412	0.5647058823529412	0.5647058823529412
G	O6_1	212.912	196.818	197.943	1.0	0.050980392156862744	0.050980392156862744
G	N1_1	213.185	198.347	199.612	0.18823529411764706	0.3137254901960784	0.9725490196078431
G	C2_1	213.705	198.774	200.816	0.5647058823529412	0.5647058823529412	0.5647058823529412
G	N2_1	213.355	200.011	201.209	0.18823529411764706	0.3137254901960784	0.9725490196078431
G	N3_1	214.515	198.04	201.579	0.18823529411764706	0.3137254901960784	0.9725490196078431
G	C4_1	214.769	196.828	201.029	0.5647058823529412	0.5647058823529412	0.5647058823529412
C	P_2	207.977	204.44	193.299	1.0	0.5019607843137255	0.0
C	OP1_2	207.874	205.847	192.808	1.0	0.050980392156862744	0.050980392156862744
C	OP2_2	208.359	203.356	192.345	1.0	0.050980392156862744	0.050980392156862744
C	O5'_2	208.996	204.407	194.526	1.0	0.050980392156862744	0.050980392156862744
C	C5'_2	209.072	205.513	195.452	0.5647058823529412	0.5647058823529412	0.5647058823529412
C	C4'_2	210.06	205.22	196.562	0.5647058823529412	0.5647058823529412	0.5647058823529412
C	O4'_2	209.59	204.098	197.356	1.0	0.050980392156862744	0.050980392156862744
C	C3'_2	211.469	204.818	196.152	0.5647058823529412	0.5647058823529412	0.5647058823529412
C	O3'_2	212.278	205.939	195.813	1.0	0.050980392156862744	0.050980392156862744
C	C2'_2	211.975	204.114	197.405	0.5647058823529412	0.5647058823529412	0.5647058823529412
C	O2'_2	212.39	205.009	198.418	1.0	0.050980392156862744	0.050980392156862744
C	C1'_2	210.71	203.379	197.863	0.5647058823529412	0.5647058823529412	0.5647058823529412
C	N1_2	210.663	201.991	197.358	0.18823529411764706	0.3137254901960784	0.9725490196078431
C	C2_2	211.317	200.98	198.094	0.5647058823529412	0.5647058823529412	0.5647058823529412
C	O2_2	211.885	201.28	199.166	1.0	0.050980392156862744	0.050980392156862744
C	N3_2	211.307	199.711	197.618	0.18823529411764706	0.3137254901960784	0.9725490196078431
C	C4_2	210.669	199.429	196.471	0.5647058823529412	0.5647058823529412	0.5647058823529412
C	N4_2	210.687	198.164	196.041	0.18823529411764706	0.3137254901960784	0.9725490196078431
C	C5_2	209.987	200.433	195.716	0.5647058823529412	0.5647058823529412	0.5647058823529412
C	C6_2	210.009	201.686	196.192	0.5647058823529412	0.5647058823529412	0.5647058823529412
