G	P_1	185.936	200.365	220.881	1.0	0.5019607843137255	0.0
G	OP1_1	185.895	201.202	222.115	1.0	0.050980392156862744	0.050980392156862744
G	OP2_1	186.66	199.054	220.9	1.0	0.050980392156862744	0.050980392156862744
G	O5'_1	184.434	200.068	220.428	1.0	0.050980392156862744	0.050980392156862744
G	C5'_1	183.442	201.122	220.383	0.5647058823529412	0.5647058823529412	0.5647058823529412
G	C4'_1	182.538	200.947	219.179	0.5647058823529412	0.5647058823529412	0.5647058823529412
G	O4'_1	183.258	201.281	217.962	1.0	0.050980392156862744	0.050980392156862744
G	C3'_1	182.008	199.54	218.934	0.5647058823529412	0.5647058823529412	0.5647058823529412
G	O3'_1	180.859	199.265	219.734	1.0	0.050980392156862744	0.050980392156862744
G	C2'_1	181.683	199.562	217.444	0.5647058823529412	0.5647058823529412	0.5647058823529412
G	O2'_1	180.44	200.172	217.161	1.0	0.050980392156862744	0.050980392156862744
G	C1'_1	182.809	200.449	216.898	0.5647058823529412	0.5647058823529412	0.5647058823529412
G	N9_1	183.958	199.715	216.373	0.18823529411764706	0.3137254901960784	0.9725490196078431
G	C8_1	185.278	199.916	216.711	0.5647058823529412	0.5647058823529412	0.5647058823529412
G	N7_1	186.099	199.122	216.079	0.18823529411764706	0.3137254901960784	0.9725490196078431
G	C5_1	185.277	198.343	215.276	0.5647058823529412	0.5647058823529412	0.5647058823529412
G	C6_1	185.609	197.303	214.362	0.5647058823529412	0.5647058823529412	0.5647058823529412
G	O6_1	186.734	196.859	214.08	1.0	0.050980392156862744	0.050980392156862744
G	N1_1	184.47	196.772	213.748	0.18823529411764706	0.3137254901960784	0.9725490196078431
G	C2_1	183.177	197.188	213.984	0.5647058823529412	0.5647058823529412	0.5647058823529412
G	N2_1	182.217	196.544	213.288	0.18823529411764706	0.3137254901960784	0.9725490196078431
G	N3_1	182.854	198.163	214.838	0.18823529411764706	0.3137254901960784	0.9725490196078431
G	C4_1	183.948	198.693	215.442	0.5647058823529412	0.5647058823529412	0.5647058823529412
C	P_2	186.477	189.168	206.658	1.0	0.5019607843137255	0.0
C	OP1_2	185.987	188.689	205.334	1.0	0.050980392156862744	0.050980392156862744
C	OP2_2	187.759	189.924	206.732	1.0	0.050980392156862744	0.050980392156862744
C	O5'_2	185.326	190.056	207.321	1.0	0.050980392156862744	0.050980392156862744
C	C5'_2	184.046	189.481	207.662	0.5647058823529412	0.5647058823529412	0.5647058823529412
C	C4'_2	183.314	190.359	208.656	0.5647058823529412	0.5647058823529412	0.5647058823529412
C	O4'_2	184.195	190.65	209.768	1.0	0.050980392156862744	0.050980392156862744
C	C3'_2	182.933	191.751	208.177	0.5647058823529412	0.5647058823529412	0.5647058823529412
C	O3'_2	181.701	191.663	207.459	1.0	0.050980392156862744	0.050980392156862744
C	C2'_2	182.728	192.511	209.496	0.5647058823529412	0.5647058823529412	0.5647058823529412
C	O2'_2	181.434	192.341	210.039	1.0	0.050980392156862744	0.050980392156862744
C	C1'_2	183.709	191.799	210.433	0.5647058823529412	0.5647058823529412	0.5647058823529412
C	N1_2	184.836	192.59	210.954	0.18823529411764706	0.3137254901960784	0.9725490196078431
C	C2_2	184.584	193.521	211.982	0.5647058823529412	0.5647058823529412	0.5647058823529412
C	O2_2	183.407	193.711	212.351	1.0	0.050980392156862744	0.050980392156862744
C	N3_2	185.624	194.193	212.538	0.18823529411764706	0.3137254901960784	0.9725490196078431
C	C4_2	186.866	193.985	212.09	0.5647058823529412	0.5647058823529412	0.5647058823529412
C	N4_2	187.861	194.648	212.681	0.18823529411764706	0.3137254901960784	0.9725490196078431
C	C5_2	187.145	193.08	211.017	0.5647058823529412	0.5647058823529412	0.5647058823529412
C	C6_2	186.11	192.412	210.483	0.5647058823529412	0.5647058823529412	0.5647058823529412
