G	P_1	172.576	190.865	219.564	1.0	0.5019607843137255	0.0
G	OP1_1	173.003	190.066	218.381	1.0	0.050980392156862744	0.050980392156862744
G	OP2_1	171.808	192.129	219.361	1.0	0.050980392156862744	0.050980392156862744
G	O5'_1	171.747	189.911	220.534	1.0	0.050980392156862744	0.050980392156862744
G	C5'_1	172.318	188.672	221.013	0.5647058823529412	0.5647058823529412	0.5647058823529412
G	C4'_1	171.586	188.196	222.25	0.5647058823529412	0.5647058823529412	0.5647058823529412
G	O4'_1	171.804	189.128	223.349	1.0	0.050980392156862744	0.050980392156862744
G	C3'_1	170.072	188.123	222.136	0.5647058823529412	0.5647058823529412	0.5647058823529412
G	O3'_1	169.632	186.957	221.45	1.0	0.050980392156862744	0.050980392156862744
G	C2'_1	169.64	188.174	223.596	0.5647058823529412	0.5647058823529412	0.5647058823529412
G	O2'_1	169.792	186.94	224.267	1.0	0.050980392156862744	0.050980392156862744
G	C1'_1	170.635	189.193	224.16	0.5647058823529412	0.5647058823529412	0.5647058823529412
G	N9_1	170.104	190.554	224.106	0.18823529411764706	0.3137254901960784	0.9725490196078431
G	C8_1	170.415	191.537	223.189	0.5647058823529412	0.5647058823529412	0.5647058823529412
G	N7_1	169.748	192.645	223.374	0.18823529411764706	0.3137254901960784	0.9725490196078431
G	C5_1	168.952	192.386	224.484	0.5647058823529412	0.5647058823529412	0.5647058823529412
G	C6_1	168.007	193.212	225.147	0.5647058823529412	0.5647058823529412	0.5647058823529412
G	O6_1	167.674	194.372	224.873	1.0	0.050980392156862744	0.050980392156862744
G	N1_1	167.426	192.557	226.231	0.18823529411764706	0.3137254901960784	0.9725490196078431
G	C2_1	167.713	191.272	226.627	0.5647058823529412	0.5647058823529412	0.5647058823529412
G	N2_1	167.052	190.824	227.706	0.18823529411764706	0.3137254901960784	0.9725490196078431
G	N3_1	168.586	190.484	226.011	0.18823529411764706	0.3137254901960784	0.9725490196078431
G	C4_1	169.166	191.103	224.956	0.5647058823529412	0.5647058823529412	0.5647058823529412
C	P_2	161.088	196.696	232.78	1.0	0.5019607843137255	0.0
C	OP1_2	160.791	196.58	234.241	1.0	0.050980392156862744	0.050980392156862744
C	OP2_2	162.133	197.654	232.313	1.0	0.050980392156862744	0.050980392156862744
C	O5'_2	161.475	195.253	232.225	1.0	0.050980392156862744	0.050980392156862744
C	C5'_2	160.752	194.082	232.649	0.5647058823529412	0.5647058823529412	0.5647058823529412
C	C4'_2	161.534	192.833	232.307	0.5647058823529412	0.5647058823529412	0.5647058823529412
C	O4'_2	161.583	192.657	230.866	1.0	0.050980392156862744	0.050980392156862744
C	C3'_2	162.994	192.831	232.743	0.5647058823529412	0.5647058823529412	0.5647058823529412
C	O3'_2	163.129	192.461	234.117	1.0	0.050980392156862744	0.050980392156862744
C	C2'_2	163.618	191.815	231.794	0.5647058823529412	0.5647058823529412	0.5647058823529412
C	O2'_2	163.398	190.48	232.194	1.0	0.050980392156862744	0.050980392156862744
C	C1'_2	162.831	192.082	230.505	0.5647058823529412	0.5647058823529412	0.5647058823529412
C	N1_2	163.51	192.98	229.548	0.18823529411764706	0.3137254901960784	0.9725490196078431
C	C2_2	164.357	192.42	228.564	0.5647058823529412	0.5647058823529412	0.5647058823529412
C	O2_2	164.521	191.186	228.534	1.0	0.050980392156862744	0.050980392156862744
C	N3_2	164.97	193.245	227.677	0.18823529411764706	0.3137254901960784	0.9725490196078431
C	C4_2	164.771	194.568	227.746	0.5647058823529412	0.5647058823529412	0.5647058823529412
C	N4_2	165.396	195.342	226.855	0.18823529411764706	0.3137254901960784	0.9725490196078431
C	C5_2	163.921	195.157	228.734	0.5647058823529412	0.5647058823529412	0.5647058823529412
C	C6_2	163.32	194.336	229.603	0.5647058823529412	0.5647058823529412	0.5647058823529412
