C	P_1	144.768	206.369	168.137	1.0	0.5019607843137255	0.0
C	OP1_1	144.794	206.365	166.644	1.0	0.050980392156862744	0.050980392156862744
C	OP2_1	145.043	205.104	168.879	1.0	0.050980392156862744	0.050980392156862744
C	O5'_1	145.774	207.493	168.652	1.0	0.050980392156862744	0.050980392156862744
C	C5'_1	146.139	208.597	167.806	0.5647058823529412	0.5647058823529412	0.5647058823529412
C	C4'_1	145.261	209.799	168.082	0.5647058823529412	0.5647058823529412	0.5647058823529412
C	O4'_1	145.219	210.078	169.508	1.0	0.050980392156862744	0.050980392156862744
C	C3'_1	145.777	211.078	167.442	0.5647058823529412	0.5647058823529412	0.5647058823529412
C	O3'_1	145.375	211.184	166.081	1.0	0.050980392156862744	0.050980392156862744
C	C2'_1	145.227	212.16	168.365	0.5647058823529412	0.5647058823529412	0.5647058823529412
C	O2'_1	143.859	212.457	168.134	1.0	0.050980392156862744	0.050980392156862744
C	C1'_1	145.38	211.475	169.729	0.5647058823529412	0.5647058823529412	0.5647058823529412
C	N1_1	146.703	211.68	170.364	0.18823529411764706	0.3137254901960784	0.9725490196078431
C	C2_1	146.987	212.904	171.017	0.5647058823529412	0.5647058823529412	0.5647058823529412
C	O2_1	146.13	213.812	171.023	1.0	0.050980392156862744	0.050980392156862744
C	N3_1	148.196	213.056	171.619	0.18823529411764706	0.3137254901960784	0.9725490196078431
C	C4_1	149.097	212.063	171.584	0.5647058823529412	0.5647058823529412	0.5647058823529412
C	N4_1	150.266	212.252	172.2	0.18823529411764706	0.3137254901960784	0.9725490196078431
C	C5_1	148.838	210.83	170.918	0.5647058823529412	0.5647058823529412	0.5647058823529412
C	C6_1	147.646	210.683	170.329	0.5647058823529412	0.5647058823529412	0.5647058823529412
G	P_2	152.662	218.955	179.167	1.0	0.5019607843137255	0.0
G	OP1_2	153.014	219.502	180.51	1.0	0.050980392156862744	0.050980392156862744
G	OP2_2	152.607	217.478	178.965	1.0	0.050980392156862744	0.050980392156862744
G	O5'_2	151.242	219.557	178.757	1.0	0.050980392156862744	0.050980392156862744
G	C5'_2	151.023	220.985	178.676	0.5647058823529412	0.5647058823529412	0.5647058823529412
G	C4'_2	150.106	221.302	177.516	0.5647058823529412	0.5647058823529412	0.5647058823529412
G	O4'_2	150.702	220.781	176.292	1.0	0.050980392156862744	0.050980392156862744
G	C3'_2	148.733	220.645	177.574	0.5647058823529412	0.5647058823529412	0.5647058823529412
G	O3'_2	147.815	221.384	178.388	1.0	0.050980392156862744	0.050980392156862744
G	C2'_2	148.343	220.585	176.099	0.5647058823529412	0.5647058823529412	0.5647058823529412
G	O2'_2	147.879	221.823	175.59	1.0	0.050980392156862744	0.050980392156862744
G	C1'_2	149.689	220.236	175.453	0.5647058823529412	0.5647058823529412	0.5647058823529412
G	N9_2	149.916	218.793	175.337	0.18823529411764706	0.3137254901960784	0.9725490196078431
G	C8_2	150.774	218.027	176.099	0.5647058823529412	0.5647058823529412	0.5647058823529412
G	N7_2	150.76	216.762	175.78	0.18823529411764706	0.3137254901960784	0.9725490196078431
G	C5_2	149.842	216.678	174.741	0.5647058823529412	0.5647058823529412	0.5647058823529412
G	C6_2	149.406	215.55	173.991	0.5647058823529412	0.5647058823529412	0.5647058823529412
G	O6_2	149.762	214.367	174.101	1.0	0.050980392156862744	0.050980392156862744
G	N1_2	148.46	215.906	173.032	0.18823529411764706	0.3137254901960784	0.9725490196078431
G	C2_2	147.989	217.179	172.815	0.5647058823529412	0.5647058823529412	0.5647058823529412
G	N2_2	147.072	217.312	171.839	0.18823529411764706	0.3137254901960784	0.9725490196078431
G	N3_2	148.389	218.244	173.507	0.18823529411764706	0.3137254901960784	0.9725490196078431
G	C4_2	149.311	217.921	174.449	0.5647058823529412	0.5647058823529412	0.5647058823529412
