G	P_1	243.501	212.296	220.688	1.0	0.5019607843137255	0.0
G	OP1_1	242.201	212.973	220.962	1.0	0.050980392156862744	0.050980392156862744
G	OP2_1	244.132	212.434	219.344	1.0	0.050980392156862744	0.050980392156862744
G	O5'_1	244.555	212.788	221.78	1.0	0.050980392156862744	0.050980392156862744
G	C5'_1	244.275	212.646	223.188	0.5647058823529412	0.5647058823529412	0.5647058823529412
G	C4'_1	245.52	212.911	224.004	0.5647058823529412	0.5647058823529412	0.5647058823529412
G	O4'_1	246.56	211.967	223.625	1.0	0.050980392156862744	0.050980392156862744
G	C3'_1	246.181	214.269	223.814	0.5647058823529412	0.5647058823529412	0.5647058823529412
G	O3'_1	245.543	215.299	224.572	1.0	0.050980392156862744	0.050980392156862744
G	C2'_1	247.601	213.996	224.298	0.5647058823529412	0.5647058823529412	0.5647058823529412
G	O2'_1	247.707	213.975	225.71	1.0	0.050980392156862744	0.050980392156862744
G	C1'_1	247.835	212.584	223.753	0.5647058823529412	0.5647058823529412	0.5647058823529412
G	N9_1	248.499	212.584	222.448	0.18823529411764706	0.3137254901960784	0.9725490196078431
G	C8_1	247.97	212.186	221.239	0.5647058823529412	0.5647058823529412	0.5647058823529412
G	N7_1	248.811	212.31	220.244	0.18823529411764706	0.3137254901960784	0.9725490196078431
G	C5_1	249.968	212.821	220.829	0.5647058823529412	0.5647058823529412	0.5647058823529412
G	C6_1	251.221	213.166	220.246	0.5647058823529412	0.5647058823529412	0.5647058823529412
G	O6_1	251.565	213.085	219.063	1.0	0.050980392156862744	0.050980392156862744
G	N1_1	252.117	213.649	221.198	0.18823529411764706	0.3137254901960784	0.9725490196078431
G	C2_1	251.846	213.782	222.537	0.5647058823529412	0.5647058823529412	0.5647058823529412
G	N2_1	252.838	214.266	223.298	0.18823529411764706	0.3137254901960784	0.9725490196078431
G	N3_1	250.684	213.464	223.094	0.18823529411764706	0.3137254901960784	0.9725490196078431
G	C4_1	249.797	212.993	222.187	0.5647058823529412	0.5647058823529412	0.5647058823529412
C	P_2	262.372	216.573	217.89	1.0	0.5019607843137255	0.0
C	OP1_2	263.806	216.403	218.253	1.0	0.050980392156862744	0.050980392156862744
C	OP2_2	261.691	215.533	217.072	1.0	0.050980392156862744	0.050980392156862744
C	O5'_2	261.539	216.784	219.233	1.0	0.050980392156862744	0.050980392156862744
C	C5'_2	261.168	215.671	220.068	0.5647058823529412	0.5647058823529412	0.5647058823529412
C	C4'_2	260.079	216.087	221.031	0.5647058823529412	0.5647058823529412	0.5647058823529412
C	O4'_2	258.929	216.561	220.288	1.0	0.050980392156862744	0.050980392156862744
C	C3'_2	259.525	214.983	221.915	0.5647058823529412	0.5647058823529412	0.5647058823529412
C	O3'_2	260.369	214.801	223.054	1.0	0.050980392156862744	0.050980392156862744
C	C2'_2	258.146	215.523	222.29	0.5647058823529412	0.5647058823529412	0.5647058823529412
C	O2'_2	258.182	216.463	223.346	1.0	0.050980392156862744	0.050980392156862744
C	C1'_2	257.741	216.257	221.005	0.5647058823529412	0.5647058823529412	0.5647058823529412
C	N1_2	256.796	215.562	220.101	0.18823529411764706	0.3137254901960784	0.9725490196078431
C	C2_2	255.48	215.271	220.555	0.5647058823529412	0.5647058823529412	0.5647058823529412
C	O2_2	255.156	215.576	221.719	1.0	0.050980392156862744	0.050980392156862744
C	N3_2	254.609	214.668	219.706	0.18823529411764706	0.3137254901960784	0.9725490196078431
C	C4_2	254.999	214.352	218.464	0.5647058823529412	0.5647058823529412	0.5647058823529412
C	N4_2	254.109	213.772	217.658	0.18823529411764706	0.3137254901960784	0.9725490196078431
C	C5_2	256.322	214.62	217.988	0.5647058823529412	0.5647058823529412	0.5647058823529412
C	C6_2	257.177	215.218	218.83	0.5647058823529412	0.5647058823529412	0.5647058823529412
