C	P_1	195.988	230.791	208.039	1.0	0.5019607843137255	0.0
C	OP1_1	194.53	230.521	207.876	1.0	0.050980392156862744	0.050980392156862744
C	OP2_1	196.435	232.021	208.754	1.0	0.050980392156862744	0.050980392156862744
C	O5'_1	196.651	229.538	208.771	1.0	0.050980392156862744	0.050980392156862744
C	C5'_1	196.59	228.219	208.192	0.5647058823529412	0.5647058823529412	0.5647058823529412
C	C4'_1	197.724	227.365	208.715	0.5647058823529412	0.5647058823529412	0.5647058823529412
C	O4'_1	198.989	228.014	208.402	1.0	0.050980392156862744	0.050980392156862744
C	C3'_1	197.783	227.163	210.225	0.5647058823529412	0.5647058823529412	0.5647058823529412
C	O3'_1	196.907	226.125	210.671	1.0	0.050980392156862744	0.050980392156862744
C	C2'_1	199.248	226.804	210.436	0.5647058823529412	0.5647058823529412	0.5647058823529412
C	O2'_1	199.544	225.465	210.091	1.0	0.050980392156862744	0.050980392156862744
C	C1'_1	199.927	227.743	209.435	0.5647058823529412	0.5647058823529412	0.5647058823529412
C	N1_1	200.333	229.015	210.068	0.18823529411764706	0.3137254901960784	0.9725490196078431
C	C2_1	201.623	229.104	210.641	0.5647058823529412	0.5647058823529412	0.5647058823529412
C	O2_1	202.396	228.133	210.543	1.0	0.050980392156862744	0.050980392156862744
C	N3_1	201.985	230.245	211.278	0.18823529411764706	0.3137254901960784	0.9725490196078431
C	C4_1	201.129	231.273	211.345	0.5647058823529412	0.5647058823529412	0.5647058823529412
C	N4_1	201.526	232.371	211.994	0.18823529411764706	0.3137254901960784	0.9725490196078431
C	C5_1	199.825	231.219	210.751	0.5647058823529412	0.5647058823529412	0.5647058823529412
C	C6_1	199.475	230.084	210.126	0.5647058823529412	0.5647058823529412	0.5647058823529412
G	P_2	210.663	231.564	219.017	1.0	0.5019607843137255	0.0
G	OP1_2	211.676	232.64	219.21	1.0	0.050980392156862744	0.050980392156862744
G	OP2_2	209.406	231.862	218.278	1.0	0.050980392156862744	0.050980392156862744
G	O5'_2	211.384	230.316	218.332	1.0	0.050980392156862744	0.050980392156862744
G	C5'_2	211.339	230.113	216.906	0.5647058823529412	0.5647058823529412	0.5647058823529412
G	C4'_2	210.478	228.909	216.577	0.5647058823529412	0.5647058823529412	0.5647058823529412
G	O4'_2	209.11	229.152	217.011	1.0	0.050980392156862744	0.050980392156862744
G	C3'_2	210.351	228.588	215.096	0.5647058823529412	0.5647058823529412	0.5647058823529412
G	O3'_2	211.458	227.805	214.656	1.0	0.050980392156862744	0.050980392156862744
G	C2'_2	209.031	227.823	215.031	0.5647058823529412	0.5647058823529412	0.5647058823529412
G	O2'_2	209.161	226.465	215.407	1.0	0.050980392156862744	0.050980392156862744
G	C1'_2	208.201	228.561	216.089	0.5647058823529412	0.5647058823529412	0.5647058823529412
G	N9_2	207.309	229.605	215.578	0.18823529411764706	0.3137254901960784	0.9725490196078431
G	C8_2	207.295	230.936	215.943	0.5647058823529412	0.5647058823529412	0.5647058823529412
G	N7_2	206.354	231.624	215.352	0.18823529411764706	0.3137254901960784	0.9725490196078431
G	C5_2	205.709	230.699	214.54	0.5647058823529412	0.5647058823529412	0.5647058823529412
G	C6_2	204.6	230.862	213.661	0.5647058823529412	0.5647058823529412	0.5647058823529412
G	O6_2	203.94	231.888	213.432	1.0	0.050980392156862744	0.050980392156862744
G	N1_2	204.277	229.669	213.018	0.18823529411764706	0.3137254901960784	0.9725490196078431
G	C2_2	204.932	228.472	213.198	0.5647058823529412	0.5647058823529412	0.5647058823529412
G	N2_2	204.473	227.435	212.478	0.18823529411764706	0.3137254901960784	0.9725490196078431
G	N3_2	205.963	228.303	214.021	0.18823529411764706	0.3137254901960784	0.9725490196078431
G	C4_2	206.295	229.449	214.655	0.5647058823529412	0.5647058823529412	0.5647058823529412
