G	P_1	280.935	224.61	186.328	1.0	0.5019607843137255	0.0
G	OP1_1	282.076	225.083	185.492	1.0	0.050980392156862744	0.050980392156862744
G	OP2_1	280.101	223.468	185.856	1.0	0.050980392156862744	0.050980392156862744
G	O5'_1	281.482	224.274	187.787	1.0	0.050980392156862744	0.050980392156862744
G	C5'_1	282.268	225.239	188.521	0.5647058823529412	0.5647058823529412	0.5647058823529412
G	C4'_1	282.402	224.823	189.971	0.5647058823529412	0.5647058823529412	0.5647058823529412
G	O4'_1	281.092	224.815	190.611	1.0	0.050980392156862744	0.050980392156862744
G	C3'_1	282.931	223.423	190.241	0.5647058823529412	0.5647058823529412	0.5647058823529412
G	O3'_1	284.347	223.338	190.127	1.0	0.050980392156862744	0.050980392156862744
G	C2'_1	282.455	223.178	191.669	0.5647058823529412	0.5647058823529412	0.5647058823529412
G	O2'_1	283.247	223.84	192.635	1.0	0.050980392156862744	0.050980392156862744
G	C1'_1	281.069	223.828	191.637	0.5647058823529412	0.5647058823529412	0.5647058823529412
G	N9_1	279.995	222.872	191.363	0.18823529411764706	0.3137254901960784	0.9725490196078431
G	C8_1	279.244	222.763	190.215	0.5647058823529412	0.5647058823529412	0.5647058823529412
G	N7_1	278.361	221.802	190.268	0.18823529411764706	0.3137254901960784	0.9725490196078431
G	C5_1	278.54	221.238	191.526	0.5647058823529412	0.5647058823529412	0.5647058823529412
G	C6_1	277.872	220.146	192.148	0.5647058823529412	0.5647058823529412	0.5647058823529412
G	O6_1	276.967	219.437	191.692	1.0	0.050980392156862744	0.050980392156862744
G	N1_1	278.362	219.905	193.43	0.18823529411764706	0.3137254901960784	0.9725490196078431
G	C2_1	279.368	220.616	194.037	0.5647058823529412	0.5647058823529412	0.5647058823529412
G	N2_1	279.7	220.23	195.279	0.18823529411764706	0.3137254901960784	0.9725490196078431
G	N3_1	280.005	221.635	193.465	0.18823529411764706	0.3137254901960784	0.9725490196078431
G	C4_1	279.54	221.889	192.218	0.5647058823529412	0.5647058823529412	0.5647058823529412
C	P_2	272.324	214.873	199.347	1.0	0.5019607843137255	0.0
C	OP1_2	271.714	214.721	200.704	1.0	0.050980392156862744	0.050980392156862744
C	OP2_2	271.636	215.712	198.327	1.0	0.050980392156862744	0.050980392156862744
C	O5'_2	273.813	215.423	199.518	1.0	0.050980392156862744	0.050980392156862744
C	C5'_2	274.719	214.863	200.505	0.5647058823529412	0.5647058823529412	0.5647058823529412
C	C4'_2	276.04	215.609	200.486	0.5647058823529412	0.5647058823529412	0.5647058823529412
C	O4'_2	276.749	215.323	199.249	1.0	0.050980392156862744	0.050980392156862744
C	C3'_2	275.926	217.128	200.53	0.5647058823529412	0.5647058823529412	0.5647058823529412
C	O3'_2	275.793	217.593	201.871	1.0	0.050980392156862744	0.050980392156862744
C	C2'_2	277.215	217.583	199.857	0.5647058823529412	0.5647058823529412	0.5647058823529412
C	O2'_2	278.329	217.557	200.725	1.0	0.050980392156862744	0.050980392156862744
C	C1'_2	277.395	216.501	198.786	0.5647058823529412	0.5647058823529412	0.5647058823529412
C	N1_2	276.857	216.834	197.446	0.18823529411764706	0.3137254901960784	0.9725490196078431
C	C2_2	277.651	217.594	196.556	0.5647058823529412	0.5647058823529412	0.5647058823529412
C	O2_2	278.766	218.0	196.933	1.0	0.050980392156862744	0.050980392156862744
C	N3_2	277.176	217.861	195.311	0.18823529411764706	0.3137254901960784	0.9725490196078431
C	C4_2	275.969	217.409	194.944	0.5647058823529412	0.5647058823529412	0.5647058823529412
C	N4_2	275.553	217.671	193.704	0.18823529411764706	0.3137254901960784	0.9725490196078431
C	C5_2	275.136	216.661	195.834	0.5647058823529412	0.5647058823529412	0.5647058823529412
C	C6_2	275.614	216.4	197.06	0.5647058823529412	0.5647058823529412	0.5647058823529412
