C	P_1	138.882	249.462	187.728	1.0	0.5019607843137255	0.0
C	OP1_1	139.323	248.468	188.752	1.0	0.050980392156862744	0.050980392156862744
C	OP2_1	139.002	249.122	186.28	1.0	0.050980392156862744	0.050980392156862744
C	O5'_1	137.361	249.86	188.036	1.0	0.050980392156862744	0.050980392156862744
C	C5'_1	136.958	250.285	189.368	0.5647058823529412	0.5647058823529412	0.5647058823529412
C	C4'_1	135.488	250.676	189.397	0.5647058823529412	0.5647058823529412	0.5647058823529412
C	O4'_1	135.267	251.9	188.642	1.0	0.050980392156862744	0.050980392156862744
C	C3'_1	134.495	249.684	188.802	0.5647058823529412	0.5647058823529412	0.5647058823529412
C	O3'_1	134.185	248.632	189.72	1.0	0.050980392156862744	0.050980392156862744
C	C2'_1	133.285	250.571	188.507	0.5647058823529412	0.5647058823529412	0.5647058823529412
C	O2'_1	132.483	250.827	189.647	1.0	0.050980392156862744	0.050980392156862744
C	C1'_1	133.965	251.873	188.062	0.5647058823529412	0.5647058823529412	0.5647058823529412
C	N1_1	134.091	252.02	186.592	0.18823529411764706	0.3137254901960784	0.9725490196078431
C	C2_1	133.019	252.59	185.868	0.5647058823529412	0.5647058823529412	0.5647058823529412
C	O2_1	131.994	252.948	186.481	1.0	0.050980392156862744	0.050980392156862744
C	N3_1	133.135	252.735	184.525	0.18823529411764706	0.3137254901960784	0.9725490196078431
C	C4_1	134.254	252.339	183.903	0.5647058823529412	0.5647058823529412	0.5647058823529412
C	N4_1	134.325	252.501	182.578	0.18823529411764706	0.3137254901960784	0.9725490196078431
C	C5_1	135.35	251.757	184.611	0.5647058823529412	0.5647058823529412	0.5647058823529412
C	C6_1	135.226	251.616	185.937	0.5647058823529412	0.5647058823529412	0.5647058823529412
G	P_2	126.315	256.085	175.936	1.0	0.5019607843137255	0.0
G	OP1_2	125.34	257.121	175.488	1.0	0.050980392156862744	0.050980392156862744
G	OP2_2	127.771	256.308	175.725	1.0	0.050980392156862744	0.050980392156862744
G	O5'_2	126.074	255.82	177.49	1.0	0.050980392156862744	0.050980392156862744
G	C5'_2	124.746	255.807	178.049	0.5647058823529412	0.5647058823529412	0.5647058823529412
G	C4'_2	124.808	255.523	179.536	0.5647058823529412	0.5647058823529412	0.5647058823529412
G	O4'_2	125.383	254.203	179.751	1.0	0.050980392156862744	0.050980392156862744
G	C3'_2	125.696	256.452	180.353	0.5647058823529412	0.5647058823529412	0.5647058823529412
G	O3'_2	125.022	257.661	180.701	1.0	0.050980392156862744	0.050980392156862744
G	C2'_2	126.039	255.594	181.566	0.5647058823529412	0.5647058823529412	0.5647058823529412
G	O2'_2	125.008	255.54	182.528	1.0	0.050980392156862744	0.050980392156862744
G	C1'_2	126.198	254.215	180.918	0.5647058823529412	0.5647058823529412	0.5647058823529412
G	N9_2	127.578	253.948	180.516	0.18823529411764706	0.3137254901960784	0.9725490196078431
G	C8_2	128.088	253.928	179.234	0.5647058823529412	0.5647058823529412	0.5647058823529412
G	N7_2	129.37	253.682	179.194	0.18823529411764706	0.3137254901960784	0.9725490196078431
G	C5_2	129.732	253.522	180.527	0.5647058823529412	0.5647058823529412	0.5647058823529412
G	C6_2	130.997	253.237	181.108	0.5647058823529412	0.5647058823529412	0.5647058823529412
G	O6_2	132.08	253.071	180.542	1.0	0.050980392156862744	0.050980392156862744
G	N1_2	130.917	253.152	182.496	0.18823529411764706	0.3137254901960784	0.9725490196078431
G	C2_2	129.767	253.323	183.234	0.5647058823529412	0.5647058823529412	0.5647058823529412
G	N2_2	129.893	253.196	184.564	0.18823529411764706	0.3137254901960784	0.9725490196078431
G	N3_2	128.58	253.597	182.705	0.18823529411764706	0.3137254901960784	0.9725490196078431
G	C4_2	128.636	253.678	181.356	0.5647058823529412	0.5647058823529412	0.5647058823529412
