G	P_1	164.958	122.517	150.701	1.0	0.5019607843137255	0.0
G	OP1_1	164.558	121.55	151.761	1.0	0.050980392156862744	0.050980392156862744
G	OP2_1	164.226	122.525	149.403	1.0	0.050980392156862744	0.050980392156862744
G	O5'_1	164.873	123.987	151.311	1.0	0.050980392156862744	0.050980392156862744
G	C5'_1	165.322	124.268	152.653	0.5647058823529412	0.5647058823529412	0.5647058823529412
G	C4'_1	164.925	125.671	153.052	0.5647058823529412	0.5647058823529412	0.5647058823529412
G	O4'_1	165.576	126.624	152.169	1.0	0.050980392156862744	0.050980392156862744
G	C3'_1	163.444	125.995	152.923	0.5647058823529412	0.5647058823529412	0.5647058823529412
G	O3'_1	162.706	125.55	154.059	1.0	0.050980392156862744	0.050980392156862744
G	C2'_1	163.448	127.513	152.774	0.5647058823529412	0.5647058823529412	0.5647058823529412
G	O2'_1	163.586	128.192	154.007	1.0	0.050980392156862744	0.050980392156862744
G	C1'_1	164.711	127.729	151.935	0.5647058823529412	0.5647058823529412	0.5647058823529412
G	N9_1	164.46	127.828	150.498	0.18823529411764706	0.3137254901960784	0.9725490196078431
G	C8_1	164.489	126.804	149.579	0.5647058823529412	0.5647058823529412	0.5647058823529412
G	N7_1	164.234	127.199	148.361	0.18823529411764706	0.3137254901960784	0.9725490196078431
G	C5_1	164.022	128.567	148.477	0.5647058823529412	0.5647058823529412	0.5647058823529412
G	C6_1	163.704	129.537	147.485	0.5647058823529412	0.5647058823529412	0.5647058823529412
G	O6_1	163.544	129.373	146.269	1.0	0.050980392156862744	0.050980392156862744
G	N1_1	163.571	130.809	148.036	0.18823529411764706	0.3137254901960784	0.9725490196078431
G	C2_1	163.723	131.113	149.369	0.5647058823529412	0.5647058823529412	0.5647058823529412
G	N2_1	163.55	132.403	149.704	0.18823529411764706	0.3137254901960784	0.9725490196078431
G	N3_1	164.02	130.218	150.305	0.18823529411764706	0.3137254901960784	0.9725490196078431
G	C4_1	164.153	128.973	149.791	0.5647058823529412	0.5647058823529412	0.5647058823529412
C	P_2	160.864	138.415	140.651	1.0	0.5019607843137255	0.0
C	OP1_2	161.153	139.803	140.19	1.0	0.050980392156862744	0.050980392156862744
C	OP2_2	161.606	137.27	140.057	1.0	0.050980392156862744	0.050980392156862744
C	O5'_2	161.077	138.381	142.23	1.0	0.050980392156862744	0.050980392156862744
C	C5'_2	162.399	138.257	142.789	0.5647058823529412	0.5647058823529412	0.5647058823529412
C	C4'_2	162.329	138.158	144.293	0.5647058823529412	0.5647058823529412	0.5647058823529412
C	O4'_2	161.325	137.176	144.669	1.0	0.050980392156862744	0.050980392156862744
C	C3'_2	163.606	137.673	144.96	0.5647058823529412	0.5647058823529412	0.5647058823529412
C	O3'_2	164.56	138.715	145.146	1.0	0.050980392156862744	0.050980392156862744
C	C2'_2	163.083	137.078	146.26	0.5647058823529412	0.5647058823529412	0.5647058823529412
C	O2'_2	162.776	138.052	147.237	1.0	0.050980392156862744	0.050980392156862744
C	C1'_2	161.789	136.416	145.777	0.5647058823529412	0.5647058823529412	0.5647058823529412
C	N1_2	161.979	135.021	145.33	0.18823529411764706	0.3137254901960784	0.9725490196078431
C	C2_2	162.045	133.995	146.292	0.5647058823529412	0.5647058823529412	0.5647058823529412
C	O2_2	161.929	134.281	147.499	1.0	0.050980392156862744	0.050980392156862744
C	N3_2	162.232	132.718	145.874	0.18823529411764706	0.3137254901960784	0.9725490196078431
C	C4_2	162.35	132.451	144.569	0.5647058823529412	0.5647058823529412	0.5647058823529412
C	N4_2	162.537	131.186	144.205	0.18823529411764706	0.3137254901960784	0.9725490196078431
C	C5_2	162.282	133.472	143.579	0.5647058823529412	0.5647058823529412	0.5647058823529412
C	C6_2	162.096	134.726	143.997	0.5647058823529412	0.5647058823529412	0.5647058823529412
