G	P_1	130.689	198.528	187.528	1.0	0.5019607843137255	0.0
G	OP1_1	131.627	199.688	187.534	1.0	0.050980392156862744	0.050980392156862744
G	OP2_1	129.409	198.622	186.77	1.0	0.050980392156862744	0.050980392156862744
G	O5'_1	131.476	197.241	187.003	1.0	0.050980392156862744	0.050980392156862744
G	C5'_1	132.874	197.046	187.31	0.5647058823529412	0.5647058823529412	0.5647058823529412
G	C4'_1	133.326	195.66	186.887	0.5647058823529412	0.5647058823529412	0.5647058823529412
G	O4'_1	132.479	194.661	187.527	1.0	0.050980392156862744	0.050980392156862744
G	C3'_1	133.223	195.317	185.405	0.5647058823529412	0.5647058823529412	0.5647058823529412
G	O3'_1	134.319	195.821	184.641	1.0	0.050980392156862744	0.050980392156862744
G	C2'_1	133.212	193.793	185.437	0.5647058823529412	0.5647058823529412	0.5647058823529412
G	O2'_1	134.5	193.243	185.644	1.0	0.050980392156862744	0.050980392156862744
G	C1'_1	132.341	193.53	186.671	0.5647058823529412	0.5647058823529412	0.5647058823529412
G	N9_1	130.926	193.359	186.334	0.18823529411764706	0.3137254901960784	0.9725490196078431
G	C8_1	129.907	194.268	186.526	0.5647058823529412	0.5647058823529412	0.5647058823529412
G	N7_1	128.75	193.844	186.09	0.18823529411764706	0.3137254901960784	0.9725490196078431
G	C5_1	129.013	192.576	185.582	0.5647058823529412	0.5647058823529412	0.5647058823529412
G	C6_1	128.14	191.628	184.97	0.5647058823529412	0.5647058823529412	0.5647058823529412
G	O6_1	126.925	191.736	184.737	1.0	0.050980392156862744	0.050980392156862744
G	N1_1	128.819	190.46	184.617	0.18823529411764706	0.3137254901960784	0.9725490196078431
G	C2_1	130.164	190.233	184.819	0.5647058823529412	0.5647058823529412	0.5647058823529412
G	N2_1	130.633	189.039	184.419	0.18823529411764706	0.3137254901960784	0.9725490196078431
G	N3_1	130.988	191.113	185.377	0.18823529411764706	0.3137254901960784	0.9725490196078431
G	C4_1	130.348	192.252	185.734	0.5647058823529412	0.5647058823529412	0.5647058823529412
C	P_2	124.089	183.409	178.732	1.0	0.5019607843137255	0.0
C	OP1_2	124.455	182.41	177.681	1.0	0.050980392156862744	0.050980392156862744
C	OP2_2	123.193	183.006	179.841	1.0	0.050980392156862744	0.050980392156862744
C	O5'_2	125.427	183.99	179.368	1.0	0.050980392156862744	0.050980392156862744
C	C5'_2	126.703	183.788	178.731	0.5647058823529412	0.5647058823529412	0.5647058823529412
C	C4'_2	127.804	183.79	179.766	0.5647058823529412	0.5647058823529412	0.5647058823529412
C	O4'_2	127.889	185.11	180.377	1.0	0.050980392156862744	0.050980392156862744
C	C3'_2	127.642	182.796	180.913	0.5647058823529412	0.5647058823529412	0.5647058823529412
C	O3'_2	128.932	182.331	181.309	1.0	0.050980392156862744	0.050980392156862744
C	C2'_2	127.017	183.656	182.01	0.5647058823529412	0.5647058823529412	0.5647058823529412
C	O2'_2	127.269	183.172	183.313	1.0	0.050980392156862744	0.050980392156862744
C	C1'_2	127.714	184.999	181.777	0.5647058823529412	0.5647058823529412	0.5647058823529412
C	N1_2	127.0	186.209	182.252	0.18823529411764706	0.3137254901960784	0.9725490196078431
C	C2_2	127.744	187.232	182.886	0.5647058823529412	0.5647058823529412	0.5647058823529412
C	O2_2	128.968	187.078	183.058	1.0	0.050980392156862744	0.050980392156862744
C	N3_2	127.107	188.358	183.294	0.18823529411764706	0.3137254901960784	0.9725490196078431
C	C4_2	125.789	188.492	183.097	0.5647058823529412	0.5647058823529412	0.5647058823529412
C	N4_2	125.211	189.627	183.498	0.18823529411764706	0.3137254901960784	0.9725490196078431
C	C5_2	125.006	187.466	182.474	0.5647058823529412	0.5647058823529412	0.5647058823529412
C	C6_2	125.647	186.352	182.073	0.5647058823529412	0.5647058823529412	0.5647058823529412
