C	P_1	269.503	151.593	155.153	1.0	0.5019607843137255	0.0
C	OP1_1	269.502	151.608	153.661	1.0	0.050980392156862744	0.050980392156862744
C	OP2_1	268.294	152.045	155.895	1.0	0.050980392156862744	0.050980392156862744
C	O5'_1	269.877	150.119	155.635	1.0	0.050980392156862744	0.050980392156862744
C	C5'_1	268.888	149.075	155.668	0.5647058823529412	0.5647058823529412	0.5647058823529412
C	C4'_1	269.311	147.98	156.618	0.5647058823529412	0.5647058823529412	0.5647058823529412
C	O4'_1	269.722	148.566	157.878	1.0	0.050980392156862744	0.050980392156862744
C	C3'_1	268.202	147.003	156.972	0.5647058823529412	0.5647058823529412	0.5647058823529412
C	O3'_1	268.124	145.966	155.994	1.0	0.050980392156862744	0.050980392156862744
C	C2'_1	268.616	146.509	158.354	0.5647058823529412	0.5647058823529412	0.5647058823529412
C	O2'_1	269.594	145.487	158.32	1.0	0.050980392156862744	0.050980392156862744
C	C1'_1	269.238	147.777	158.952	0.5647058823529412	0.5647058823529412	0.5647058823529412
C	N1_1	268.336	148.62	159.765	0.18823529411764706	0.3137254901960784	0.9725490196078431
C	C2_1	267.786	148.102	160.957	0.5647058823529412	0.5647058823529412	0.5647058823529412
C	O2_1	268.027	146.922	161.275	1.0	0.050980392156862744	0.050980392156862744
C	N3_1	267.008	148.904	161.725	0.18823529411764706	0.3137254901960784	0.9725490196078431
C	C4_1	266.765	150.165	161.343	0.5647058823529412	0.5647058823529412	0.5647058823529412
C	N4_1	266.012	150.925	162.138	0.18823529411764706	0.3137254901960784	0.9725490196078431
C	C5_1	267.287	150.703	160.129	0.5647058823529412	0.5647058823529412	0.5647058823529412
C	C6_1	268.054	149.905	159.378	0.5647058823529412	0.5647058823529412	0.5647058823529412
G	P_2	263.708	147.749	172.529	1.0	0.5019607843137255	0.0
G	OP1_2	264.212	147.465	173.902	1.0	0.050980392156862744	0.050980392156862744
G	OP2_2	263.903	149.104	171.941	1.0	0.050980392156862744	0.050980392156862744
G	O5'_2	264.336	146.672	171.532	1.0	0.050980392156862744	0.050980392156862744
G	C5'_2	264.138	145.255	171.746	0.5647058823529412	0.5647058823529412	0.5647058823529412
G	C4'_2	264.69	144.457	170.583	0.5647058823529412	0.5647058823529412	0.5647058823529412
G	O4'_2	263.952	144.765	169.369	1.0	0.050980392156862744	0.050980392156862744
G	C3'_2	266.14	144.722	170.213	0.5647058823529412	0.5647058823529412	0.5647058823529412
G	O3'_2	267.031	144.0	171.057	1.0	0.050980392156862744	0.050980392156862744
G	C2'_2	266.199	144.25	168.764	0.5647058823529412	0.5647058823529412	0.5647058823529412
G	O2'_2	266.316	142.845	168.644	1.0	0.050980392156862744	0.050980392156862744
G	C1'_2	264.821	144.679	168.247	0.5647058823529412	0.5647058823529412	0.5647058823529412
G	N9_2	264.825	145.966	167.553	0.18823529411764706	0.3137254901960784	0.9725490196078431
G	C8_2	264.304	147.161	168.001	0.5647058823529412	0.5647058823529412	0.5647058823529412
G	N7_2	264.471	148.144	167.156	0.18823529411764706	0.3137254901960784	0.9725490196078431
G	C5_2	265.144	147.567	166.084	0.5647058823529412	0.5647058823529412	0.5647058823529412
G	C6_2	265.608	148.146	164.87	0.5647058823529412	0.5647058823529412	0.5647058823529412
G	O6_2	265.518	149.323	164.493	1.0	0.050980392156862744	0.050980392156862744
G	N1_2	266.233	147.202	164.059	0.18823529411764706	0.3137254901960784	0.9725490196078431
G	C2_2	266.394	145.873	164.372	0.5647058823529412	0.5647058823529412	0.5647058823529412
G	N2_2	267.008	145.116	163.447	0.18823529411764706	0.3137254901960784	0.9725490196078431
G	N3_2	265.978	145.323	165.505	0.18823529411764706	0.3137254901960784	0.9725490196078431
G	C4_2	265.363	146.222	166.308	0.5647058823529412	0.5647058823529412	0.5647058823529412
