G	P_1	278.411	249.991	210.521	1.0	0.5019607843137255	0.0
G	OP1_1	279.567	249.844	209.59	1.0	0.050980392156862744	0.050980392156862744
G	OP2_1	278.346	251.164	211.433	1.0	0.050980392156862744	0.050980392156862744
G	O5'_1	277.068	249.969	209.659	1.0	0.050980392156862744	0.050980392156862744
G	C5'_1	276.868	248.994	208.61	0.5647058823529412	0.5647058823529412	0.5647058823529412
G	C4'_1	275.623	249.323	207.81	0.5647058823529412	0.5647058823529412	0.5647058823529412
G	O4'_1	274.468	249.321	208.691	1.0	0.050980392156862744	0.050980392156862744
G	C3'_1	275.58	250.69	207.138	0.5647058823529412	0.5647058823529412	0.5647058823529412
G	O3'_1	276.262	250.673	205.883	1.0	0.050980392156862744	0.050980392156862744
G	C2'_1	274.082	250.918	206.964	0.5647058823529412	0.5647058823529412	0.5647058823529412
G	O2'_1	273.55	250.222	205.853	1.0	0.050980392156862744	0.050980392156862744
G	C1'_1	273.529	250.288	208.245	0.5647058823529412	0.5647058823529412	0.5647058823529412
G	N9_1	273.281	251.233	209.333	0.18823529411764706	0.3137254901960784	0.9725490196078431
G	C8_1	274.106	251.504	210.4	0.5647058823529412	0.5647058823529412	0.5647058823529412
G	N7_1	273.597	252.367	211.238	0.18823529411764706	0.3137254901960784	0.9725490196078431
G	C5_1	272.365	252.696	210.69	0.5647058823529412	0.5647058823529412	0.5647058823529412
G	C6_1	271.355	253.583	211.16	0.5647058823529412	0.5647058823529412	0.5647058823529412
G	O6_1	271.35	254.269	212.19	1.0	0.050980392156862744	0.050980392156862744
G	N1_1	270.265	253.622	210.293	0.18823529411764706	0.3137254901960784	0.9725490196078431
G	C2_1	270.157	252.901	209.125	0.5647058823529412	0.5647058823529412	0.5647058823529412
G	N2_1	269.023	253.077	208.427	0.18823529411764706	0.3137254901960784	0.9725490196078431
G	N3_1	271.091	252.068	208.678	0.18823529411764706	0.3137254901960784	0.9725490196078431
G	C4_1	272.158	252.015	209.505	0.5647058823529412	0.5647058823529412	0.5647058823529412
C	P_2	261.317	256.111	212.593	1.0	0.5019607843137255	0.0
C	OP1_2	260.039	255.476	212.165	1.0	0.050980392156862744	0.050980392156862744
C	OP2_2	262.329	255.3	213.319	1.0	0.050980392156862744	0.050980392156862744
C	O5'_2	262.028	256.74	211.312	1.0	0.050980392156862744	0.050980392156862744
C	C5'_2	261.334	256.844	210.052	0.5647058823529412	0.5647058823529412	0.5647058823529412
C	C4'_2	262.185	256.273	208.939	0.5647058823529412	0.5647058823529412	0.5647058823529412
C	O4'_2	263.457	256.977	208.905	1.0	0.050980392156862744	0.050980392156862744
C	C3'_2	262.585	254.811	209.079	0.5647058823529412	0.5647058823529412	0.5647058823529412
C	O3'_2	261.559	253.919	208.653	1.0	0.050980392156862744	0.050980392156862744
C	C2'_2	263.828	254.735	208.205	0.5647058823529412	0.5647058823529412	0.5647058823529412
C	O2'_2	263.529	254.68	206.825	1.0	0.050980392156862744	0.050980392156862744
C	C1'_2	264.492	256.076	208.53	0.5647058823529412	0.5647058823529412	0.5647058823529412
C	N1_2	265.462	255.973	209.641	0.18823529411764706	0.3137254901960784	0.9725490196078431
C	C2_2	266.768	255.526	209.364	0.5647058823529412	0.5647058823529412	0.5647058823529412
C	O2_2	267.077	255.24	208.193	1.0	0.050980392156862744	0.050980392156862744
C	N3_2	267.656	255.419	210.383	0.18823529411764706	0.3137254901960784	0.9725490196078431
C	C4_2	267.286	255.736	211.627	0.5647058823529412	0.5647058823529412	0.5647058823529412
C	N4_2	268.191	255.61	212.597	0.18823529411764706	0.3137254901960784	0.9725490196078431
C	C5_2	265.971	256.196	211.932	0.5647058823529412	0.5647058823529412	0.5647058823529412
C	C6_2	265.102	256.298	210.921	0.5647058823529412	0.5647058823529412	0.5647058823529412
