G	P_1	243.576	130.202	271.911	1.0	0.5019607843137255	0.0
G	OP1_1	243.987	130.935	273.142	1.0	0.050980392156862744	0.050980392156862744
G	OP2_1	244.319	130.429	270.641	1.0	0.050980392156862744	0.050980392156862744
G	O5'_1	243.616	128.642	272.235	1.0	0.050980392156862744	0.050980392156862744
G	C5'_1	242.843	128.088	273.321	0.5647058823529412	0.5647058823529412	0.5647058823529412
G	C4'_1	242.722	126.591	273.158	0.5647058823529412	0.5647058823529412	0.5647058823529412
G	O4'_1	242.048	126.3	271.903	1.0	0.050980392156862744	0.050980392156862744
G	C3'_1	244.044	125.844	273.053	0.5647058823529412	0.5647058823529412	0.5647058823529412
G	O3'_1	244.599	125.571	274.339	1.0	0.050980392156862744	0.050980392156862744
G	C2'_1	243.647	124.582	272.296	0.5647058823529412	0.5647058823529412	0.5647058823529412
G	O2'_1	243.013	123.619	273.116	1.0	0.050980392156862744	0.050980392156862744
G	C1'_1	242.617	125.141	271.31	0.5647058823529412	0.5647058823529412	0.5647058823529412
G	N9_1	243.192	125.515	270.017	0.18823529411764706	0.3137254901960784	0.9725490196078431
G	C8_1	243.411	126.79	269.535	0.5647058823529412	0.5647058823529412	0.5647058823529412
G	N7_1	243.929	126.805	268.335	0.18823529411764706	0.3137254901960784	0.9725490196078431
G	C5_1	244.067	125.462	268.001	0.5647058823529412	0.5647058823529412	0.5647058823529412
G	C6_1	244.571	124.857	266.821	0.5647058823529412	0.5647058823529412	0.5647058823529412
G	O6_1	245.005	125.406	265.801	1.0	0.050980392156862744	0.050980392156862744
G	N1_1	244.535	123.467	266.903	0.18823529411764706	0.3137254901960784	0.9725490196078431
G	C2_1	244.072	122.749	267.979	0.5647058823529412	0.5647058823529412	0.5647058823529412
G	N2_1	244.123	121.412	267.867	0.18823529411764706	0.3137254901960784	0.9725490196078431
G	N3_1	243.595	123.3	269.085	0.18823529411764706	0.3137254901960784	0.9725490196078431
G	C4_1	243.621	124.652	269.029	0.5647058823529412	0.5647058823529412	0.5647058823529412
C	P_2	247.706	119.686	258.255	1.0	0.5019607843137255	0.0
C	OP1_2	247.46	118.588	257.274	1.0	0.050980392156862744	0.050980392156862744
C	OP2_2	247.18	121.048	257.976	1.0	0.050980392156862744	0.050980392156862744
C	O5'_2	247.155	119.222	259.68	1.0	0.050980392156862744	0.050980392156862744
C	C5'_2	247.395	117.885	260.176	0.5647058823529412	0.5647058823529412	0.5647058823529412
C	C4'_2	246.821	117.729	261.566	0.5647058823529412	0.5647058823529412	0.5647058823529412
C	O4'_2	247.473	118.674	262.452	1.0	0.050980392156862744	0.050980392156862744
C	C3'_2	245.334	118.02	261.727	0.5647058823529412	0.5647058823529412	0.5647058823529412
C	O3'_2	244.538	116.882	261.383	1.0	0.050980392156862744	0.050980392156862744
C	C2'_2	245.23	118.373	263.206	0.5647058823529412	0.5647058823529412	0.5647058823529412
C	O2'_2	245.209	117.239	264.047	1.0	0.050980392156862744	0.050980392156862744
C	C1'_2	246.546	119.125	263.428	0.5647058823529412	0.5647058823529412	0.5647058823529412
C	N1_2	246.426	120.592	263.327	0.18823529411764706	0.3137254901960784	0.9725490196078431
C	C2_2	246.097	121.324	264.481	0.5647058823529412	0.5647058823529412	0.5647058823529412
C	O2_2	245.927	120.718	265.554	1.0	0.050980392156862744	0.050980392156862744
C	N3_2	245.977	122.668	264.393	0.18823529411764706	0.3137254901960784	0.9725490196078431
C	C4_2	246.171	123.283	263.222	0.5647058823529412	0.5647058823529412	0.5647058823529412
C	N4_2	246.034	124.607	263.182	0.18823529411764706	0.3137254901960784	0.9725490196078431
C	C5_2	246.513	122.565	262.038	0.5647058823529412	0.5647058823529412	0.5647058823529412
C	C6_2	246.628	121.236	262.134	0.5647058823529412	0.5647058823529412	0.5647058823529412
