C	P_1	239.321	220.139	223.907	1.0	0.5019607843137255	0.0
C	OP1_1	240.309	221.163	223.457	1.0	0.050980392156862744	0.050980392156862744
C	OP2_1	238.944	220.061	225.352	1.0	0.050980392156862744	0.050980392156862744
C	O5'_1	237.992	220.31	223.045	1.0	0.050980392156862744	0.050980392156862744
C	C5'_1	238.027	220.155	221.615	0.5647058823529412	0.5647058823529412	0.5647058823529412
C	C4'_1	236.651	219.845	221.082	0.5647058823529412	0.5647058823529412	0.5647058823529412
C	O4'_1	236.2	218.567	221.595	1.0	0.050980392156862744	0.050980392156862744
C	C3'_1	235.533	220.803	221.471	0.5647058823529412	0.5647058823529412	0.5647058823529412
C	O3'_1	235.562	221.977	220.653	1.0	0.050980392156862744	0.050980392156862744
C	C2'_1	234.289	219.951	221.227	0.5647058823529412	0.5647058823529412	0.5647058823529412
C	O2'_1	233.908	219.886	219.867	1.0	0.050980392156862744	0.050980392156862744
C	C1'_1	234.782	218.561	221.646	0.5647058823529412	0.5647058823529412	0.5647058823529412
C	N1_1	234.343	218.132	222.988	0.18823529411764706	0.3137254901960784	0.9725490196078431
C	C2_1	233.009	217.688	223.158	0.5647058823529412	0.5647058823529412	0.5647058823529412
C	O2_1	232.249	217.661	222.171	1.0	0.050980392156862744	0.050980392156862744
C	N3_1	232.596	217.298	224.387	0.18823529411764706	0.3137254901960784	0.9725490196078431
C	C4_1	233.45	217.332	225.422	0.5647058823529412	0.5647058823529412	0.5647058823529412
C	N4_1	232.999	216.947	226.623	0.18823529411764706	0.3137254901960784	0.9725490196078431
C	C5_1	234.806	217.768	225.274	0.5647058823529412	0.5647058823529412	0.5647058823529412
C	C6_1	235.203	218.158	224.053	0.5647058823529412	0.5647058823529412	0.5647058823529412
G	P_2	222.814	219.333	223.88	1.0	0.5019607843137255	0.0
G	OP1_2	222.673	220.249	222.711	1.0	0.050980392156862744	0.050980392156862744
G	OP2_2	221.834	219.424	225.002	1.0	0.050980392156862744	0.050980392156862744
G	O5'_2	222.817	217.834	223.333	1.0	0.050980392156862744	0.050980392156862744
G	C5'_2	222.746	216.709	224.246	0.5647058823529412	0.5647058823529412	0.5647058823529412
G	C4'_2	223.206	215.442	223.554	0.5647058823529412	0.5647058823529412	0.5647058823529412
G	O4'_2	224.593	215.59	223.147	1.0	0.050980392156862744	0.050980392156862744
G	C3'_2	223.193	214.178	224.402	0.5647058823529412	0.5647058823529412	0.5647058823529412
G	O3'_2	221.887	213.598	224.396	1.0	0.050980392156862744	0.050980392156862744
G	C2'_2	224.219	213.304	223.69	0.5647058823529412	0.5647058823529412	0.5647058823529412
G	O2'_2	223.694	212.712	222.517	1.0	0.050980392156862744	0.050980392156862744
G	C1'_2	225.266	214.347	223.279	0.5647058823529412	0.5647058823529412	0.5647058823529412
G	N9_2	226.367	214.536	224.219	0.18823529411764706	0.3137254901960784	0.9725490196078431
G	C8_2	226.372	214.255	225.566	0.5647058823529412	0.5647058823529412	0.5647058823529412
G	N7_2	227.495	214.578	226.154	0.18823529411764706	0.3137254901960784	0.9725490196078431
G	C5_2	228.284	215.097	225.134	0.5647058823529412	0.5647058823529412	0.5647058823529412
G	C6_2	229.613	215.628	225.17	0.5647058823529412	0.5647058823529412	0.5647058823529412
G	O6_2	230.371	215.747	226.144	1.0	0.050980392156862744	0.050980392156862744
G	N1_2	230.034	216.046	223.907	0.18823529411764706	0.3137254901960784	0.9725490196078431
G	C2_2	229.28	215.966	222.759	0.5647058823529412	0.5647058823529412	0.5647058823529412
G	N2_2	229.865	216.416	221.634	0.18823529411764706	0.3137254901960784	0.9725490196078431
G	N3_2	228.041	215.477	222.714	0.18823529411764706	0.3137254901960784	0.9725490196078431
G	C4_2	227.61	215.065	223.93	0.5647058823529412	0.5647058823529412	0.5647058823529412
