G	P_1	276.878	186.131	134.011	1.0	0.5019607843137255	0.0
G	OP1_1	277.524	187.41	133.595	1.0	0.050980392156862744	0.050980392156862744
G	OP2_1	277.359	184.844	133.432	1.0	0.050980392156862744	0.050980392156862744
G	O5'_1	277.0	186.029	135.6	1.0	0.050980392156862744	0.050980392156862744
G	C5'_1	276.289	185.015	136.348	0.5647058823529412	0.5647058823529412	0.5647058823529412
G	C4'_1	277.247	184.201	137.198	0.5647058823529412	0.5647058823529412	0.5647058823529412
G	O4'_1	278.1	183.379	136.351	1.0	0.050980392156862744	0.050980392156862744
G	C3'_1	278.237	184.961	138.071	0.5647058823529412	0.5647058823529412	0.5647058823529412
G	O3'_1	277.641	185.469	139.268	1.0	0.050980392156862744	0.050980392156862744
G	C2'_1	279.287	183.889	138.348	0.5647058823529412	0.5647058823529412	0.5647058823529412
G	O2'_1	278.884	182.95	139.327	1.0	0.050980392156862744	0.050980392156862744
G	C1'_1	279.356	183.184	136.99	0.5647058823529412	0.5647058823529412	0.5647058823529412
G	N9_1	280.41	183.731	136.136	0.18823529411764706	0.3137254901960784	0.9725490196078431
G	C8_1	280.257	184.577	135.062	0.5647058823529412	0.5647058823529412	0.5647058823529412
G	N7_1	281.389	184.909	134.502	0.18823529411764706	0.3137254901960784	0.9725490196078431
G	C5_1	282.352	184.242	135.248	0.5647058823529412	0.5647058823529412	0.5647058823529412
G	C6_1	283.761	184.223	135.114	0.5647058823529412	0.5647058823529412	0.5647058823529412
G	O6_1	284.46	184.817	134.284	1.0	0.050980392156862744	0.050980392156862744
G	N1_1	284.356	183.411	136.077	0.18823529411764706	0.3137254901960784	0.9725490196078431
G	C2_1	283.682	182.711	137.045	0.5647058823529412	0.5647058823529412	0.5647058823529412
G	N2_1	284.44	181.975	137.873	0.18823529411764706	0.3137254901960784	0.9725490196078431
G	N3_1	282.365	182.727	137.188	0.18823529411764706	0.3137254901960784	0.9725490196078431
G	C4_1	281.767	183.506	136.259	0.5647058823529412	0.5647058823529412	0.5647058823529412
C	P_2	294.08	182.35	134.517	1.0	0.5019607843137255	0.0
C	OP1_2	295.193	181.358	134.452	1.0	0.050980392156862744	0.050980392156862744
C	OP2_2	293.428	182.803	133.256	1.0	0.050980392156862744	0.050980392156862744
C	O5'_2	292.949	181.755	135.469	1.0	0.050980392156862744	0.050980392156862744
C	C5'_2	293.257	181.327	136.809	0.5647058823529412	0.5647058823529412	0.5647058823529412
C	C4'_2	291.982	181.032	137.564	0.5647058823529412	0.5647058823529412	0.5647058823529412
C	O4'_2	291.189	182.246	137.653	1.0	0.050980392156862744	0.050980392156862744
C	C3'_2	291.045	180.018	136.918	0.5647058823529412	0.5647058823529412	0.5647058823529412
C	O3'_2	291.442	178.675	137.21	1.0	0.050980392156862744	0.050980392156862744
C	C2'_2	289.7	180.388	137.536	0.5647058823529412	0.5647058823529412	0.5647058823529412
C	O2'_2	289.54	179.901	138.856	1.0	0.050980392156862744	0.050980392156862744
C	C1'_2	289.809	181.915	137.588	0.5647058823529412	0.5647058823529412	0.5647058823529412
C	N1_2	289.206	182.605	136.428	0.18823529411764706	0.3137254901960784	0.9725490196078431
C	C2_2	287.853	182.991	136.498	0.5647058823529412	0.5647058823529412	0.5647058823529412
C	O2_2	287.201	182.73	137.525	1.0	0.050980392156862744	0.050980392156862744
C	N3_2	287.298	183.635	135.446	0.18823529411764706	0.3137254901960784	0.9725490196078431
C	C4_2	288.031	183.897	134.359	0.5647058823529412	0.5647058823529412	0.5647058823529412
C	N4_2	287.44	184.541	133.352	0.18823529411764706	0.3137254901960784	0.9725490196078431
C	C5_2	289.4	183.511	134.258	0.5647058823529412	0.5647058823529412	0.5647058823529412
C	C6_2	289.942	182.874	135.303	0.5647058823529412	0.5647058823529412	0.5647058823529412
