C	P_1	101.999	162.536	189.322	1.0	0.5019607843137255	0.0
C	OP1_1	101.482	161.547	190.305	1.0	0.050980392156862744	0.050980392156862744
C	OP2_1	102.801	163.698	189.799	1.0	0.050980392156862744	0.050980392156862744
C	O5'_1	102.858	161.767	188.225	1.0	0.050980392156862744	0.050980392156862744
C	C5'_1	102.294	160.67	187.489	0.5647058823529412	0.5647058823529412	0.5647058823529412
C	C4'_1	103.195	160.289	186.339	0.5647058823529412	0.5647058823529412	0.5647058823529412
C	O4'_1	103.2	161.34	185.339	1.0	0.050980392156862744	0.050980392156862744
C	C3'_1	104.664	160.108	186.68	0.5647058823529412	0.5647058823529412	0.5647058823529412
C	O3'_1	104.917	158.844	187.28	1.0	0.050980392156862744	0.050980392156862744
C	C2'_1	105.329	160.261	185.319	0.5647058823529412	0.5647058823529412	0.5647058823529412
C	O2'_1	105.263	159.088	184.533	1.0	0.050980392156862744	0.050980392156862744
C	C1'_1	104.462	161.357	184.686	0.5647058823529412	0.5647058823529412	0.5647058823529412
C	N1_1	105.056	162.706	184.8	0.18823529411764706	0.3137254901960784	0.9725490196078431
C	C2_1	105.914	163.152	183.777	0.5647058823529412	0.5647058823529412	0.5647058823529412
C	O2_1	106.113	162.419	182.789	1.0	0.050980392156862744	0.050980392156862744
C	N3_1	106.498	164.366	183.892	0.18823529411764706	0.3137254901960784	0.9725490196078431
C	C4_1	106.252	165.128	184.961	0.5647058823529412	0.5647058823529412	0.5647058823529412
C	N4_1	106.868	166.304	185.039	0.18823529411764706	0.3137254901960784	0.9725490196078431
C	C5_1	105.368	164.712	186.001	0.5647058823529412	0.5647058823529412	0.5647058823529412
C	C6_1	104.796	163.508	185.88	0.5647058823529412	0.5647058823529412	0.5647058823529412
G	P_2	114.837	169.772	178.458	1.0	0.5019607843137255	0.0
G	OP1_2	115.333	170.446	177.226	1.0	0.050980392156862744	0.050980392156862744
G	OP2_2	113.879	170.482	179.348	1.0	0.050980392156862744	0.050980392156862744
G	O5'_2	114.187	168.38	178.036	1.0	0.050980392156862744	0.050980392156862744
G	C5'_2	114.912	167.442	177.216	0.5647058823529412	0.5647058823529412	0.5647058823529412
G	C4'_2	114.192	166.117	177.185	0.5647058823529412	0.5647058823529412	0.5647058823529412
G	O4'_2	114.123	165.572	178.532	1.0	0.050980392156862744	0.050980392156862744
G	C3'_2	112.742	166.165	176.728	0.5647058823529412	0.5647058823529412	0.5647058823529412
G	O3'_2	112.639	166.163	175.307	1.0	0.050980392156862744	0.050980392156862744
G	C2'_2	112.16	164.905	177.358	0.5647058823529412	0.5647058823529412	0.5647058823529412
G	O2'_2	112.471	163.734	176.632	1.0	0.050980392156862744	0.050980392156862744
G	C1'_2	112.898	164.87	178.7	0.5647058823529412	0.5647058823529412	0.5647058823529412
G	N9_2	112.15	165.487	179.794	0.18823529411764706	0.3137254901960784	0.9725490196078431
G	C8_2	112.312	166.758	180.297	0.5647058823529412	0.5647058823529412	0.5647058823529412
G	N7_2	111.494	167.032	181.277	0.18823529411764706	0.3137254901960784	0.9725490196078431
G	C5_2	110.744	165.874	181.434	0.5647058823529412	0.5647058823529412	0.5647058823529412
G	C6_2	109.697	165.574	182.346	0.5647058823529412	0.5647058823529412	0.5647058823529412
G	O6_2	109.21	166.295	183.224	1.0	0.050980392156862744	0.050980392156862744
G	N1_2	109.213	164.282	182.164	0.18823529411764706	0.3137254901960784	0.9725490196078431
G	C2_2	109.672	163.392	181.226	0.5647058823529412	0.5647058823529412	0.5647058823529412
G	N2_2	109.07	162.195	181.21	0.18823529411764706	0.3137254901960784	0.9725490196078431
G	N3_2	110.648	163.657	180.368	0.18823529411764706	0.3137254901960784	0.9725490196078431
G	C4_2	111.135	164.908	180.528	0.5647058823529412	0.5647058823529412	0.5647058823529412
