C	P_1	199.326	204.479	116.604	1.0	0.5019607843137255	0.0
C	OP1_1	198.19	205.325	116.135	1.0	0.050980392156862744	0.050980392156862744
C	OP2_1	199.079	203.062	116.971	1.0	0.050980392156862744	0.050980392156862744
C	O5'_1	200.462	204.512	115.485	1.0	0.050980392156862744	0.050980392156862744
C	C5'_1	200.847	205.752	114.855	0.5647058823529412	0.5647058823529412	0.5647058823529412
C	C4'_1	201.936	205.509	113.834	0.5647058823529412	0.5647058823529412	0.5647058823529412
C	O4'_1	203.144	205.065	114.505	1.0	0.050980392156862744	0.050980392156862744
C	C3'_1	201.669	204.425	112.799	0.5647058823529412	0.5647058823529412	0.5647058823529412
C	O3'_1	200.84	204.894	111.733	1.0	0.050980392156862744	0.050980392156862744
C	C2'_1	203.078	204.081	112.332	0.5647058823529412	0.5647058823529412	0.5647058823529412
C	O2'_1	203.581	205.016	111.4	1.0	0.050980392156862744	0.050980392156862744
C	C1'_1	203.872	204.207	113.639	0.5647058823529412	0.5647058823529412	0.5647058823529412
C	N1_1	204.129	202.924	114.33	0.18823529411764706	0.3137254901960784	0.9725490196078431
C	C2_1	205.282	202.182	113.984	0.5647058823529412	0.5647058823529412	0.5647058823529412
C	O2_1	206.043	202.617	113.102	1.0	0.050980392156862744	0.050980392156862744
C	N3_1	205.53	201.015	114.62	0.18823529411764706	0.3137254901960784	0.9725490196078431
C	C4_1	204.69	200.578	115.562	0.5647058823529412	0.5647058823529412	0.5647058823529412
C	N4_1	204.983	199.428	116.17	0.18823529411764706	0.3137254901960784	0.9725490196078431
C	C5_1	203.513	201.302	115.925	0.5647058823529412	0.5647058823529412	0.5647058823529412
C	C6_1	203.275	202.456	115.292	0.5647058823529412	0.5647058823529412	0.5647058823529412
G	P_2	214.408	193.01	113.718	1.0	0.5019607843137255	0.0
G	OP1_2	215.892	192.877	113.651	1.0	0.050980392156862744	0.050980392156862744
G	OP2_2	213.726	192.938	115.039	1.0	0.050980392156862744	0.050980392156862744
G	O5'_2	213.996	194.386	113.028	1.0	0.050980392156862744	0.050980392156862744
G	C5'_2	214.449	194.715	111.7	0.5647058823529412	0.5647058823529412	0.5647058823529412
G	C4'_2	213.731	195.944	111.186	0.5647058823529412	0.5647058823529412	0.5647058823529412
G	O4'_2	212.309	195.677	111.072	1.0	0.050980392156862744	0.050980392156862744
G	C3'_2	213.805	197.182	112.065	0.5647058823529412	0.5647058823529412	0.5647058823529412
G	O3'_2	215.039	197.875	111.873	1.0	0.050980392156862744	0.050980392156862744
G	C2'_2	212.597	197.987	111.593	0.5647058823529412	0.5647058823529412	0.5647058823529412
G	O2'_2	212.834	198.704	110.399	1.0	0.050980392156862744	0.050980392156862744
G	C1'_2	211.582	196.876	111.305	0.5647058823529412	0.5647058823529412	0.5647058823529412
G	N9_2	210.618	196.646	112.38	0.18823529411764706	0.3137254901960784	0.9725490196078431
G	C8_2	210.601	195.599	113.275	0.5647058823529412	0.5647058823529412	0.5647058823529412
G	N7_2	209.611	195.668	114.127	0.18823529411764706	0.3137254901960784	0.9725490196078431
G	C5_2	208.929	196.828	113.774	0.5647058823529412	0.5647058823529412	0.5647058823529412
G	C6_2	207.763	197.426	114.344	0.5647058823529412	0.5647058823529412	0.5647058823529412
G	O6_2	207.084	197.038	115.305	1.0	0.050980392156862744	0.050980392156862744
G	N1_2	207.413	198.596	113.678	0.18823529411764706	0.3137254901960784	0.9725490196078431
G	C2_2	208.089	199.127	112.608	0.5647058823529412	0.5647058823529412	0.5647058823529412
G	N2_2	207.591	200.265	112.107	0.18823529411764706	0.3137254901960784	0.9725490196078431
G	N3_2	209.173	198.584	112.068	0.18823529411764706	0.3137254901960784	0.9725490196078431
G	C4_2	209.535	197.444	112.698	0.5647058823529412	0.5647058823529412	0.5647058823529412
