C	P_1	253.232	210.611	272.941	1.0	0.5019607843137255	0.0
C	OP1_1	253.508	211.77	272.053	1.0	0.050980392156862744	0.050980392156862744
C	OP2_1	251.835	210.108	273.082	1.0	0.050980392156862744	0.050980392156862744
C	O5'_1	254.157	209.4	272.464	1.0	0.050980392156862744	0.050980392156862744
C	C5'_1	253.731	208.511	271.412	0.5647058823529412	0.5647058823529412	0.5647058823529412
C	C4'_1	254.556	207.243	271.431	0.5647058823529412	0.5647058823529412	0.5647058823529412
C	O4'_1	254.609	206.723	272.783	1.0	0.050980392156862744	0.050980392156862744
C	C3'_1	254.002	206.098	270.595	0.5647058823529412	0.5647058823529412	0.5647058823529412
C	O3'_1	254.404	206.215	269.228	1.0	0.050980392156862744	0.050980392156862744
C	C2'_1	254.598	204.869	271.276	0.5647058823529412	0.5647058823529412	0.5647058823529412
C	O2'_1	255.925	204.59	270.875	1.0	0.050980392156862744	0.050980392156862744
C	C1'_1	254.593	205.304	272.747	0.5647058823529412	0.5647058823529412	0.5647058823529412
C	N1_1	253.444	204.825	273.545	0.18823529411764706	0.3137254901960784	0.9725490196078431
C	C2_1	253.369	203.459	273.889	0.5647058823529412	0.5647058823529412	0.5647058823529412
C	O2_1	254.256	202.681	273.49	1.0	0.050980392156862744	0.050980392156862744
C	N3_1	252.328	203.029	274.643	0.18823529411764706	0.3137254901960784	0.9725490196078431
C	C4_1	251.389	203.894	275.045	0.5647058823529412	0.5647058823529412	0.5647058823529412
C	N4_1	250.385	203.428	275.786	0.18823529411764706	0.3137254901960784	0.9725490196078431
C	C5_1	251.439	205.277	274.703	0.5647058823529412	0.5647058823529412	0.5647058823529412
C	C6_1	252.469	205.693	273.959	0.5647058823529412	0.5647058823529412	0.5647058823529412
G	P_2	247.582	191.557	276.674	1.0	0.5019607843137255	0.0
G	OP1_2	248.396	190.915	275.607	1.0	0.050980392156862744	0.050980392156862744
G	OP2_2	247.207	190.774	277.886	1.0	0.050980392156862744	0.050980392156862744
G	O5'_2	248.348	192.878	277.136	1.0	0.050980392156862744	0.050980392156862744
G	C5'_2	249.568	192.817	277.907	0.5647058823529412	0.5647058823529412	0.5647058823529412
G	C4'_2	250.745	193.262	277.063	0.5647058823529412	0.5647058823529412	0.5647058823529412
G	O4'_2	250.292	194.183	276.036	1.0	0.050980392156862744	0.050980392156862744
G	C3'_2	251.845	194.015	277.803	0.5647058823529412	0.5647058823529412	0.5647058823529412
G	O3'_2	252.763	193.144	278.473	1.0	0.050980392156862744	0.050980392156862744
G	C2'_2	252.489	194.83	276.684	0.5647058823529412	0.5647058823529412	0.5647058823529412
G	O2'_2	253.388	194.088	275.882	1.0	0.050980392156862744	0.050980392156862744
G	C1'_2	251.263	195.203	275.844	0.5647058823529412	0.5647058823529412	0.5647058823529412
G	N9_2	250.658	196.473	276.238	0.18823529411764706	0.3137254901960784	0.9725490196078431
G	C8_2	249.549	196.647	277.033	0.5647058823529412	0.5647058823529412	0.5647058823529412
G	N7_2	249.234	197.901	277.206	0.18823529411764706	0.3137254901960784	0.9725490196078431
G	C5_2	250.19	198.6	276.484	0.5647058823529412	0.5647058823529412	0.5647058823529412
G	C6_2	250.359	199.994	276.3	0.5647058823529412	0.5647058823529412	0.5647058823529412
G	O6_2	249.673	200.917	276.754	1.0	0.050980392156862744	0.050980392156862744
G	N1_2	251.459	200.275	275.494	0.18823529411764706	0.3137254901960784	0.9725490196078431
G	C2_2	252.291	199.334	274.934	0.5647058823529412	0.5647058823529412	0.5647058823529412
G	N2_2	253.296	199.804	274.181	0.18823529411764706	0.3137254901960784	0.9725490196078431
G	N3_2	252.146	198.027	275.101	0.18823529411764706	0.3137254901960784	0.9725490196078431
G	C4_2	251.081	197.733	275.882	0.5647058823529412	0.5647058823529412	0.5647058823529412
