G	P_1	165.57	165.44	172.45	1.0	0.5019607843137255	0.0
G	OP1_1	164.977	165.1	171.119	1.0	0.050980392156862744	0.050980392156862744
G	OP2_1	164.679	165.581	173.633	1.0	0.050980392156862744	0.050980392156862744
G	O5'_1	166.687	164.35	172.793	1.0	0.050980392156862744	0.050980392156862744
G	C5'_1	167.538	163.814	171.759	0.5647058823529412	0.5647058823529412	0.5647058823529412
G	C4'_1	168.714	163.071	172.362	0.5647058823529412	0.5647058823529412	0.5647058823529412
G	O4'_1	169.454	163.959	173.245	1.0	0.050980392156862744	0.050980392156862744
G	C3'_1	168.429	161.861	173.243	0.5647058823529412	0.5647058823529412	0.5647058823529412
G	O3'_1	168.129	160.683	172.49	1.0	0.050980392156862744	0.050980392156862744
G	C2'_1	169.742	161.724	174.004	0.5647058823529412	0.5647058823529412	0.5647058823529412
G	O2'_1	170.773	161.136	173.232	1.0	0.050980392156862744	0.050980392156862744
G	C1'_1	170.093	163.192	174.257	0.5647058823529412	0.5647058823529412	0.5647058823529412
G	N9_1	169.632	163.64	175.57	0.18823529411764706	0.3137254901960784	0.9725490196078431
G	C8_1	168.545	164.435	175.859	0.5647058823529412	0.5647058823529412	0.5647058823529412
G	N7_1	168.385	164.639	177.141	0.18823529411764706	0.3137254901960784	0.9725490196078431
G	C5_1	169.429	163.94	177.736	0.5647058823529412	0.5647058823529412	0.5647058823529412
G	C6_1	169.775	163.785	179.109	0.5647058823529412	0.5647058823529412	0.5647058823529412
G	O6_1	169.203	164.246	180.107	1.0	0.050980392156862744	0.050980392156862744
G	N1_1	170.915	162.997	179.264	0.18823529411764706	0.3137254901960784	0.9725490196078431
G	C2_1	171.628	162.426	178.238	0.5647058823529412	0.5647058823529412	0.5647058823529412
G	N2_1	172.7	161.701	178.593	0.18823529411764706	0.3137254901960784	0.9725490196078431
G	N3_1	171.314	162.557	176.957	0.18823529411764706	0.3137254901960784	0.9725490196078431
G	C4_1	170.212	163.322	176.781	0.5647058823529412	0.5647058823529412	0.5647058823529412
C	P_2	176.193	162.055	188.643	1.0	0.5019607843137255	0.0
C	OP1_2	177.57	161.951	189.213	1.0	0.050980392156862744	0.050980392156862744
C	OP2_2	175.455	163.34	188.741	1.0	0.050980392156862744	0.050980392156862744
C	O5'_2	176.245	161.634	187.106	1.0	0.050980392156862744	0.050980392156862744
C	C5'_2	176.826	160.377	186.71	0.5647058823529412	0.5647058823529412	0.5647058823529412
C	C4'_2	176.711	160.183	185.216	0.5647058823529412	0.5647058823529412	0.5647058823529412
C	O4'_2	175.319	160.039	184.837	1.0	0.050980392156862744	0.050980392156862744
C	C3'_2	177.2	161.321	184.335	0.5647058823529412	0.5647058823529412	0.5647058823529412
C	O3'_2	178.62	161.312	184.213	1.0	0.050980392156862744	0.050980392156862744
C	C2'_2	176.51	161.013	183.01	0.5647058823529412	0.5647058823529412	0.5647058823529412
C	O2'_2	177.174	160.01	182.266	1.0	0.050980392156862744	0.050980392156862744
C	C1'_2	175.161	160.462	183.491	0.5647058823529412	0.5647058823529412	0.5647058823529412
C	N1_2	174.036	161.415	183.408	0.18823529411764706	0.3137254901960784	0.9725490196078431
C	C2_2	173.354	161.549	182.181	0.5647058823529412	0.5647058823529412	0.5647058823529412
C	O2_2	173.716	160.864	181.206	1.0	0.050980392156862744	0.050980392156862744
C	N3_2	172.32	162.42	182.095	0.18823529411764706	0.3137254901960784	0.9725490196078431
C	C4_2	171.958	163.135	183.164	0.5647058823529412	0.5647058823529412	0.5647058823529412
C	N4_2	170.932	163.977	183.031	0.18823529411764706	0.3137254901960784	0.9725490196078431
C	C5_2	172.632	163.017	184.419	0.5647058823529412	0.5647058823529412	0.5647058823529412
C	C6_2	173.654	162.157	184.495	0.5647058823529412	0.5647058823529412	0.5647058823529412
