G	P_1	265.062	139.146	226.537	1.0	0.5019607843137255	0.0
G	OP1_1	265.082	138.354	227.8	1.0	0.050980392156862744	0.050980392156862744
G	OP2_1	263.789	139.286	225.778	1.0	0.050980392156862744	0.050980392156862744
G	O5'_1	265.622	140.605	226.859	1.0	0.050980392156862744	0.050980392156862744
G	C5'_1	266.982	140.791	227.301	0.5647058823529412	0.5647058823529412	0.5647058823529412
G	C4'_1	267.348	142.256	227.277	0.5647058823529412	0.5647058823529412	0.5647058823529412
G	O4'_1	267.15	142.782	225.937	1.0	0.050980392156862744	0.050980392156862744
G	C3'_1	266.51	143.18	228.147	0.5647058823529412	0.5647058823529412	0.5647058823529412
G	O3'_1	266.951	143.16	229.503	1.0	0.050980392156862744	0.050980392156862744
G	C2'_1	266.744	144.541	227.497	0.5647058823529412	0.5647058823529412	0.5647058823529412
G	O2'_1	267.973	145.131	227.876	1.0	0.050980392156862744	0.050980392156862744
G	C1'_1	266.82	144.161	226.015	0.5647058823529412	0.5647058823529412	0.5647058823529412
G	N9_1	265.604	144.411	225.241	0.18823529411764706	0.3137254901960784	0.9725490196078431
G	C8_1	264.734	143.481	224.721	0.5647058823529412	0.5647058823529412	0.5647058823529412
G	N7_1	263.761	144.016	224.033	0.18823529411764706	0.3137254901960784	0.9725490196078431
G	C5_1	263.997	145.382	224.109	0.5647058823529412	0.5647058823529412	0.5647058823529412
G	C6_1	263.279	146.473	223.548	0.5647058823529412	0.5647058823529412	0.5647058823529412
G	O6_1	262.264	146.446	222.84	1.0	0.050980392156862744	0.050980392156862744
G	N1_1	263.86	147.693	223.88	0.18823529411764706	0.3137254901960784	0.9725490196078431
G	C2_1	264.987	147.848	224.649	0.5647058823529412	0.5647058823529412	0.5647058823529412
G	N2_1	265.392	149.112	224.856	0.18823529411764706	0.3137254901960784	0.9725490196078431
G	N3_1	265.669	146.84	225.174	0.18823529411764706	0.3137254901960784	0.9725490196078431
G	C4_1	265.122	145.645	224.864	0.5647058823529412	0.5647058823529412	0.5647058823529412
C	P_2	261.756	156.657	219.186	1.0	0.5019607843137255	0.0
C	OP1_2	262.425	157.693	218.35	1.0	0.050980392156862744	0.050980392156862744
C	OP2_2	261.103	155.494	218.531	1.0	0.050980392156862744	0.050980392156862744
C	O5'_2	262.818	156.101	220.236	1.0	0.050980392156862744	0.050980392156862744
C	C5'_2	263.389	156.964	221.237	0.5647058823529412	0.5647058823529412	0.5647058823529412
C	C4'_2	264.037	156.147	222.332	0.5647058823529412	0.5647058823529412	0.5647058823529412
C	O4'_2	263.042	155.307	222.975	1.0	0.050980392156862744	0.050980392156862744
C	C3'_2	265.115	155.167	221.899	0.5647058823529412	0.5647058823529412	0.5647058823529412
C	O3'_2	266.366	155.822	221.714	1.0	0.050980392156862744	0.050980392156862744
C	C2'_2	265.144	154.187	223.064	0.5647058823529412	0.5647058823529412	0.5647058823529412
C	O2'_2	265.866	154.672	224.174	1.0	0.050980392156862744	0.050980392156862744
C	C1'_2	263.659	154.111	223.429	0.5647058823529412	0.5647058823529412	0.5647058823529412
C	N1_2	262.95	152.948	222.855	0.18823529411764706	0.3137254901960784	0.9725490196078431
C	C2_2	263.054	151.707	223.509	0.5647058823529412	0.5647058823529412	0.5647058823529412
C	O2_2	263.733	151.627	224.55	1.0	0.050980392156862744	0.050980392156862744
C	N3_2	262.414	150.633	222.991	0.18823529411764706	0.3137254901960784	0.9725490196078431
C	C4_2	261.689	150.76	221.874	0.5647058823529412	0.5647058823529412	0.5647058823529412
C	N4_2	261.077	149.674	221.4	0.18823529411764706	0.3137254901960784	0.9725490196078431
C	C5_2	261.562	152.006	221.193	0.5647058823529412	0.5647058823529412	0.5647058823529412
C	C6_2	262.204	153.064	221.713	0.5647058823529412	0.5647058823529412	0.5647058823529412
