G	P_1	175.221	296.911	217.697	1.0	0.5019607843137255	0.0
G	OP1_1	175.626	298.119	216.921	1.0	0.050980392156862744	0.050980392156862744
G	OP2_1	173.85	296.36	217.532	1.0	0.050980392156862744	0.050980392156862744
G	O5'_1	176.262	295.742	217.394	1.0	0.050980392156862744	0.050980392156862744
G	C5'_1	177.676	296.005	217.376	0.5647058823529412	0.5647058823529412	0.5647058823529412
G	C4'_1	178.452	294.722	217.19	0.5647058823529412	0.5647058823529412	0.5647058823529412
G	O4'_1	178.265	293.855	218.344	1.0	0.050980392156862744	0.050980392156862744
G	C3'_1	178.049	293.842	216.016	0.5647058823529412	0.5647058823529412	0.5647058823529412
G	O3'_1	178.579	294.315	214.777	1.0	0.050980392156862744	0.050980392156862744
G	C2'_1	178.629	292.494	216.428	0.5647058823529412	0.5647058823529412	0.5647058823529412
G	O2'_1	180.027	292.411	216.224	1.0	0.050980392156862744	0.050980392156862744
G	C1'_1	178.341	292.496	217.931	0.5647058823529412	0.5647058823529412	0.5647058823529412
G	N9_1	177.086	291.824	218.267	0.18823529411764706	0.3137254901960784	0.9725490196078431
G	C8_1	175.872	292.406	218.56	0.5647058823529412	0.5647058823529412	0.5647058823529412
G	N7_1	174.932	291.533	218.819	0.18823529411764706	0.3137254901960784	0.9725490196078431
G	C5_1	175.562	290.299	218.691	0.5647058823529412	0.5647058823529412	0.5647058823529412
G	C6_1	175.05	288.975	218.852	0.5647058823529412	0.5647058823529412	0.5647058823529412
G	O6_1	173.903	288.624	219.154	1.0	0.050980392156862744	0.050980392156862744
G	N1_1	176.032	288.013	218.622	0.18823529411764706	0.3137254901960784	0.9725490196078431
G	C2_1	177.336	288.281	218.285	0.5647058823529412	0.5647058823529412	0.5647058823529412
G	N2_1	178.132	287.218	218.104	0.18823529411764706	0.3137254901960784	0.9725490196078431
G	N3_1	177.828	289.505	218.134	0.18823529411764706	0.3137254901960784	0.9725490196078431
G	C4_1	176.892	290.459	218.351	0.5647058823529412	0.5647058823529412	0.5647058823529412
C	P_2	173.485	278.758	221.134	1.0	0.5019607843137255	0.0
C	OP1_2	173.952	277.571	221.9	1.0	0.050980392156862744	0.050980392156862744
C	OP2_2	172.6	279.756	221.795	1.0	0.050980392156862744	0.050980392156862744
C	O5'_2	174.768	279.523	220.574	1.0	0.050980392156862744	0.050980392156862744
C	C5'_2	175.82	278.814	219.885	0.5647058823529412	0.5647058823529412	0.5647058823529412
C	C4'_2	176.838	279.79	219.327	0.5647058823529412	0.5647058823529412	0.5647058823529412
C	O4'_2	176.192	280.66	218.358	1.0	0.050980392156862744	0.050980392156862744
C	C3'_2	177.469	280.749	220.329	0.5647058823529412	0.5647058823529412	0.5647058823529412
C	O3'_2	178.557	280.144	221.029	1.0	0.050980392156862744	0.050980392156862744
C	C2'_2	177.911	281.905	219.438	0.5647058823529412	0.5647058823529412	0.5647058823529412
C	O2'_2	179.108	281.631	218.737	1.0	0.050980392156862744	0.050980392156862744
C	C1'_2	176.759	281.961	218.431	0.5647058823529412	0.5647058823529412	0.5647058823529412
C	N1_2	175.695	282.93	218.777	0.18823529411764706	0.3137254901960784	0.9725490196078431
C	C2_2	175.834	284.264	218.362	0.5647058823529412	0.5647058823529412	0.5647058823529412
C	O2_2	176.841	284.59	217.712	1.0	0.050980392156862744	0.050980392156862744
C	N3_2	174.866	285.159	218.679	0.18823529411764706	0.3137254901960784	0.9725490196078431
C	C4_2	173.795	284.767	219.375	0.5647058823529412	0.5647058823529412	0.5647058823529412
C	N4_2	172.871	285.682	219.667	0.18823529411764706	0.3137254901960784	0.9725490196078431
C	C5_2	173.627	283.418	219.804	0.5647058823529412	0.5647058823529412	0.5647058823529412
C	C6_2	174.591	282.543	219.488	0.5647058823529412	0.5647058823529412	0.5647058823529412
