G	P_1	193.959	131.252	188.479	1.0	0.5019607843137255	0.0
G	OP1_1	192.611	131.634	188.991	1.0	0.050980392156862744	0.050980392156862744
G	OP2_1	194.757	130.233	189.208	1.0	0.050980392156862744	0.050980392156862744
G	O5'_1	193.802	130.765	186.969	1.0	0.050980392156862744	0.050980392156862744
G	C5'_1	193.17	131.615	185.987	0.5647058823529412	0.5647058823529412	0.5647058823529412
G	C4'_1	193.3	131.02	184.601	0.5647058823529412	0.5647058823529412	0.5647058823529412
G	O4'_1	194.697	130.964	184.204	1.0	0.050980392156862744	0.050980392156862744
G	C3'_1	192.813	129.592	184.421	0.5647058823529412	0.5647058823529412	0.5647058823529412
G	O3'_1	191.389	129.545	184.292	1.0	0.050980392156862744	0.050980392156862744
G	C2'_1	193.54	129.174	183.147	0.5647058823529412	0.5647058823529412	0.5647058823529412
G	O2'_1	192.947	129.701	181.98	1.0	0.050980392156862744	0.050980392156862744
G	C1'_1	194.898	129.858	183.335	0.5647058823529412	0.5647058823529412	0.5647058823529412
G	N9_1	195.938	128.998	183.9	0.18823529411764706	0.3137254901960784	0.9725490196078431
G	C8_1	196.488	129.076	185.163	0.5647058823529412	0.5647058823529412	0.5647058823529412
G	N7_1	197.415	128.177	185.377	0.18823529411764706	0.3137254901960784	0.9725490196078431
G	C5_1	197.483	127.455	184.189	0.5647058823529412	0.5647058823529412	0.5647058823529412
G	C6_1	198.309	126.352	183.825	0.5647058823529412	0.5647058823529412	0.5647058823529412
G	O6_1	199.167	125.773	184.506	1.0	0.050980392156862744	0.050980392156862744
G	N1_1	198.057	125.929	182.522	0.18823529411764706	0.3137254901960784	0.9725490196078431
G	C2_1	197.133	126.487	181.676	0.5647058823529412	0.5647058823529412	0.5647058823529412
G	N2_1	197.05	125.94	180.455	0.18823529411764706	0.3137254901960784	0.9725490196078431
G	N3_1	196.349	127.511	182.001	0.18823529411764706	0.3137254901960784	0.9725490196078431
G	C4_1	196.578	127.944	183.264	0.5647058823529412	0.5647058823529412	0.5647058823529412
C	P_2	203.611	118.649	176.431	1.0	0.5019607843137255	0.0
C	OP1_2	204.566	118.344	175.328	1.0	0.050980392156862744	0.050980392156862744
C	OP2_2	204.106	119.301	177.672	1.0	0.050980392156862744	0.050980392156862744
C	O5'_2	202.423	119.529	175.837	1.0	0.050980392156862744	0.050980392156862744
C	C5'_2	202.452	120.963	175.908	0.5647058823529412	0.5647058823529412	0.5647058823529412
C	C4'_2	201.046	121.51	175.876	0.5647058823529412	0.5647058823529412	0.5647058823529412
C	O4'_2	200.303	120.996	177.014	1.0	0.050980392156862744	0.050980392156862744
C	C3'_2	200.955	123.019	176.02	0.5647058823529412	0.5647058823529412	0.5647058823529412
C	O3'_2	201.163	123.672	174.772	1.0	0.050980392156862744	0.050980392156862744
C	C2'_2	199.55	123.209	176.574	0.5647058823529412	0.5647058823529412	0.5647058823529412
C	O2'_2	198.548	123.113	175.584	1.0	0.050980392156862744	0.050980392156862744
C	C1'_2	199.449	122.011	177.522	0.5647058823529412	0.5647058823529412	0.5647058823529412
C	N1_2	199.862	122.326	178.908	0.18823529411764706	0.3137254901960784	0.9725490196078431
C	C2_2	199.0	123.098	179.718	0.5647058823529412	0.5647058823529412	0.5647058823529412
C	O2_2	197.915	123.491	179.251	1.0	0.050980392156862744	0.050980392156862744
C	N3_2	199.378	123.392	180.986	0.18823529411764706	0.3137254901960784	0.9725490196078431
C	C4_2	200.552	122.952	181.455	0.5647058823529412	0.5647058823529412	0.5647058823529412
C	N4_2	200.882	123.269	182.711	0.18823529411764706	0.3137254901960784	0.9725490196078431
C	C5_2	201.441	122.17	180.657	0.5647058823529412	0.5647058823529412	0.5647058823529412
C	C6_2	201.061	121.883	179.405	0.5647058823529412	0.5647058823529412	0.5647058823529412
