G	P_1	196.963	209.114	234.128	1.0	0.5019607843137255	0.0
G	OP1_1	198.225	208.416	233.739	1.0	0.050980392156862744	0.050980392156862744
G	OP2_1	195.696	208.782	233.421	1.0	0.050980392156862744	0.050980392156862744
G	O5'_1	196.733	208.901	235.694	1.0	0.050980392156862744	0.050980392156862744
G	C5'_1	197.822	209.074	236.627	0.5647058823529412	0.5647058823529412	0.5647058823529412
G	C4'_1	197.308	209.171	238.05	0.5647058823529412	0.5647058823529412	0.5647058823529412
G	O4'_1	196.456	210.341	238.206	1.0	0.050980392156862744	0.050980392156862744
G	C3'_1	196.44	208.037	238.573	0.5647058823529412	0.5647058823529412	0.5647058823529412
G	O3'_1	197.233	206.909	238.938	1.0	0.050980392156862744	0.050980392156862744
G	C2'_1	195.772	208.688	239.784	0.5647058823529412	0.5647058823529412	0.5647058823529412
G	O2'_1	196.599	208.732	240.931	1.0	0.050980392156862744	0.050980392156862744
G	C1'_1	195.546	210.115	239.273	0.5647058823529412	0.5647058823529412	0.5647058823529412
G	N9_1	194.181	210.331	238.801	0.18823529411764706	0.3137254901960784	0.9725490196078431
G	C8_1	193.725	210.323	237.501	0.5647058823529412	0.5647058823529412	0.5647058823529412
G	N7_1	192.432	210.501	237.411	0.18823529411764706	0.3137254901960784	0.9725490196078431
G	C5_1	192.009	210.644	238.729	0.5647058823529412	0.5647058823529412	0.5647058823529412
G	C6_1	190.703	210.841	239.268	0.5647058823529412	0.5647058823529412	0.5647058823529412
G	O6_1	189.627	210.917	238.665	1.0	0.050980392156862744	0.050980392156862744
G	N1_1	190.728	210.94	240.659	0.18823529411764706	0.3137254901960784	0.9725490196078431
G	C2_1	191.858	210.847	241.438	0.5647058823529412	0.5647058823529412	0.5647058823529412
G	N2_1	191.681	210.965	242.768	0.18823529411764706	0.3137254901960784	0.9725490196078431
G	N3_1	193.078	210.652	240.952	0.18823529411764706	0.3137254901960784	0.9725490196078431
G	C4_1	193.078	210.56	239.598	0.5647058823529412	0.5647058823529412	0.5647058823529412
C	P_2	181.449	213.578	245.094	1.0	0.5019607843137255	0.0
C	OP1_2	180.913	214.362	246.247	1.0	0.050980392156862744	0.050980392156862744
C	OP2_2	181.33	214.123	243.716	1.0	0.050980392156862744	0.050980392156862744
C	O5'_2	182.981	213.24	245.377	1.0	0.050980392156862744	0.050980392156862744
C	C5'_2	183.394	212.709	246.651	0.5647058823529412	0.5647058823529412	0.5647058823529412
C	C4'_2	184.898	212.563	246.705	0.5647058823529412	0.5647058823529412	0.5647058823529412
C	O4'_2	185.331	211.433	245.902	1.0	0.050980392156862744	0.050980392156862744
C	C3'_2	185.728	213.721	246.171	0.5647058823529412	0.5647058823529412	0.5647058823529412
C	O3'_2	185.803	214.793	247.102	1.0	0.050980392156862744	0.050980392156862744
C	C2'_2	187.081	213.058	245.934	0.5647058823529412	0.5647058823529412	0.5647058823529412
C	O2'_2	187.835	212.884	247.117	1.0	0.050980392156862744	0.050980392156862744
C	C1'_2	186.653	211.676	245.428	0.5647058823529412	0.5647058823529412	0.5647058823529412
C	N1_2	186.674	211.547	243.958	0.18823529411764706	0.3137254901960784	0.9725490196078431
C	C2_2	187.872	211.173	243.332	0.5647058823529412	0.5647058823529412	0.5647058823529412
C	O2_2	188.875	210.952	244.033	1.0	0.050980392156862744	0.050980392156862744
C	N3_2	187.902	211.062	241.98	0.18823529411764706	0.3137254901960784	0.9725490196078431
C	C4_2	186.795	211.303	241.264	0.5647058823529412	0.5647058823529412	0.5647058823529412
C	N4_2	186.869	211.187	239.936	0.18823529411764706	0.3137254901960784	0.9725490196078431
C	C5_2	185.565	211.674	241.877	0.5647058823529412	0.5647058823529412	0.5647058823529412
C	C6_2	185.549	211.786	243.211	0.5647058823529412	0.5647058823529412	0.5647058823529412
