C	P_1	110.185	191.058	201.751	1.0	0.5019607843137255	0.0
C	OP1_1	111.344	191.602	202.514	1.0	0.050980392156862744	0.050980392156862744
C	OP2_1	109.461	189.87	202.269	1.0	0.050980392156862744	0.050980392156862744
C	O5'_1	109.126	192.234	201.535	1.0	0.050980392156862744	0.050980392156862744
C	C5'_1	109.542	193.53	201.047	0.5647058823529412	0.5647058823529412	0.5647058823529412
C	C4'_1	108.336	194.405	200.767	0.5647058823529412	0.5647058823529412	0.5647058823529412
C	O4'_1	107.55	193.839	199.685	1.0	0.050980392156862744	0.050980392156862744
C	C3'_1	107.351	194.572	201.915	0.5647058823529412	0.5647058823529412	0.5647058823529412
C	O3'_1	107.786	195.611	202.789	1.0	0.050980392156862744	0.050980392156862744
C	C2'_1	106.058	194.936	201.191	0.5647058823529412	0.5647058823529412	0.5647058823529412
C	O2'_1	106.007	196.298	200.817	1.0	0.050980392156862744	0.050980392156862744
C	C1'_1	106.17	194.085	199.921	0.5647058823529412	0.5647058823529412	0.5647058823529412
C	N1_1	105.462	192.787	199.977	0.18823529411764706	0.3137254901960784	0.9725490196078431
C	C2_1	104.082	192.747	199.686	0.5647058823529412	0.5647058823529412	0.5647058823529412
C	O2_1	103.487	193.809	199.423	1.0	0.050980392156862744	0.050980392156862744
C	N3_1	103.442	191.552	199.698	0.18823529411764706	0.3137254901960784	0.9725490196078431
C	C4_1	104.118	190.433	199.987	0.5647058823529412	0.5647058823529412	0.5647058823529412
C	N4_1	103.45	189.276	199.969	0.18823529411764706	0.3137254901960784	0.9725490196078431
C	C5_1	105.51	190.448	200.305	0.5647058823529412	0.5647058823529412	0.5647058823529412
C	C6_1	106.134	191.633	200.29	0.5647058823529412	0.5647058823529412	0.5647058823529412
G	P_2	93.154	187.853	197.713	1.0	0.5019607843137255	0.0
G	OP1_2	92.014	187.747	196.764	1.0	0.050980392156862744	0.050980392156862744
G	OP2_2	94.423	187.132	197.419	1.0	0.050980392156862744	0.050980392156862744
G	O5'_2	93.48	189.4	197.904	1.0	0.050980392156862744	0.050980392156862744
G	C5'_2	92.517	190.287	198.506	0.5647058823529412	0.5647058823529412	0.5647058823529412
G	C4'_2	93.193	191.564	198.936	0.5647058823529412	0.5647058823529412	0.5647058823529412
G	O4'_2	94.247	191.24	199.879	1.0	0.050980392156862744	0.050980392156862744
G	C3'_2	93.89	192.334	197.823	0.5647058823529412	0.5647058823529412	0.5647058823529412
G	O3'_2	92.956	193.203	197.173	1.0	0.050980392156862744	0.050980392156862744
G	C2'_2	94.973	193.102	198.575	0.5647058823529412	0.5647058823529412	0.5647058823529412
G	O2'_2	94.484	194.28	199.186	1.0	0.050980392156862744	0.050980392156862744
G	C1'_2	95.354	192.102	199.673	0.5647058823529412	0.5647058823529412	0.5647058823529412
G	N9_2	96.541	191.284	199.427	0.18823529411764706	0.3137254901960784	0.9725490196078431
G	C8_2	96.577	189.929	199.184	0.5647058823529412	0.5647058823529412	0.5647058823529412
G	N7_2	97.787	189.461	199.045	0.18823529411764706	0.3137254901960784	0.9725490196078431
G	C5_2	98.604	190.571	199.196	0.5647058823529412	0.5647058823529412	0.5647058823529412
G	C6_2	100.01	190.677	199.149	0.5647058823529412	0.5647058823529412	0.5647058823529412
G	O6_2	100.84	189.781	198.968	1.0	0.050980392156862744	0.050980392156862744
G	N1_2	100.431	191.989	199.343	0.18823529411764706	0.3137254901960784	0.9725490196078431
G	C2_2	99.6	193.061	199.562	0.5647058823529412	0.5647058823529412	0.5647058823529412
G	N2_2	100.201	194.249	199.737	0.18823529411764706	0.3137254901960784	0.9725490196078431
G	N3_2	98.279	192.975	199.61	0.18823529411764706	0.3137254901960784	0.9725490196078431
G	C4_2	97.852	191.708	199.421	0.5647058823529412	0.5647058823529412	0.5647058823529412
