G	P_1	227.727	202.007	269.033	1.0	0.5019607843137255	0.0
G	OP1_1	227.244	200.785	268.322	1.0	0.050980392156862744	0.050980392156862744
G	OP2_1	228.332	201.877	270.386	1.0	0.050980392156862744	0.050980392156862744
G	O5'_1	228.774	202.766	268.097	1.0	0.050980392156862744	0.050980392156862744
G	C5'_1	228.6	202.8	266.662	0.5647058823529412	0.5647058823529412	0.5647058823529412
G	C4'_1	229.817	203.409	265.991	0.5647058823529412	0.5647058823529412	0.5647058823529412
G	O4'_1	229.934	204.817	266.338	1.0	0.050980392156862744	0.050980392156862744
G	C3'_1	231.174	202.84	266.372	0.5647058823529412	0.5647058823529412	0.5647058823529412
G	O3'_1	231.467	201.603	265.735	1.0	0.050980392156862744	0.050980392156862744
G	C2'_1	232.115	203.954	265.936	0.5647058823529412	0.5647058823529412	0.5647058823529412
G	O2'_1	232.356	203.969	264.542	1.0	0.050980392156862744	0.050980392156862744
G	C1'_1	231.308	205.192	266.335	0.5647058823529412	0.5647058823529412	0.5647058823529412
G	N9_1	231.673	205.677	267.667	0.18823529411764706	0.3137254901960784	0.9725490196078431
G	C8_1	230.982	205.49	268.845	0.5647058823529412	0.5647058823529412	0.5647058823529412
G	N7_1	231.573	206.03	269.877	0.18823529411764706	0.3137254901960784	0.9725490196078431
G	C5_1	232.724	206.61	269.354	0.5647058823529412	0.5647058823529412	0.5647058823529412
G	C6_1	233.768	207.338	269.998	0.5647058823529412	0.5647058823529412	0.5647058823529412
G	O6_1	233.889	207.612	271.201	1.0	0.050980392156862744	0.050980392156862744
G	N1_1	234.741	207.753	269.088	0.18823529411764706	0.3137254901960784	0.9725490196078431
G	C2_1	234.72	207.496	267.735	0.5647058823529412	0.5647058823529412	0.5647058823529412
G	N2_1	235.746	207.981	267.018	0.18823529411764706	0.3137254901960784	0.9725490196078431
G	N3_1	233.758	206.814	267.127	0.18823529411764706	0.3137254901960784	0.9725490196078431
G	C4_1	232.799	206.407	267.99	0.5647058823529412	0.5647058823529412	0.5647058823529412
C	P_2	240.376	215.224	271.978	1.0	0.5019607843137255	0.0
C	OP1_2	241.309	216.378	271.812	1.0	0.050980392156862744	0.050980392156862744
C	OP2_2	238.915	215.431	271.804	1.0	0.050980392156862744	0.050980392156862744
C	O5'_2	240.826	214.053	270.992	1.0	0.050980392156862744	0.050980392156862744
C	C5'_2	241.614	214.323	269.814	0.5647058823529412	0.5647058823529412	0.5647058823529412
C	C4'_2	241.058	213.568	268.625	0.5647058823529412	0.5647058823529412	0.5647058823529412
C	O4'_2	241.002	212.147	268.932	1.0	0.050980392156862744	0.050980392156862744
C	C3'_2	239.632	213.905	268.214	0.5647058823529412	0.5647058823529412	0.5647058823529412
C	O3'_2	239.579	215.093	267.422	1.0	0.050980392156862744	0.050980392156862744
C	C2'_2	239.221	212.66	267.431	0.5647058823529412	0.5647058823529412	0.5647058823529412
C	O2'_2	239.722	212.642	266.109	1.0	0.050980392156862744	0.050980392156862744
C	C1'_2	239.907	211.555	268.242	0.5647058823529412	0.5647058823529412	0.5647058823529412
C	N1_2	239.006	210.9	269.217	0.18823529411764706	0.3137254901960784	0.9725490196078431
C	C2_2	238.245	209.787	268.801	0.5647058823529412	0.5647058823529412	0.5647058823529412
C	O2_2	238.374	209.366	267.638	1.0	0.050980392156862744	0.050980392156862744
C	N3_2	237.394	209.203	269.68	0.18823529411764706	0.3137254901960784	0.9725490196078431
C	C4_2	237.291	209.676	270.927	0.5647058823529412	0.5647058823529412	0.5647058823529412
C	N4_2	236.435	209.072	271.758	0.18823529411764706	0.3137254901960784	0.9725490196078431
C	C5_2	238.059	210.792	271.379	0.5647058823529412	0.5647058823529412	0.5647058823529412
C	C6_2	238.895	211.367	270.501	0.5647058823529412	0.5647058823529412	0.5647058823529412
