C	P_1	253.645	134.587	153.058	1.0	0.5019607843137255	0.0
C	OP1_1	254.822	133.953	153.716	1.0	0.050980392156862744	0.050980392156862744
C	OP2_1	252.744	133.759	152.212	1.0	0.050980392156862744	0.050980392156862744
C	O5'_1	252.76	135.296	154.179	1.0	0.050980392156862744	0.050980392156862744
C	C5'_1	253.358	136.22	155.112	0.5647058823529412	0.5647058823529412	0.5647058823529412
C	C4'_1	252.304	136.832	156.009	0.5647058823529412	0.5647058823529412	0.5647058823529412
C	O4'_1	251.393	137.64	155.219	1.0	0.050980392156862744	0.050980392156862744
C	C3'_1	251.389	135.868	156.749	0.5647058823529412	0.5647058823529412	0.5647058823529412
C	O3'_1	252.013	135.323	157.91	1.0	0.050980392156862744	0.050980392156862744
C	C2'_1	250.203	136.76	157.09	0.5647058823529412	0.5647058823529412	0.5647058823529412
C	O2'_1	250.454	137.596	158.202	1.0	0.050980392156862744	0.050980392156862744
C	C1'_1	250.107	137.619	155.824	0.5647058823529412	0.5647058823529412	0.5647058823529412
C	N1_1	249.112	137.128	154.842	0.18823529411764706	0.3137254901960784	0.9725490196078431
C	C2_1	247.784	137.601	154.934	0.5647058823529412	0.5647058823529412	0.5647058823529412
C	O2_1	247.488	138.407	155.835	1.0	0.050980392156862744	0.050980392156862744
C	N3_1	246.865	137.166	154.041	0.18823529411764706	0.3137254901960784	0.9725490196078431
C	C4_1	247.216	136.298	153.085	0.5647058823529412	0.5647058823529412	0.5647058823529412
C	N4_1	246.27	135.902	152.226	0.18823529411764706	0.3137254901960784	0.9725490196078431
C	C5_1	248.554	135.797	152.969	0.5647058823529412	0.5647058823529412	0.5647058823529412
C	C6_1	249.46	136.234	153.86	0.5647058823529412	0.5647058823529412	0.5647058823529412
G	P_2	234.604	138.324	155.722	1.0	0.5019607843137255	0.0
G	OP1_2	233.506	139.086	156.385	1.0	0.050980392156862744	0.050980392156862744
G	OP2_2	234.775	138.414	154.241	1.0	0.050980392156862744	0.050980392156862744
G	O5'_2	235.994	138.715	156.402	1.0	0.050980392156862744	0.050980392156862744
G	C5'_2	236.148	138.725	157.841	0.5647058823529412	0.5647058823529412	0.5647058823529412
G	C4'_2	237.535	139.202	158.217	0.5647058823529412	0.5647058823529412	0.5647058823529412
G	O4'_2	238.514	138.21	157.824	1.0	0.050980392156862744	0.050980392156862744
G	C3'_2	238.024	140.451	157.494	0.5647058823529412	0.5647058823529412	0.5647058823529412
G	O3'_2	237.5	141.635	158.087	1.0	0.050980392156862744	0.050980392156862744
G	C2'_2	239.538	140.367	157.679	0.5647058823529412	0.5647058823529412	0.5647058823529412
G	O2'_2	239.964	140.872	158.932	1.0	0.050980392156862744	0.050980392156862744
G	C1'_2	239.77	138.85	157.657	0.5647058823529412	0.5647058823529412	0.5647058823529412
G	N9_2	240.413	138.324	156.457	0.18823529411764706	0.3137254901960784	0.9725490196078431
G	C8_2	239.802	137.875	155.307	0.5647058823529412	0.5647058823529412	0.5647058823529412
G	N7_2	240.65	137.426	154.417	0.18823529411764706	0.3137254901960784	0.9725490196078431
G	C5_2	241.896	137.601	155.01	0.5647058823529412	0.5647058823529412	0.5647058823529412
G	C6_2	243.196	137.297	154.524	0.5647058823529412	0.5647058823529412	0.5647058823529412
G	O6_2	243.515	136.789	153.439	1.0	0.050980392156862744	0.050980392156862744
G	N1_2	244.181	137.64	155.448	0.18823529411764706	0.3137254901960784	0.9725490196078431
G	C2_2	243.946	138.203	156.685	0.5647058823529412	0.5647058823529412	0.5647058823529412
G	N2_2	245.03	138.466	157.434	0.18823529411764706	0.3137254901960784	0.9725490196078431
G	N3_2	242.738	138.486	157.15	0.18823529411764706	0.3137254901960784	0.9725490196078431
G	C4_2	241.768	138.161	156.267	0.5647058823529412	0.5647058823529412	0.5647058823529412
