G	P_1	145.132	249.491	256.423	1.0	0.5019607843137255	0.0
G	OP1_1	145.108	250.178	257.742	1.0	0.050980392156862744	0.050980392156862744
G	OP2_1	146.421	248.969	255.889	1.0	0.050980392156862744	0.050980392156862744
G	O5'_1	144.076	248.3	256.458	1.0	0.050980392156862744	0.050980392156862744
G	C5'_1	144.477	246.933	256.686	0.5647058823529412	0.5647058823529412	0.5647058823529412
G	C4'_1	143.375	245.996	256.232	0.5647058823529412	0.5647058823529412	0.5647058823529412
G	O4'_1	143.401	245.849	254.78	1.0	0.050980392156862744	0.050980392156862744
G	C3'_1	143.468	244.567	256.735	0.5647058823529412	0.5647058823529412	0.5647058823529412
G	O3'_1	142.951	244.484	258.057	1.0	0.050980392156862744	0.050980392156862744
G	C2'_1	142.61	243.814	255.724	0.5647058823529412	0.5647058823529412	0.5647058823529412
G	O2'_1	141.223	243.975	255.962	1.0	0.050980392156862744	0.050980392156862744
G	C1'_1	142.984	244.533	254.422	0.5647058823529412	0.5647058823529412	0.5647058823529412
G	N9_1	144.061	243.882	253.673	0.18823529411764706	0.3137254901960784	0.9725490196078431
G	C8_1	145.344	244.348	253.489	0.5647058823529412	0.5647058823529412	0.5647058823529412
G	N7_1	146.092	243.538	252.788	0.18823529411764706	0.3137254901960784	0.9725490196078431
G	C5_1	145.258	242.47	252.485	0.5647058823529412	0.5647058823529412	0.5647058823529412
G	C6_1	145.52	241.278	251.755	0.5647058823529412	0.5647058823529412	0.5647058823529412
G	O6_1	146.576	240.921	251.217	1.0	0.050980392156862744	0.050980392156862744
G	N1_1	144.393	240.463	251.684	0.18823529411764706	0.3137254901960784	0.9725490196078431
G	C2_1	143.171	240.751	252.243	0.5647058823529412	0.5647058823529412	0.5647058823529412
G	N2_1	142.208	239.836	252.063	0.18823529411764706	0.3137254901960784	0.9725490196078431
G	N3_1	142.913	241.858	252.931	0.18823529411764706	0.3137254901960784	0.9725490196078431
G	C4_1	143.996	242.667	253.013	0.5647058823529412	0.5647058823529412	0.5647058823529412
C	P_2	146.069	231.709	245.478	1.0	0.5019607843137255	0.0
C	OP1_2	145.344	230.777	244.562	1.0	0.050980392156862744	0.050980392156862744
C	OP2_2	147.123	232.602	244.932	1.0	0.050980392156862744	0.050980392156862744
C	O5'_2	144.991	232.607	246.239	1.0	0.050980392156862744	0.050980392156862744
C	C5'_2	143.827	232.011	246.847	0.5647058823529412	0.5647058823529412	0.5647058823529412
C	C4'_2	143.003	233.063	247.554	0.5647058823529412	0.5647058823529412	0.5647058823529412
C	O4'_2	143.809	233.676	248.584	1.0	0.050980392156862744	0.050980392156862744
C	C3'_2	142.547	234.249	246.718	0.5647058823529412	0.5647058823529412	0.5647058823529412
C	O3'_2	141.377	233.892	245.977	1.0	0.050980392156862744	0.050980392156862744
C	C2'_2	142.257	235.309	247.783	0.5647058823529412	0.5647058823529412	0.5647058823529412
C	O2'_2	140.968	235.177	248.351	1.0	0.050980392156862744	0.050980392156862744
C	C1'_2	143.294	234.965	248.862	0.5647058823529412	0.5647058823529412	0.5647058823529412
C	N1_2	144.42	235.892	249.067	0.18823529411764706	0.3137254901960784	0.9725490196078431
C	C2_2	144.241	237.006	249.908	0.5647058823529412	0.5647058823529412	0.5647058823529412
C	O2_2	143.128	237.199	250.435	1.0	0.050980392156862744	0.050980392156862744
C	N3_2	145.287	237.839	250.128	0.18823529411764706	0.3137254901960784	0.9725490196078431
C	C4_2	146.468	237.598	249.55	0.5647058823529412	0.5647058823529412	0.5647058823529412
C	N4_2	147.473	238.439	249.805	0.18823529411764706	0.3137254901960784	0.9725490196078431
C	C5_2	146.671	236.481	248.684	0.5647058823529412	0.5647058823529412	0.5647058823529412
C	C6_2	145.63	235.666	248.469	0.5647058823529412	0.5647058823529412	0.5647058823529412
