C	P_1	202.371	196.979	206.055	1.0	0.5019607843137255	0.0
C	OP1_1	201.535	197.357	207.236	1.0	0.050980392156862744	0.050980392156862744
C	OP2_1	202.824	195.568	205.895	1.0	0.050980392156862744	0.050980392156862744
C	O5'_1	201.59	197.387	204.729	1.0	0.050980392156862744	0.050980392156862744
C	C5'_1	200.997	198.689	204.602	0.5647058823529412	0.5647058823529412	0.5647058823529412
C	C4'_1	200.236	198.79	203.303	0.5647058823529412	0.5647058823529412	0.5647058823529412
C	O4'_1	201.17	198.781	202.19	1.0	0.050980392156862744	0.050980392156862744
C	C3'_1	199.28	197.64	203.005	0.5647058823529412	0.5647058823529412	0.5647058823529412
C	O3'_1	198.035	197.785	203.706	1.0	0.050980392156862744	0.050980392156862744
C	C2'_1	199.146	197.723	201.484	0.5647058823529412	0.5647058823529412	0.5647058823529412
C	O2'_1	198.264	198.74	201.057	1.0	0.050980392156862744	0.050980392156862744
C	C1'_1	200.572	198.122	201.08	0.5647058823529412	0.5647058823529412	0.5647058823529412
C	N1_1	201.413	196.977	200.685	0.18823529411764706	0.3137254901960784	0.9725490196078431
C	C2_1	201.187	196.386	199.428	0.5647058823529412	0.5647058823529412	0.5647058823529412
C	O2_1	200.279	196.84	198.705	1.0	0.050980392156862744	0.050980392156862744
C	N3_1	201.961	195.344	199.038	0.18823529411764706	0.3137254901960784	0.9725490196078431
C	C4_1	202.926	194.892	199.847	0.5647058823529412	0.5647058823529412	0.5647058823529412
C	N4_1	203.671	193.875	199.418	0.18823529411764706	0.3137254901960784	0.9725490196078431
C	C5_1	203.17	195.467	201.135	0.5647058823529412	0.5647058823529412	0.5647058823529412
C	C6_1	202.397	196.497	201.509	0.5647058823529412	0.5647058823529412	0.5647058823529412
G	P_2	200.17	189.868	186.964	1.0	0.5019607843137255	0.0
G	OP1_2	200.276	188.384	186.892	1.0	0.050980392156862744	0.050980392156862744
G	OP2_2	198.881	190.529	186.616	1.0	0.050980392156862744	0.050980392156862744
G	O5'_2	200.569	190.335	188.438	1.0	0.050980392156862744	0.050980392156862744
G	C5'_2	201.219	191.61	188.668	0.5647058823529412	0.5647058823529412	0.5647058823529412
G	C4'_2	200.291	192.549	189.407	0.5647058823529412	0.5647058823529412	0.5647058823529412
G	O4'_2	199.886	191.952	190.673	1.0	0.050980392156862744	0.050980392156862744
G	C3'_2	200.898	193.883	189.817	0.5647058823529412	0.5647058823529412	0.5647058823529412
G	O3'_2	200.923	194.833	188.757	1.0	0.050980392156862744	0.050980392156862744
G	C2'_2	199.985	194.312	190.959	0.5647058823529412	0.5647058823529412	0.5647058823529412
G	O2'_2	198.757	194.85	190.511	1.0	0.050980392156862744	0.050980392156862744
G	C1'_2	199.735	192.972	191.657	0.5647058823529412	0.5647058823529412	0.5647058823529412
G	N9_2	200.685	192.721	192.743	0.18823529411764706	0.3137254901960784	0.9725490196078431
G	C8_2	201.671	191.756	192.785	0.5647058823529412	0.5647058823529412	0.5647058823529412
G	N7_2	202.37	191.781	193.891	0.18823529411764706	0.3137254901960784	0.9725490196078431
G	C5_2	201.815	192.823	194.628	0.5647058823529412	0.5647058823529412	0.5647058823529412
G	C6_2	202.158	193.326	195.918	0.5647058823529412	0.5647058823529412	0.5647058823529412
G	O6_2	203.051	192.934	196.686	1.0	0.050980392156862744	0.050980392156862744
G	N1_2	201.339	194.393	196.287	0.18823529411764706	0.3137254901960784	0.9725490196078431
G	C2_2	200.326	194.91	195.518	0.5647058823529412	0.5647058823529412	0.5647058823529412
G	N2_2	199.658	195.942	196.046	0.18823529411764706	0.3137254901960784	0.9725490196078431
G	N3_2	199.992	194.451	194.317	0.18823529411764706	0.3137254901960784	0.9725490196078431
G	C4_2	200.773	193.414	193.937	0.5647058823529412	0.5647058823529412	0.5647058823529412
