C	P_1	290.153	195.527	146.627	1.0	0.5019607843137255	0.0
C	OP1_1	290.832	195.894	147.905	1.0	0.050980392156862744	0.050980392156862744
C	OP2_1	288.718	195.875	146.434	1.0	0.050980392156862744	0.050980392156862744
C	O5'_1	290.984	196.153	145.418	1.0	0.050980392156862744	0.050980392156862744
C	C5'_1	292.429	196.154	145.429	0.5647058823529412	0.5647058823529412	0.5647058823529412
C	C4'_1	292.962	196.72	144.131	0.5647058823529412	0.5647058823529412	0.5647058823529412
C	O4'_1	292.577	195.846	143.037	1.0	0.050980392156862744	0.050980392156862744
C	C3'_1	292.425	198.087	143.723	0.5647058823529412	0.5647058823529412	0.5647058823529412
C	O3'_1	293.113	199.155	144.38	1.0	0.050980392156862744	0.050980392156862744
C	C2'_1	292.652	198.085	142.215	0.5647058823529412	0.5647058823529412	0.5647058823529412
C	O2'_1	293.992	198.368	141.856	1.0	0.050980392156862744	0.050980392156862744
C	C1'_1	292.336	196.625	141.872	0.5647058823529412	0.5647058823529412	0.5647058823529412
C	N1_1	290.943	196.403	141.432	0.18823529411764706	0.3137254901960784	0.9725490196078431
C	C2_1	290.667	196.338	140.052	0.5647058823529412	0.5647058823529412	0.5647058823529412
C	O2_1	291.601	196.472	139.238	1.0	0.050980392156862744	0.050980392156862744
C	N3_1	289.39	196.128	139.648	0.18823529411764706	0.3137254901960784	0.9725490196078431
C	C4_1	288.414	195.986	140.553	0.5647058823529412	0.5647058823529412	0.5647058823529412
C	N4_1	287.173	195.778	140.107	0.18823529411764706	0.3137254901960784	0.9725490196078431
C	C5_1	288.667	196.05	141.955	0.5647058823529412	0.5647058823529412	0.5647058823529412
C	C6_1	289.931	196.259	142.345	0.5647058823529412	0.5647058823529412	0.5647058823529412
G	P_2	284.653	204.485	130.262	1.0	0.5019607843137255	0.0
G	OP1_2	284.022	204.534	131.609	1.0	0.050980392156862744	0.050980392156862744
G	OP2_2	284.878	205.747	129.509	1.0	0.050980392156862744	0.050980392156862744
G	O5'_2	286.065	203.767	130.445	1.0	0.050980392156862744	0.050980392156862744
G	C5'_2	286.176	202.33	130.541	0.5647058823529412	0.5647058823529412	0.5647058823529412
G	C4'_2	287.528	201.957	131.103	0.5647058823529412	0.5647058823529412	0.5647058823529412
G	O4'_2	287.508	202.019	132.556	1.0	0.050980392156862744	0.050980392156862744
G	C3'_2	287.974	200.54	130.81	0.5647058823529412	0.5647058823529412	0.5647058823529412
G	O3'_2	288.497	200.477	129.485	1.0	0.050980392156862744	0.050980392156862744
G	C2'_2	289.015	200.299	131.901	0.5647058823529412	0.5647058823529412	0.5647058823529412
G	O2'_2	290.264	200.908	131.626	1.0	0.050980392156862744	0.050980392156862744
G	C1'_2	288.374	201.023	133.089	0.5647058823529412	0.5647058823529412	0.5647058823529412
G	N9_2	287.598	200.143	133.963	0.18823529411764706	0.3137254901960784	0.9725490196078431
G	C8_2	286.269	199.809	133.839	0.5647058823529412	0.5647058823529412	0.5647058823529412
G	N7_2	285.852	199.005	134.78	0.18823529411764706	0.3137254901960784	0.9725490196078431
G	C5_2	286.971	198.791	135.574	0.5647058823529412	0.5647058823529412	0.5647058823529412
G	C6_2	287.128	198.007	136.746	0.5647058823529412	0.5647058823529412	0.5647058823529412
G	O6_2	286.281	197.32	137.332	1.0	0.050980392156862744	0.050980392156862744
G	N1_2	288.428	198.07	137.235	0.18823529411764706	0.3137254901960784	0.9725490196078431
G	C2_2	289.451	198.795	136.671	0.5647058823529412	0.5647058823529412	0.5647058823529412
G	N2_2	290.64	198.731	137.296	0.18823529411764706	0.3137254901960784	0.9725490196078431
G	N3_2	289.319	199.529	135.574	0.18823529411764706	0.3137254901960784	0.9725490196078431
G	C4_2	288.06	199.483	135.083	0.5647058823529412	0.5647058823529412	0.5647058823529412
