C	P_1	69.195	223.682	165.872	1.0	0.5019607843137255	0.0
C	OP1_1	70.648	223.961	166.071	1.0	0.050980392156862744	0.050980392156862744
C	OP2_1	68.244	223.919	166.997	1.0	0.050980392156862744	0.050980392156862744
C	O5'_1	68.697	224.54	164.621	1.0	0.050980392156862744	0.050980392156862744
C	C5'_1	68.133	225.862	164.809	0.5647058823529412	0.5647058823529412	0.5647058823529412
C	C4'_1	69.148	226.936	164.465	0.5647058823529412	0.5647058823529412	0.5647058823529412
C	O4'_1	70.464	226.343	164.302	1.0	0.050980392156862744	0.050980392156862744
C	C3'_1	68.909	227.7	163.171	0.5647058823529412	0.5647058823529412	0.5647058823529412
C	O3'_1	67.954	228.746	163.389	1.0	0.050980392156862744	0.050980392156862744
C	C2'_1	70.31	228.214	162.83	0.5647058823529412	0.5647058823529412	0.5647058823529412
C	O2'_1	70.683	229.372	163.554	1.0	0.050980392156862744	0.050980392156862744
C	C1'_1	71.186	227.047	163.299	0.5647058823529412	0.5647058823529412	0.5647058823529412
C	N1_1	71.584	226.095	162.24	0.18823529411764706	0.3137254901960784	0.9725490196078431
C	C2_1	72.681	226.415	161.411	0.5647058823529412	0.5647058823529412	0.5647058823529412
C	O2_1	73.281	227.495	161.583	1.0	0.050980392156862744	0.050980392156862744
C	N3_1	73.053	225.536	160.448	0.18823529411764706	0.3137254901960784	0.9725490196078431
C	C4_1	72.384	224.387	160.294	0.5647058823529412	0.5647058823529412	0.5647058823529412
C	N4_1	72.784	223.553	159.331	0.18823529411764706	0.3137254901960784	0.9725490196078431
C	C5_1	71.273	224.041	161.12	0.5647058823529412	0.5647058823529412	0.5647058823529412
C	C6_1	70.91	224.915	162.067	0.5647058823529412	0.5647058823529412	0.5647058823529412
G	P_2	82.925	231.073	153.066	1.0	0.5019607843137255	0.0
G	OP1_2	83.811	232.197	153.478	1.0	0.050980392156862744	0.050980392156862744
G	OP2_2	83.523	229.758	152.702	1.0	0.050980392156862744	0.050980392156862744
G	O5'_2	81.844	230.852	154.221	1.0	0.050980392156862744	0.050980392156862744
G	C5'_2	82.23	230.393	155.535	0.5647058823529412	0.5647058823529412	0.5647058823529412
G	C4'_2	81.372	231.058	156.595	0.5647058823529412	0.5647058823529412	0.5647058823529412
G	O4'_2	79.96	230.847	156.298	1.0	0.050980392156862744	0.050980392156862744
G	C3'_2	81.529	230.509	158.006	0.5647058823529412	0.5647058823529412	0.5647058823529412
G	O3'_2	82.689	231.015	158.673	1.0	0.050980392156862744	0.050980392156862744
G	C2'_2	80.217	230.934	158.662	0.5647058823529412	0.5647058823529412	0.5647058823529412
G	O2'_2	80.192	232.295	159.05	1.0	0.050980392156862744	0.050980392156862744
G	C1'_2	79.228	230.711	157.513	0.5647058823529412	0.5647058823529412	0.5647058823529412
G	N9_2	78.618	229.381	157.543	0.18823529411764706	0.3137254901960784	0.9725490196078431
G	C8_2	79.046	228.254	156.877	0.5647058823529412	0.5647058823529412	0.5647058823529412
G	N7_2	78.313	227.201	157.122	0.18823529411764706	0.3137254901960784	0.9725490196078431
G	C5_2	77.334	227.657	157.995	0.5647058823529412	0.5647058823529412	0.5647058823529412
G	C6_2	76.253	226.965	158.607	0.5647058823529412	0.5647058823529412	0.5647058823529412
G	O6_2	75.942	225.769	158.5	1.0	0.050980392156862744	0.050980392156862744
G	N1_2	75.497	227.811	159.416	0.18823529411764706	0.3137254901960784	0.9725490196078431
G	C2_2	75.747	229.15	159.616	0.5647058823529412	0.5647058823529412	0.5647058823529412
G	N2_2	74.896	229.797	160.429	0.18823529411764706	0.3137254901960784	0.9725490196078431
G	N3_2	76.755	229.806	159.056	0.18823529411764706	0.3137254901960784	0.9725490196078431
G	C4_2	77.502	229.003	158.262	0.5647058823529412	0.5647058823529412	0.5647058823529412
