G	P_1	223.324	161.923	136.774	1.0	0.5019607843137255	0.0
G	OP1_1	222.447	163.071	137.131	1.0	0.050980392156862744	0.050980392156862744
G	OP2_1	222.924	161.001	135.673	1.0	0.050980392156862744	0.050980392156862744
G	O5'_1	224.771	162.499	136.438	1.0	0.050980392156862744	0.050980392156862744
G	C5'_1	225.114	162.918	135.098	0.5647058823529412	0.5647058823529412	0.5647058823529412
G	C4'_1	226.588	162.695	134.847	0.5647058823529412	0.5647058823529412	0.5647058823529412
G	O4'_1	226.905	161.295	135.082	1.0	0.050980392156862744	0.050980392156862744
G	C3'_1	227.093	162.955	133.433	0.5647058823529412	0.5647058823529412	0.5647058823529412
G	O3'_1	227.363	164.343	133.216	1.0	0.050980392156862744	0.050980392156862744
G	C2'_1	228.368	162.115	133.386	0.5647058823529412	0.5647058823529412	0.5647058823529412
G	O2'_1	229.464	162.75	134.014	1.0	0.050980392156862744	0.050980392156862744
G	C1'_1	227.962	160.896	134.223	0.5647058823529412	0.5647058823529412	0.5647058823529412
G	N9_1	227.549	159.703	133.479	0.18823529411764706	0.3137254901960784	0.9725490196078431
G	C8_1	226.367	159.003	133.609	0.5647058823529412	0.5647058823529412	0.5647058823529412
G	N7_1	226.309	157.943	132.844	0.18823529411764706	0.3137254901960784	0.9725490196078431
G	C5_1	227.518	157.944	132.155	0.5647058823529412	0.5647058823529412	0.5647058823529412
G	C6_1	228.029	157.034	131.185	0.5647058823529412	0.5647058823529412	0.5647058823529412
G	O6_1	227.499	156.007	130.736	1.0	0.050980392156862744	0.050980392156862744
G	N1_1	229.294	157.419	130.739	0.18823529411764706	0.3137254901960784	0.9725490196078431
G	C2_1	229.98	158.532	131.167	0.5647058823529412	0.5647058823529412	0.5647058823529412
G	N2_1	231.183	158.739	130.611	0.18823529411764706	0.3137254901960784	0.9725490196078431
G	N3_1	229.519	159.382	132.075	0.18823529411764706	0.3137254901960784	0.9725490196078431
G	C4_1	228.292	159.03	132.524	0.5647058823529412	0.5647058823529412	0.5647058823529412
C	P_2	233.869	150.222	125.541	1.0	0.5019607843137255	0.0
C	OP1_2	235.147	149.473	125.378	1.0	0.050980392156862744	0.050980392156862744
C	OP2_2	232.76	149.62	126.328	1.0	0.050980392156862744	0.050980392156862744
C	O5'_2	234.203	151.651	126.16	1.0	0.050980392156862744	0.050980392156862744
C	C5'_2	235.218	152.494	125.576	0.5647058823529412	0.5647058823529412	0.5647058823529412
C	C4'_2	235.213	153.857	126.238	0.5647058823529412	0.5647058823529412	0.5647058823529412
C	O4'_2	233.956	154.534	125.955	1.0	0.050980392156862744	0.050980392156862744
C	C3'_2	235.305	153.861	127.758	0.5647058823529412	0.5647058823529412	0.5647058823529412
C	O3'_2	236.65	153.713	128.214	1.0	0.050980392156862744	0.050980392156862744
C	C2'_2	234.699	155.213	128.115	0.5647058823529412	0.5647058823529412	0.5647058823529412
C	O2'_2	235.597	156.287	127.936	1.0	0.050980392156862744	0.050980392156862744
C	C1'_2	233.573	155.317	127.08	0.5647058823529412	0.5647058823529412	0.5647058823529412
C	N1_2	232.289	154.81	127.599	0.18823529411764706	0.3137254901960784	0.9725490196078431
C	C2_2	231.463	155.684	128.316	0.5647058823529412	0.5647058823529412	0.5647058823529412
C	O2_2	231.826	156.863	128.47	1.0	0.050980392156862744	0.050980392156862744
C	N3_2	230.293	155.22	128.821	0.18823529411764706	0.3137254901960784	0.9725490196078431
C	C4_2	229.942	153.943	128.632	0.5647058823529412	0.5647058823529412	0.5647058823529412
C	N4_2	228.787	153.525	129.156	0.18823529411764706	0.3137254901960784	0.9725490196078431
C	C5_2	230.759	153.037	127.898	0.5647058823529412	0.5647058823529412	0.5647058823529412
C	C6_2	231.91	153.508	127.402	0.5647058823529412	0.5647058823529412	0.5647058823529412
