G	P_1	172.348	227.342	159.821	1.0	0.5019607843137255	0.0
G	OP1_1	172.614	225.869	159.861	1.0	0.050980392156862744	0.050980392156862744
G	OP2_1	171.554	227.916	158.691	1.0	0.050980392156862744	0.050980392156862744
G	O5'_1	171.625	227.721	161.192	1.0	0.050980392156862744	0.050980392156862744
G	C5'_1	170.228	227.427	161.384	0.5647058823529412	0.5647058823529412	0.5647058823529412
G	C4'_1	169.547	228.559	162.121	0.5647058823529412	0.5647058823529412	0.5647058823529412
G	O4'_1	170.101	229.835	161.703	1.0	0.050980392156862744	0.050980392156862744
G	C3'_1	168.051	228.684	161.848	0.5647058823529412	0.5647058823529412	0.5647058823529412
G	O3'_1	167.289	227.773	162.67	1.0	0.050980392156862744	0.050980392156862744
G	C2'_1	167.774	230.155	162.188	0.5647058823529412	0.5647058823529412	0.5647058823529412
G	O2'_1	167.552	230.364	163.572	1.0	0.050980392156862744	0.050980392156862744
G	C1'_1	169.099	230.834	161.798	0.5647058823529412	0.5647058823529412	0.5647058823529412
G	N9_1	169.145	231.674	160.596	0.18823529411764706	0.3137254901960784	0.9725490196078431
G	C8_1	169.991	231.527	159.518	0.5647058823529412	0.5647058823529412	0.5647058823529412
G	N7_1	169.848	232.464	158.616	0.18823529411764706	0.3137254901960784	0.9725490196078431
G	C5_1	168.839	233.277	159.117	0.5647058823529412	0.5647058823529412	0.5647058823529412
G	C6_1	168.256	234.46	158.577	0.5647058823529412	0.5647058823529412	0.5647058823529412
G	O6_1	168.541	235.051	157.523	1.0	0.050980392156862744	0.050980392156862744
G	N1_1	167.25	234.958	159.404	0.18823529411764706	0.3137254901960784	0.9725490196078431
G	C2_1	166.857	234.4	160.599	0.5647058823529412	0.5647058823529412	0.5647058823529412
G	N2_1	165.859	235.027	161.248	0.18823529411764706	0.3137254901960784	0.9725490196078431
G	N3_1	167.401	233.303	161.121	0.18823529411764706	0.3137254901960784	0.9725490196078431
G	C4_1	168.379	232.797	160.333	0.5647058823529412	0.5647058823529412	0.5647058823529412
C	P_2	163.782	244.067	156.919	1.0	0.5019607843137255	0.0
C	OP1_2	163.415	245.426	157.417	1.0	0.050980392156862744	0.050980392156862744
C	OP2_2	165.121	243.848	156.299	1.0	0.050980392156862744	0.050980392156862744
C	O5'_2	163.617	243.036	158.123	1.0	0.050980392156862744	0.050980392156862744
C	C5'_2	162.345	242.876	158.79	0.5647058823529412	0.5647058823529412	0.5647058823529412
C	C4'_2	162.36	241.631	159.646	0.5647058823529412	0.5647058823529412	0.5647058823529412
C	O4'_2	162.456	240.455	158.798	1.0	0.050980392156862744	0.050980392156862744
C	C3'_2	163.545	241.507	160.593	0.5647058823529412	0.5647058823529412	0.5647058823529412
C	O3'_2	163.352	242.271	161.781	1.0	0.050980392156862744	0.050980392156862744
C	C2'_2	163.612	240.004	160.839	0.5647058823529412	0.5647058823529412	0.5647058823529412
C	O2'_2	162.659	239.553	161.785	1.0	0.050980392156862744	0.050980392156862744
C	C1'_2	163.244	239.466	159.45	0.5647058823529412	0.5647058823529412	0.5647058823529412
C	N1_2	164.4	239.133	158.587	0.18823529411764706	0.3137254901960784	0.9725490196078431
C	C2_2	165.001	237.865	158.725	0.5647058823529412	0.5647058823529412	0.5647058823529412
C	O2_2	164.569	237.08	159.591	1.0	0.050980392156862744	0.050980392156862744
C	N3_2	166.033	237.534	157.916	0.18823529411764706	0.3137254901960784	0.9725490196078431
C	C4_2	166.476	238.406	157.006	0.5647058823529412	0.5647058823529412	0.5647058823529412
C	N4_2	167.485	238.023	156.222	0.18823529411764706	0.3137254901960784	0.9725490196078431
C	C5_2	165.901	239.707	156.858	0.5647058823529412	0.5647058823529412	0.5647058823529412
C	C6_2	164.876	240.025	157.661	0.5647058823529412	0.5647058823529412	0.5647058823529412
