C	P_1	175.226	197.326	128.942	1.0	0.5019607843137255	0.0
C	OP1_1	175.979	197.352	130.231	1.0	0.050980392156862744	0.050980392156862744
C	OP2_1	173.743	197.229	128.961	1.0	0.050980392156862744	0.050980392156862744
C	O5'_1	175.63	198.62	128.102	1.0	0.050980392156862744	0.050980392156862744
C	C5'_1	177.014	198.917	127.831	0.5647058823529412	0.5647058823529412	0.5647058823529412
C	C4'_1	177.132	200.07	126.86	0.5647058823529412	0.5647058823529412	0.5647058823529412
C	O4'_1	176.511	199.708	125.596	1.0	0.050980392156862744	0.050980392156862744
C	C3'_1	176.428	201.363	127.24	0.5647058823529412	0.5647058823529412	0.5647058823529412
C	O3'_1	177.155	202.132	128.193	1.0	0.050980392156862744	0.050980392156862744
C	C2'_1	176.319	202.06	125.892	0.5647058823529412	0.5647058823529412	0.5647058823529412
C	O2'_1	177.54	202.643	125.474	1.0	0.050980392156862744	0.050980392156862744
C	C1'_1	175.985	200.877	124.978	0.5647058823529412	0.5647058823529412	0.5647058823529412
C	N1_1	174.528	200.711	124.766	0.18823529411764706	0.3137254901960784	0.9725490196078431
C	C2_1	173.897	201.491	123.772	0.5647058823529412	0.5647058823529412	0.5647058823529412
C	O2_1	174.583	202.276	123.089	1.0	0.050980392156862744	0.050980392156862744
C	N3_1	172.564	201.363	123.584	0.18823529411764706	0.3137254901960784	0.9725490196078431
C	C4_1	171.862	200.506	124.331	0.5647058823529412	0.5647058823529412	0.5647058823529412
C	N4_1	170.55	200.423	124.111	0.18823529411764706	0.3137254901960784	0.9725490196078431
C	C5_1	172.475	199.697	125.337	0.5647058823529412	0.5647058823529412	0.5647058823529412
C	C6_1	173.795	199.83	125.518	0.5647058823529412	0.5647058823529412	0.5647058823529412
G	P_2	165.36	206.698	116.793	1.0	0.5019607843137255	0.0
G	OP1_2	165.247	206.942	115.325	1.0	0.050980392156862744	0.050980392156862744
G	OP2_2	165.127	205.328	117.328	1.0	0.050980392156862744	0.050980392156862744
G	O5'_2	166.808	207.177	117.268	1.0	0.050980392156862744	0.050980392156862744
G	C5'_2	167.272	208.521	117.017	0.5647058823529412	0.5647058823529412	0.5647058823529412
G	C4'_2	168.652	208.717	117.606	0.5647058823529412	0.5647058823529412	0.5647058823529412
G	O4'_2	168.591	208.566	119.052	1.0	0.050980392156862744	0.050980392156862744
G	C3'_2	169.711	207.711	117.17	0.5647058823529412	0.5647058823529412	0.5647058823529412
G	O3'_2	170.287	208.056	115.909	1.0	0.050980392156862744	0.050980392156862744
G	C2'_2	170.719	207.78	118.312	0.5647058823529412	0.5647058823529412	0.5647058823529412
G	O2'_2	171.591	208.888	118.217	1.0	0.050980392156862744	0.050980392156862744
G	C1'_2	169.796	207.973	119.521	0.5647058823529412	0.5647058823529412	0.5647058823529412
G	N9_2	169.469	206.737	120.235	0.18823529411764706	0.3137254901960784	0.9725490196078431
G	C8_2	168.232	206.14	120.343	0.5647058823529412	0.5647058823529412	0.5647058823529412
G	N7_2	168.248	205.043	121.052	0.18823529411764706	0.3137254901960784	0.9725490196078431
G	C5_2	169.575	204.899	121.436	0.5647058823529412	0.5647058823529412	0.5647058823529412
G	C6_2	170.201	203.891	122.218	0.5647058823529412	0.5647058823529412	0.5647058823529412
G	O6_2	169.689	202.892	122.738	1.0	0.050980392156862744	0.050980392156862744
G	N1_2	171.563	204.132	122.368	0.18823529411764706	0.3137254901960784	0.9725490196078431
G	C2_2	172.241	205.2	121.832	0.5647058823529412	0.5647058823529412	0.5647058823529412
G	N2_2	173.559	205.251	122.085	0.18823529411764706	0.3137254901960784	0.9725490196078431
G	N3_2	171.671	206.148	121.099	0.18823529411764706	0.3137254901960784	0.9725490196078431
G	C4_2	170.345	205.937	120.943	0.5647058823529412	0.5647058823529412	0.5647058823529412
