C	P_1	247.779	191.282	165.13	1.0	0.5019607843137255	0.0
C	OP1_1	248.788	191.231	164.033	1.0	0.050980392156862744	0.050980392156862744
C	OP2_1	247.101	192.566	165.444	1.0	0.050980392156862744	0.050980392156862744
C	O5'_1	246.653	190.192	164.849	1.0	0.050980392156862744	0.050980392156862744
C	C5'_1	246.997	188.857	164.429	0.5647058823529412	0.5647058823529412	0.5647058823529412
C	C4'_1	245.755	188.114	164.004	0.5647058823529412	0.5647058823529412	0.5647058823529412
C	O4'_1	244.926	187.83	165.163	1.0	0.050980392156862744	0.050980392156862744
C	C3'_1	244.835	188.882	163.065	0.5647058823529412	0.5647058823529412	0.5647058823529412
C	O3'_1	245.302	188.829	161.72	1.0	0.050980392156862744	0.050980392156862744
C	C2'_1	243.491	188.196	163.287	0.5647058823529412	0.5647058823529412	0.5647058823529412
C	O2'_1	243.339	186.982	162.584	1.0	0.050980392156862744	0.050980392156862744
C	C1'_1	243.556	187.893	164.789	0.5647058823529412	0.5647058823529412	0.5647058823529412
C	N1_1	242.876	188.901	165.627	0.18823529411764706	0.3137254901960784	0.9725490196078431
C	C2_1	241.49	188.78	165.843	0.5647058823529412	0.5647058823529412	0.5647058823529412
C	O2_1	240.883	187.812	165.348	1.0	0.050980392156862744	0.050980392156862744
C	N3_1	240.857	189.719	166.587	0.18823529411764706	0.3137254901960784	0.9725490196078431
C	C4_1	241.549	190.739	167.105	0.5647058823529412	0.5647058823529412	0.5647058823529412
C	N4_1	240.884	191.648	167.811	0.18823529411764706	0.3137254901960784	0.9725490196078431
C	C5_1	242.957	190.873	166.916	0.5647058823529412	0.5647058823529412	0.5647058823529412
C	C6_1	243.572	189.941	166.179	0.5647058823529412	0.5647058823529412	0.5647058823529412
G	P_2	229.998	191.955	168.483	1.0	0.5019607843137255	0.0
G	OP1_2	228.891	191.364	169.302	1.0	0.050980392156862744	0.050980392156862744
G	OP2_2	231.096	192.708	169.161	1.0	0.050980392156862744	0.050980392156862744
G	O5'_2	230.662	190.773	167.638	1.0	0.050980392156862744	0.050980392156862744
G	C5'_2	229.849	189.91	166.813	0.5647058823529412	0.5647058823529412	0.5647058823529412
G	C4'_2	230.727	189.007	165.981	0.5647058823529412	0.5647058823529412	0.5647058823529412
G	O4'_2	231.589	189.822	165.136	1.0	0.050980392156862744	0.050980392156862744
G	C3'_2	231.703	188.134	166.757	0.5647058823529412	0.5647058823529412	0.5647058823529412
G	O3'_2	231.098	186.949	167.267	1.0	0.050980392156862744	0.050980392156862744
G	C2'_2	232.767	187.836	165.708	0.5647058823529412	0.5647058823529412	0.5647058823529412
G	O2'_2	232.378	186.842	164.779	1.0	0.050980392156862744	0.050980392156862744
G	C1'_2	232.856	189.186	164.994	0.5647058823529412	0.5647058823529412	0.5647058823529412
G	N9_2	233.88	190.046	165.585	0.18823529411764706	0.3137254901960784	0.9725490196078431
G	C8_2	233.691	191.253	166.224	0.5647058823529412	0.5647058823529412	0.5647058823529412
G	N7_2	234.806	191.789	166.647	0.18823529411764706	0.3137254901960784	0.9725490196078431
G	C5_2	235.79	190.882	166.271	0.5647058823529412	0.5647058823529412	0.5647058823529412
G	C6_2	237.19	190.922	166.465	0.5647058823529412	0.5647058823529412	0.5647058823529412
G	O6_2	237.861	191.798	167.022	1.0	0.050980392156862744	0.050980392156862744
G	N1_2	237.815	189.799	165.931	0.18823529411764706	0.3137254901960784	0.9725490196078431
G	C2_2	237.173	188.772	165.287	0.5647058823529412	0.5647058823529412	0.5647058823529412
G	N2_2	237.954	187.778	164.829	0.18823529411764706	0.3137254901960784	0.9725490196078431
G	N3_2	235.86	188.72	165.101	0.18823529411764706	0.3137254901960784	0.9725490196078431
G	C4_2	235.237	189.801	165.614	0.5647058823529412	0.5647058823529412	0.5647058823529412
