G	P_1	145.524	269.515	168.464	1.0	0.5019607843137255	0.0
G	OP1_1	144.335	269.003	167.725	1.0	0.050980392156862744	0.050980392156862744
G	OP2_1	146.893	269.149	167.999	1.0	0.050980392156862744	0.050980392156862744
G	O5'_1	145.421	271.103	168.542	1.0	0.050980392156862744	0.050980392156862744
G	C5'_1	146.371	271.859	169.316	0.5647058823529412	0.5647058823529412	0.5647058823529412
G	C4'_1	145.936	273.302	169.417	0.5647058823529412	0.5647058823529412	0.5647058823529412
G	O4'_1	144.724	273.406	170.222	1.0	0.050980392156862744	0.050980392156862744
G	C3'_1	146.912	274.202	170.151	0.5647058823529412	0.5647058823529412	0.5647058823529412
G	O3'_1	148.018	274.582	169.336	1.0	0.050980392156862744	0.050980392156862744
G	C2'_1	146.019	275.368	170.555	0.5647058823529412	0.5647058823529412	0.5647058823529412
G	O2'_1	145.729	276.246	169.485	1.0	0.050980392156862744	0.050980392156862744
G	C1'_1	144.749	274.622	170.972	0.5647058823529412	0.5647058823529412	0.5647058823529412
G	N9_1	144.79	274.301	172.398	0.18823529411764706	0.3137254901960784	0.9725490196078431
G	C8_1	145.078	273.085	172.974	0.5647058823529412	0.5647058823529412	0.5647058823529412
G	N7_1	145.092	273.125	174.278	0.18823529411764706	0.3137254901960784	0.9725490196078431
G	C5_1	144.782	274.442	174.586	0.5647058823529412	0.5647058823529412	0.5647058823529412
G	C6_1	144.654	275.087	175.844	0.5647058823529412	0.5647058823529412	0.5647058823529412
G	O6_1	144.809	274.608	176.974	1.0	0.050980392156862744	0.050980392156862744
G	N1_1	144.313	276.429	175.7	0.18823529411764706	0.3137254901960784	0.9725490196078431
G	C2_1	144.125	277.073	174.5	0.5647058823529412	0.5647058823529412	0.5647058823529412
G	N2_1	143.791	278.37	174.571	0.18823529411764706	0.3137254901960784	0.9725490196078431
G	N3_1	144.253	276.486	173.318	0.18823529411764706	0.3137254901960784	0.9725490196078431
G	C4_1	144.579	275.179	173.437	0.5647058823529412	0.5647058823529412	0.5647058823529412
C	P_2	141.367	281.435	184.284	1.0	0.5019607843137255	0.0
C	OP1_2	140.183	282.19	184.782	1.0	0.050980392156862744	0.050980392156862744
C	OP2_2	141.494	279.987	184.592	1.0	0.050980392156862744	0.050980392156862744
C	O5'_2	141.444	281.594	182.698	1.0	0.050980392156862744	0.050980392156862744
C	C5'_2	141.401	282.896	182.079	0.5647058823529412	0.5647058823529412	0.5647058823529412
C	C4'_2	141.533	282.775	180.578	0.5647058823529412	0.5647058823529412	0.5647058823529412
C	O4'_2	142.846	282.251	180.24	1.0	0.050980392156862744	0.050980392156862744
C	C3'_2	140.582	281.807	179.892	0.5647058823529412	0.5647058823529412	0.5647058823529412
C	O3'_2	139.274	282.341	179.723	1.0	0.050980392156862744	0.050980392156862744
C	C2'_2	141.295	281.553	178.57	0.5647058823529412	0.5647058823529412	0.5647058823529412
C	O2'_2	141.138	282.604	177.636	1.0	0.050980392156862744	0.050980392156862744
C	C1'_2	142.756	281.502	179.032	0.5647058823529412	0.5647058823529412	0.5647058823529412
C	N1_2	143.209	280.115	179.275	0.18823529411764706	0.3137254901960784	0.9725490196078431
C	C2_2	143.751	279.385	178.199	0.5647058823529412	0.5647058823529412	0.5647058823529412
C	O2_2	143.904	279.948	177.1	1.0	0.050980392156862744	0.050980392156862744
C	N3_2	144.097	278.093	178.391	0.18823529411764706	0.3137254901960784	0.9725490196078431
C	C4_2	143.939	277.528	179.592	0.5647058823529412	0.5647058823529412	0.5647058823529412
C	N4_2	144.269	276.246	179.724	0.18823529411764706	0.3137254901960784	0.9725490196078431
C	C5_2	143.429	278.254	180.709	0.5647058823529412	0.5647058823529412	0.5647058823529412
C	C6_2	143.083	279.532	180.509	0.5647058823529412	0.5647058823529412	0.5647058823529412
