G	P_1	225.946	217.253	157.533	1.0	0.5019607843137255	0.0
G	OP1_1	226.439	216.066	158.294	1.0	0.050980392156862744	0.050980392156862744
G	OP2_1	225.864	218.577	158.212	1.0	0.050980392156862744	0.050980392156862744
G	O5'_1	226.841	217.419	156.219	1.0	0.050980392156862744	0.050980392156862744
G	C5'_1	227.135	216.285	155.365	0.5647058823529412	0.5647058823529412	0.5647058823529412
G	C4'_1	227.825	216.739	154.09	0.5647058823529412	0.5647058823529412	0.5647058823529412
G	O4'_1	226.929	217.573	153.303	1.0	0.050980392156862744	0.050980392156862744
G	C3'_1	229.076	217.597	154.242	0.5647058823529412	0.5647058823529412	0.5647058823529412
G	O3'_1	230.225	216.794	154.523	1.0	0.050980392156862744	0.050980392156862744
G	C2'_1	229.171	218.271	152.873	0.5647058823529412	0.5647058823529412	0.5647058823529412
G	O2'_1	229.717	217.43	151.877	1.0	0.050980392156862744	0.050980392156862744
G	C1'_1	227.692	218.503	152.543	0.5647058823529412	0.5647058823529412	0.5647058823529412
G	N9_1	227.222	219.856	152.836	0.18823529411764706	0.3137254901960784	0.9725490196078431
G	C8_1	226.453	220.262	153.907	0.5647058823529412	0.5647058823529412	0.5647058823529412
G	N7_1	226.194	221.543	153.9	0.18823529411764706	0.3137254901960784	0.9725490196078431
G	C5_1	226.828	222.018	152.757	0.5647058823529412	0.5647058823529412	0.5647058823529412
G	C6_1	226.904	223.339	152.227	0.5647058823529412	0.5647058823529412	0.5647058823529412
G	O6_1	226.415	224.388	152.687	1.0	0.050980392156862744	0.050980392156862744
G	N1_1	227.641	223.374	151.043	0.18823529411764706	0.3137254901960784	0.9725490196078431
G	C2_1	228.232	222.287	150.448	0.5647058823529412	0.5647058823529412	0.5647058823529412
G	N2_1	228.893	222.524	149.304	0.18823529411764706	0.3137254901960784	0.9725490196078431
G	N3_1	228.177	221.051	150.936	0.18823529411764706	0.3137254901960784	0.9725490196078431
G	C4_1	227.464	220.991	152.084	0.5647058823529412	0.5647058823529412	0.5647058823529412
C	P_2	227.971	232.263	146.025	1.0	0.5019607843137255	0.0
C	OP1_2	227.99	232.922	144.686	1.0	0.050980392156862744	0.050980392156862744
C	OP2_2	226.719	232.258	146.826	1.0	0.050980392156862744	0.050980392156862744
C	O5'_2	228.455	230.76	145.841	1.0	0.050980392156862744	0.050980392156862744
C	C5'_2	229.743	230.481	145.264	0.5647058823529412	0.5647058823529412	0.5647058823529412
C	C4'_2	230.068	229.016	145.394	0.5647058823529412	0.5647058823529412	0.5647058823529412
C	O4'_2	230.427	228.691	146.762	1.0	0.050980392156862744	0.050980392156862744
C	C3'_2	228.926	228.063	145.085	0.5647058823529412	0.5647058823529412	0.5647058823529412
C	O3'_2	228.699	227.92	143.69	1.0	0.050980392156862744	0.050980392156862744
C	C2'_2	229.4	226.79	145.765	0.5647058823529412	0.5647058823529412	0.5647058823529412
C	O2'_2	230.41	226.124	145.039	1.0	0.050980392156862744	0.050980392156862744
C	C1'_2	230.012	227.361	147.047	0.5647058823529412	0.5647058823529412	0.5647058823529412
C	N1_2	229.036	227.384	148.157	0.18823529411764706	0.3137254901960784	0.9725490196078431
C	C2_2	228.968	226.273	149.019	0.5647058823529412	0.5647058823529412	0.5647058823529412
C	O2_2	229.747	225.32	148.838	1.0	0.050980392156862744	0.050980392156862744
C	N3_2	228.06	226.272	150.023	0.18823529411764706	0.3137254901960784	0.9725490196078431
C	C4_2	227.245	227.32	150.192	0.5647058823529412	0.5647058823529412	0.5647058823529412
C	N4_2	226.362	227.268	151.197	0.18823529411764706	0.3137254901960784	0.9725490196078431
C	C5_2	227.298	228.466	149.338	0.5647058823529412	0.5647058823529412	0.5647058823529412
C	C6_2	228.2	228.456	148.344	0.5647058823529412	0.5647058823529412	0.5647058823529412
