C	P_1	163.858	109.951	163.132	1.0	0.5019607843137255	0.0
C	OP1_1	163.789	110.488	164.524	1.0	0.050980392156862744	0.050980392156862744
C	OP2_1	163.47	110.821	161.992	1.0	0.050980392156862744	0.050980392156862744
C	O5'_1	165.333	109.412	162.864	1.0	0.050980392156862744	0.050980392156862744
C	C5'_1	166.02	108.625	163.853	0.5647058823529412	0.5647058823529412	0.5647058823529412
C	C4'_1	167.383	108.218	163.348	0.5647058823529412	0.5647058823529412	0.5647058823529412
C	O4'_1	167.24	107.325	162.212	1.0	0.050980392156862744	0.050980392156862744
C	C3'_1	168.261	109.334	162.811	0.5647058823529412	0.5647058823529412	0.5647058823529412
C	O3'_1	168.886	110.096	163.837	1.0	0.050980392156862744	0.050980392156862744
C	C2'_1	169.253	108.571	161.942	0.5647058823529412	0.5647058823529412	0.5647058823529412
C	O2'_1	170.291	107.947	162.672	1.0	0.050980392156862744	0.050980392156862744
C	C1'_1	168.344	107.502	161.331	0.5647058823529412	0.5647058823529412	0.5647058823529412
C	N1_1	167.844	107.878	159.995	0.18823529411764706	0.3137254901960784	0.9725490196078431
C	C2_1	168.54	107.421	158.864	0.5647058823529412	0.5647058823529412	0.5647058823529412
C	O2_1	169.541	106.7	159.019	1.0	0.050980392156862744	0.050980392156862744
C	N3_1	168.103	107.777	157.637	0.18823529411764706	0.3137254901960784	0.9725490196078431
C	C4_1	167.023	108.553	157.51	0.5647058823529412	0.5647058823529412	0.5647058823529412
C	N4_1	166.639	108.886	156.278	0.18823529411764706	0.3137254901960784	0.9725490196078431
C	C5_1	166.292	109.023	158.641	0.5647058823529412	0.5647058823529412	0.5647058823529412
C	C6_1	166.731	108.664	159.851	0.5647058823529412	0.5647058823529412	0.5647058823529412
G	P_2	171.356	105.917	146.668	1.0	0.5019607843137255	0.0
G	OP1_2	171.736	104.853	145.694	1.0	0.050980392156862744	0.050980392156862744
G	OP2_2	169.916	106.226	146.893	1.0	0.050980392156862744	0.050980392156862744
G	O5'_2	172.014	105.549	148.074	1.0	0.050980392156862744	0.050980392156862744
G	C5'_2	173.425	105.268	148.181	0.5647058823529412	0.5647058823529412	0.5647058823529412
G	C4'_2	173.82	105.108	149.631	0.5647058823529412	0.5647058823529412	0.5647058823529412
G	O4'_2	173.597	106.363	150.334	1.0	0.050980392156862744	0.050980392156862744
G	C3'_2	173.018	104.092	150.432	0.5647058823529412	0.5647058823529412	0.5647058823529412
G	O3'_2	173.468	102.752	150.226	1.0	0.050980392156862744	0.050980392156862744
G	C2'_2	173.228	104.577	151.862	0.5647058823529412	0.5647058823529412	0.5647058823529412
G	O2'_2	174.493	104.219	152.388	1.0	0.050980392156862744	0.050980392156862744
G	C1'_2	173.178	106.095	151.668	0.5647058823529412	0.5647058823529412	0.5647058823529412
G	N9_2	171.838	106.648	151.859	0.18823529411764706	0.3137254901960784	0.9725490196078431
G	C8_2	170.952	107.054	150.886	0.5647058823529412	0.5647058823529412	0.5647058823529412
G	N7_2	169.83	107.514	151.372	0.18823529411764706	0.3137254901960784	0.9725490196078431
G	C5_2	169.981	107.405	152.748	0.5647058823529412	0.5647058823529412	0.5647058823529412
G	C6_2	169.093	107.75	153.798	0.5647058823529412	0.5647058823529412	0.5647058823529412
G	O6_2	167.96	108.24	153.719	1.0	0.050980392156862744	0.050980392156862744
G	N1_2	169.645	107.471	155.046	0.18823529411764706	0.3137254901960784	0.9725490196078431
G	C2_2	170.89	106.929	155.257	0.5647058823529412	0.5647058823529412	0.5647058823529412
G	N2_2	171.241	106.731	156.537	0.18823529411764706	0.3137254901960784	0.9725490196078431
G	N3_2	171.729	106.604	154.286	0.18823529411764706	0.3137254901960784	0.9725490196078431
G	C4_2	171.213	106.868	153.065	0.5647058823529412	0.5647058823529412	0.5647058823529412
