C	P_1	244.029	131.609	257.264	1.0	0.5019607843137255	0.0
C	OP1_1	244.81	131.658	258.533	1.0	0.050980392156862744	0.050980392156862744
C	OP2_1	243.331	130.354	256.879	1.0	0.050980392156862744	0.050980392156862744
C	O5'_1	242.953	132.789	257.285	1.0	0.050980392156862744	0.050980392156862744
C	C5'_1	243.343	134.142	257.595	0.5647058823529412	0.5647058823529412	0.5647058823529412
C	C4'_1	242.153	135.081	257.515	0.5647058823529412	0.5647058823529412	0.5647058823529412
C	O4'_1	241.649	135.124	256.153	1.0	0.050980392156862744	0.050980392156862744
C	C3'_1	240.915	134.731	258.331	0.5647058823529412	0.5647058823529412	0.5647058823529412
C	O3'_1	241.051	135.074	259.711	1.0	0.050980392156862744	0.050980392156862744
C	C2'_1	239.841	135.57	257.644	0.5647058823529412	0.5647058823529412	0.5647058823529412
C	O2'_1	239.854	136.934	258.023	1.0	0.050980392156862744	0.050980392156862744
C	C1'_1	240.265	135.455	256.177	0.5647058823529412	0.5647058823529412	0.5647058823529412
C	N1_1	239.497	134.431	255.442	0.18823529411764706	0.3137254901960784	0.9725490196078431
C	C2_1	238.28	134.804	254.847	0.5647058823529412	0.5647058823529412	0.5647058823529412
C	O2_1	237.899	135.988	254.936	1.0	0.050980392156862744	0.050980392156862744
C	N3_1	237.555	133.873	254.192	0.18823529411764706	0.3137254901960784	0.9725490196078431
C	C4_1	238.0	132.617	254.112	0.5647058823529412	0.5647058823529412	0.5647058823529412
C	N4_1	237.249	131.734	253.459	0.18823529411764706	0.3137254901960784	0.9725490196078431
C	C5_1	239.235	132.212	254.698	0.5647058823529412	0.5647058823529412	0.5647058823529412
C	C6_1	239.945	133.142	255.346	0.5647058823529412	0.5647058823529412	0.5647058823529412
G	P_2	228.207	132.196	254.443	1.0	0.5019607843137255	0.0
G	OP1_2	226.996	131.809	255.221	1.0	0.050980392156862744	0.050980392156862744
G	OP2_2	228.402	131.651	253.07	1.0	0.050980392156862744	0.050980392156862744
G	O5'_2	228.255	133.794	254.375	1.0	0.050980392156862744	0.050980392156862744
G	C5'_2	228.042	134.599	255.563	0.5647058823529412	0.5647058823529412	0.5647058823529412
G	C4'_2	228.318	136.07	255.287	0.5647058823529412	0.5647058823529412	0.5647058823529412
G	O4'_2	229.732	136.308	255.059	1.0	0.050980392156862744	0.050980392156862744
G	C3'_2	227.599	136.728	254.117	0.5647058823529412	0.5647058823529412	0.5647058823529412
G	O3'_2	227.325	138.101	254.426	1.0	0.050980392156862744	0.050980392156862744
G	C2'_2	228.603	136.553	252.975	0.5647058823529412	0.5647058823529412	0.5647058823529412
G	O2'_2	228.479	137.546	251.975	1.0	0.050980392156862744	0.050980392156862744
G	C1'_2	229.955	136.644	253.699	0.5647058823529412	0.5647058823529412	0.5647058823529412
G	N9_2	230.981	135.725	253.201	0.18823529411764706	0.3137254901960784	0.9725490196078431
G	C8_2	230.798	134.578	252.46	0.5647058823529412	0.5647058823529412	0.5647058823529412
G	N7_2	231.905	133.917	252.254	0.18823529411764706	0.3137254901960784	0.9725490196078431
G	C5_2	232.884	134.679	252.878	0.5647058823529412	0.5647058823529412	0.5647058823529412
G	C6_2	234.285	134.45	253.014	0.5647058823529412	0.5647058823529412	0.5647058823529412
G	O6_2	234.956	133.491	252.605	1.0	0.050980392156862744	0.050980392156862744
G	N1_2	234.906	135.479	253.717	0.18823529411764706	0.3137254901960784	0.9725490196078431
G	C2_2	234.27	136.579	254.232	0.5647058823529412	0.5647058823529412	0.5647058823529412
G	N2_2	235.049	137.459	254.878	0.18823529411764706	0.3137254901960784	0.9725490196078431
G	N3_2	232.964	136.801	254.123	0.18823529411764706	0.3137254901960784	0.9725490196078431
G	C4_2	232.337	135.814	253.441	0.5647058823529412	0.5647058823529412	0.5647058823529412
