C	P_1	278.917	213.748	236.031	1.0	0.5019607843137255	0.0
C	OP1_1	279.958	213.012	236.809	1.0	0.050980392156862744	0.050980392156862744
C	OP2_1	277.574	213.974	236.638	1.0	0.050980392156862744	0.050980392156862744
C	O5'_1	279.515	215.165	235.603	1.0	0.050980392156862744	0.050980392156862744
C	C5'_1	280.894	215.295	235.182	0.5647058823529412	0.5647058823529412	0.5647058823529412
C	C4'_1	281.154	216.682	234.632	0.5647058823529412	0.5647058823529412	0.5647058823529412
C	O4'_1	280.365	216.88	233.428	1.0	0.050980392156862744	0.050980392156862744
C	C3'_1	280.767	217.854	235.525	0.5647058823529412	0.5647058823529412	0.5647058823529412
C	O3'_1	281.745	218.132	236.528	1.0	0.050980392156862744	0.050980392156862744
C	C2'_1	280.618	218.982	234.512	0.5647058823529412	0.5647058823529412	0.5647058823529412
C	O2'_1	281.857	219.514	234.083	1.0	0.050980392156862744	0.050980392156862744
C	C1'_1	279.96	218.242	233.343	0.5647058823529412	0.5647058823529412	0.5647058823529412
C	N1_1	278.483	218.301	233.387	0.18823529411764706	0.3137254901960784	0.9725490196078431
C	C2_1	277.828	219.404	232.808	0.5647058823529412	0.5647058823529412	0.5647058823529412
C	O2_1	278.506	220.292	232.262	1.0	0.050980392156862744	0.050980392156862744
C	N3_1	276.475	219.467	232.86	0.18823529411764706	0.3137254901960784	0.9725490196078431
C	C4_1	275.781	218.487	233.453	0.5647058823529412	0.5647058823529412	0.5647058823529412
C	N4_1	274.454	218.591	233.482	0.18823529411764706	0.3137254901960784	0.9725490196078431
C	C5_1	276.421	217.356	234.043	0.5647058823529412	0.5647058823529412	0.5647058823529412
C	C6_1	277.758	217.305	233.987	0.5647058823529412	0.5647058823529412	0.5647058823529412
G	P_2	268.183	226.659	229.162	1.0	0.5019607843137255	0.0
G	OP1_2	267.825	227.551	228.022	1.0	0.050980392156862744	0.050980392156862744
G	OP2_2	267.859	225.208	229.091	1.0	0.050980392156862744	0.050980392156862744
G	O5'_2	269.749	226.802	229.418	1.0	0.050980392156862744	0.050980392156862744
G	C5'_2	270.392	228.088	229.389	0.5647058823529412	0.5647058823529412	0.5647058823529412
G	C4'_2	271.878	227.932	229.606	0.5647058823529412	0.5647058823529412	0.5647058823529412
G	O4'_2	272.117	227.38	230.929	1.0	0.050980392156862744	0.050980392156862744
G	C3'_2	272.584	226.968	228.663	0.5647058823529412	0.5647058823529412	0.5647058823529412
G	O3'_2	272.909	227.593	227.422	1.0	0.050980392156862744	0.050980392156862744
G	C2'_2	273.815	226.568	229.467	0.5647058823529412	0.5647058823529412	0.5647058823529412
G	O2'_2	274.842	227.537	229.424	1.0	0.050980392156862744	0.050980392156862744
G	C1'_2	273.242	226.511	230.888	0.5647058823529412	0.5647058823529412	0.5647058823529412
G	N9_2	272.813	225.173	231.295	0.18823529411764706	0.3137254901960784	0.9725490196078431
G	C8_2	271.521	224.71	231.4	0.5647058823529412	0.5647058823529412	0.5647058823529412
G	N7_2	271.451	223.465	231.792	0.18823529411764706	0.3137254901960784	0.9725490196078431
G	C5_2	272.775	223.08	231.954	0.5647058823529412	0.5647058823529412	0.5647058823529412
G	C6_2	273.325	221.839	232.362	0.5647058823529412	0.5647058823529412	0.5647058823529412
G	O6_2	272.73	220.802	232.675	1.0	0.050980392156862744	0.050980392156862744
G	N1_2	274.717	221.878	232.389	0.18823529411764706	0.3137254901960784	0.9725490196078431
G	C2_2	275.482	222.971	232.066	0.5647058823529412	0.5647058823529412	0.5647058823529412
G	N2_2	276.813	222.808	232.158	0.18823529411764706	0.3137254901960784	0.9725490196078431
G	N3_2	274.981	224.138	231.685	0.18823529411764706	0.3137254901960784	0.9725490196078431
G	C4_2	273.63	224.121	231.652	0.5647058823529412	0.5647058823529412	0.5647058823529412
