G	P_1	80.425	211.722	223.799	1.0	0.5019607843137255	0.0
G	OP1_1	80.458	213.208	223.683	1.0	0.050980392156862744	0.050980392156862744
G	OP2_1	81.622	210.926	223.41	1.0	0.050980392156862744	0.050980392156862744
G	O5'_1	80.027	211.35	225.296	1.0	0.050980392156862744	0.050980392156862744
G	C5'_1	81.019	210.95	226.256	0.5647058823529412	0.5647058823529412	0.5647058823529412
G	C4'_1	80.391	210.066	227.303	0.5647058823529412	0.5647058823529412	0.5647058823529412
G	O4'_1	79.922	208.834	226.688	1.0	0.050980392156862744	0.050980392156862744
G	C3'_1	81.317	209.595	228.411	0.5647058823529412	0.5647058823529412	0.5647058823529412
G	O3'_1	81.443	210.599	229.416	1.0	0.050980392156862744	0.050980392156862744
G	C2'_1	80.605	208.341	228.914	0.5647058823529412	0.5647058823529412	0.5647058823529412
G	O2'_1	79.52	208.622	229.777	1.0	0.050980392156862744	0.050980392156862744
G	C1'_1	80.057	207.76	227.607	0.5647058823529412	0.5647058823529412	0.5647058823529412
G	N9_1	80.906	206.732	227.006	0.18823529411764706	0.3137254901960784	0.9725490196078431
G	C8_1	81.544	206.783	225.785	0.5647058823529412	0.5647058823529412	0.5647058823529412
G	N7_1	82.236	205.706	225.521	0.18823529411764706	0.3137254901960784	0.9725490196078431
G	C5_1	82.046	204.893	226.632	0.5647058823529412	0.5647058823529412	0.5647058823529412
G	C6_1	82.555	203.598	226.92	0.5647058823529412	0.5647058823529412	0.5647058823529412
G	O6_1	83.301	202.893	226.229	1.0	0.050980392156862744	0.050980392156862744
G	N1_1	82.113	203.137	228.157	0.18823529411764706	0.3137254901960784	0.9725490196078431
G	C2_1	81.29	203.83	229.009	0.5647058823529412	0.5647058823529412	0.5647058823529412
G	N2_1	80.977	203.215	230.163	0.18823529411764706	0.3137254901960784	0.9725490196078431
G	N3_1	80.809	205.04	228.754	0.18823529411764706	0.3137254901960784	0.9725490196078431
G	C4_1	81.225	205.508	227.556	0.5647058823529412	0.5647058823529412	0.5647058823529412
C	P_2	83.803	193.303	230.133	1.0	0.5019607843137255	0.0
C	OP1_2	83.262	191.981	230.564	1.0	0.050980392156862744	0.050980392156862744
C	OP2_2	83.882	193.623	228.688	1.0	0.050980392156862744	0.050980392156862744
C	O5'_2	82.944	194.445	230.84	1.0	0.050980392156862744	0.050980392156862744
C	C5'_2	82.761	194.452	232.269	0.5647058823529412	0.5647058823529412	0.5647058823529412
C	C4'_2	82.143	195.759	232.72	0.5647058823529412	0.5647058823529412	0.5647058823529412
C	O4'_2	83.081	196.852	232.531	1.0	0.050980392156862744	0.050980392156862744
C	C3'_2	80.903	196.214	231.97	0.5647058823529412	0.5647058823529412	0.5647058823529412
C	O3'_2	79.737	195.535	232.416	1.0	0.050980392156862744	0.050980392156862744
C	C2'_2	80.871	197.703	232.287	0.5647058823529412	0.5647058823529412	0.5647058823529412
C	O2'_2	80.37	197.983	233.577	1.0	0.050980392156862744	0.050980392156862744
C	C1'_2	82.363	198.046	232.25	0.5647058823529412	0.5647058823529412	0.5647058823529412
C	N1_2	82.801	198.579	230.945	0.18823529411764706	0.3137254901960784	0.9725490196078431
C	C2_2	82.627	199.951	230.68	0.5647058823529412	0.5647058823529412	0.5647058823529412
C	O2_2	82.134	200.683	231.561	1.0	0.050980392156862744	0.050980392156862744
C	N3_2	83.001	200.442	229.476	0.18823529411764706	0.3137254901960784	0.9725490196078431
C	C4_2	83.533	199.628	228.56	0.5647058823529412	0.5647058823529412	0.5647058823529412
C	N4_2	83.877	200.153	227.383	0.18823529411764706	0.3137254901960784	0.9725490196078431
C	C5_2	83.733	198.238	228.807	0.5647058823529412	0.5647058823529412	0.5647058823529412
C	C6_2	83.358	197.761	229.999	0.5647058823529412	0.5647058823529412	0.5647058823529412
