G	P_1	282.144	151.205	200.223	1.0	0.5019607843137255	0.0
G	OP1_1	281.306	152.264	199.59	1.0	0.050980392156862744	0.050980392156862744
G	OP2_1	282.426	149.951	199.476	1.0	0.050980392156862744	0.050980392156862744
G	O5'_1	283.539	151.863	200.633	1.0	0.050980392156862744	0.050980392156862744
G	C5'_1	283.59	153.102	201.376	0.5647058823529412	0.5647058823529412	0.5647058823529412
G	C4'_1	284.967	153.303	201.972	0.5647058823529412	0.5647058823529412	0.5647058823529412
G	O4'_1	285.318	152.132	202.761	1.0	0.050980392156862744	0.050980392156862744
G	C3'_1	286.12	153.443	200.987	0.5647058823529412	0.5647058823529412	0.5647058823529412
G	O3'_1	286.248	154.785	200.517	1.0	0.050980392156862744	0.050980392156862744
G	C2'_1	287.316	153.021	201.833	0.5647058823529412	0.5647058823529412	0.5647058823529412
G	O2'_1	287.744	154.04	202.717	1.0	0.050980392156862744	0.050980392156862744
G	C1'_1	286.712	151.882	202.658	0.5647058823529412	0.5647058823529412	0.5647058823529412
G	N9_1	286.904	150.554	202.072	0.18823529411764706	0.3137254901960784	0.9725490196078431
G	C8_1	285.925	149.704	201.607	0.5647058823529412	0.5647058823529412	0.5647058823529412
G	N7_1	286.397	148.578	201.144	0.18823529411764706	0.3137254901960784	0.9725490196078431
G	C5_1	287.771	148.687	201.309	0.5647058823529412	0.5647058823529412	0.5647058823529412
G	C6_1	288.809	147.777	200.982	0.5647058823529412	0.5647058823529412	0.5647058823529412
G	O6_1	288.713	146.654	200.461	1.0	0.050980392156862744	0.050980392156862744
G	N1_1	290.063	148.286	201.318	0.18823529411764706	0.3137254901960784	0.9725490196078431
G	C2_1	290.289	149.512	201.892	0.5647058823529412	0.5647058823529412	0.5647058823529412
G	N2_1	291.572	149.817	202.145	0.18823529411764706	0.3137254901960784	0.9725490196078431
G	N3_1	289.329	150.375	202.199	0.18823529411764706	0.3137254901960784	0.9725490196078431
G	C4_1	288.103	149.9	201.882	0.5647058823529412	0.5647058823529412	0.5647058823529412
C	P_2	297.946	141.874	200.743	1.0	0.5019607843137255	0.0
C	OP1_2	297.265	142.105	199.437	1.0	0.050980392156862744	0.050980392156862744
C	OP2_2	299.357	141.41	200.762	1.0	0.050980392156862744	0.050980392156862744
C	O5'_2	297.837	143.215	201.6	1.0	0.050980392156862744	0.050980392156862744
C	C5'_2	298.728	144.327	201.375	0.5647058823529412	0.5647058823529412	0.5647058823529412
C	C4'_2	298.041	145.629	201.724	0.5647058823529412	0.5647058823529412	0.5647058823529412
C	O4'_2	297.027	145.933	200.732	1.0	0.050980392156862744	0.050980392156862744
C	C3'_2	297.286	145.658	203.044	0.5647058823529412	0.5647058823529412	0.5647058823529412
C	O3'_2	298.169	145.892	204.141	1.0	0.050980392156862744	0.050980392156862744
C	C2'_2	296.311	146.813	202.833	0.5647058823529412	0.5647058823529412	0.5647058823529412
C	O2'_2	296.913	148.074	203.032	1.0	0.050980392156862744	0.050980392156862744
C	C1'_2	295.979	146.668	201.344	0.5647058823529412	0.5647058823529412	0.5647058823529412
C	N1_2	294.688	146.022	201.031	0.18823529411764706	0.3137254901960784	0.9725490196078431
C	C2_2	293.522	146.803	201.031	0.5647058823529412	0.5647058823529412	0.5647058823529412
C	O2_2	293.601	148.01	201.315	1.0	0.050980392156862744	0.050980392156862744
C	N3_2	292.341	146.223	200.724	0.18823529411764706	0.3137254901960784	0.9725490196078431
C	C4_2	292.293	144.923	200.432	0.5647058823529412	0.5647058823529412	0.5647058823529412
C	N4_2	291.107	144.396	200.135	0.18823529411764706	0.3137254901960784	0.9725490196078431
C	C5_2	293.458	144.106	200.43	0.5647058823529412	0.5647058823529412	0.5647058823529412
C	C6_2	294.622	144.689	200.733	0.5647058823529412	0.5647058823529412	0.5647058823529412
