G	P_1	142.389	167.47	233.053	1.0	0.5019607843137255	0.0
G	OP1_1	142.358	166.51	234.195	1.0	0.050980392156862744	0.050980392156862744
G	OP2_1	143.702	167.885	232.478	1.0	0.050980392156862744	0.050980392156862744
G	O5'_1	141.506	166.861	231.877	1.0	0.050980392156862744	0.050980392156862744
G	C5'_1	140.15	166.437	232.119	0.5647058823529412	0.5647058823529412	0.5647058823529412
G	C4'_1	139.513	165.958	230.836	0.5647058823529412	0.5647058823529412	0.5647058823529412
G	O4'_1	139.327	167.074	229.924	1.0	0.050980392156862744	0.050980392156862744
G	C3'_1	140.321	164.95	230.033	0.5647058823529412	0.5647058823529412	0.5647058823529412
G	O3'_1	140.195	163.633	230.576	1.0	0.050980392156862744	0.050980392156862744
G	C2'_1	139.734	165.11	228.632	0.5647058823529412	0.5647058823529412	0.5647058823529412
G	O2'_1	138.497	164.444	228.461	1.0	0.050980392156862744	0.050980392156862744
G	C1'_1	139.494	166.627	228.582	0.5647058823529412	0.5647058823529412	0.5647058823529412
G	N9_1	140.591	167.382	227.973	0.18823529411764706	0.3137254901960784	0.9725490196078431
G	C8_1	141.505	168.194	228.617	0.5647058823529412	0.5647058823529412	0.5647058823529412
G	N7_1	142.376	168.733	227.805	0.18823529411764706	0.3137254901960784	0.9725490196078431
G	C5_1	142.024	168.253	226.548	0.5647058823529412	0.5647058823529412	0.5647058823529412
G	C6_1	142.617	168.486	225.272	0.5647058823529412	0.5647058823529412	0.5647058823529412
G	O6_1	143.606	169.185	224.995	1.0	0.050980392156862744	0.050980392156862744
G	N1_1	141.942	167.799	224.258	0.18823529411764706	0.3137254901960784	0.9725490196078431
G	C2_1	140.843	166.987	224.444	0.5647058823529412	0.5647058823529412	0.5647058823529412
G	N2_1	140.334	166.415	223.338	0.18823529411764706	0.3137254901960784	0.9725490196078431
G	N3_1	140.284	166.757	225.63	0.18823529411764706	0.3137254901960784	0.9725490196078431
G	C4_1	140.921	167.419	226.63	0.5647058823529412	0.5647058823529412	0.5647058823529412
C	P_2	145.207	170.502	215.697	1.0	0.5019607843137255	0.0
C	OP1_2	144.775	171.306	214.515	1.0	0.050980392156862744	0.050980392156862744
C	OP2_2	145.843	171.184	216.861	1.0	0.050980392156862744	0.050980392156862744
C	O5'_2	143.942	169.685	216.222	1.0	0.050980392156862744	0.050980392156862744
C	C5'_2	143.329	168.651	215.41	0.5647058823529412	0.5647058823529412	0.5647058823529412
C	C4'_2	142.425	167.789	216.263	0.5647058823529412	0.5647058823529412	0.5647058823529412
C	O4'_2	143.22	167.129	217.286	1.0	0.050980392156862744	0.050980392156862744
C	C3'_2	141.353	168.553	217.035	0.5647058823529412	0.5647058823529412	0.5647058823529412
C	O3'_2	140.206	168.786	216.204	1.0	0.050980392156862744	0.050980392156862744
C	C2'_2	141.082	167.633	218.224	0.5647058823529412	0.5647058823529412	0.5647058823529412
C	O2'_2	140.226	166.551	217.91	1.0	0.050980392156862744	0.050980392156862744
C	C1'_2	142.485	167.075	218.503	0.5647058823529412	0.5647058823529412	0.5647058823529412
C	N1_2	143.259	167.768	219.564	0.18823529411764706	0.3137254901960784	0.9725490196078431
C	C2_2	142.983	167.467	220.92	0.5647058823529412	0.5647058823529412	0.5647058823529412
C	O2_2	142.073	166.655	221.19	1.0	0.050980392156862744	0.050980392156862744
C	N3_2	143.717	168.074	221.89	0.18823529411764706	0.3137254901960784	0.9725490196078431
C	C4_2	144.679	168.947	221.559	0.5647058823529412	0.5647058823529412	0.5647058823529412
C	N4_2	145.378	169.509	222.548	0.18823529411764706	0.3137254901960784	0.9725490196078431
C	C5_2	144.965	169.279	220.198	0.5647058823529412	0.5647058823529412	0.5647058823529412
C	C6_2	144.239	168.675	219.245	0.5647058823529412	0.5647058823529412	0.5647058823529412
