C	P_1	207.864	339.034	171.489	1.0	0.5019607843137255	0.0
C	OP1_1	208.436	340.23	170.807	1.0	0.050980392156862744	0.050980392156862744
C	OP2_1	207.222	337.963	170.678	1.0	0.050980392156862744	0.050980392156862744
C	O5'_1	209.013	338.365	172.372	1.0	0.050980392156862744	0.050980392156862744
C	C5'_1	209.678	339.106	173.418	0.5647058823529412	0.5647058823529412	0.5647058823529412
C	C4'_1	210.397	338.162	174.355	0.5647058823529412	0.5647058823529412	0.5647058823529412
C	O4'_1	209.439	337.218	174.903	1.0	0.050980392156862744	0.050980392156862744
C	C3'_1	211.475	337.287	173.728	0.5647058823529412	0.5647058823529412	0.5647058823529412
C	O3'_1	212.72	337.984	173.647	1.0	0.050980392156862744	0.050980392156862744
C	C2'_1	211.542	336.113	174.7	0.5647058823529412	0.5647058823529412	0.5647058823529412
C	O2'_1	212.297	336.395	175.863	1.0	0.050980392156862744	0.050980392156862744
C	C1'_1	210.067	335.958	175.091	0.5647058823529412	0.5647058823529412	0.5647058823529412
C	N1_1	209.328	334.928	174.323	0.18823529411764706	0.3137254901960784	0.9725490196078431
C	C2_1	209.509	333.57	174.66	0.5647058823529412	0.5647058823529412	0.5647058823529412
C	O2_1	210.284	333.275	175.589	1.0	0.050980392156862744	0.050980392156862744
C	N3_1	208.835	332.624	173.967	0.18823529411764706	0.3137254901960784	0.9725490196078431
C	C4_1	208.009	332.981	172.978	0.5647058823529412	0.5647058823529412	0.5647058823529412
C	N4_1	207.363	332.013	172.323	0.18823529411764706	0.3137254901960784	0.9725490196078431
C	C5_1	207.807	334.347	172.615	0.5647058823529412	0.5647058823529412	0.5647058823529412
C	C6_1	208.48	335.277	173.304	0.5647058823529412	0.5647058823529412	0.5647058823529412
G	P_2	210.21	321.375	174.269	1.0	0.5019607843137255	0.0
G	OP1_2	210.258	320.162	175.138	1.0	0.050980392156862744	0.050980392156862744
G	OP2_2	208.891	321.946	173.879	1.0	0.050980392156862744	0.050980392156862744
G	O5'_2	211.057	322.525	174.983	1.0	0.050980392156862744	0.050980392156862744
G	C5'_2	212.324	322.24	175.629	0.5647058823529412	0.5647058823529412	0.5647058823529412
G	C4'_2	212.986	323.526	176.088	0.5647058823529412	0.5647058823529412	0.5647058823529412
G	O4'_2	213.184	324.403	174.943	1.0	0.050980392156862744	0.050980392156862744
G	C3'_2	212.199	324.384	177.071	0.5647058823529412	0.5647058823529412	0.5647058823529412
G	O3'_2	212.345	323.938	178.417	1.0	0.050980392156862744	0.050980392156862744
G	C2'_2	212.815	325.762	176.863	0.5647058823529412	0.5647058823529412	0.5647058823529412
G	O2'_2	214.056	325.928	177.525	1.0	0.050980392156862744	0.050980392156862744
G	C1'_2	213.043	325.759	175.348	0.5647058823529412	0.5647058823529412	0.5647058823529412
G	N9_2	211.934	326.359	174.608	0.18823529411764706	0.3137254901960784	0.9725490196078431
G	C8_2	211.05	325.726	173.763	0.5647058823529412	0.5647058823529412	0.5647058823529412
G	N7_2	210.158	326.532	173.255	0.18823529411764706	0.3137254901960784	0.9725490196078431
G	C5_2	210.471	327.773	173.793	0.5647058823529412	0.5647058823529412	0.5647058823529412
G	C6_2	209.849	329.04	173.609	0.5647058823529412	0.5647058823529412	0.5647058823529412
G	O6_2	208.867	329.323	172.906	1.0	0.050980392156862744	0.050980392156862744
G	N1_2	210.485	330.035	174.349	0.18823529411764706	0.3137254901960784	0.9725490196078431
G	C2_2	211.579	329.84	175.159	0.5647058823529412	0.5647058823529412	0.5647058823529412
G	N2_2	212.048	330.926	175.795	0.18823529411764706	0.3137254901960784	0.9725490196078431
G	N3_2	212.17	328.667	175.335	0.18823529411764706	0.3137254901960784	0.9725490196078431
G	C4_2	211.566	327.685	174.628	0.5647058823529412	0.5647058823529412	0.5647058823529412
