G	P_1	279.348	172.71	170.385	1.0	0.5019607843137255	0.0
G	OP1_1	280.626	172.174	170.937	1.0	0.050980392156862744	0.050980392156862744
G	OP2_1	278.092	171.917	170.529	1.0	0.050980392156862744	0.050980392156862744
G	O5'_1	279.11	174.16	171.0	1.0	0.050980392156862744	0.050980392156862744
G	C5'_1	278.304	174.354	172.178	0.5647058823529412	0.5647058823529412	0.5647058823529412
G	C4'_1	277.736	175.754	172.184	0.5647058823529412	0.5647058823529412	0.5647058823529412
G	O4'_1	276.917	175.946	170.999	1.0	0.050980392156862744	0.050980392156862744
G	C3'_1	276.815	176.102	173.342	0.5647058823529412	0.5647058823529412	0.5647058823529412
G	O3'_1	277.58	176.508	174.479	1.0	0.050980392156862744	0.050980392156862744
G	C2'_1	275.987	177.248	172.768	0.5647058823529412	0.5647058823529412	0.5647058823529412
G	O2'_1	276.671	178.488	172.797	1.0	0.050980392156862744	0.050980392156862744
G	C1'_1	275.832	176.81	171.305	0.5647058823529412	0.5647058823529412	0.5647058823529412
G	N9_1	274.584	176.109	171.007	0.18823529411764706	0.3137254901960784	0.9725490196078431
G	C8_1	274.439	174.795	170.614	0.5647058823529412	0.5647058823529412	0.5647058823529412
G	N7_1	273.191	174.45	170.418	0.18823529411764706	0.3137254901960784	0.9725490196078431
G	C5_1	272.464	175.604	170.698	0.5647058823529412	0.5647058823529412	0.5647058823529412
G	C6_1	271.048	175.843	170.668	0.5647058823529412	0.5647058823529412	0.5647058823529412
G	O6_1	270.133	175.052	170.387	1.0	0.050980392156862744	0.050980392156862744
G	N1_1	270.746	177.158	171.019	0.18823529411764706	0.3137254901960784	0.9725490196078431
G	C2_1	271.672	178.12	171.362	0.5647058823529412	0.5647058823529412	0.5647058823529412
G	N2_1	271.181	179.332	171.663	0.18823529411764706	0.3137254901960784	0.9725490196078431
G	N3_1	272.986	177.91	171.404	0.18823529411764706	0.3137254901960784	0.9725490196078431
G	C4_1	273.309	176.641	171.06	0.5647058823529412	0.5647058823529412	0.5647058823529412
C	P_2	261.126	180.366	170.922	1.0	0.5019607843137255	0.0
C	OP1_2	260.184	181.382	170.373	1.0	0.050980392156862744	0.050980392156862744
C	OP2_2	261.382	179.116	170.158	1.0	0.050980392156862744	0.050980392156862744
C	O5'_2	262.529	181.066	171.217	1.0	0.050980392156862744	0.050980392156862744
C	C5'_2	262.603	182.242	172.041	0.5647058823529412	0.5647058823529412	0.5647058823529412
C	C4'_2	264.042	182.635	172.284	0.5647058823529412	0.5647058823529412	0.5647058823529412
C	O4'_2	264.73	181.572	172.994	1.0	0.050980392156862744	0.050980392156862744
C	C3'_2	264.892	182.859	171.046	0.5647058823529412	0.5647058823529412	0.5647058823529412
C	O3'_2	264.674	184.147	170.481	1.0	0.050980392156862744	0.050980392156862744
C	C2'_2	266.302	182.683	171.594	0.5647058823529412	0.5647058823529412	0.5647058823529412
C	O2'_2	266.763	183.812	172.309	1.0	0.050980392156862744	0.050980392156862744
C	C1'_2	266.09	181.529	172.577	0.5647058823529412	0.5647058823529412	0.5647058823529412
C	N1_2	266.365	180.2	171.994	0.18823529411764706	0.3137254901960784	0.9725490196078431
C	C2_2	267.657	179.651	172.13	0.5647058823529412	0.5647058823529412	0.5647058823529412
C	O2_2	268.538	180.31	172.719	1.0	0.050980392156862744	0.050980392156862744
C	N3_2	267.909	178.421	171.617	0.18823529411764706	0.3137254901960784	0.9725490196078431
C	C4_2	266.938	177.747	170.987	0.5647058823529412	0.5647058823529412	0.5647058823529412
C	N4_2	267.229	176.536	170.504	0.18823529411764706	0.3137254901960784	0.9725490196078431
C	C5_2	265.623	178.284	170.826	0.5647058823529412	0.5647058823529412	0.5647058823529412
C	C6_2	265.384	179.502	171.338	0.5647058823529412	0.5647058823529412	0.5647058823529412
