G	P_1	253.208	198.01	223.534	1.0	0.5019607843137255	0.0
G	OP1_1	252.597	196.795	224.143	1.0	0.050980392156862744	0.050980392156862744
G	OP2_1	254.42	198.612	224.153	1.0	0.050980392156862744	0.050980392156862744
G	O5'_1	253.529	197.707	222.005	1.0	0.050980392156862744	0.050980392156862744
G	C5'_1	252.473	197.355	221.088	0.5647058823529412	0.5647058823529412	0.5647058823529412
G	C4'_1	252.939	197.535	219.665	0.5647058823529412	0.5647058823529412	0.5647058823529412
G	O4'_1	253.084	198.946	219.355	1.0	0.050980392156862744	0.050980392156862744
G	C3'_1	254.3	196.933	219.372	0.5647058823529412	0.5647058823529412	0.5647058823529412
G	O3'_1	254.164	195.526	219.148	1.0	0.050980392156862744	0.050980392156862744
G	C2'_1	254.757	197.739	218.157	0.5647058823529412	0.5647058823529412	0.5647058823529412
G	O2'_1	254.192	197.3	216.939	1.0	0.050980392156862744	0.050980392156862744
G	C1'_1	254.19	199.128	218.484	0.5647058823529412	0.5647058823529412	0.5647058823529412
G	N9_1	255.15	200.023	219.131	0.18823529411764706	0.3137254901960784	0.9725490196078431
G	C8_1	255.342	200.2	220.484	0.5647058823529412	0.5647058823529412	0.5647058823529412
G	N7_1	256.298	201.048	220.76	0.18823529411764706	0.3137254901960784	0.9725490196078431
G	C5_1	256.763	201.462	219.518	0.5647058823529412	0.5647058823529412	0.5647058823529412
G	C6_1	257.804	202.366	219.182	0.5647058823529412	0.5647058823529412	0.5647058823529412
G	O6_1	258.544	203.002	219.94	1.0	0.050980392156862744	0.050980392156862744
G	N1_1	257.947	202.494	217.804	0.18823529411764706	0.3137254901960784	0.9725490196078431
G	C2_1	257.186	201.837	216.866	0.5647058823529412	0.5647058823529412	0.5647058823529412
G	N2_1	257.476	202.099	215.581	0.18823529411764706	0.3137254901960784	0.9725490196078431
G	N3_1	256.212	200.987	217.165	0.18823529411764706	0.3137254901960784	0.9725490196078431
G	C4_1	256.058	200.848	218.5	0.5647058823529412	0.5647058823529412	0.5647058823529412
C	P_2	264.014	210.242	215.159	1.0	0.5019607843137255	0.0
C	OP1_2	264.161	211.411	214.241	1.0	0.050980392156862744	0.050980392156862744
C	OP2_2	263.628	210.47	216.577	1.0	0.050980392156862744	0.050980392156862744
C	O5'_2	262.971	209.217	214.516	1.0	0.050980392156862744	0.050980392156862744
C	C5'_2	262.916	209.001	213.085	0.5647058823529412	0.5647058823529412	0.5647058823529412
C	C4'_2	261.771	208.071	212.73	0.5647058823529412	0.5647058823529412	0.5647058823529412
C	O4'_2	262.003	206.766	213.328	1.0	0.050980392156862744	0.050980392156862744
C	C3'_2	260.389	208.48	213.227	0.5647058823529412	0.5647058823529412	0.5647058823529412
C	O3'_2	259.773	209.409	212.333	1.0	0.050980392156862744	0.050980392156862744
C	C2'_2	259.644	207.148	213.256	0.5647058823529412	0.5647058823529412	0.5647058823529412
C	O2'_2	259.169	206.765	211.981	1.0	0.050980392156862744	0.050980392156862744
C	C1'_2	260.757	206.179	213.683	0.5647058823529412	0.5647058823529412	0.5647058823529412
C	N1_2	260.775	205.848	215.129	0.18823529411764706	0.3137254901960784	0.9725490196078431
C	C2_2	260.178	204.638	215.561	0.5647058823529412	0.5647058823529412	0.5647058823529412
C	O2_2	259.654	203.881	214.714	1.0	0.050980392156862744	0.050980392156862744
C	N3_2	260.193	204.331	216.884	0.18823529411764706	0.3137254901960784	0.9725490196078431
C	C4_2	260.77	205.167	217.759	0.5647058823529412	0.5647058823529412	0.5647058823529412
C	N4_2	260.763	204.823	219.048	0.18823529411764706	0.3137254901960784	0.9725490196078431
C	C5_2	261.38	206.394	217.348	0.5647058823529412	0.5647058823529412	0.5647058823529412
C	C6_2	261.36	206.691	216.038	0.5647058823529412	0.5647058823529412	0.5647058823529412
