G	P_1	163.086	241.421	275.944	1.0	0.5019607843137255	0.0
G	OP1_1	164.113	241.843	276.939	1.0	0.050980392156862744	0.050980392156862744
G	OP2_1	162.424	240.097	276.089	1.0	0.050980392156862744	0.050980392156862744
G	O5'_1	161.953	242.543	275.896	1.0	0.050980392156862744	0.050980392156862744
G	C5'_1	162.3	243.942	275.821	0.5647058823529412	0.5647058823529412	0.5647058823529412
G	C4'_1	161.053	244.801	275.738	0.5647058823529412	0.5647058823529412	0.5647058823529412
G	O4'_1	160.353	244.544	274.49	1.0	0.050980392156862744	0.050980392156862744
G	C3'_1	159.986	244.581	276.804	0.5647058823529412	0.5647058823529412	0.5647058823529412
G	O3'_1	160.296	245.23	278.039	1.0	0.050980392156862744	0.050980392156862744
G	C2'_1	158.752	245.178	276.136	0.5647058823529412	0.5647058823529412	0.5647058823529412
G	O2'_1	158.727	246.591	276.182	1.0	0.050980392156862744	0.050980392156862744
G	C1'_1	158.956	244.732	274.685	0.5647058823529412	0.5647058823529412	0.5647058823529412
G	N9_1	158.265	243.479	274.382	0.18823529411764706	0.3137254901960784	0.9725490196078431
G	C8_1	158.826	242.23	274.233	0.5647058823529412	0.5647058823529412	0.5647058823529412
G	N7_1	157.947	241.301	273.964	0.18823529411764706	0.3137254901960784	0.9725490196078431
G	C5_1	156.731	241.975	273.933	0.5647058823529412	0.5647058823529412	0.5647058823529412
G	C6_1	155.418	241.492	273.687	0.5647058823529412	0.5647058823529412	0.5647058823529412
G	O6_1	155.059	240.337	273.438	1.0	0.050980392156862744	0.050980392156862744
G	N1_1	154.475	242.516	273.752	0.18823529411764706	0.3137254901960784	0.9725490196078431
G	C2_1	154.757	243.832	274.019	0.5647058823529412	0.5647058823529412	0.5647058823529412
G	N2_1	153.708	244.669	274.036	0.18823529411764706	0.3137254901960784	0.9725490196078431
G	N3_1	155.976	244.296	274.252	0.18823529411764706	0.3137254901960784	0.9725490196078431
G	C4_1	156.908	243.319	274.191	0.5647058823529412	0.5647058823529412	0.5647058823529412
C	P_2	145.005	239.642	271.827	1.0	0.5019607843137255	0.0
C	OP1_2	143.873	240.018	270.929	1.0	0.050980392156862744	0.050980392156862744
C	OP2_2	146.065	238.727	271.325	1.0	0.050980392156862744	0.050980392156862744
C	O5'_2	145.713	240.978	272.328	1.0	0.050980392156862744	0.050980392156862744
C	C5'_2	144.945	242.053	272.905	0.5647058823529412	0.5647058823529412	0.5647058823529412
C	C4'_2	145.828	243.256	273.132	0.5647058823529412	0.5647058823529412	0.5647058823529412
C	O4'_2	146.797	242.963	274.174	1.0	0.050980392156862744	0.050980392156862744
C	C3'_2	146.677	243.67	271.943	0.5647058823529412	0.5647058823529412	0.5647058823529412
C	O3'_2	145.931	244.424	270.989	1.0	0.050980392156862744	0.050980392156862744
C	C2'_2	147.804	244.453	272.607	0.5647058823529412	0.5647058823529412	0.5647058823529412
C	O2'_2	147.44	245.774	272.953	1.0	0.050980392156862744	0.050980392156862744
C	C1'_2	148.02	243.633	273.884	0.5647058823529412	0.5647058823529412	0.5647058823529412
C	N1_2	149.098	242.629	273.766	0.18823529411764706	0.3137254901960784	0.9725490196078431
C	C2_2	150.411	242.996	274.123	0.5647058823529412	0.5647058823529412	0.5647058823529412
C	O2_2	150.626	244.147	274.544	1.0	0.050980392156862744	0.050980392156862744
C	N3_2	151.403	242.084	274.0	0.18823529411764706	0.3137254901960784	0.9725490196078431
C	C4_2	151.131	240.853	273.547	0.5647058823529412	0.5647058823529412	0.5647058823529412
C	N4_2	152.143	239.991	273.435	0.18823529411764706	0.3137254901960784	0.9725490196078431
C	C5_2	149.81	240.454	273.187	0.5647058823529412	0.5647058823529412	0.5647058823529412
C	C6_2	148.835	241.364	273.311	0.5647058823529412	0.5647058823529412	0.5647058823529412
