C	P_1	159.471	138.818	219.635	1.0	0.5019607843137255	0.0
C	OP1_1	158.185	138.296	219.084	1.0	0.050980392156862744	0.050980392156862744
C	OP2_1	159.518	139.317	221.04	1.0	0.050980392156862744	0.050980392156862744
C	O5'_1	160.583	137.681	219.469	1.0	0.050980392156862744	0.050980392156862744
C	C5'_1	160.78	137.004	218.205	0.5647058823529412	0.5647058823529412	0.5647058823529412
C	C4'_1	162.002	136.106	218.258	0.5647058823529412	0.5647058823529412	0.5647058823529412
C	O4'_1	163.171	136.902	218.589	1.0	0.050980392156862744	0.050980392156862744
C	C3'_1	162.007	134.984	219.293	0.5647058823529412	0.5647058823529412	0.5647058823529412
C	O3'_1	161.303	133.826	218.839	1.0	0.050980392156862744	0.050980392156862744
C	C2'_1	163.497	134.705	219.454	0.5647058823529412	0.5647058823529412	0.5647058823529412
C	O2'_1	164.03	133.917	218.406	1.0	0.050980392156862744	0.050980392156862744
C	C1'_1	164.075	136.12	219.362	0.5647058823529412	0.5647058823529412	0.5647058823529412
C	N1_1	164.258	136.764	220.681	0.18823529411764706	0.3137254901960784	0.9725490196078431
C	C2_1	165.416	136.468	221.434	0.5647058823529412	0.5647058823529412	0.5647058823529412
C	O2_1	166.252	135.672	220.974	1.0	0.050980392156862744	0.050980392156862744
C	N3_1	165.584	137.059	222.639	0.18823529411764706	0.3137254901960784	0.9725490196078431
C	C4_1	164.661	137.914	223.101	0.5647058823529412	0.5647058823529412	0.5647058823529412
C	N4_1	164.871	138.478	224.292	0.18823529411764706	0.3137254901960784	0.9725490196078431
C	C5_1	163.482	138.228	222.362	0.5647058823529412	0.5647058823529412	0.5647058823529412
C	C6_1	163.322	137.637	221.172	0.5647058823529412	0.5647058823529412	0.5647058823529412
G	P_2	174.656	135.296	231.313	1.0	0.5019607843137255	0.0
G	OP1_2	175.944	134.683	231.752	1.0	0.050980392156862744	0.050980392156862744
G	OP2_2	174.614	136.743	230.957	1.0	0.050980392156862744	0.050980392156862744
G	O5'_2	174.111	134.451	230.075	1.0	0.050980392156862744	0.050980392156862744
G	C5'_2	174.389	134.857	228.726	0.5647058823529412	0.5647058823529412	0.5647058823529412
G	C4'_2	173.724	133.919	227.744	0.5647058823529412	0.5647058823529412	0.5647058823529412
G	O4'_2	172.3	133.824	228.026	1.0	0.050980392156862744	0.050980392156862744
G	C3'_2	173.788	134.39	226.303	0.5647058823529412	0.5647058823529412	0.5647058823529412
G	O3'_2	175.042	134.079	225.702	1.0	0.050980392156862744	0.050980392156862744
G	C2'_2	172.596	133.681	225.671	0.5647058823529412	0.5647058823529412	0.5647058823529412
G	O2'_2	172.85	132.322	225.367	1.0	0.050980392156862744	0.050980392156862744
G	C1'_2	171.57	133.768	226.806	0.5647058823529412	0.5647058823529412	0.5647058823529412
G	N9_2	170.703	134.945	226.739	0.18823529411764706	0.3137254901960784	0.9725490196078431
G	C8_2	170.651	135.987	227.64	0.5647058823529412	0.5647058823529412	0.5647058823529412
G	N7_2	169.757	136.889	227.334	0.18823529411764706	0.3137254901960784	0.9725490196078431
G	C5_2	169.182	136.423	226.157	0.5647058823529412	0.5647058823529412	0.5647058823529412
G	C6_2	168.146	136.977	225.359	0.5647058823529412	0.5647058823529412	0.5647058823529412
G	O6_2	167.506	138.018	225.545	1.0	0.050980392156862744	0.050980392156862744
G	N1_2	167.875	136.182	224.247	0.18823529411764706	0.3137254901960784	0.9725490196078431
G	C2_2	168.516	135.002	223.942	0.5647058823529412	0.5647058823529412	0.5647058823529412
G	N2_2	168.114	134.38	222.824	0.18823529411764706	0.3137254901960784	0.9725490196078431
G	N3_2	169.481	134.471	224.681	0.18823529411764706	0.3137254901960784	0.9725490196078431
G	C4_2	169.76	135.228	225.768	0.5647058823529412	0.5647058823529412	0.5647058823529412
