G	P_1	131.536	177.331	210.606	1.0	0.5019607843137255	0.0
G	OP1_1	131.631	176.265	211.642	1.0	0.050980392156862744	0.050980392156862744
G	OP2_1	130.625	178.487	210.82	1.0	0.050980392156862744	0.050980392156862744
G	O5'_1	132.999	177.903	210.329	1.0	0.050980392156862744	0.050980392156862744
G	C5'_1	134.168	177.055	210.391	0.5647058823529412	0.5647058823529412	0.5647058823529412
G	C4'_1	135.325	177.707	209.659	0.5647058823529412	0.5647058823529412	0.5647058823529412
G	O4'_1	135.072	177.693	208.231	1.0	0.050980392156862744	0.050980392156862744
G	C3'_1	135.579	179.17	209.995	0.5647058823529412	0.5647058823529412	0.5647058823529412
G	O3'_1	136.379	179.29	211.174	1.0	0.050980392156862744	0.050980392156862744
G	C2'_1	136.292	179.682	208.746	0.5647058823529412	0.5647058823529412	0.5647058823529412
G	O2'_1	137.678	179.395	208.742	1.0	0.050980392156862744	0.050980392156862744
G	C1'_1	135.608	178.866	207.641	0.5647058823529412	0.5647058823529412	0.5647058823529412
G	N9_1	134.537	179.549	206.916	0.18823529411764706	0.3137254901960784	0.9725490196078431
G	C8_1	133.181	179.398	207.104	0.5647058823529412	0.5647058823529412	0.5647058823529412
G	N7_1	132.464	180.116	206.282	0.18823529411764706	0.3137254901960784	0.9725490196078431
G	C5_1	133.4	180.791	205.509	0.5647058823529412	0.5647058823529412	0.5647058823529412
G	C6_1	133.217	181.712	204.451	0.5647058823529412	0.5647058823529412	0.5647058823529412
G	O6_1	132.157	182.116	203.96	1.0	0.050980392156862744	0.050980392156862744
G	N1_1	134.435	182.166	203.951	0.18823529411764706	0.3137254901960784	0.9725490196078431
G	C2_1	135.669	181.778	204.407	0.5647058823529412	0.5647058823529412	0.5647058823529412
G	N2_1	136.726	182.334	203.792	0.18823529411764706	0.3137254901960784	0.9725490196078431
G	N3_1	135.855	180.911	205.392	0.18823529411764706	0.3137254901960784	0.9725490196078431
G	C4_1	134.685	180.46	205.892	0.5647058823529412	0.5647058823529412	0.5647058823529412
C	P_2	144.596	182.065	210.076	1.0	0.5019607843137255	0.0
C	OP1_2	144.782	180.852	210.929	1.0	0.050980392156862744	0.050980392156862744
C	OP2_2	145.722	182.556	209.24	1.0	0.050980392156862744	0.050980392156862744
C	O5'_2	143.341	181.823	209.121	1.0	0.050980392156862744	0.050980392156862744
C	C5'_2	142.047	181.48	209.671	0.5647058823529412	0.5647058823529412	0.5647058823529412
C	C4'_2	140.989	181.496	208.588	0.5647058823529412	0.5647058823529412	0.5647058823529412
C	O4'_2	140.82	182.845	208.076	1.0	0.050980392156862744	0.050980392156862744
C	C3'_2	141.272	180.668	207.344	0.5647058823529412	0.5647058823529412	0.5647058823529412
C	O3'_2	140.991	179.288	207.554	1.0	0.050980392156862744	0.050980392156862744
C	C2'_2	140.339	181.308	206.325	0.5647058823529412	0.5647058823529412	0.5647058823529412
C	O2'_2	138.993	180.907	206.489	1.0	0.050980392156862744	0.050980392156862744
C	C1'_2	140.455	182.787	206.705	0.5647058823529412	0.5647058823529412	0.5647058823529412
C	N1_2	141.451	183.534	205.907	0.18823529411764706	0.3137254901960784	0.9725490196078431
C	C2_2	141.062	184.066	204.664	0.5647058823529412	0.5647058823529412	0.5647058823529412
C	O2_2	139.897	183.893	204.269	1.0	0.050980392156862744	0.050980392156862744
C	N3_2	141.964	184.751	203.931	0.18823529411764706	0.3137254901960784	0.9725490196078431
C	C4_2	143.209	184.914	204.386	0.5647058823529412	0.5647058823529412	0.5647058823529412
C	N4_2	144.067	185.592	203.624	0.18823529411764706	0.3137254901960784	0.9725490196078431
C	C5_2	143.63	184.387	205.64	0.5647058823529412	0.5647058823529412	0.5647058823529412
C	C6_2	142.73	183.711	206.36	0.5647058823529412	0.5647058823529412	0.5647058823529412
