C	P_1	175.238	189.068	244.297	1.0	0.5019607843137255	0.0
C	OP1_1	175.116	188.309	243.017	1.0	0.050980392156862744	0.050980392156862744
C	OP2_1	174.389	188.686	245.458	1.0	0.050980392156862744	0.050980392156862744
C	O5'_1	176.765	189.039	244.763	1.0	0.050980392156862744	0.050980392156862744
C	C5'_1	177.822	189.41	243.852	0.5647058823529412	0.5647058823529412	0.5647058823529412
C	C4'_1	179.153	189.479	244.573	0.5647058823529412	0.5647058823529412	0.5647058823529412
C	O4'_1	179.104	190.5	245.606	1.0	0.050980392156862744	0.050980392156862744
C	C3'_1	179.615	188.237	245.32	0.5647058823529412	0.5647058823529412	0.5647058823529412
C	O3'_1	180.183	187.264	244.443	1.0	0.050980392156862744	0.050980392156862744
C	C2'_1	180.654	188.819	246.271	0.5647058823529412	0.5647058823529412	0.5647058823529412
C	O2'_1	181.886	189.097	245.639	1.0	0.050980392156862744	0.050980392156862744
C	C1'_1	179.996	190.147	246.656	0.5647058823529412	0.5647058823529412	0.5647058823529412
C	N1_1	179.255	190.103	247.936	0.18823529411764706	0.3137254901960784	0.9725490196078431
C	C2_1	179.974	190.249	249.147	0.5647058823529412	0.5647058823529412	0.5647058823529412
C	O2_1	181.209	190.396	249.11	1.0	0.050980392156862744	0.050980392156862744
C	N3_1	179.298	190.224	250.318	0.18823529411764706	0.3137254901960784	0.9725490196078431
C	C4_1	177.97	190.061	250.322	0.5647058823529412	0.5647058823529412	0.5647058823529412
C	N4_1	177.345	190.053	251.502	0.18823529411764706	0.3137254901960784	0.9725490196078431
C	C5_1	177.222	189.901	249.116	0.5647058823529412	0.5647058823529412	0.5647058823529412
C	C6_1	177.897	189.929	247.959	0.5647058823529412	0.5647058823529412	0.5647058823529412
G	P_2	182.181	190.695	261.86	1.0	0.5019607843137255	0.0
G	OP1_2	182.962	191.391	262.926	1.0	0.050980392156862744	0.050980392156862744
G	OP2_2	180.791	191.138	261.565	1.0	0.050980392156862744	0.050980392156862744
G	O5'_2	183.02	190.748	260.501	1.0	0.050980392156862744	0.050980392156862744
G	C5'_2	184.395	190.302	260.459	0.5647058823529412	0.5647058823529412	0.5647058823529412
G	C4'_2	184.862	190.127	259.024	0.5647058823529412	0.5647058823529412	0.5647058823529412
G	O4'_2	184.057	189.112	258.359	1.0	0.050980392156862744	0.050980392156862744
G	C3'_2	184.754	191.333	258.1	0.5647058823529412	0.5647058823529412	0.5647058823529412
G	O3'_2	185.828	192.255	258.286	1.0	0.050980392156862744	0.050980392156862744
G	C2'_2	184.793	190.678	256.723	0.5647058823529412	0.5647058823529412	0.5647058823529412
G	O2'_2	186.095	190.296	256.323	1.0	0.050980392156862744	0.050980392156862744
G	C1'_2	183.964	189.413	256.969	0.5647058823529412	0.5647058823529412	0.5647058823529412
G	N9_2	182.555	189.586	256.608	0.18823529411764706	0.3137254901960784	0.9725490196078431
G	C8_2	181.48	189.705	257.464	0.5647058823529412	0.5647058823529412	0.5647058823529412
G	N7_2	180.343	189.878	256.842	0.18823529411764706	0.3137254901960784	0.9725490196078431
G	C5_2	180.679	189.864	255.493	0.5647058823529412	0.5647058823529412	0.5647058823529412
G	C6_2	179.86	190.013	254.338	0.5647058823529412	0.5647058823529412	0.5647058823529412
G	O6_2	178.634	190.188	254.28	1.0	0.050980392156862744	0.050980392156862744
G	N1_2	180.61	189.942	253.164	0.18823529411764706	0.3137254901960784	0.9725490196078431
G	C2_2	181.973	189.75	253.103	0.5647058823529412	0.5647058823529412	0.5647058823529412
G	N2_2	182.513	189.711	251.871	0.18823529411764706	0.3137254901960784	0.9725490196078431
G	N3_2	182.749	189.608	254.173	0.18823529411764706	0.3137254901960784	0.9725490196078431
G	C4_2	182.04	189.678	255.327	0.5647058823529412	0.5647058823529412	0.5647058823529412
