C	P_1	147.876	186.731	210.955	1.0	0.5019607843137255	0.0
C	OP1_1	148.53	185.848	211.966	1.0	0.050980392156862744	0.050980392156862744
C	OP2_1	148.455	186.834	209.586	1.0	0.050980392156862744	0.050980392156862744
C	O5'_1	146.352	186.287	210.818	1.0	0.050980392156862744	0.050980392156862744
C	C5'_1	145.552	186.006	211.985	0.5647058823529412	0.5647058823529412	0.5647058823529412
C	C4'_1	144.137	185.655	211.578	0.5647058823529412	0.5647058823529412	0.5647058823529412
C	O4'_1	143.49	186.819	210.998	1.0	0.050980392156862744	0.050980392156862744
C	C3'_1	143.994	184.582	210.507	0.5647058823529412	0.5647058823529412	0.5647058823529412
C	O3'_1	144.12	183.267	211.036	1.0	0.050980392156862744	0.050980392156862744
C	C2'_1	142.606	184.871	209.954	0.5647058823529412	0.5647058823529412	0.5647058823529412
C	O2'_1	141.568	184.401	210.789	1.0	0.050980392156862744	0.050980392156862744
C	C1'_1	142.596	186.403	209.973	0.5647058823529412	0.5647058823529412	0.5647058823529412
C	N1_1	143.019	187.009	208.691	0.18823529411764706	0.3137254901960784	0.9725490196078431
C	C2_1	142.064	187.179	207.675	0.5647058823529412	0.5647058823529412	0.5647058823529412
C	O2_1	140.892	186.812	207.877	1.0	0.050980392156862744	0.050980392156862744
C	N3_1	142.443	187.738	206.504	0.18823529411764706	0.3137254901960784	0.9725490196078431
C	C4_1	143.711	188.121	206.325	0.5647058823529412	0.5647058823529412	0.5647058823529412
C	N4_1	144.038	188.672	205.157	0.18823529411764706	0.3137254901960784	0.9725490196078431
C	C5_1	144.701	187.956	207.336	0.5647058823529412	0.5647058823529412	0.5647058823529412
C	C6_1	144.316	187.401	208.49	0.5647058823529412	0.5647058823529412	0.5647058823529412
G	P_2	136.378	189.971	196.56	1.0	0.5019607843137255	0.0
G	OP1_2	135.163	190.659	196.037	1.0	0.050980392156862744	0.050980392156862744
G	OP2_2	137.65	190.729	196.688	1.0	0.050980392156862744	0.050980392156862744
G	O5'_2	136.025	189.347	197.983	1.0	0.050980392156862744	0.050980392156862744
G	C5'_2	134.909	188.45	198.136	0.5647058823529412	0.5647058823529412	0.5647058823529412
G	C4'_2	134.92	187.815	199.509	0.5647058823529412	0.5647058823529412	0.5647058823529412
G	O4'_2	136.129	187.028	199.681	1.0	0.050980392156862744	0.050980392156862744
G	C3'_2	134.919	188.748	200.711	0.5647058823529412	0.5647058823529412	0.5647058823529412
G	O3'_2	133.607	189.233	200.996	1.0	0.050980392156862744	0.050980392156862744
G	C2'_2	135.436	187.83	201.812	0.5647058823529412	0.5647058823529412	0.5647058823529412
G	O2'_2	134.447	186.949	202.306	1.0	0.050980392156862744	0.050980392156862744
G	C1'_2	136.487	187.011	201.055	0.5647058823529412	0.5647058823529412	0.5647058823529412
G	N9_2	137.836	187.547	201.2	0.18823529411764706	0.3137254901960784	0.9725490196078431
G	C8_2	138.572	188.227	200.259	0.5647058823529412	0.5647058823529412	0.5647058823529412
G	N7_2	139.751	188.581	200.689	0.18823529411764706	0.3137254901960784	0.9725490196078431
G	C5_2	139.798	188.107	201.992	0.5647058823529412	0.5647058823529412	0.5647058823529412
G	C6_2	140.826	188.192	202.956	0.5647058823529412	0.5647058823529412	0.5647058823529412
G	O6_2	141.938	188.72	202.848	1.0	0.050980392156862744	0.050980392156862744
G	N1_2	140.462	187.58	204.15	0.18823529411764706	0.3137254901960784	0.9725490196078431
G	C2_2	139.259	186.965	204.386	0.5647058823529412	0.5647058823529412	0.5647058823529412
G	N2_2	139.093	186.433	205.603	0.18823529411764706	0.3137254901960784	0.9725490196078431
G	N3_2	138.287	186.878	203.492	0.18823529411764706	0.3137254901960784	0.9725490196078431
G	C4_2	138.625	187.467	202.323	0.5647058823529412	0.5647058823529412	0.5647058823529412
