C	P_1	187.043	213.052	221.448	1.0	0.5019607843137255	0.0
C	OP1_1	185.706	213.537	221.901	1.0	0.050980392156862744	0.050980392156862744
C	OP2_1	188.083	212.709	222.463	1.0	0.050980392156862744	0.050980392156862744
C	O5'_1	186.81	211.8	220.484	1.0	0.050980392156862744	0.050980392156862744
C	C5'_1	186.901	210.44	220.967	0.5647058823529412	0.5647058823529412	0.5647058823529412
C	C4'_1	187.075	209.481	219.802	0.5647058823529412	0.5647058823529412	0.5647058823529412
C	O4'_1	188.307	209.787	219.089	1.0	0.050980392156862744	0.050980392156862744
C	C3'_1	187.212	208.008	220.168	0.5647058823529412	0.5647058823529412	0.5647058823529412
C	O3'_1	185.935	207.402	220.384	1.0	0.050980392156862744	0.050980392156862744
C	C2'_1	187.93	207.436	218.949	0.5647058823529412	0.5647058823529412	0.5647058823529412
C	O2'_1	187.063	207.197	217.857	1.0	0.050980392156862744	0.050980392156862744
C	C1'_1	188.886	208.583	218.594	0.5647058823529412	0.5647058823529412	0.5647058823529412
C	N1_1	190.25	208.43	219.161	0.18823529411764706	0.3137254901960784	0.9725490196078431
C	C2_1	191.168	207.569	218.516	0.5647058823529412	0.5647058823529412	0.5647058823529412
C	O2_1	190.814	206.969	217.484	1.0	0.050980392156862744	0.050980392156862744
C	N3_1	192.41	207.422	219.035	0.18823529411764706	0.3137254901960784	0.9725490196078431
C	C4_1	192.758	208.093	220.14	0.5647058823529412	0.5647058823529412	0.5647058823529412
C	N4_1	193.995	207.92	220.612	0.18823529411764706	0.3137254901960784	0.9725490196078431
C	C5_1	191.855	208.974	220.809	0.5647058823529412	0.5647058823529412	0.5647058823529412
C	C6_1	190.625	209.109	220.292	0.5647058823529412	0.5647058823529412	0.5647058823529412
G	P_2	200.533	198.334	212.105	1.0	0.5019607843137255	0.0
G	OP1_2	200.585	197.765	210.732	1.0	0.050980392156862744	0.050980392156862744
G	OP2_2	201.654	199.201	212.584	1.0	0.050980392156862744	0.050980392156862744
G	O5'_2	199.177	199.168	212.259	1.0	0.050980392156862744	0.050980392156862744
G	C5'_2	198.775	199.71	213.543	0.5647058823529412	0.5647058823529412	0.5647058823529412
G	C4'_2	197.302	200.078	213.532	0.5647058823529412	0.5647058823529412	0.5647058823529412
G	O4'_2	196.833	200.246	214.899	1.0	0.050980392156862744	0.050980392156862744
G	C3'_2	196.923	201.389	212.856	0.5647058823529412	0.5647058823529412	0.5647058823529412
G	O3'_2	196.824	201.253	211.436	1.0	0.050980392156862744	0.050980392156862744
G	C2'_2	195.57	201.7	213.497	0.5647058823529412	0.5647058823529412	0.5647058823529412
G	O2'_2	194.511	200.954	212.93	1.0	0.050980392156862744	0.050980392156862744
G	C1'_2	195.792	201.213	214.932	0.5647058823529412	0.5647058823529412	0.5647058823529412
G	N9_2	196.137	202.263	215.89	0.18823529411764706	0.3137254901960784	0.9725490196078431
G	C8_2	197.377	202.537	216.428	0.5647058823529412	0.5647058823529412	0.5647058823529412
G	N7_2	197.36	203.527	217.284	0.18823529411764706	0.3137254901960784	0.9725490196078431
G	C5_2	196.03	203.94	217.313	0.5647058823529412	0.5647058823529412	0.5647058823529412
G	C6_2	195.4	204.981	218.063	0.5647058823529412	0.5647058823529412	0.5647058823529412
G	O6_2	195.909	205.759	218.884	1.0	0.050980392156862744	0.050980392156862744
G	N1_2	194.035	205.066	217.776	0.18823529411764706	0.3137254901960784	0.9725490196078431
G	C2_2	193.36	204.257	216.883	0.5647058823529412	0.5647058823529412	0.5647058823529412
G	N2_2	192.045	204.505	216.731	0.18823529411764706	0.3137254901960784	0.9725490196078431
G	N3_2	193.934	203.277	216.187	0.18823529411764706	0.3137254901960784	0.9725490196078431
G	C4_2	195.261	203.176	216.451	0.5647058823529412	0.5647058823529412	0.5647058823529412
