C	P_1	202.736	209.823	149.389	1.0	0.5019607843137255	0.0
C	OP1_1	201.536	210.653	149.077	1.0	0.050980392156862744	0.050980392156862744
C	OP2_1	203.066	208.654	148.526	1.0	0.050980392156862744	0.050980392156862744
C	O5'_1	204.013	210.78	149.45	1.0	0.050980392156862744	0.050980392156862744
C	C5'_1	204.019	211.952	150.307	0.5647058823529412	0.5647058823529412	0.5647058823529412
C	C4'_1	205.229	212.826	150.018	0.5647058823529412	0.5647058823529412	0.5647058823529412
C	O4'_1	206.432	212.257	150.594	1.0	0.050980392156862744	0.050980392156862744
C	C3'_1	205.57	213.04	148.551	0.5647058823529412	0.5647058823529412	0.5647058823529412
C	O3'_1	204.742	214.05	147.986	1.0	0.050980392156862744	0.050980392156862744
C	C2'_1	207.039	213.444	148.608	0.5647058823529412	0.5647058823529412	0.5647058823529412
C	O2'_1	207.22	214.809	148.927	1.0	0.050980392156862744	0.050980392156862744
C	C1'_1	207.544	212.582	149.772	0.5647058823529412	0.5647058823529412	0.5647058823529412
C	N1_1	208.226	211.332	149.386	0.18823529411764706	0.3137254901960784	0.9725490196078431
C	C2_1	209.606	211.369	149.124	0.5647058823529412	0.5647058823529412	0.5647058823529412
C	O2_1	210.202	212.459	149.182	1.0	0.050980392156862744	0.050980392156862744
C	N3_1	210.252	210.22	148.816	0.18823529411764706	0.3137254901960784	0.9725490196078431
C	C4_1	209.575	209.068	148.764	0.5647058823529412	0.5647058823529412	0.5647058823529412
C	N4_1	210.257	207.956	148.484	0.18823529411764706	0.3137254901960784	0.9725490196078431
C	C5_1	208.168	209.006	149.0	0.5647058823529412	0.5647058823529412	0.5647058823529412
C	C6_1	207.54	210.151	149.302	0.5647058823529412	0.5647058823529412	0.5647058823529412
G	P_2	221.395	207.094	147.822	1.0	0.5019607843137255	0.0
G	OP1_2	222.794	207.067	148.337	1.0	0.050980392156862744	0.050980392156862744
G	OP2_2	220.465	205.979	148.162	1.0	0.050980392156862744	0.050980392156862744
G	O5'_2	220.722	208.463	148.284	1.0	0.050980392156862744	0.050980392156862744
G	C5'_2	221.406	209.717	148.087	0.5647058823529412	0.5647058823529412	0.5647058823529412
G	C4'_2	220.452	210.878	148.283	0.5647058823529412	0.5647058823529412	0.5647058823529412
G	O4'_2	219.415	210.844	147.266	1.0	0.050980392156862744	0.050980392156862744
G	C3'_2	219.689	210.919	149.599	0.5647058823529412	0.5647058823529412	0.5647058823529412
G	O3'_2	220.49	211.479	150.648	1.0	0.050980392156862744	0.050980392156862744
G	C2'_2	218.502	211.805	149.239	0.5647058823529412	0.5647058823529412	0.5647058823529412
G	O2'_2	218.839	213.178	149.228	1.0	0.050980392156862744	0.050980392156862744
G	C1'_2	218.205	211.348	147.807	0.5647058823529412	0.5647058823529412	0.5647058823529412
G	N9_2	217.208	210.283	147.767	0.18823529411764706	0.3137254901960784	0.9725490196078431
G	C8_2	217.443	208.932	147.638	0.5647058823529412	0.5647058823529412	0.5647058823529412
G	N7_2	216.352	208.214	147.688	0.18823529411764706	0.3137254901960784	0.9725490196078431
G	C5_2	215.332	209.144	147.851	0.5647058823529412	0.5647058823529412	0.5647058823529412
G	C6_2	213.933	208.954	147.983	0.5647058823529412	0.5647058823529412	0.5647058823529412
G	O6_2	213.298	207.892	147.987	1.0	0.050980392156862744	0.050980392156862744
G	N1_2	213.262	210.167	148.125	0.18823529411764706	0.3137254901960784	0.9725490196078431
G	C2_2	213.861	211.404	148.138	0.5647058823529412	0.5647058823529412	0.5647058823529412
G	N2_2	213.042	212.46	148.279	0.18823529411764706	0.3137254901960784	0.9725490196078431
G	N3_2	215.171	211.595	148.02	0.18823529411764706	0.3137254901960784	0.9725490196078431
G	C4_2	215.84	210.429	147.883	0.5647058823529412	0.5647058823529412	0.5647058823529412
