G	P_1	223.248	182.509	223.685	1.0	0.5019607843137255	0.0
G	OP1_1	222.588	182.714	225.007	1.0	0.050980392156862744	0.050980392156862744
G	OP2_1	222.423	182.545	222.438	1.0	0.050980392156862744	0.050980392156862744
G	O5'_1	224.407	183.593	223.549	1.0	0.050980392156862744	0.050980392156862744
G	C5'_1	225.457	183.673	224.535	0.5647058823529412	0.5647058823529412	0.5647058823529412
G	C4'_1	226.514	184.657	224.093	0.5647058823529412	0.5647058823529412	0.5647058823529412
G	O4'_1	227.09	184.209	222.839	1.0	0.050980392156862744	0.050980392156862744
G	C3'_1	226.015	186.065	223.808	0.5647058823529412	0.5647058823529412	0.5647058823529412
G	O3'_1	225.993	186.82	225.018	1.0	0.050980392156862744	0.050980392156862744
G	C2'_1	227.06	186.592	222.832	0.5647058823529412	0.5647058823529412	0.5647058823529412
G	O2'_1	228.23	187.028	223.496	1.0	0.050980392156862744	0.050980392156862744
G	C1'_1	227.39	185.33	222.025	0.5647058823529412	0.5647058823529412	0.5647058823529412
G	N9_1	226.673	185.181	220.76	0.18823529411764706	0.3137254901960784	0.9725490196078431
G	C8_1	225.646	184.303	220.482	0.5647058823529412	0.5647058823529412	0.5647058823529412
G	N7_1	225.219	184.381	219.246	0.18823529411764706	0.3137254901960784	0.9725490196078431
G	C5_1	226.005	185.374	218.671	0.5647058823529412	0.5647058823529412	0.5647058823529412
G	C6_1	226.0	185.903	217.352	0.5647058823529412	0.5647058823529412	0.5647058823529412
G	O6_1	225.273	185.591	216.397	1.0	0.050980392156862744	0.050980392156862744
G	N1_1	226.965	186.899	217.198	0.18823529411764706	0.3137254901960784	0.9725490196078431
G	C2_1	227.825	187.332	218.185	0.5647058823529412	0.5647058823529412	0.5647058823529412
G	N2_1	228.692	188.296	217.837	0.18823529411764706	0.3137254901960784	0.9725490196078431
G	N3_1	227.834	186.851	219.421	0.18823529411764706	0.3137254901960784	0.9725490196078431
G	C4_1	226.906	185.882	219.593	0.5647058823529412	0.5647058823529412	0.5647058823529412
C	P_2	227.826	190.953	207.981	1.0	0.5019607843137255	0.0
C	OP1_2	228.677	191.703	207.005	1.0	0.050980392156862744	0.050980392156862744
C	OP2_2	227.433	189.545	207.686	1.0	0.050980392156862744	0.050980392156862744
C	O5'_2	228.543	190.99	209.404	1.0	0.050980392156862744	0.050980392156862744
C	C5'_2	228.97	192.241	209.985	0.5647058823529412	0.5647058823529412	0.5647058823529412
C	C4'_2	229.401	192.029	211.418	0.5647058823529412	0.5647058823529412	0.5647058823529412
C	O4'_2	228.249	191.961	212.299	1.0	0.050980392156862744	0.050980392156862744
C	C3'_2	230.161	190.739	211.691	0.5647058823529412	0.5647058823529412	0.5647058823529412
C	O3'_2	231.514	190.855	211.279	1.0	0.050980392156862744	0.050980392156862744
C	C2'_2	229.971	190.565	213.195	0.5647058823529412	0.5647058823529412	0.5647058823529412
C	O2'_2	230.821	191.397	213.955	1.0	0.050980392156862744	0.050980392156862744
C	C1'_2	228.528	191.065	213.37	0.5647058823529412	0.5647058823529412	0.5647058823529412
C	N1_2	227.518	189.983	213.361	0.18823529411764706	0.3137254901960784	0.9725490196078431
C	C2_2	227.131	189.423	214.586	0.5647058823529412	0.5647058823529412	0.5647058823529412
C	O2_2	227.61	189.889	215.639	1.0	0.050980392156862744	0.050980392156862744
C	N3_2	226.244	188.392	214.594	0.18823529411764706	0.3137254901960784	0.9725490196078431
C	C4_2	225.747	187.928	213.44	0.5647058823529412	0.5647058823529412	0.5647058823529412
C	N4_2	224.904	186.891	213.494	0.18823529411764706	0.3137254901960784	0.9725490196078431
C	C5_2	226.1	188.503	212.18	0.5647058823529412	0.5647058823529412	0.5647058823529412
C	C6_2	226.979	189.519	212.187	0.5647058823529412	0.5647058823529412	0.5647058823529412
