C	P_1	214.298	161.379	163.849	1.0	0.5019607843137255	0.0
C	OP1_1	213.687	162.735	163.891	1.0	0.050980392156862744	0.050980392156862744
C	OP2_1	213.502	160.2	164.301	1.0	0.050980392156862744	0.050980392156862744
C	O5'_1	214.785	161.103	162.352	1.0	0.050980392156862744	0.050980392156862744
C	C5'_1	215.67	162.022	161.672	0.5647058823529412	0.5647058823529412	0.5647058823529412
C	C4'_1	216.247	161.377	160.427	0.5647058823529412	0.5647058823529412	0.5647058823529412
C	O4'_1	217.038	160.214	160.801	1.0	0.050980392156862744	0.050980392156862744
C	C3'_1	215.242	160.845	159.413	0.5647058823529412	0.5647058823529412	0.5647058823529412
C	O3'_1	214.783	161.876	158.544	1.0	0.050980392156862744	0.050980392156862744
C	C2'_1	216.052	159.782	158.677	0.5647058823529412	0.5647058823529412	0.5647058823529412
C	O2'_1	216.932	160.321	157.71	1.0	0.050980392156862744	0.050980392156862744
C	C1'_1	216.879	159.192	159.824	0.5647058823529412	0.5647058823529412	0.5647058823529412
C	N1_1	216.243	158.02	160.465	0.18823529411764706	0.3137254901960784	0.9725490196078431
C	C2_1	216.424	156.742	159.889	0.5647058823529412	0.5647058823529412	0.5647058823529412
C	O2_1	217.083	156.635	158.84	1.0	0.050980392156862744	0.050980392156862744
C	N3_1	215.867	155.664	160.491	0.18823529411764706	0.3137254901960784	0.9725490196078431
C	C4_1	215.145	155.822	161.611	0.5647058823529412	0.5647058823529412	0.5647058823529412
C	N4_1	214.618	154.731	162.176	0.18823529411764706	0.3137254901960784	0.9725490196078431
C	C5_1	214.933	157.107	162.204	0.5647058823529412	0.5647058823529412	0.5647058823529412
C	C6_1	215.494	158.163	161.606	0.5647058823529412	0.5647058823529412	0.5647058823529412
G	P_2	216.64	144.474	158.064	1.0	0.5019607843137255	0.0
G	OP1_2	217.516	143.315	157.72	1.0	0.050980392156862744	0.050980392156862744
G	OP2_2	216.457	144.859	159.49	1.0	0.050980392156862744	0.050980392156862744
G	O5'_2	217.172	145.747	157.264	1.0	0.050980392156862744	0.050980392156862744
G	C5'_2	217.387	145.679	155.838	0.5647058823529412	0.5647058823529412	0.5647058823529412
G	C4'_2	217.809	147.03	155.302	0.5647058823529412	0.5647058823529412	0.5647058823529412
G	O4'_2	216.723	147.988	155.456	1.0	0.050980392156862744	0.050980392156862744
G	C3'_2	218.991	147.695	155.996	0.5647058823529412	0.5647058823529412	0.5647058823529412
G	O3'_2	220.244	147.179	155.544	1.0	0.050980392156862744	0.050980392156862744
G	C2'_2	218.789	149.159	155.624	0.5647058823529412	0.5647058823529412	0.5647058823529412
G	O2'_2	219.192	149.445	154.299	1.0	0.050980392156862744	0.050980392156862744
G	C1'_2	217.264	149.281	155.71	0.5647058823529412	0.5647058823529412	0.5647058823529412
G	N9_2	216.805	149.731	157.025	0.18823529411764706	0.3137254901960784	0.9725490196078431
G	C8_2	216.288	148.946	158.035	0.5647058823529412	0.5647058823529412	0.5647058823529412
G	N7_2	215.961	149.629	159.1	0.18823529411764706	0.3137254901960784	0.9725490196078431
G	C5_2	216.284	150.945	158.782	0.5647058823529412	0.5647058823529412	0.5647058823529412
G	C6_2	216.156	152.141	159.554	0.5647058823529412	0.5647058823529412	0.5647058823529412
G	O6_2	215.724	152.271	160.705	1.0	0.050980392156862744	0.050980392156862744
G	N1_2	216.593	153.259	158.847	0.18823529411764706	0.3137254901960784	0.9725490196078431
G	C2_2	217.088	153.236	157.567	0.5647058823529412	0.5647058823529412	0.5647058823529412
G	N2_2	217.435	154.425	157.049	0.18823529411764706	0.3137254901960784	0.9725490196078431
G	N3_2	217.227	152.13	156.841	0.18823529411764706	0.3137254901960784	0.9725490196078431
G	C4_2	216.805	151.029	157.506	0.5647058823529412	0.5647058823529412	0.5647058823529412
