G	P_1	217.129	127.512	214.483	1.0	0.5019607843137255	0.0
G	OP1_1	215.905	126.668	214.397	1.0	0.050980392156862744	0.050980392156862744
G	OP2_1	217.516	128.364	213.325	1.0	0.050980392156862744	0.050980392156862744
G	O5'_1	217.019	128.434	215.779	1.0	0.050980392156862744	0.050980392156862744
G	C5'_1	216.739	129.846	215.674	0.5647058823529412	0.5647058823529412	0.5647058823529412
G	C4'_1	217.629	130.624	216.625	0.5647058823529412	0.5647058823529412	0.5647058823529412
G	O4'_1	219.026	130.43	216.259	1.0	0.050980392156862744	0.050980392156862744
G	C3'_1	217.446	132.136	216.619	0.5647058823529412	0.5647058823529412	0.5647058823529412
G	O3'_1	216.362	132.519	217.471	1.0	0.050980392156862744	0.050980392156862744
G	C2'_1	218.792	132.628	217.142	0.5647058823529412	0.5647058823529412	0.5647058823529412
G	O2'_1	218.895	132.525	218.549	1.0	0.050980392156862744	0.050980392156862744
G	C1'_1	219.757	131.628	216.489	0.5647058823529412	0.5647058823529412	0.5647058823529412
G	N9_1	220.31	132.074	215.21	0.18823529411764706	0.3137254901960784	0.9725490196078431
G	C8_1	220.242	131.404	214.007	0.5647058823529412	0.5647058823529412	0.5647058823529412
G	N7_1	220.79	132.059	213.017	0.18823529411764706	0.3137254901960784	0.9725490196078431
G	C5_1	221.262	133.231	213.597	0.5647058823529412	0.5647058823529412	0.5647058823529412
G	C6_1	221.943	134.341	213.011	0.5647058823529412	0.5647058823529412	0.5647058823529412
G	O6_1	222.267	134.509	211.827	1.0	0.050980392156862744	0.050980392156862744
G	N1_1	222.241	135.317	213.959	0.18823529411764706	0.3137254901960784	0.9725490196078431
G	C2_1	221.923	135.243	215.295	0.5647058823529412	0.5647058823529412	0.5647058823529412
G	N2_1	222.299	136.293	216.045	0.18823529411764706	0.3137254901960784	0.9725490196078431
G	N3_1	221.284	134.215	215.857	0.18823529411764706	0.3137254901960784	0.9725490196078431
G	C4_1	220.986	133.253	214.955	0.5647058823529412	0.5647058823529412	0.5647058823529412
C	P_2	227.907	142.908	209.739	1.0	0.5019607843137255	0.0
C	OP1_2	229.073	143.766	210.123	1.0	0.050980392156862744	0.050980392156862744
C	OP2_2	228.115	141.748	208.837	1.0	0.050980392156862744	0.050980392156862744
C	O5'_2	227.204	142.381	211.07	1.0	0.050980392156862744	0.050980392156862744
C	C5'_2	226.884	143.288	212.149	0.5647058823529412	0.5647058823529412	0.5647058823529412
C	C4'_2	226.279	142.534	213.311	0.5647058823529412	0.5647058823529412	0.5647058823529412
C	O4'_2	224.944	142.072	212.973	1.0	0.050980392156862744	0.050980392156862744
C	C3'_2	227.006	141.268	213.734	0.5647058823529412	0.5647058823529412	0.5647058823529412
C	O3'_2	228.156	141.542	214.527	1.0	0.050980392156862744	0.050980392156862744
C	C2'_2	225.922	140.522	214.501	0.5647058823529412	0.5647058823529412	0.5647058823529412
C	O2'_2	225.734	141.004	215.817	1.0	0.050980392156862744	0.050980392156862744
C	C1'_2	224.685	140.846	213.655	0.5647058823529412	0.5647058823529412	0.5647058823529412
C	N1_2	224.383	139.785	212.667	0.18823529411764706	0.3137254901960784	0.9725490196078431
C	C2_2	223.613	138.672	213.08	0.5647058823529412	0.5647058823529412	0.5647058823529412
C	O2_2	223.183	138.631	214.248	1.0	0.050980392156862744	0.050980392156862744
C	N3_2	223.365	137.679	212.192	0.18823529411764706	0.3137254901960784	0.9725490196078431
C	C4_2	223.844	137.76	210.945	0.5647058823529412	0.5647058823529412	0.5647058823529412
C	N4_2	223.596	136.745	210.116	0.18823529411764706	0.3137254901960784	0.9725490196078431
C	C5_2	224.605	138.883	210.496	0.5647058823529412	0.5647058823529412	0.5647058823529412
C	C6_2	224.847	139.861	211.379	0.5647058823529412	0.5647058823529412	0.5647058823529412
