C	P_1	260.884	213.328	223.45	1.0	0.5019607843137255	0.0
C	OP1_1	261.856	213.495	224.564	1.0	0.050980392156862744	0.050980392156862744
C	OP2_1	261.3	212.618	222.208	1.0	0.050980392156862744	0.050980392156862744
C	O5'_1	259.587	212.615	224.038	1.0	0.050980392156862744	0.050980392156862744
C	C5'_1	259.405	211.189	223.941	0.5647058823529412	0.5647058823529412	0.5647058823529412
C	C4'_1	258.164	210.782	224.696	0.5647058823529412	0.5647058823529412	0.5647058823529412
C	O4'_1	257.085	211.683	224.337	1.0	0.050980392156862744	0.050980392156862744
C	C3'_1	257.617	209.392	224.404	0.5647058823529412	0.5647058823529412	0.5647058823529412
C	O3'_1	258.288	208.375	225.148	1.0	0.050980392156862744	0.050980392156862744
C	C2'_1	256.149	209.545	224.788	0.5647058823529412	0.5647058823529412	0.5647058823529412
C	O2'_1	255.926	209.497	226.185	1.0	0.050980392156862744	0.050980392156862744
C	C1'_1	255.861	210.964	224.286	0.5647058823529412	0.5647058823529412	0.5647058823529412
C	N1_1	255.369	210.987	222.892	0.18823529411764706	0.3137254901960784	0.9725490196078431
C	C2_1	253.977	210.867	222.653	0.5647058823529412	0.5647058823529412	0.5647058823529412
C	O2_1	253.197	210.77	223.623	1.0	0.050980392156862744	0.050980392156862744
C	N3_1	253.533	210.866	221.37	0.18823529411764706	0.3137254901960784	0.9725490196078431
C	C4_1	254.408	210.981	220.356	0.5647058823529412	0.5647058823529412	0.5647058823529412
C	N4_1	253.928	210.963	219.11	0.18823529411764706	0.3137254901960784	0.9725490196078431
C	C5_1	255.814	211.117	220.576	0.5647058823529412	0.5647058823529412	0.5647058823529412
C	C6_1	256.246	211.114	221.842	0.5647058823529412	0.5647058823529412	0.5647058823529412
G	P_2	243.878	208.387	216.381	1.0	0.5019607843137255	0.0
G	OP1_2	242.506	207.91	216.044	1.0	0.050980392156862744	0.050980392156862744
G	OP2_2	244.526	209.416	215.525	1.0	0.050980392156862744	0.050980392156862744
G	O5'_2	243.848	208.937	217.878	1.0	0.050980392156862744	0.050980392156862744
G	C5'_2	243.06	208.293	218.9	0.5647058823529412	0.5647058823529412	0.5647058823529412
G	C4'_2	243.74	208.425	220.246	0.5647058823529412	0.5647058823529412	0.5647058823529412
G	O4'_2	244.909	207.555	220.306	1.0	0.050980392156862744	0.050980392156862744
G	C3'_2	244.303	209.8	220.573	0.5647058823529412	0.5647058823529412	0.5647058823529412
G	O3'_2	243.313	210.727	221.007	1.0	0.050980392156862744	0.050980392156862744
G	C2'_2	245.331	209.472	221.65	0.5647058823529412	0.5647058823529412	0.5647058823529412
G	O2'_2	244.738	209.241	222.913	1.0	0.050980392156862744	0.050980392156862744
G	C1'_2	245.92	208.164	221.108	0.5647058823529412	0.5647058823529412	0.5647058823529412
G	N9_2	247.105	208.395	220.277	0.18823529411764706	0.3137254901960784	0.9725490196078431
G	C8_2	247.167	208.381	218.9	0.5647058823529412	0.5647058823529412	0.5647058823529412
G	N7_2	248.352	208.675	218.432	0.18823529411764706	0.3137254901960784	0.9725490196078431
G	C5_2	249.128	208.889	219.564	0.5647058823529412	0.5647058823529412	0.5647058823529412
G	C6_2	250.5	209.26	219.681	0.5647058823529412	0.5647058823529412	0.5647058823529412
G	O6_2	251.313	209.497	218.776	1.0	0.050980392156862744	0.050980392156862744
G	N1_2	250.893	209.357	221.014	0.18823529411764706	0.3137254901960784	0.9725490196078431
G	C2_2	250.074	209.137	222.1	0.5647058823529412	0.5647058823529412	0.5647058823529412
G	N2_2	250.655	209.26	223.311	0.18823529411764706	0.3137254901960784	0.9725490196078431
G	N3_2	248.783	208.812	222.006	0.18823529411764706	0.3137254901960784	0.9725490196078431
G	C4_2	248.381	208.703	220.716	0.5647058823529412	0.5647058823529412	0.5647058823529412
