C	P_1	258.062	198.403	210.487	1.0	0.5019607843137255	0.0
C	OP1_1	258.813	197.116	210.371	1.0	0.050980392156862744	0.050980392156862744
C	OP2_1	257.035	198.754	209.456	1.0	0.050980392156862744	0.050980392156862744
C	O5'_1	257.34	198.438	211.91	1.0	0.050980392156862744	0.050980392156862744
C	C5'_1	256.754	199.655	212.402	0.5647058823529412	0.5647058823529412	0.5647058823529412
C	C4'_1	255.643	199.361	213.391	0.5647058823529412	0.5647058823529412	0.5647058823529412
C	O4'_1	255.11	200.639	213.844	1.0	0.050980392156862744	0.050980392156862744
C	C3'_1	254.45	198.57	212.844	0.5647058823529412	0.5647058823529412	0.5647058823529412
C	O3'_1	254.551	197.166	213.156	1.0	0.050980392156862744	0.050980392156862744
C	C2'_1	253.251	199.223	213.533	0.5647058823529412	0.5647058823529412	0.5647058823529412
C	O2'_1	253.015	198.728	214.839	1.0	0.050980392156862744	0.050980392156862744
C	C1'_1	253.711	200.684	213.621	0.5647058823529412	0.5647058823529412	0.5647058823529412
C	N1_1	253.446	201.512	212.419	0.18823529411764706	0.3137254901960784	0.9725490196078431
C	C2_1	252.126	201.961	212.176	0.5647058823529412	0.5647058823529412	0.5647058823529412
C	O2_1	251.225	201.658	212.982	1.0	0.050980392156862744	0.050980392156862744
C	N3_1	251.876	202.713	211.074	0.18823529411764706	0.3137254901960784	0.9725490196078431
C	C4_1	252.873	203.022	210.237	0.5647058823529412	0.5647058823529412	0.5647058823529412
C	N4_1	252.582	203.752	209.161	0.18823529411764706	0.3137254901960784	0.9725490196078431
C	C5_1	254.218	202.591	210.464	0.5647058823529412	0.5647058823529412	0.5647058823529412
C	C6_1	254.456	201.845	211.552	0.5647058823529412	0.5647058823529412	0.5647058823529412
G	P_2	243.186	207.928	206.455	1.0	0.5019607843137255	0.0
G	OP1_2	241.999	208.781	206.761	1.0	0.050980392156862744	0.050980392156862744
G	OP2_2	244.541	208.551	206.386	1.0	0.050980392156862744	0.050980392156862744
G	O5'_2	243.229	206.753	207.529	1.0	0.050980392156862744	0.050980392156862744
G	C5'_2	242.029	206.048	207.911	0.5647058823529412	0.5647058823529412	0.5647058823529412
G	C4'_2	242.351	205.018	208.973	0.5647058823529412	0.5647058823529412	0.5647058823529412
G	O4'_2	243.262	204.03	208.413	1.0	0.050980392156862744	0.050980392156862744
G	C3'_2	243.084	205.559	210.195	0.5647058823529412	0.5647058823529412	0.5647058823529412
G	O3'_2	242.182	206.109	211.165	1.0	0.050980392156862744	0.050980392156862744
G	C2'_2	243.832	204.33	210.702	0.5647058823529412	0.5647058823529412	0.5647058823529412
G	O2'_2	243.009	203.448	211.436	1.0	0.050980392156862744	0.050980392156862744
G	C1'_2	244.233	203.663	209.384	0.5647058823529412	0.5647058823529412	0.5647058823529412
G	N9_2	245.549	204.083	208.899	0.18823529411764706	0.3137254901960784	0.9725490196078431
G	C8_2	245.821	204.841	207.78	0.5647058823529412	0.5647058823529412	0.5647058823529412
G	N7_2	247.098	205.047	207.596	0.18823529411764706	0.3137254901960784	0.9725490196078431
G	C5_2	247.711	204.389	208.655	0.5647058823529412	0.5647058823529412	0.5647058823529412
G	C6_2	249.093	204.258	208.985	0.5647058823529412	0.5647058823529412	0.5647058823529412
G	O6_2	250.074	204.716	208.386	1.0	0.050980392156862744	0.050980392156862744
G	N1_2	249.274	203.502	210.141	0.18823529411764706	0.3137254901960784	0.9725490196078431
G	C2_2	248.261	202.937	210.885	0.5647058823529412	0.5647058823529412	0.5647058823529412
G	N2_2	248.641	202.224	211.964	0.18823529411764706	0.3137254901960784	0.9725490196078431
G	N3_2	246.97	203.057	210.593	0.18823529411764706	0.3137254901960784	0.9725490196078431
G	C4_2	246.77	203.79	209.472	0.5647058823529412	0.5647058823529412	0.5647058823529412
