C	P_1	205.884	278.132	164.53	1.0	0.5019607843137255	0.0
C	OP1_1	205.005	278.833	165.508	1.0	0.050980392156862744	0.050980392156862744
C	OP2_1	205.987	278.643	163.139	1.0	0.050980392156862744	0.050980392156862744
C	O5'_1	207.357	278.067	165.141	1.0	0.050980392156862744	0.050980392156862744
C	C5'_1	207.625	277.34	166.353	0.5647058823529412	0.5647058823529412	0.5647058823529412
C	C4'_1	209.066	276.883	166.383	0.5647058823529412	0.5647058823529412	0.5647058823529412
C	O4'_1	209.377	276.234	165.118	1.0	0.050980392156862744	0.050980392156862744
C	C3'_1	210.121	277.977	166.486	0.5647058823529412	0.5647058823529412	0.5647058823529412
C	O3'_1	210.318	278.445	167.82	1.0	0.050980392156862744	0.050980392156862744
C	C2'_1	211.356	277.286	165.92	0.5647058823529412	0.5647058823529412	0.5647058823529412
C	O2'_1	211.98	276.403	166.831	1.0	0.050980392156862744	0.050980392156862744
C	C1'_1	210.737	276.477	164.778	0.5647058823529412	0.5647058823529412	0.5647058823529412
C	N1_1	210.794	277.182	163.481	0.18823529411764706	0.3137254901960784	0.9725490196078431
C	C2_1	211.618	276.664	162.47	0.5647058823529412	0.5647058823529412	0.5647058823529412
C	O2_1	212.26	275.622	162.687	1.0	0.050980392156862744	0.050980392156862744
C	N3_1	211.693	277.311	161.286	0.18823529411764706	0.3137254901960784	0.9725490196078431
C	C4_1	210.989	278.429	161.09	0.5647058823529412	0.5647058823529412	0.5647058823529412
C	N4_1	211.098	279.035	159.908	0.18823529411764706	0.3137254901960784	0.9725490196078431
C	C5_1	210.141	278.975	162.096	0.5647058823529412	0.5647058823529412	0.5647058823529412
C	C6_1	210.071	278.324	163.264	0.5647058823529412	0.5647058823529412	0.5647058823529412
G	P_2	220.679	276.666	153.59	1.0	0.5019607843137255	0.0
G	OP1_2	221.415	275.582	152.878	1.0	0.050980392156862744	0.050980392156862744
G	OP2_2	219.504	277.308	152.933	1.0	0.050980392156862744	0.050980392156862744
G	O5'_2	220.21	276.097	155.005	1.0	0.050980392156862744	0.050980392156862744
G	C5'_2	221.149	275.444	155.888	0.5647058823529412	0.5647058823529412	0.5647058823529412
G	C4'_2	220.44	274.896	157.108	0.5647058823529412	0.5647058823529412	0.5647058823529412
G	O4'_2	219.943	275.98	157.938	1.0	0.050980392156862744	0.050980392156862744
G	C3'_2	219.204	274.051	156.845	0.5647058823529412	0.5647058823529412	0.5647058823529412
G	O3'_2	219.55	272.724	156.468	1.0	0.050980392156862744	0.050980392156862744
G	C2'_2	218.481	274.111	158.186	0.5647058823529412	0.5647058823529412	0.5647058823529412
G	O2'_2	219.018	273.224	159.148	1.0	0.050980392156862744	0.050980392156862744
G	C1'_2	218.773	275.55	158.621	0.5647058823529412	0.5647058823529412	0.5647058823529412
G	N9_2	217.684	276.483	158.341	0.18823529411764706	0.3137254901960784	0.9725490196078431
G	C8_2	217.505	277.253	157.214	0.5647058823529412	0.5647058823529412	0.5647058823529412
G	N7_2	216.434	278.001	157.266	0.18823529411764706	0.3137254901960784	0.9725490196078431
G	C5_2	215.868	277.707	158.5	0.5647058823529412	0.5647058823529412	0.5647058823529412
G	C6_2	214.695	278.213	159.117	0.5647058823529412	0.5647058823529412	0.5647058823529412
G	O6_2	213.897	279.052	158.682	1.0	0.050980392156862744	0.050980392156862744
G	N1_2	214.491	277.642	160.373	0.18823529411764706	0.3137254901960784	0.9725490196078431
G	C2_2	215.31	276.707	160.961	0.5647058823529412	0.5647058823529412	0.5647058823529412
G	N2_2	214.948	276.282	162.183	0.18823529411764706	0.3137254901960784	0.9725490196078431
G	N3_2	216.406	276.226	160.394	0.18823529411764706	0.3137254901960784	0.9725490196078431
G	C4_2	216.624	276.767	159.175	0.5647058823529412	0.5647058823529412	0.5647058823529412
