C	P_1	180.626	197.783	220.312	1.0	0.5019607843137255	0.0
C	OP1_1	179.468	197.846	221.256	1.0	0.050980392156862744	0.050980392156862744
C	OP2_1	181.933	197.245	220.788	1.0	0.050980392156862744	0.050980392156862744
C	O5'_1	180.201	196.932	219.035	1.0	0.050980392156862744	0.050980392156862744
C	C5'_1	178.819	196.718	218.718	0.5647058823529412	0.5647058823529412	0.5647058823529412
C	C4'_1	178.683	195.535	217.799	0.5647058823529412	0.5647058823529412	0.5647058823529412
C	O4'_1	179.441	195.812	216.591	1.0	0.050980392156862744	0.050980392156862744
C	C3'_1	179.282	194.229	218.308	0.5647058823529412	0.5647058823529412	0.5647058823529412
C	O3'_1	178.434	193.52	219.21	1.0	0.050980392156862744	0.050980392156862744
C	C2'_1	179.528	193.474	217.011	0.5647058823529412	0.5647058823529412	0.5647058823529412
C	O2'_1	178.354	192.906	216.464	1.0	0.050980392156862744	0.050980392156862744
C	C1'_1	180.027	194.608	216.115	0.5647058823529412	0.5647058823529412	0.5647058823529412
C	N1_1	181.495	194.726	216.184	0.18823529411764706	0.3137254901960784	0.9725490196078431
C	C2_1	182.266	193.921	215.331	0.5647058823529412	0.5647058823529412	0.5647058823529412
C	O2_1	181.684	193.166	214.524	1.0	0.050980392156862744	0.050980392156862744
C	N3_1	183.617	193.985	215.405	0.18823529411764706	0.3137254901960784	0.9725490196078431
C	C4_1	184.2	194.813	216.279	0.5647058823529412	0.5647058823529412	0.5647058823529412
C	N4_1	185.538	194.832	216.321	0.18823529411764706	0.3137254901960784	0.9725490196078431
C	C5_1	183.439	195.655	217.148	0.5647058823529412	0.5647058823529412	0.5647058823529412
C	C6_1	182.105	195.581	217.066	0.5647058823529412	0.5647058823529412	0.5647058823529412
G	P_2	191.521	188.489	209.512	1.0	0.5019607843137255	0.0
G	OP1_2	192.025	188.283	208.124	1.0	0.050980392156862744	0.050980392156862744
G	OP2_2	191.764	189.793	210.196	1.0	0.050980392156862744	0.050980392156862744
G	O5'_2	189.948	188.225	209.504	1.0	0.050980392156862744	0.050980392156862744
G	C5'_2	189.4	186.978	209.016	0.5647058823529412	0.5647058823529412	0.5647058823529412
G	C4'_2	187.939	186.866	209.398	0.5647058823529412	0.5647058823529412	0.5647058823529412
G	O4'_2	187.822	186.828	210.847	1.0	0.050980392156862744	0.050980392156862744
G	C3'_2	187.057	188.034	208.972	0.5647058823529412	0.5647058823529412	0.5647058823529412
G	O3'_2	186.607	187.879	207.621	1.0	0.050980392156862744	0.050980392156862744
G	C2'_2	185.912	187.966	209.982	0.5647058823529412	0.5647058823529412	0.5647058823529412
G	O2'_2	184.95	186.981	209.653	1.0	0.050980392156862744	0.050980392156862744
G	C1'_2	186.65	187.529	211.255	0.5647058823529412	0.5647058823529412	0.5647058823529412
G	N9_2	187.047	188.618	212.151	0.18823529411764706	0.3137254901960784	0.9725490196078431
G	C8_2	188.335	188.989	212.481	0.5647058823529412	0.5647058823529412	0.5647058823529412
G	N7_2	188.385	189.992	213.32	0.18823529411764706	0.3137254901960784	0.9725490196078431
G	C5_2	187.051	190.313	213.558	0.5647058823529412	0.5647058823529412	0.5647058823529412
G	C6_2	186.475	191.33	214.389	0.5647058823529412	0.5647058823529412	0.5647058823529412
G	O6_2	187.051	192.177	215.088	1.0	0.050980392156862744	0.050980392156862744
G	N1_2	185.082	191.297	214.347	0.18823529411764706	0.3137254901960784	0.9725490196078431
G	C2_2	184.333	190.407	213.601	0.5647058823529412	0.5647058823529412	0.5647058823529412
G	N2_2	183.001	190.531	213.707	0.18823529411764706	0.3137254901960784	0.9725490196078431
G	N3_2	184.855	189.464	212.814	0.18823529411764706	0.3137254901960784	0.9725490196078431
G	C4_2	186.209	189.474	212.844	0.5647058823529412	0.5647058823529412	0.5647058823529412
