G	P_1	273.138	226.694	226.104	1.0	0.5019607843137255	0.0
G	OP1_1	273.282	227.613	224.938	1.0	0.050980392156862744	0.050980392156862744
G	OP2_1	272.092	225.637	226.078	1.0	0.050980392156862744	0.050980392156862744
G	O5'_1	274.547	225.991	226.359	1.0	0.050980392156862744	0.050980392156862744
G	C5'_1	275.747	226.772	226.559	0.5647058823529412	0.5647058823529412	0.5647058823529412
G	C4'_1	276.876	225.882	227.03	0.5647058823529412	0.5647058823529412	0.5647058823529412
G	O4'_1	276.5	225.268	228.291	1.0	0.050980392156862744	0.050980392156862744
G	C3'_1	277.21	224.715	226.111	0.5647058823529412	0.5647058823529412	0.5647058823529412
G	O3'_1	278.125	225.13	225.095	1.0	0.050980392156862744	0.050980392156862744
G	C2'_1	277.815	223.695	227.072	0.5647058823529412	0.5647058823529412	0.5647058823529412
G	O2'_1	279.173	223.961	227.367	1.0	0.050980392156862744	0.050980392156862744
G	C1'_1	276.98	223.932	228.338	0.5647058823529412	0.5647058823529412	0.5647058823529412
G	N9_1	275.834	223.04	228.538	0.18823529411764706	0.3137254901960784	0.9725490196078431
G	C8_1	274.497	223.37	228.44	0.5647058823529412	0.5647058823529412	0.5647058823529412
G	N7_1	273.7	222.373	228.71	0.18823529411764706	0.3137254901960784	0.9725490196078431
G	C5_1	274.554	221.316	228.997	0.5647058823529412	0.5647058823529412	0.5647058823529412
G	C6_1	274.262	219.978	229.357	0.5647058823529412	0.5647058823529412	0.5647058823529412
G	O6_1	273.156	219.445	229.504	1.0	0.050980392156862744	0.050980392156862744
G	N1_1	275.423	219.235	229.553	0.18823529411764706	0.3137254901960784	0.9725490196078431
G	C2_1	276.704	219.718	229.418	0.5647058823529412	0.5647058823529412	0.5647058823529412
G	N2_1	277.703	218.839	229.647	0.18823529411764706	0.3137254901960784	0.9725490196078431
G	N3_1	276.99	220.969	229.083	0.18823529411764706	0.3137254901960784	0.9725490196078431
G	C4_1	275.875	221.707	228.888	0.5647058823529412	0.5647058823529412	0.5647058823529412
C	P_2	274.008	211.862	235.995	1.0	0.5019607843137255	0.0
C	OP1_2	274.575	210.732	236.787	1.0	0.050980392156862744	0.050980392156862744
C	OP2_2	273.629	213.123	236.692	1.0	0.050980392156862744	0.050980392156862744
C	O5'_2	275.048	212.237	234.847	1.0	0.050980392156862744	0.050980392156862744
C	C5'_2	276.003	211.268	234.369	0.5647058823529412	0.5647058823529412	0.5647058823529412
C	C4'_2	276.944	211.907	233.374	0.5647058823529412	0.5647058823529412	0.5647058823529412
C	O4'_2	276.214	212.241	232.167	1.0	0.050980392156862744	0.050980392156862744
C	C3'_2	277.573	213.218	233.824	0.5647058823529412	0.5647058823529412	0.5647058823529412
C	O3'_2	278.731	212.975	234.628	1.0	0.050980392156862744	0.050980392156862744
C	C2'_2	277.898	213.898	232.498	0.5647058823529412	0.5647058823529412	0.5647058823529412
C	O2'_2	279.098	213.412	231.925	1.0	0.050980392156862744	0.050980392156862744
C	C1'_2	276.714	213.455	231.627	0.5647058823529412	0.5647058823529412	0.5647058823529412
C	N1_2	275.592	214.412	231.503	0.18823529411764706	0.3137254901960784	0.9725490196078431
C	C2_2	275.81	215.66	230.88	0.5647058823529412	0.5647058823529412	0.5647058823529412
C	O2_2	276.951	215.949	230.474	1.0	0.050980392156862744	0.050980392156862744
C	N3_2	274.763	216.514	230.738	0.18823529411764706	0.3137254901960784	0.9725490196078431
C	C4_2	273.55	216.167	231.189	0.5647058823529412	0.5647058823529412	0.5647058823529412
C	N4_2	272.546	217.028	231.017	0.18823529411764706	0.3137254901960784	0.9725490196078431
C	C5_2	273.312	214.92	231.834	0.5647058823529412	0.5647058823529412	0.5647058823529412
C	C6_2	274.347	214.085	231.97	0.5647058823529412	0.5647058823529412	0.5647058823529412
