C	P_1	198.396	248.678	215.789	1.0	0.5019607843137255	0.0
C	OP1_1	198.484	247.983	214.473	1.0	0.050980392156862744	0.050980392156862744
C	OP2_1	199.428	248.419	216.829	1.0	0.050980392156862744	0.050980392156862744
C	O5'_1	198.346	250.253	215.535	1.0	0.050980392156862744	0.050980392156862744
C	C5'_1	197.469	250.819	214.535	0.5647058823529412	0.5647058823529412	0.5647058823529412
C	C4'_1	197.656	252.319	214.448	0.5647058823529412	0.5647058823529412	0.5647058823529412
C	O4'_1	197.298	252.928	215.716	1.0	0.050980392156862744	0.050980392156862744
C	C3'_1	199.065	252.83	214.176	0.5647058823529412	0.5647058823529412	0.5647058823529412
C	O3'_1	199.39	252.778	212.786	1.0	0.050980392156862744	0.050980392156862744
C	C2'_1	198.992	254.264	214.692	0.5647058823529412	0.5647058823529412	0.5647058823529412
C	O2'_1	198.364	255.146	213.782	1.0	0.050980392156862744	0.050980392156862744
C	C1'_1	198.082	254.097	215.913	0.5647058823529412	0.5647058823529412	0.5647058823529412
C	N1_1	198.795	253.994	217.202	0.18823529411764706	0.3137254901960784	0.9725490196078431
C	C2_1	198.972	255.164	217.968	0.5647058823529412	0.5647058823529412	0.5647058823529412
C	O2_1	198.543	256.245	217.528	1.0	0.050980392156862744	0.050980392156862744
C	N3_1	199.603	255.08	219.164	0.18823529411764706	0.3137254901960784	0.9725490196078431
C	C4_1	200.055	253.9	219.601	0.5647058823529412	0.5647058823529412	0.5647058823529412
C	N4_1	200.66	253.868	220.792	0.18823529411764706	0.3137254901960784	0.9725490196078431
C	C5_1	199.902	252.7	218.837	0.5647058823529412	0.5647058823529412	0.5647058823529412
C	C6_1	199.272	252.792	217.657	0.5647058823529412	0.5647058823529412	0.5647058823529412
G	P_2	201.845	263.138	226.606	1.0	0.5019607843137255	0.0
G	OP1_2	201.388	264.3	227.421	1.0	0.050980392156862744	0.050980392156862744
G	OP2_2	201.555	261.754	227.072	1.0	0.050980392156862744	0.050980392156862744
G	O5'_2	201.248	263.304	225.137	1.0	0.050980392156862744	0.050980392156862744
G	C5'_2	201.38	264.549	224.421	0.5647058823529412	0.5647058823529412	0.5647058823529412
G	C4'_2	200.905	264.383	222.997	0.5647058823529412	0.5647058823529412	0.5647058823529412
G	O4'_2	201.801	263.491	222.278	1.0	0.050980392156862744	0.050980392156862744
G	C3'_2	199.536	263.743	222.837	0.5647058823529412	0.5647058823529412	0.5647058823529412
G	O3'_2	198.496	264.701	223.019	1.0	0.050980392156862744	0.050980392156862744
G	C2'_2	199.602	263.189	221.419	0.5647058823529412	0.5647058823529412	0.5647058823529412
G	O2'_2	199.39	264.18	220.434	1.0	0.050980392156862744	0.050980392156862744
G	C1'_2	201.059	262.72	221.346	0.5647058823529412	0.5647058823529412	0.5647058823529412
G	N9_2	201.248	261.304	221.658	0.18823529411764706	0.3137254901960784	0.9725490196078431
G	C8_2	201.736	260.77	222.83	0.5647058823529412	0.5647058823529412	0.5647058823529412
G	N7_2	201.788	259.464	222.819	0.18823529411764706	0.3137254901960784	0.9725490196078431
G	C5_2	201.307	259.108	221.564	0.5647058823529412	0.5647058823529412	0.5647058823529412
G	C6_2	201.126	257.824	220.977	0.5647058823529412	0.5647058823529412	0.5647058823529412
G	O6_2	201.359	256.712	221.466	1.0	0.050980392156862744	0.050980392156862744
G	N1_2	200.616	257.92	219.687	0.18823529411764706	0.3137254901960784	0.9725490196078431
G	C2_2	200.316	259.091	219.043	0.5647058823529412	0.5647058823529412	0.5647058823529412
G	N2_2	199.837	258.968	217.795	0.18823529411764706	0.3137254901960784	0.9725490196078431
G	N3_2	200.474	260.295	219.577	0.18823529411764706	0.3137254901960784	0.9725490196078431
G	C4_2	200.971	260.23	220.832	0.5647058823529412	0.5647058823529412	0.5647058823529412
