G	P_1	175.158	125.537	187.186	1.0	0.5019607843137255	0.0
G	OP1_1	176.242	125.419	186.163	1.0	0.050980392156862744	0.050980392156862744
G	OP2_1	173.789	125.937	186.758	1.0	0.050980392156862744	0.050980392156862744
G	O5'_1	175.059	124.153	187.976	1.0	0.050980392156862744	0.050980392156862744
G	C5'_1	176.247	123.387	188.293	0.5647058823529412	0.5647058823529412	0.5647058823529412
G	C4'_1	175.872	121.993	188.763	0.5647058823529412	0.5647058823529412	0.5647058823529412
G	O4'_1	175.197	122.07	190.048	1.0	0.050980392156862744	0.050980392156862744
G	C3'_1	174.909	121.225	187.87	0.5647058823529412	0.5647058823529412	0.5647058823529412
G	O3'_1	175.584	120.586	186.789	1.0	0.050980392156862744	0.050980392156862744
G	C2'_1	174.284	120.234	188.842	0.5647058823529412	0.5647058823529412	0.5647058823529412
G	O2'_1	175.12	119.125	189.102	1.0	0.050980392156862744	0.050980392156862744
G	C1'_1	174.17	121.089	190.108	0.5647058823529412	0.5647058823529412	0.5647058823529412
G	N9_1	172.888	121.782	190.222	0.18823529411764706	0.3137254901960784	0.9725490196078431
G	C8_1	172.628	123.09	189.887	0.5647058823529412	0.5647058823529412	0.5647058823529412
G	N7_1	171.387	123.438	190.096	0.18823529411764706	0.3137254901960784	0.9725490196078431
G	C5_1	170.787	122.292	190.598	0.5647058823529412	0.5647058823529412	0.5647058823529412
G	C6_1	169.444	122.061	191.001	0.5647058823529412	0.5647058823529412	0.5647058823529412
G	O6_1	168.488	122.849	190.986	1.0	0.050980392156862744	0.050980392156862744
G	N1_1	169.263	120.756	191.454	0.18823529411764706	0.3137254901960784	0.9725490196078431
G	C2_1	170.246	119.794	191.509	0.5647058823529412	0.5647058823529412	0.5647058823529412
G	N2_1	169.875	118.597	191.994	0.18823529411764706	0.3137254901960784	0.9725490196078431
G	N3_1	171.502	119.994	191.123	0.18823529411764706	0.3137254901960784	0.9725490196078431
G	C4_1	171.7	121.257	190.685	0.5647058823529412	0.5647058823529412	0.5647058823529412
C	P_2	160.707	119.446	195.792	1.0	0.5019607843137255	0.0
C	OP1_2	159.943	119.004	196.993	1.0	0.050980392156862744	0.050980392156862744
C	OP2_2	161.266	120.821	195.744	1.0	0.050980392156862744	0.050980392156862744
C	O5'_2	161.9	118.413	195.557	1.0	0.050980392156862744	0.050980392156862744
C	C5'_2	161.671	116.986	195.59	0.5647058823529412	0.5647058823529412	0.5647058823529412
C	C4'_2	162.938	116.242	195.228	0.5647058823529412	0.5647058823529412	0.5647058823529412
C	O4'_2	163.319	116.57	193.865	1.0	0.050980392156862744	0.050980392156862744
C	C3'_2	164.165	116.578	196.066	0.5647058823529412	0.5647058823529412	0.5647058823529412
C	O3'_2	164.178	115.829	197.289	1.0	0.050980392156862744	0.050980392156862744
C	C2'_2	165.309	116.219	195.122	0.5647058823529412	0.5647058823529412	0.5647058823529412
C	O2'_2	165.567	114.828	195.066	1.0	0.050980392156862744	0.050980392156862744
C	C1'_2	164.733	116.666	193.773	0.5647058823529412	0.5647058823529412	0.5647058823529412
C	N1_2	165.084	118.048	193.379	0.18823529411764706	0.3137254901960784	0.9725490196078431
C	C2_2	166.355	118.309	192.831	0.5647058823529412	0.5647058823529412	0.5647058823529412
C	O2_2	167.158	117.373	192.689	1.0	0.050980392156862744	0.050980392156862744
C	N3_2	166.668	119.576	192.471	0.18823529411764706	0.3137254901960784	0.9725490196078431
C	C4_2	165.773	120.557	192.631	0.5647058823529412	0.5647058823529412	0.5647058823529412
C	N4_2	166.118	121.788	192.263	0.18823529411764706	0.3137254901960784	0.9725490196078431
C	C5_2	164.48	120.318	193.178	0.5647058823529412	0.5647058823529412	0.5647058823529412
C	C6_2	164.183	119.066	193.537	0.5647058823529412	0.5647058823529412	0.5647058823529412
