G	P_1	198.745	166.385	242.623	1.0	0.5019607843137255	0.0
G	OP1_1	197.687	166.888	243.545	1.0	0.050980392156862744	0.050980392156862744
G	OP2_1	200.145	166.869	242.781	1.0	0.050980392156862744	0.050980392156862744
G	O5'_1	198.753	164.794	242.711	1.0	0.050980392156862744	0.050980392156862744
G	C5'_1	197.524	164.041	242.629	0.5647058823529412	0.5647058823529412	0.5647058823529412
G	C4'_1	197.822	162.592	242.312	0.5647058823529412	0.5647058823529412	0.5647058823529412
G	O4'_1	198.529	162.529	241.044	1.0	0.050980392156862744	0.050980392156862744
G	C3'_1	198.737	161.861	243.291	0.5647058823529412	0.5647058823529412	0.5647058823529412
G	O3'_1	198.011	161.333	244.406	1.0	0.050980392156862744	0.050980392156862744
G	C2'_1	199.328	160.756	242.423	0.5647058823529412	0.5647058823529412	0.5647058823529412
G	O2'_1	198.45	159.658	242.259	1.0	0.050980392156862744	0.050980392156862744
G	C1'_1	199.49	161.483	241.084	0.5647058823529412	0.5647058823529412	0.5647058823529412
G	N9_1	200.815	162.066	240.893	0.18823529411764706	0.3137254901960784	0.9725490196078431
G	C8_1	201.196	163.37	241.12	0.5647058823529412	0.5647058823529412	0.5647058823529412
G	N7_1	202.452	163.593	240.842	0.18823529411764706	0.3137254901960784	0.9725490196078431
G	C5_1	202.931	162.363	240.406	0.5647058823529412	0.5647058823529412	0.5647058823529412
G	C6_1	204.231	161.982	239.967	0.5647058823529412	0.5647058823529412	0.5647058823529412
G	O6_1	205.248	162.683	239.862	1.0	0.050980392156862744	0.050980392156862744
G	N1_1	204.281	160.632	239.63	0.18823529411764706	0.3137254901960784	0.9725490196078431
G	C2_1	203.223	159.758	239.709	0.5647058823529412	0.5647058823529412	0.5647058823529412
G	N2_1	203.475	158.492	239.356	0.18823529411764706	0.3137254901960784	0.9725490196078431
G	N3_1	202.006	160.1	240.11	0.18823529411764706	0.3137254901960784	0.9725490196078431
G	C4_1	201.933	161.409	240.439	0.5647058823529412	0.5647058823529412	0.5647058823529412
C	P_2	212.678	156.15	236.093	1.0	0.5019607843137255	0.0
C	OP1_2	213.329	155.223	235.112	1.0	0.050980392156862744	0.050980392156862744
C	OP2_2	212.742	157.619	235.868	1.0	0.050980392156862744	0.050980392156862744
C	O5'_2	211.15	155.719	236.234	1.0	0.050980392156862744	0.050980392156862744
C	C5'_2	210.801	154.348	236.495	0.5647058823529412	0.5647058823529412	0.5647058823529412
C	C4'_2	209.325	154.226	236.771	0.5647058823529412	0.5647058823529412	0.5647058823529412
C	O4'_2	209.011	154.866	238.035	1.0	0.050980392156862744	0.050980392156862744
C	C3'_2	208.396	154.894	235.767	0.5647058823529412	0.5647058823529412	0.5647058823529412
C	O3'_2	208.193	154.084	234.611	1.0	0.050980392156862744	0.050980392156862744
C	C2'_2	207.126	155.08	236.589	0.5647058823529412	0.5647058823529412	0.5647058823529412
C	O2'_2	206.364	153.899	236.704	1.0	0.050980392156862744	0.050980392156862744
C	C1'_2	207.709	155.433	237.961	0.5647058823529412	0.5647058823529412	0.5647058823529412
C	N1_2	207.809	156.889	238.192	0.18823529411764706	0.3137254901960784	0.9725490196078431
C	C2_2	206.647	157.597	238.573	0.5647058823529412	0.5647058823529412	0.5647058823529412
C	O2_2	205.58	156.971	238.729	1.0	0.050980392156862744	0.050980392156862744
C	N3_2	206.729	158.944	238.766	0.18823529411764706	0.3137254901960784	0.9725490196078431
C	C4_2	207.903	159.576	238.6	0.5647058823529412	0.5647058823529412	0.5647058823529412
C	N4_2	207.936	160.899	238.788	0.18823529411764706	0.3137254901960784	0.9725490196078431
C	C5_2	209.093	158.877	238.229	0.5647058823529412	0.5647058823529412	0.5647058823529412
C	C6_2	209.002	157.553	238.036	0.5647058823529412	0.5647058823529412	0.5647058823529412
