C	P_1	75.072	181.519	217.802	1.0	0.5019607843137255	0.0
C	OP1_1	76.23	180.699	218.252	1.0	0.050980392156862744	0.050980392156862744
C	OP2_1	74.516	181.312	216.436	1.0	0.050980392156862744	0.050980392156862744
C	O5'_1	73.907	181.308	218.87	1.0	0.050980392156862744	0.050980392156862744
C	C5'_1	74.036	181.836	220.205	0.5647058823529412	0.5647058823529412	0.5647058823529412
C	C4'_1	72.686	181.913	220.872	0.5647058823529412	0.5647058823529412	0.5647058823529412
C	O4'_1	71.791	182.676	220.035	1.0	0.050980392156862744	0.050980392156862744
C	C3'_1	71.996	180.58	221.146	0.5647058823529412	0.5647058823529412	0.5647058823529412
C	O3'_1	72.018	180.242	222.532	1.0	0.050980392156862744	0.050980392156862744
C	C2'_1	70.602	180.704	220.517	0.5647058823529412	0.5647058823529412	0.5647058823529412
C	O2'_1	69.565	180.299	221.39	1.0	0.050980392156862744	0.050980392156862744
C	C1'_1	70.478	182.197	220.206	0.5647058823529412	0.5647058823529412	0.5647058823529412
C	N1_1	69.76	182.408	218.932	0.18823529411764706	0.3137254901960784	0.9725490196078431
C	C2_1	68.402	182.771	218.959	0.5647058823529412	0.5647058823529412	0.5647058823529412
C	O2_1	67.838	182.929	220.057	1.0	0.050980392156862744	0.050980392156862744
C	N3_1	67.744	182.941	217.785	0.18823529411764706	0.3137254901960784	0.9725490196078431
C	C4_1	68.388	182.767	216.625	0.5647058823529412	0.5647058823529412	0.5647058823529412
C	N4_1	67.7	182.94	215.495	0.18823529411764706	0.3137254901960784	0.9725490196078431
C	C5_1	69.767	182.408	216.571	0.5647058823529412	0.5647058823529412	0.5647058823529412
C	C6_1	70.407	182.242	217.734	0.5647058823529412	0.5647058823529412	0.5647058823529412
G	P_2	57.339	184.673	214.653	1.0	0.5019607843137255	0.0
G	OP1_2	56.098	185.461	214.422	1.0	0.050980392156862744	0.050980392156862744
G	OP2_2	58.574	184.999	213.879	1.0	0.050980392156862744	0.050980392156862744
G	O5'_2	57.695	184.757	216.204	1.0	0.050980392156862744	0.050980392156862744
G	C5'_2	56.802	184.225	217.207	0.5647058823529412	0.5647058823529412	0.5647058823529412
G	C4'_2	57.585	183.817	218.434	0.5647058823529412	0.5647058823529412	0.5647058823529412
G	O4'_2	58.536	182.781	218.063	1.0	0.050980392156862744	0.050980392156862744
G	C3'_2	58.442	184.912	219.054	0.5647058823529412	0.5647058823529412	0.5647058823529412
G	O3'_2	57.689	185.735	219.943	1.0	0.050980392156862744	0.050980392156862744
G	C2'_2	59.537	184.119	219.755	0.5647058823529412	0.5647058823529412	0.5647058823529412
G	O2'_2	59.129	183.586	220.998	1.0	0.050980392156862744	0.050980392156862744
G	C1'_2	59.759	182.98	218.757	0.5647058823529412	0.5647058823529412	0.5647058823529412
G	N9_2	60.804	183.246	217.769	0.18823529411764706	0.3137254901960784	0.9725490196078431
G	C8_2	60.629	183.595	216.45	0.5647058823529412	0.5647058823529412	0.5647058823529412
G	N7_2	61.753	183.729	215.8	0.18823529411764706	0.3137254901960784	0.9725490196078431
G	C5_2	62.732	183.459	216.747	0.5647058823529412	0.5647058823529412	0.5647058823529412
G	C6_2	64.144	183.44	216.625	0.5647058823529412	0.5647058823529412	0.5647058823529412
G	O6_2	64.835	183.662	215.622	1.0	0.050980392156862744	0.050980392156862744
G	N1_2	64.757	183.122	217.833	0.18823529411764706	0.3137254901960784	0.9725490196078431
G	C2_2	64.099	182.857	219.009	0.5647058823529412	0.5647058823529412	0.5647058823529412
G	N2_2	64.868	182.573	220.068	0.18823529411764706	0.3137254901960784	0.9725490196078431
G	N3_2	62.781	182.869	219.136	0.18823529411764706	0.3137254901960784	0.9725490196078431
G	C4_2	62.164	183.173	217.972	0.5647058823529412	0.5647058823529412	0.5647058823529412
