G	P_1	165.711	279.121	185.103	1.0	0.5019607843137255	0.0
G	OP1_1	166.808	279.274	186.099	1.0	0.050980392156862744	0.050980392156862744
G	OP2_1	165.826	279.783	183.774	1.0	0.050980392156862744	0.050980392156862744
G	O5'_1	165.462	277.565	184.866	1.0	0.050980392156862744	0.050980392156862744
G	C5'_1	165.26	276.664	185.977	0.5647058823529412	0.5647058823529412	0.5647058823529412
G	C4'_1	164.979	275.268	185.47	0.5647058823529412	0.5647058823529412	0.5647058823529412
G	O4'_1	163.669	275.218	184.843	1.0	0.050980392156862744	0.050980392156862744
G	C3'_1	165.936	274.773	184.399	0.5647058823529412	0.5647058823529412	0.5647058823529412
G	O3'_1	167.132	274.263	184.982	1.0	0.050980392156862744	0.050980392156862744
G	C2'_1	165.107	273.717	183.675	0.5647058823529412	0.5647058823529412	0.5647058823529412
G	O2'_1	165.08	272.475	184.349	1.0	0.050980392156862744	0.050980392156862744
G	C1'_1	163.709	274.349	183.718	0.5647058823529412	0.5647058823529412	0.5647058823529412
G	N9_1	163.364	275.13	182.532	0.18823529411764706	0.3137254901960784	0.9725490196078431
G	C8_1	163.365	276.502	182.418	0.5647058823529412	0.5647058823529412	0.5647058823529412
G	N7_1	162.999	276.921	181.237	0.18823529411764706	0.3137254901960784	0.9725490196078431
G	C5_1	162.741	275.758	180.523	0.5647058823529412	0.5647058823529412	0.5647058823529412
G	C6_1	162.31	275.586	179.181	0.5647058823529412	0.5647058823529412	0.5647058823529412
G	O6_1	162.06	276.456	178.334	1.0	0.050980392156862744	0.050980392156862744
G	N1_1	162.171	274.237	178.856	0.18823529411764706	0.3137254901960784	0.9725490196078431
G	C2_1	162.414	273.188	179.711	0.5647058823529412	0.5647058823529412	0.5647058823529412
G	N2_1	162.213	271.959	179.209	0.18823529411764706	0.3137254901960784	0.9725490196078431
G	N3_1	162.821	273.336	180.97	0.18823529411764706	0.3137254901960784	0.9725490196078431
G	C4_1	162.962	274.641	181.305	0.5647058823529412	0.5647058823529412	0.5647058823529412
C	P_2	158.988	272.198	169.47	1.0	0.5019607843137255	0.0
C	OP1_2	158.226	271.412	168.457	1.0	0.050980392156862744	0.050980392156862744
C	OP2_2	158.545	273.574	169.813	1.0	0.050980392156862744	0.050980392156862744
C	O5'_2	159.059	271.35	170.815	1.0	0.050980392156862744	0.050980392156862744
C	C5'_2	159.419	269.954	170.788	0.5647058823529412	0.5647058823529412	0.5647058823529412
C	C4'_2	159.608	269.43	172.195	0.5647058823529412	0.5647058823529412	0.5647058823529412
C	O4'_2	160.778	270.049	172.798	1.0	0.050980392156862744	0.050980392156862744
C	C3'_2	158.487	269.722	173.184	0.5647058823529412	0.5647058823529412	0.5647058823529412
C	O3'_2	157.393	268.814	173.035	1.0	0.050980392156862744	0.050980392156862744
C	C2'_2	159.203	269.569	174.522	0.5647058823529412	0.5647058823529412	0.5647058823529412
C	O2'_2	159.397	268.216	174.881	1.0	0.050980392156862744	0.050980392156862744
C	C1'_2	160.575	270.173	174.2	0.5647058823529412	0.5647058823529412	0.5647058823529412
C	N1_2	160.729	271.591	174.583	0.18823529411764706	0.3137254901960784	0.9725490196078431
C	C2_2	161.494	271.909	175.725	0.5647058823529412	0.5647058823529412	0.5647058823529412
C	O2_2	161.995	270.99	176.396	1.0	0.050980392156862744	0.050980392156862744
C	N3_2	161.663	273.21	176.062	0.18823529411764706	0.3137254901960784	0.9725490196078431
C	C4_2	161.104	274.173	175.318	0.5647058823529412	0.5647058823529412	0.5647058823529412
C	N4_2	161.319	275.443	175.676	0.18823529411764706	0.3137254901960784	0.9725490196078431
C	C5_2	160.305	273.876	174.168	0.5647058823529412	0.5647058823529412	0.5647058823529412
C	C6_2	160.148	272.587	173.842	0.5647058823529412	0.5647058823529412	0.5647058823529412
