G	P_1	174.955	113.73	160.305	1.0	0.5019607843137255	0.0
G	OP1_1	176.105	113.872	161.243	1.0	0.050980392156862744	0.050980392156862744
G	OP2_1	173.996	114.857	160.142	1.0	0.050980392156862744	0.050980392156862744
G	O5'_1	175.528	113.356	158.863	1.0	0.050980392156862744	0.050980392156862744
G	C5'_1	176.593	112.391	158.708	0.5647058823529412	0.5647058823529412	0.5647058823529412
G	C4'_1	176.907	112.188	157.241	0.5647058823529412	0.5647058823529412	0.5647058823529412
G	O4'_1	175.746	111.627	156.571	1.0	0.050980392156862744	0.050980392156862744
G	C3'_1	177.22	113.446	156.445	0.5647058823529412	0.5647058823529412	0.5647058823529412
G	O3'_1	178.585	113.839	156.599	1.0	0.050980392156862744	0.050980392156862744
G	C2'_1	176.91	113.009	155.018	0.5647058823529412	0.5647058823529412	0.5647058823529412
G	O2'_1	177.95	112.248	154.439	1.0	0.050980392156862744	0.050980392156862744
G	C1'_1	175.696	112.098	155.232	0.5647058823529412	0.5647058823529412	0.5647058823529412
G	N9_1	174.405	112.745	155.004	0.18823529411764706	0.3137254901960784	0.9725490196078431
G	C8_1	173.542	113.245	155.953	0.5647058823529412	0.5647058823529412	0.5647058823529412
G	N7_1	172.454	113.76	155.441	0.18823529411764706	0.3137254901960784	0.9725490196078431
G	C5_1	172.606	113.59	154.07	0.5647058823529412	0.5647058823529412	0.5647058823529412
G	C6_1	171.746	113.952	152.999	0.5647058823529412	0.5647058823529412	0.5647058823529412
G	O6_1	170.642	114.511	153.052	1.0	0.050980392156862744	0.050980392156862744
G	N1_1	172.288	113.599	151.766	0.18823529411764706	0.3137254901960784	0.9725490196078431
G	C2_1	173.5	112.98	151.583	0.5647058823529412	0.5647058823529412	0.5647058823529412
G	N2_1	173.85	112.726	150.311	0.18823529411764706	0.3137254901960784	0.9725490196078431
G	N3_1	174.312	112.635	152.572	0.18823529411764706	0.3137254901960784	0.9725490196078431
G	C4_1	173.806	112.968	153.781	0.5647058823529412	0.5647058823529412	0.5647058823529412
C	P_2	166.612	115.587	143.048	1.0	0.5019607843137255	0.0
C	OP1_2	166.397	115.273	141.606	1.0	0.050980392156862744	0.050980392156862744
C	OP2_2	165.609	115.142	144.054	1.0	0.050980392156862744	0.050980392156862744
C	O5'_2	168.036	115.019	143.483	1.0	0.050980392156862744	0.050980392156862744
C	C5'_2	169.191	115.198	142.641	0.5647058823529412	0.5647058823529412	0.5647058823529412
C	C4'_2	170.431	114.685	143.334	0.5647058823529412	0.5647058823529412	0.5647058823529412
C	O4'_2	170.733	115.524	144.48	1.0	0.050980392156862744	0.050980392156862744
C	C3'_2	170.343	113.284	143.922	0.5647058823529412	0.5647058823529412	0.5647058823529412
C	O3'_2	170.518	112.268	142.938	1.0	0.050980392156862744	0.050980392156862744
C	C2'_2	171.46	113.305	144.957	0.5647058823529412	0.5647058823529412	0.5647058823529412
C	O2'_2	172.747	113.131	144.397	1.0	0.050980392156862744	0.050980392156862744
C	C1'_2	171.336	114.733	145.498	0.5647058823529412	0.5647058823529412	0.5647058823529412
C	N1_2	170.519	114.821	146.728	0.18823529411764706	0.3137254901960784	0.9725490196078431
C	C2_2	171.156	114.667	147.974	0.5647058823529412	0.5647058823529412	0.5647058823529412
C	O2_2	172.386	114.469	148.008	1.0	0.050980392156862744	0.050980392156862744
C	N3_2	170.414	114.738	149.102	0.18823529411764706	0.3137254901960784	0.9725490196078431
C	C4_2	169.096	114.954	149.025	0.5647058823529412	0.5647058823529412	0.5647058823529412
C	N4_2	168.409	115.018	150.165	0.18823529411764706	0.3137254901960784	0.9725490196078431
C	C5_2	168.426	115.116	147.775	0.5647058823529412	0.5647058823529412	0.5647058823529412
C	C6_2	169.168	115.044	146.666	0.5647058823529412	0.5647058823529412	0.5647058823529412
