C	P_1	183.819	196.962	107.884	1.0	0.5019607843137255	0.0
C	OP1_1	184.209	198.297	108.43	1.0	0.050980392156862744	0.050980392156862744
C	OP2_1	182.661	196.236	108.476	1.0	0.050980392156862744	0.050980392156862744
C	O5'_1	183.56	197.11	106.317	1.0	0.050980392156862744	0.050980392156862744
C	C5'_1	184.535	197.729	105.448	0.5647058823529412	0.5647058823529412	0.5647058823529412
C	C4'_1	184.042	197.703	104.021	0.5647058823529412	0.5647058823529412	0.5647058823529412
C	O4'_1	184.0	196.33	103.554	1.0	0.050980392156862744	0.050980392156862744
C	C3'_1	182.625	198.223	103.823	0.5647058823529412	0.5647058823529412	0.5647058823529412
C	O3'_1	182.607	199.645	103.706	1.0	0.050980392156862744	0.050980392156862744
C	C2'_1	182.185	197.512	102.55	0.5647058823529412	0.5647058823529412	0.5647058823529412
C	O2'_1	182.673	198.13	101.377	1.0	0.050980392156862744	0.050980392156862744
C	C1'_1	182.868	196.149	102.715	0.5647058823529412	0.5647058823529412	0.5647058823529412
C	N1_1	182.016	195.087	103.291	0.18823529411764706	0.3137254901960784	0.9725490196078431
C	C2_1	181.206	194.326	102.431	0.5647058823529412	0.5647058823529412	0.5647058823529412
C	O2_1	181.22	194.57	101.212	1.0	0.050980392156862744	0.050980392156862744
C	N3_1	180.435	193.345	102.951	0.18823529411764706	0.3137254901960784	0.9725490196078431
C	C4_1	180.45	193.11	104.268	0.5647058823529412	0.5647058823529412	0.5647058823529412
C	N4_1	179.678	192.131	104.736	0.18823529411764706	0.3137254901960784	0.9725490196078431
C	C5_1	181.258	193.87	105.162	0.5647058823529412	0.5647058823529412	0.5647058823529412
C	C6_1	182.017	194.837	104.637	0.5647058823529412	0.5647058823529412	0.5647058823529412
G	P_2	172.569	186.867	98.32	1.0	0.5019607843137255	0.0
G	OP1_2	172.172	185.819	97.332	1.0	0.050980392156862744	0.050980392156862744
G	OP2_2	173.269	186.464	99.57	1.0	0.050980392156862744	0.050980392156862744
G	O5'_2	173.479	187.947	97.567	1.0	0.050980392156862744	0.050980392156862744
G	C5'_2	173.099	188.496	96.279	0.5647058823529412	0.5647058823529412	0.5647058823529412
G	C4'_2	173.801	189.822	96.042	0.5647058823529412	0.5647058823529412	0.5647058823529412
G	O4'_2	173.567	190.681	97.194	1.0	0.050980392156862744	0.050980392156862744
G	C3'_2	175.321	189.792	95.903	0.5647058823529412	0.5647058823529412	0.5647058823529412
G	O3'_2	175.738	189.508	94.562	1.0	0.050980392156862744	0.050980392156862744
G	C2'_2	175.712	191.207	96.311	0.5647058823529412	0.5647058823529412	0.5647058823529412
G	O2'_2	175.536	192.152	95.275	1.0	0.050980392156862744	0.050980392156862744
G	C1'_2	174.711	191.486	97.435	0.5647058823529412	0.5647058823529412	0.5647058823529412
G	N9_2	175.231	191.176	98.766	0.18823529411764706	0.3137254901960784	0.9725490196078431
G	C8_2	174.79	190.201	99.633	0.5647058823529412	0.5647058823529412	0.5647058823529412
G	N7_2	175.463	190.165	100.751	0.18823529411764706	0.3137254901960784	0.9725490196078431
G	C5_2	176.402	191.178	100.621	0.5647058823529412	0.5647058823529412	0.5647058823529412
G	C6_2	177.409	191.614	101.517	0.5647058823529412	0.5647058823529412	0.5647058823529412
G	O6_2	177.68	191.174	102.642	1.0	0.050980392156862744	0.050980392156862744
G	N1_2	178.141	192.674	100.987	0.18823529411764706	0.3137254901960784	0.9725490196078431
G	C2_2	177.932	193.241	99.753	0.5647058823529412	0.5647058823529412	0.5647058823529412
G	N2_2	178.742	194.255	99.418	0.18823529411764706	0.3137254901960784	0.9725490196078431
G	N3_2	176.996	192.842	98.907	0.18823529411764706	0.3137254901960784	0.9725490196078431
G	C4_2	176.273	191.814	99.402	0.5647058823529412	0.5647058823529412	0.5647058823529412
