G	P_1	149.493	299.04	191.688	1.0	0.5019607843137255	0.0
G	OP1_1	148.769	300.161	191.023	1.0	0.050980392156862744	0.050980392156862744
G	OP2_1	148.724	297.87	192.194	1.0	0.050980392156862744	0.050980392156862744
G	O5'_1	150.608	298.505	190.684	1.0	0.050980392156862744	0.050980392156862744
G	C5'_1	151.554	299.409	190.077	0.5647058823529412	0.5647058823529412	0.5647058823529412
G	C4'_1	152.539	298.638	189.231	0.5647058823529412	0.5647058823529412	0.5647058823529412
G	O4'_1	153.332	297.765	190.079	1.0	0.050980392156862744	0.050980392156862744
G	C3'_1	151.91	297.706	188.21	0.5647058823529412	0.5647058823529412	0.5647058823529412
G	O3'_1	151.542	298.404	187.019	1.0	0.050980392156862744	0.050980392156862744
G	C2'_1	153.004	296.667	187.988	0.5647058823529412	0.5647058823529412	0.5647058823529412
G	O2'_1	154.005	297.089	187.085	1.0	0.050980392156862744	0.050980392156862744
G	C1'_1	153.593	296.545	189.399	0.5647058823529412	0.5647058823529412	0.5647058823529412
G	N9_1	153.025	295.45	190.185	0.18823529411764706	0.3137254901960784	0.9725490196078431
G	C8_1	152.126	295.551	191.225	0.5647058823529412	0.5647058823529412	0.5647058823529412
G	N7_1	151.79	294.393	191.73	0.18823529411764706	0.3137254901960784	0.9725490196078431
G	C5_1	152.51	293.47	190.983	0.5647058823529412	0.5647058823529412	0.5647058823529412
G	C6_1	152.545	292.059	191.065	0.5647058823529412	0.5647058823529412	0.5647058823529412
G	O6_1	151.927	291.321	191.839	1.0	0.050980392156862744	0.050980392156862744
G	N1_1	153.407	291.511	190.116	0.18823529411764706	0.3137254901960784	0.9725490196078431
G	C2_1	154.138	292.232	189.202	0.5647058823529412	0.5647058823529412	0.5647058823529412
G	N2_1	154.911	291.52	188.368	0.18823529411764706	0.3137254901960784	0.9725490196078431
G	N3_1	154.112	293.555	189.112	0.18823529411764706	0.3137254901960784	0.9725490196078431
G	C4_1	153.283	294.105	190.027	0.5647058823529412	0.5647058823529412	0.5647058823529412
C	P_2	155.497	281.896	191.933	1.0	0.5019607843137255	0.0
C	OP1_2	156.527	280.856	192.212	1.0	0.050980392156862744	0.050980392156862744
C	OP2_2	154.836	282.599	193.065	1.0	0.050980392156862744	0.050980392156862744
C	O5'_2	156.137	283.001	190.974	1.0	0.050980392156862744	0.050980392156862744
C	C5'_2	156.836	282.631	189.765	0.5647058823529412	0.5647058823529412	0.5647058823529412
C	C4'_2	157.159	283.863	188.944	0.5647058823529412	0.5647058823529412	0.5647058823529412
C	O4'_2	155.926	284.496	188.502	1.0	0.050980392156862744	0.050980392156862744
C	C3'_2	157.912	284.978	189.663	0.5647058823529412	0.5647058823529412	0.5647058823529412
C	O3'_2	159.317	284.729	189.701	1.0	0.050980392156862744	0.050980392156862744
C	C2'_2	157.563	286.203	188.825	0.5647058823529412	0.5647058823529412	0.5647058823529412
C	O2'_2	158.331	286.302	187.644	1.0	0.050980392156862744	0.050980392156862744
C	C1'_2	156.108	285.905	188.449	0.5647058823529412	0.5647058823529412	0.5647058823529412
C	N1_2	155.127	286.55	189.342	0.18823529411764706	0.3137254901960784	0.9725490196078431
C	C2_2	154.712	287.862	189.054	0.5647058823529412	0.5647058823529412	0.5647058823529412
C	O2_2	155.177	288.437	188.051	1.0	0.050980392156862744	0.050980392156862744
C	N3_2	153.815	288.464	189.873	0.18823529411764706	0.3137254901960784	0.9725490196078431
C	C4_2	153.337	287.809	190.937	0.5647058823529412	0.5647058823529412	0.5647058823529412
C	N4_2	152.46	288.439	191.715	0.18823529411764706	0.3137254901960784	0.9725490196078431
C	C5_2	153.74	286.479	191.249	0.5647058823529412	0.5647058823529412	0.5647058823529412
C	C6_2	154.626	285.893	190.434	0.5647058823529412	0.5647058823529412	0.5647058823529412
