G	P_1	148.205	289.259	155.611	1.0	0.5019607843137255	0.0
G	OP1_1	148.957	289.349	154.323	1.0	0.050980392156862744	0.050980392156862744
G	OP2_1	148.954	289.113	156.89	1.0	0.050980392156862744	0.050980392156862744
G	O5'_1	147.262	290.541	155.737	1.0	0.050980392156862744	0.050980392156862744
G	C5'_1	146.429	290.965	154.635	0.5647058823529412	0.5647058823529412	0.5647058823529412
G	C4'_1	145.612	292.18	155.025	0.5647058823529412	0.5647058823529412	0.5647058823529412
G	O4'_1	144.671	291.832	156.082	1.0	0.050980392156862744	0.050980392156862744
G	C3'_1	146.372	293.361	155.61	0.5647058823529412	0.5647058823529412	0.5647058823529412
G	O3'_1	147.025	294.156	154.622	1.0	0.050980392156862744	0.050980392156862744
G	C2'_1	145.266	294.123	156.333	0.5647058823529412	0.5647058823529412	0.5647058823529412
G	O2'_1	144.458	294.896	155.466	1.0	0.050980392156862744	0.050980392156862744
G	C1'_1	144.439	292.97	156.906	0.5647058823529412	0.5647058823529412	0.5647058823529412
G	N9_1	144.812	292.652	158.284	0.18823529411764706	0.3137254901960784	0.9725490196078431
G	C8_1	145.606	291.617	158.723	0.5647058823529412	0.5647058823529412	0.5647058823529412
G	N7_1	145.769	291.608	160.019	0.18823529411764706	0.3137254901960784	0.9725490196078431
G	C5_1	145.036	292.7	160.467	0.5647058823529412	0.5647058823529412	0.5647058823529412
G	C6_1	144.838	293.197	161.784	0.5647058823529412	0.5647058823529412	0.5647058823529412
G	O6_1	145.29	292.76	162.848	1.0	0.050980392156862744	0.050980392156862744
G	N1_1	144.019	294.324	161.789	0.18823529411764706	0.3137254901960784	0.9725490196078431
G	C2_1	143.461	294.902	160.673	0.5647058823529412	0.5647058823529412	0.5647058823529412
G	N2_1	142.692	295.982	160.884	0.18823529411764706	0.3137254901960784	0.9725490196078431
G	N3_1	143.643	294.452	159.439	0.18823529411764706	0.3137254901960784	0.9725490196078431
G	C4_1	144.435	293.354	159.411	0.5647058823529412	0.5647058823529412	0.5647058823529412
C	P_2	140.338	297.597	171.31	1.0	0.5019607843137255	0.0
C	OP1_2	139.133	298.293	171.845	1.0	0.050980392156862744	0.050980392156862744
C	OP2_2	140.493	296.133	171.515	1.0	0.050980392156862744	0.050980392156862744
C	O5'_2	140.439	297.891	169.745	1.0	0.050980392156862744	0.050980392156862744
C	C5'_2	140.341	299.237	169.23	0.5647058823529412	0.5647058823529412	0.5647058823529412
C	C4'_2	140.505	299.238	167.726	0.5647058823529412	0.5647058823529412	0.5647058823529412
C	O4'_2	141.807	298.697	167.389	1.0	0.050980392156862744	0.050980392156862744
C	C3'_2	139.559	298.336	166.945	0.5647058823529412	0.5647058823529412	0.5647058823529412
C	O3'_2	138.284	298.954	166.771	1.0	0.050980392156862744	0.050980392156862744
C	C2'_2	140.295	298.163	165.617	0.5647058823529412	0.5647058823529412	0.5647058823529412
C	O2'_2	140.082	299.237	164.722	1.0	0.050980392156862744	0.050980392156862744
C	C1'_2	141.761	298.178	166.07	0.5647058823529412	0.5647058823529412	0.5647058823529412
C	N1_2	142.473	296.884	166.027	0.18823529411764706	0.3137254901960784	0.9725490196078431
C	C2_2	143.033	296.46	164.804	0.5647058823529412	0.5647058823529412	0.5647058823529412
C	O2_2	142.894	297.173	163.793	1.0	0.050980392156862744	0.050980392156862744
C	N3_2	143.707	295.29	164.758	0.18823529411764706	0.3137254901960784	0.9725490196078431
C	C4_2	143.837	294.551	165.863	0.5647058823529412	0.5647058823529412	0.5647058823529412
C	N4_2	144.527	293.412	165.771	0.18823529411764706	0.3137254901960784	0.9725490196078431
C	C5_2	143.27	294.95	167.114	0.5647058823529412	0.5647058823529412	0.5647058823529412
C	C6_2	142.602	296.11	167.149	0.5647058823529412	0.5647058823529412	0.5647058823529412
