G	P_1	189.659	179.637	134.314	1.0	0.5019607843137255	0.0
G	OP1_1	188.296	180.029	133.85	1.0	0.050980392156862744	0.050980392156862744
G	OP2_1	190.183	178.283	133.987	1.0	0.050980392156862744	0.050980392156862744
G	O5'_1	190.705	180.718	133.777	1.0	0.050980392156862744	0.050980392156862744
G	C5'_1	190.482	182.131	133.98	0.5647058823529412	0.5647058823529412	0.5647058823529412
G	C4'_1	191.628	182.944	133.409	0.5647058823529412	0.5647058823529412	0.5647058823529412
G	O4'_1	192.86	182.662	134.126	1.0	0.050980392156862744	0.050980392156862744
G	C3'_1	191.985	182.703	131.95	0.5647058823529412	0.5647058823529412	0.5647058823529412
G	O3'_1	191.11	183.421	131.085	1.0	0.050980392156862744	0.050980392156862744
G	C2'_1	193.418	183.221	131.877	0.5647058823529412	0.5647058823529412	0.5647058823529412
G	O2'_1	193.48	184.631	131.799	1.0	0.050980392156862744	0.050980392156862744
G	C1'_1	193.965	182.789	133.24	0.5647058823529412	0.5647058823529412	0.5647058823529412
G	N9_1	194.687	181.52	133.218	0.18823529411764706	0.3137254901960784	0.9725490196078431
G	C8_1	194.258	180.31	133.724	0.5647058823529412	0.5647058823529412	0.5647058823529412
G	N7_1	195.139	179.353	133.588	0.18823529411764706	0.3137254901960784	0.9725490196078431
G	C5_1	196.213	179.962	132.946	0.5647058823529412	0.5647058823529412	0.5647058823529412
G	C6_1	197.464	179.426	132.538	0.5647058823529412	0.5647058823529412	0.5647058823529412
G	O6_1	197.883	178.269	132.668	1.0	0.050980392156862744	0.050980392156862744
G	N1_1	198.26	180.39	131.921	0.18823529411764706	0.3137254901960784	0.9725490196078431
G	C2_1	197.901	181.7	131.72	0.5647058823529412	0.5647058823529412	0.5647058823529412
G	N2_1	198.807	182.47	131.103	0.18823529411764706	0.3137254901960784	0.9725490196078431
G	N3_1	196.736	182.218	132.096	0.18823529411764706	0.3137254901960784	0.9725490196078431
G	C4_1	195.947	181.298	132.7	0.5647058823529412	0.5647058823529412	0.5647058823529412
C	P_2	207.958	178.739	130.907	1.0	0.5019607843137255	0.0
C	OP1_2	209.205	179.458	131.279	1.0	0.050980392156862744	0.050980392156862744
C	OP2_2	207.264	177.897	131.916	1.0	0.050980392156862744	0.050980392156862744
C	O5'_2	206.908	179.801	130.363	1.0	0.050980392156862744	0.050980392156862744
C	C5'_2	207.311	180.832	129.452	0.5647058823529412	0.5647058823529412	0.5647058823529412
C	C4'_2	206.252	181.901	129.39	0.5647058823529412	0.5647058823529412	0.5647058823529412
C	O4'_2	205.036	181.33	128.845	1.0	0.050980392156862744	0.050980392156862744
C	C3'_2	205.841	182.474	130.74	0.5647058823529412	0.5647058823529412	0.5647058823529412
C	O3'_2	206.745	183.514	131.14	1.0	0.050980392156862744	0.050980392156862744
C	C2'_2	204.426	182.976	130.463	0.5647058823529412	0.5647058823529412	0.5647058823529412
C	O2'_2	204.393	184.228	129.81	1.0	0.050980392156862744	0.050980392156862744
C	C1'_2	203.911	181.909	129.49	0.5647058823529412	0.5647058823529412	0.5647058823529412
C	N1_2	203.119	180.831	130.112	0.18823529411764706	0.3137254901960784	0.9725490196078431
C	C2_2	201.711	180.897	130.055	0.5647058823529412	0.5647058823529412	0.5647058823529412
C	O2_2	201.169	181.868	129.491	1.0	0.050980392156862744	0.050980392156862744
C	N3_2	200.984	179.904	130.614	0.18823529411764706	0.3137254901960784	0.9725490196078431
C	C4_2	201.6	178.878	131.213	0.5647058823529412	0.5647058823529412	0.5647058823529412
C	N4_2	200.841	177.919	131.746	0.18823529411764706	0.3137254901960784	0.9725490196078431
C	C5_2	203.023	178.79	131.291	0.5647058823529412	0.5647058823529412	0.5647058823529412
C	C6_2	203.735	179.777	130.733	0.5647058823529412	0.5647058823529412	0.5647058823529412
