C	P_1	209.529	161.735	186.742	1.0	0.5019607843137255	0.0
C	OP1_1	210.818	161.585	186.002	1.0	0.050980392156862744	0.050980392156862744
C	OP2_1	209.179	163.059	187.348	1.0	0.050980392156862744	0.050980392156862744
C	O5'_1	208.348	161.287	185.762	1.0	0.050980392156862744	0.050980392156862744
C	C5'_1	208.361	159.982	185.138	0.5647058823529412	0.5647058823529412	0.5647058823529412
C	C4'_1	206.994	159.631	184.581	0.5647058823529412	0.5647058823529412	0.5647058823529412
C	O4'_1	206.012	159.666	185.647	1.0	0.050980392156862744	0.050980392156862744
C	C3'_1	206.422	160.544	183.505	0.5647058823529412	0.5647058823529412	0.5647058823529412
C	O3'_1	206.922	160.167	182.22	1.0	0.050980392156862744	0.050980392156862744
C	C2'_1	204.921	160.279	183.611	0.5647058823529412	0.5647058823529412	0.5647058823529412
C	O2'_1	204.511	159.098	182.948	1.0	0.050980392156862744	0.050980392156862744
C	C1'_1	204.754	160.066	185.119	0.5647058823529412	0.5647058823529412	0.5647058823529412
C	N1_1	204.27	161.238	185.875	0.18823529411764706	0.3137254901960784	0.9725490196078431
C	C2_1	202.894	161.557	185.837	0.5647058823529412	0.5647058823529412	0.5647058823529412
C	O2_1	202.127	160.873	185.132	1.0	0.050980392156862744	0.050980392156862744
C	N3_1	202.444	162.602	186.571	0.18823529411764706	0.3137254901960784	0.9725490196078431
C	C4_1	203.3	163.318	187.314	0.5647058823529412	0.5647058823529412	0.5647058823529412
C	N4_1	202.806	164.324	188.042	0.18823529411764706	0.3137254901960784	0.9725490196078431
C	C5_1	204.699	163.029	187.35	0.5647058823529412	0.5647058823529412	0.5647058823529412
C	C6_1	205.134	161.995	186.623	0.5647058823529412	0.5647058823529412	0.5647058823529412
G	P_2	192.345	167.174	189.834	1.0	0.5019607843137255	0.0
G	OP1_2	190.914	166.957	190.201	1.0	0.050980392156862744	0.050980392156862744
G	OP2_2	193.397	167.029	190.877	1.0	0.050980392156862744	0.050980392156862744
G	O5'_2	192.7	166.186	188.628	1.0	0.050980392156862744	0.050980392156862744
G	C5'_2	191.771	165.96	187.544	0.5647058823529412	0.5647058823529412	0.5647058823529412
G	C4'_2	192.394	165.063	186.491	0.5647058823529412	0.5647058823529412	0.5647058823529412
G	O4'_2	193.605	165.694	185.981	1.0	0.050980392156862744	0.050980392156862744
G	C3'_2	192.871	163.689	186.955	0.5647058823529412	0.5647058823529412	0.5647058823529412
G	O3'_2	191.82	162.723	187.025	1.0	0.050980392156862744	0.050980392156862744
G	C2'_2	193.908	163.336	185.893	0.5647058823529412	0.5647058823529412	0.5647058823529412
G	O2'_2	193.341	162.88	184.679	1.0	0.050980392156862744	0.050980392156862744
G	C1'_2	194.573	164.697	185.669	0.5647058823529412	0.5647058823529412	0.5647058823529412
G	N9_2	195.738	164.888	186.535	0.18823529411764706	0.3137254901960784	0.9725490196078431
G	C8_2	195.829	165.69	187.655	0.5647058823529412	0.5647058823529412	0.5647058823529412
G	N7_2	197.008	165.654	188.217	0.18823529411764706	0.3137254901960784	0.9725490196078431
G	C5_2	197.745	164.778	187.425	0.5647058823529412	0.5647058823529412	0.5647058823529412
G	C6_2	199.106	164.351	187.532	0.5647058823529412	0.5647058823529412	0.5647058823529412
G	O6_2	199.952	164.675	188.377	1.0	0.050980392156862744	0.050980392156862744
G	N1_2	199.448	163.462	186.516	0.18823529411764706	0.3137254901960784	0.9725490196078431
G	C2_2	198.601	163.035	185.523	0.5647058823529412	0.5647058823529412	0.5647058823529412
G	N2_2	199.128	162.175	184.626	0.18823529411764706	0.3137254901960784	0.9725490196078431
G	N3_2	197.332	163.422	185.411	0.18823529411764706	0.3137254901960784	0.9725490196078431
G	C4_2	196.976	164.291	186.386	0.5647058823529412	0.5647058823529412	0.5647058823529412
