C	P_1	225.497	168.619	214.129	1.0	0.5019607843137255	0.0
C	OP1_1	224.313	168.664	215.05	1.0	0.050980392156862744	0.050980392156862744
C	OP2_1	226.208	169.884	213.787	1.0	0.050980392156862744	0.050980392156862744
C	O5'_1	226.557	167.588	214.736	1.0	0.050980392156862744	0.050980392156862744
C	C5'_1	226.145	166.269	215.173	0.5647058823529412	0.5647058823529412	0.5647058823529412
C	C4'_1	227.345	165.451	215.611	0.5647058823529412	0.5647058823529412	0.5647058823529412
C	O4'_1	228.173	165.105	214.466	1.0	0.050980392156862744	0.050980392156862744
C	C3'_1	228.304	166.135	216.579	0.5647058823529412	0.5647058823529412	0.5647058823529412
C	O3'_1	227.829	166.1	217.927	1.0	0.050980392156862744	0.050980392156862744
C	C2'_1	229.587	165.334	216.375	0.5647058823529412	0.5647058823529412	0.5647058823529412
C	O2'_1	229.588	164.1	217.061	1.0	0.050980392156862744	0.050980392156862744
C	C1'_1	229.538	165.072	214.866	0.5647058823529412	0.5647058823529412	0.5647058823529412
C	N1_1	230.298	166.074	214.083	0.18823529411764706	0.3137254901960784	0.9725490196078431
C	C2_1	231.699	165.945	213.998	0.5647058823529412	0.5647058823529412	0.5647058823529412
C	O2_1	232.255	165.007	214.591	1.0	0.050980392156862744	0.050980392156862744
C	N3_1	232.403	166.844	213.272	0.18823529411764706	0.3137254901960784	0.9725490196078431
C	C4_1	231.768	167.839	212.647	0.5647058823529412	0.5647058823529412	0.5647058823529412
C	N4_1	232.499	168.69	211.924	0.18823529411764706	0.3137254901960784	0.9725490196078431
C	C5_1	230.352	168.002	212.728	0.5647058823529412	0.5647058823529412	0.5647058823529412
C	C6_1	229.664	167.107	213.448	0.5647058823529412	0.5647058823529412	0.5647058823529412
G	P_2	243.869	166.197	210.973	1.0	0.5019607843137255	0.0
G	OP1_2	245.069	165.41	210.562	1.0	0.050980392156862744	0.050980392156862744
G	OP2_2	243.016	166.837	209.929	1.0	0.050980392156862744	0.050980392156862744
G	O5'_2	242.935	165.255	211.857	1.0	0.050980392156862744	0.050980392156862744
G	C5'_2	243.483	164.479	212.942	0.5647058823529412	0.5647058823529412	0.5647058823529412
G	C4'_2	242.373	163.953	213.823	0.5647058823529412	0.5647058823529412	0.5647058823529412
G	O4'_2	241.588	165.069	214.32	1.0	0.050980392156862744	0.050980392156862744
G	C3'_2	241.346	163.051	213.153	0.5647058823529412	0.5647058823529412	0.5647058823529412
G	O3'_2	241.821	161.707	213.094	1.0	0.050980392156862744	0.050980392156862744
G	C2'_2	240.137	163.194	214.073	0.5647058823529412	0.5647058823529412	0.5647058823529412
G	O2'_2	240.237	162.396	215.241	1.0	0.050980392156862744	0.050980392156862744
G	C1'_2	240.237	164.668	214.479	0.5647058823529412	0.5647058823529412	0.5647058823529412
G	N9_2	239.372	165.581	213.729	0.18823529411764706	0.3137254901960784	0.9725490196078431
G	C8_2	239.752	166.572	212.85	0.5647058823529412	0.5647058823529412	0.5647058823529412
G	N7_2	238.739	167.234	212.353	0.18823529411764706	0.3137254901960784	0.9725490196078431
G	C5_2	237.625	166.642	212.932	0.5647058823529412	0.5647058823529412	0.5647058823529412
G	C6_2	236.244	166.927	212.769	0.5647058823529412	0.5647058823529412	0.5647058823529412
G	O6_2	235.716	167.796	212.064	1.0	0.050980392156862744	0.050980392156862744
G	N1_2	235.449	166.077	213.536	0.18823529411764706	0.3137254901960784	0.9725490196078431
G	C2_2	235.925	165.083	214.36	0.5647058823529412	0.5647058823529412	0.5647058823529412
G	N2_2	235.005	164.363	215.021	0.18823529411764706	0.3137254901960784	0.9725490196078431
G	N3_2	237.211	164.81	214.525	0.18823529411764706	0.3137254901960784	0.9725490196078431
G	C4_2	237.998	165.62	213.784	0.5647058823529412	0.5647058823529412	0.5647058823529412
