C	P_1	206.813	144.371	236.572	1.0	0.5019607843137255	0.0
C	OP1_1	205.675	144.245	235.62	1.0	0.050980392156862744	0.050980392156862744
C	OP2_1	208.008	143.505	236.408	1.0	0.050980392156862744	0.050980392156862744
C	O5'_1	207.299	145.887	236.563	1.0	0.050980392156862744	0.050980392156862744
C	C5'_1	206.362	146.953	236.779	0.5647058823529412	0.5647058823529412	0.5647058823529412
C	C4'_1	207.084	148.267	236.956	0.5647058823529412	0.5647058823529412	0.5647058823529412
C	O4'_1	207.874	148.244	238.175	1.0	0.050980392156862744	0.050980392156862744
C	C3'_1	208.101	148.643	235.893	0.5647058823529412	0.5647058823529412	0.5647058823529412
C	O3'_1	207.494	149.132	234.705	1.0	0.050980392156862744	0.050980392156862744
C	C2'_1	208.915	149.707	236.615	0.5647058823529412	0.5647058823529412	0.5647058823529412
C	O2'_1	208.258	150.955	236.698	1.0	0.050980392156862744	0.050980392156862744
C	C1'_1	209.001	149.101	238.018	0.5647058823529412	0.5647058823529412	0.5647058823529412
C	N1_1	210.245	148.326	238.219	0.18823529411764706	0.3137254901960784	0.9725490196078431
C	C2_1	211.426	149.023	238.56	0.5647058823529412	0.5647058823529412	0.5647058823529412
C	O2_1	211.376	150.257	238.721	1.0	0.050980392156862744	0.050980392156862744
C	N3_1	212.583	148.333	238.706	0.18823529411764706	0.3137254901960784	0.9725490196078431
C	C4_1	212.594	147.007	238.534	0.5647058823529412	0.5647058823529412	0.5647058823529412
C	N4_1	213.763	146.372	238.667	0.18823529411764706	0.3137254901960784	0.9725490196078431
C	C5_1	211.408	146.273	238.214	0.5647058823529412	0.5647058823529412	0.5647058823529412
C	C6_1	210.269	146.964	238.067	0.5647058823529412	0.5647058823529412	0.5647058823529412
G	P_2	222.644	150.916	241.936	1.0	0.5019607843137255	0.0
G	OP1_2	223.631	151.7	242.729	1.0	0.050980392156862744	0.050980392156862744
G	OP2_2	221.834	149.861	242.606	1.0	0.050980392156862744	0.050980392156862744
G	O5'_2	221.636	151.936	241.235	1.0	0.050980392156862744	0.050980392156862744
G	C5'_2	221.973	153.335	241.072	0.5647058823529412	0.5647058823529412	0.5647058823529412
G	C4'_2	220.727	154.143	240.77	0.5647058823529412	0.5647058823529412	0.5647058823529412
G	O4'_2	220.176	153.712	239.493	1.0	0.050980392156862744	0.050980392156862744
G	C3'_2	219.574	153.979	241.752	0.5647058823529412	0.5647058823529412	0.5647058823529412
G	O3'_2	219.71	154.815	242.904	1.0	0.050980392156862744	0.050980392156862744
G	C2'_2	218.367	154.345	240.897	0.5647058823529412	0.5647058823529412	0.5647058823529412
G	O2'_2	218.218	155.742	240.725	1.0	0.050980392156862744	0.050980392156862744
G	C1'_2	218.752	153.705	239.559	0.5647058823529412	0.5647058823529412	0.5647058823529412
G	N9_2	218.306	152.314	239.456	0.18823529411764706	0.3137254901960784	0.9725490196078431
G	C8_2	219.08	151.192	239.64	0.5647058823529412	0.5647058823529412	0.5647058823529412
G	N7_2	218.409	150.077	239.525	0.18823529411764706	0.3137254901960784	0.9725490196078431
G	C5_2	217.112	150.482	239.239	0.5647058823529412	0.5647058823529412	0.5647058823529412
G	C6_2	215.944	149.71	239.017	0.5647058823529412	0.5647058823529412	0.5647058823529412
G	O6_2	215.819	148.48	239.046	1.0	0.050980392156862744	0.050980392156862744
G	N1_2	214.844	150.514	238.743	0.18823529411764706	0.3137254901960784	0.9725490196078431
G	C2_2	214.86	151.888	238.702	0.5647058823529412	0.5647058823529412	0.5647058823529412
G	N2_2	213.687	152.484	238.416	0.18823529411764706	0.3137254901960784	0.9725490196078431
G	N3_2	215.945	152.625	238.924	0.18823529411764706	0.3137254901960784	0.9725490196078431
G	C4_2	217.029	151.86	239.181	0.5647058823529412	0.5647058823529412	0.5647058823529412
