C	P_1	233.091	231.525	249.028	1.0	0.5019607843137255	0.0
C	OP1_1	231.749	231.072	248.56	1.0	0.050980392156862744	0.050980392156862744
C	OP2_1	233.236	232.879	249.631	1.0	0.050980392156862744	0.050980392156862744
C	O5'_1	233.641	230.455	250.077	1.0	0.050980392156862744	0.050980392156862744
C	C5'_1	233.793	229.069	249.705	0.5647058823529412	0.5647058823529412	0.5647058823529412
C	C4'_1	234.481	228.294	250.806	0.5647058823529412	0.5647058823529412	0.5647058823529412
C	O4'_1	235.833	228.785	250.989	1.0	0.050980392156862744	0.050980392156862744
C	C3'_1	233.864	228.387	252.191	0.5647058823529412	0.5647058823529412	0.5647058823529412
C	O3'_1	232.756	227.5	252.315	1.0	0.050980392156862744	0.050980392156862744
C	C2'_1	235.028	227.992	253.092	0.5647058823529412	0.5647058823529412	0.5647058823529412
C	O2'_1	235.228	226.594	253.169	1.0	0.050980392156862744	0.050980392156862744
C	C1'_1	236.212	228.614	252.345	0.5647058823529412	0.5647058823529412	0.5647058823529412
C	N1_1	236.684	229.905	252.881	0.18823529411764706	0.3137254901960784	0.9725490196078431
C	C2_1	237.605	229.898	253.947	0.5647058823529412	0.5647058823529412	0.5647058823529412
C	O2_1	237.984	228.809	254.415	1.0	0.050980392156862744	0.050980392156862744
C	N3_1	238.057	231.077	254.432	0.18823529411764706	0.3137254901960784	0.9725490196078431
C	C4_1	237.631	232.228	253.899	0.5647058823529412	0.5647058823529412	0.5647058823529412
C	N4_1	238.113	233.366	254.403	0.18823529411764706	0.3137254901960784	0.9725490196078431
C	C5_1	236.694	232.263	252.823	0.5647058823529412	0.5647058823529412	0.5647058823529412
C	C6_1	236.248	231.091	252.352	0.5647058823529412	0.5647058823529412	0.5647058823529412
G	P_2	245.886	233.434	262.769	1.0	0.5019607843137255	0.0
G	OP1_2	247.248	233.109	263.292	1.0	0.050980392156862744	0.050980392156862744
G	OP2_2	245.74	234.45	261.692	1.0	0.050980392156862744	0.050980392156862744
G	O5'_2	245.196	232.079	262.27	1.0	0.050980392156862744	0.050980392156862744
G	C5'_2	245.311	230.851	263.031	0.5647058823529412	0.5647058823529412	0.5647058823529412
G	C4'_2	244.524	229.732	262.369	0.5647058823529412	0.5647058823529412	0.5647058823529412
G	O4'_2	243.123	230.116	262.262	1.0	0.050980392156862744	0.050980392156862744
G	C3'_2	244.905	229.359	260.941	0.5647058823529412	0.5647058823529412	0.5647058823529412
G	O3'_2	246.033	228.485	260.889	1.0	0.050980392156862744	0.050980392156862744
G	C2'_2	243.639	228.672	260.441	0.5647058823529412	0.5647058823529412	0.5647058823529412
G	O2'_2	243.519	227.339	260.898	1.0	0.050980392156862744	0.050980392156862744
G	C1'_2	242.554	229.53	261.097	0.5647058823529412	0.5647058823529412	0.5647058823529412
G	N9_2	242.074	230.594	260.216	0.18823529411764706	0.3137254901960784	0.9725490196078431
G	C8_2	242.403	231.93	260.262	0.5647058823529412	0.5647058823529412	0.5647058823529412
G	N7_2	241.829	232.634	259.322	0.18823529411764706	0.3137254901960784	0.9725490196078431
G	C5_2	241.069	231.712	258.616	0.5647058823529412	0.5647058823529412	0.5647058823529412
G	C6_2	240.233	231.888	257.488	0.5647058823529412	0.5647058823529412	0.5647058823529412
G	O6_2	239.991	232.929	256.866	1.0	0.050980392156862744	0.050980392156862744
G	N1_2	239.651	230.687	257.09	0.18823529411764706	0.3137254901960784	0.9725490196078431
G	C2_2	239.849	229.473	257.698	0.5647058823529412	0.5647058823529412	0.5647058823529412
G	N2_2	239.195	228.428	257.162	0.18823529411764706	0.3137254901960784	0.9725490196078431
G	N3_2	240.628	229.294	258.755	0.18823529411764706	0.3137254901960784	0.9725490196078431
G	C4_2	241.204	230.448	259.158	0.5647058823529412	0.5647058823529412	0.5647058823529412
