C	P_1	108.559	208.645	154.092	1.0	0.5019607843137255	0.0
C	OP1_1	107.753	208.802	152.843	1.0	0.050980392156862744	0.050980392156862744
C	OP2_1	110.031	208.837	154.042	1.0	0.050980392156862744	0.050980392156862744
C	O5'_1	107.978	209.634	155.198	1.0	0.050980392156862744	0.050980392156862744
C	C5'_1	106.561	209.752	155.412	0.5647058823529412	0.5647058823529412	0.5647058823529412
C	C4'_1	106.275	210.736	156.522	0.5647058823529412	0.5647058823529412	0.5647058823529412
C	O4'_1	106.788	210.224	157.781	1.0	0.050980392156862744	0.050980392156862744
C	C3'_1	106.943	212.095	156.392	0.5647058823529412	0.5647058823529412	0.5647058823529412
C	O3'_1	106.25	212.952	155.488	1.0	0.050980392156862744	0.050980392156862744
C	C2'_1	106.91	212.604	157.828	0.5647058823529412	0.5647058823529412	0.5647058823529412
C	O2'_1	105.648	213.121	158.195	1.0	0.050980392156862744	0.050980392156862744
C	C1'_1	107.169	211.314	158.612	0.5647058823529412	0.5647058823529412	0.5647058823529412
C	N1_1	108.57	211.132	159.054	0.18823529411764706	0.3137254901960784	0.9725490196078431
C	C2_1	108.999	211.772	160.239	0.5647058823529412	0.5647058823529412	0.5647058823529412
C	O2_1	108.194	212.474	160.874	1.0	0.050980392156862744	0.050980392156862744
C	N3_1	110.275	211.602	160.654	0.18823529411764706	0.3137254901960784	0.9725490196078431
C	C4_1	111.114	210.841	159.944	0.5647058823529412	0.5647058823529412	0.5647058823529412
C	N4_1	112.361	210.706	160.392	0.18823529411764706	0.3137254901960784	0.9725490196078431
C	C5_1	110.709	210.185	158.741	0.5647058823529412	0.5647058823529412	0.5647058823529412
C	C6_1	109.442	210.356	158.338	0.5647058823529412	0.5647058823529412	0.5647058823529412
G	P_2	114.661	211.871	170.857	1.0	0.5019607843137255	0.0
G	OP1_2	114.144	211.579	172.222	1.0	0.050980392156862744	0.050980392156862744
G	OP2_2	114.792	210.762	169.869	1.0	0.050980392156862744	0.050980392156862744
G	O5'_2	113.739	213.001	170.209	1.0	0.050980392156862744	0.050980392156862744
G	C5'_2	113.208	214.086	171.005	0.5647058823529412	0.5647058823529412	0.5647058823529412
G	C4'_2	112.054	214.744	170.28	0.5647058823529412	0.5647058823529412	0.5647058823529412
G	O4'_2	112.538	215.31	169.029	1.0	0.050980392156862744	0.050980392156862744
G	C3'_2	110.934	213.797	169.867	0.5647058823529412	0.5647058823529412	0.5647058823529412
G	O3'_2	109.99	213.607	170.924	1.0	0.050980392156862744	0.050980392156862744
G	C2'_2	110.329	214.5	168.655	0.5647058823529412	0.5647058823529412	0.5647058823529412
G	O2'_2	109.428	215.535	169.003	1.0	0.050980392156862744	0.050980392156862744
G	C1'_2	111.578	215.104	168.002	0.5647058823529412	0.5647058823529412	0.5647058823529412
G	N9_2	112.188	214.273	166.963	0.18823529411764706	0.3137254901960784	0.9725490196078431
G	C8_2	113.476	213.78	166.946	0.5647058823529412	0.5647058823529412	0.5647058823529412
G	N7_2	113.747	213.081	165.877	0.18823529411764706	0.3137254901960784	0.9725490196078431
G	C5_2	112.571	213.11	165.139	0.5647058823529412	0.5647058823529412	0.5647058823529412
G	C6_2	112.264	212.528	163.881	0.5647058823529412	0.5647058823529412	0.5647058823529412
G	O6_2	112.997	211.855	163.146	1.0	0.050980392156862744	0.050980392156862744
G	N1_2	110.954	212.796	163.497	0.18823529411764706	0.3137254901960784	0.9725490196078431
G	C2_2	110.054	213.532	164.227	0.5647058823529412	0.5647058823529412	0.5647058823529412
G	N2_2	108.836	213.68	163.683	0.18823529411764706	0.3137254901960784	0.9725490196078431
G	N3_2	110.326	214.083	165.404	0.18823529411764706	0.3137254901960784	0.9725490196078431
G	C4_2	111.595	213.835	165.796	0.5647058823529412	0.5647058823529412	0.5647058823529412
