G	P_1	240.943	217.122	228.187	1.0	0.5019607843137255	0.0
G	OP1_1	241.87	218.286	228.195	1.0	0.050980392156862744	0.050980392156862744
G	OP2_1	239.803	217.083	229.144	1.0	0.050980392156862744	0.050980392156862744
G	O5'_1	240.362	216.959	226.709	1.0	0.050980392156862744	0.050980392156862744
G	C5'_1	241.247	216.75	225.581	0.5647058823529412	0.5647058823529412	0.5647058823529412
G	C4'_1	240.448	216.505	224.316	0.5647058823529412	0.5647058823529412	0.5647058823529412
G	O4'_1	239.752	215.227	224.387	1.0	0.050980392156862744	0.050980392156862744
G	C3'_1	239.346	217.512	224.026	0.5647058823529412	0.5647058823529412	0.5647058823529412
G	O3'_1	239.88	218.702	223.444	1.0	0.050980392156862744	0.050980392156862744
G	C2'_1	238.427	216.73	223.086	0.5647058823529412	0.5647058823529412	0.5647058823529412
G	O2'_1	238.896	216.697	221.749	1.0	0.050980392156862744	0.050980392156862744
G	C1'_1	238.519	215.317	223.679	0.5647058823529412	0.5647058823529412	0.5647058823529412
G	N9_1	237.428	214.95	224.585	0.18823529411764706	0.3137254901960784	0.9725490196078431
G	C8_1	237.468	214.9	225.964	0.5647058823529412	0.5647058823529412	0.5647058823529412
G	N7_1	236.342	214.501	226.499	0.18823529411764706	0.3137254901960784	0.9725490196078431
G	C5_1	235.501	214.281	225.412	0.5647058823529412	0.5647058823529412	0.5647058823529412
G	C6_1	234.153	213.829	225.369	0.5647058823529412	0.5647058823529412	0.5647058823529412
G	O6_1	233.414	213.525	226.313	1.0	0.050980392156862744	0.050980392156862744
G	N1_1	233.682	213.741	224.06	0.18823529411764706	0.3137254901960784	0.9725490196078431
G	C2_1	234.412	214.044	222.935	0.5647058823529412	0.5647058823529412	0.5647058823529412
G	N2_1	233.783	213.88	221.755	0.18823529411764706	0.3137254901960784	0.9725490196078431
G	N3_1	235.67	214.471	222.961	0.18823529411764706	0.3137254901960784	0.9725490196078431
G	C4_1	236.149	214.561	224.223	0.5647058823529412	0.5647058823529412	0.5647058823529412
C	P_2	225.597	207.987	223.555	1.0	0.5019607843137255	0.0
C	OP1_2	226.226	206.877	222.79	1.0	0.050980392156862744	0.050980392156862744
C	OP2_2	225.882	208.133	225.01	1.0	0.050980392156862744	0.050980392156862744
C	O5'_2	225.986	209.362	222.837	1.0	0.050980392156862744	0.050980392156862744
C	C5'_2	225.548	209.668	221.491	0.5647058823529412	0.5647058823529412	0.5647058823529412
C	C4'_2	226.585	210.509	220.77	0.5647058823529412	0.5647058823529412	0.5647058823529412
C	O4'_2	226.89	211.695	221.554	1.0	0.050980392156862744	0.050980392156862744
C	C3'_2	227.939	209.852	220.552	0.5647058823529412	0.5647058823529412	0.5647058823529412
C	O3'_2	227.913	209.016	219.396	1.0	0.050980392156862744	0.050980392156862744
C	C2'_2	228.872	211.05	220.389	0.5647058823529412	0.5647058823529412	0.5647058823529412
C	O2'_2	228.848	211.61	219.089	1.0	0.050980392156862744	0.050980392156862744
C	C1'_2	228.258	212.048	221.378	0.5647058823529412	0.5647058823529412	0.5647058823529412
C	N1_2	228.922	212.089	222.701	0.18823529411764706	0.3137254901960784	0.9725490196078431
C	C2_2	230.172	212.745	222.821	0.5647058823529412	0.5647058823529412	0.5647058823529412
C	O2_2	230.679	213.276	221.808	1.0	0.050980392156862744	0.050980392156862744
C	N3_2	230.786	212.782	224.032	0.18823529411764706	0.3137254901960784	0.9725490196078431
C	C4_2	230.206	212.207	225.092	0.5647058823529412	0.5647058823529412	0.5647058823529412
C	N4_2	230.845	212.268	226.264	0.18823529411764706	0.3137254901960784	0.9725490196078431
C	C5_2	228.943	211.542	224.998	0.5647058823529412	0.5647058823529412	0.5647058823529412
C	C6_2	228.344	211.507	223.797	0.5647058823529412	0.5647058823529412	0.5647058823529412
