C	P_1	176.298	171.153	108.816	1.0	0.5019607843137255	0.0
C	OP1_1	174.814	171.291	108.851	1.0	0.050980392156862744	0.050980392156862744
C	OP2_1	176.908	169.926	108.233	1.0	0.050980392156862744	0.050980392156862744
C	O5'_1	176.903	172.419	108.058	1.0	0.050980392156862744	0.050980392156862744
C	C5'_1	176.413	173.747	108.323	0.5647058823529412	0.5647058823529412	0.5647058823529412
C	C4'_1	177.391	174.779	107.806	0.5647058823529412	0.5647058823529412	0.5647058823529412
C	O4'_1	178.664	174.606	108.486	1.0	0.050980392156862744	0.050980392156862744
C	C3'_1	177.762	174.693	106.331	0.5647058823529412	0.5647058823529412	0.5647058823529412
C	O3'_1	176.786	175.288	105.479	1.0	0.050980392156862744	0.050980392156862744
C	C2'_1	179.083	175.447	106.299	0.5647058823529412	0.5647058823529412	0.5647058823529412
C	O2'_1	178.923	176.851	106.339	1.0	0.050980392156862744	0.050980392156862744
C	C1'_1	179.721	174.971	107.605	0.5647058823529412	0.5647058823529412	0.5647058823529412
C	N1_1	180.607	173.81	107.398	0.18823529411764706	0.3137254901960784	0.9725490196078431
C	C2_1	181.949	174.044	107.052	0.5647058823529412	0.5647058823529412	0.5647058823529412
C	O2_1	182.357	175.215	106.963	1.0	0.050980392156862744	0.050980392156862744
C	N3_1	182.765	172.988	106.828	0.18823529411764706	0.3137254901960784	0.9725490196078431
C	C4_1	182.294	171.742	106.944	0.5647058823529412	0.5647058823529412	0.5647058823529412
C	N4_1	183.137	170.735	106.707	0.18823529411764706	0.3137254901960784	0.9725490196078431
C	C5_1	180.939	171.475	107.307	0.5647058823529412	0.5647058823529412	0.5647058823529412
C	C6_1	180.139	172.528	107.524	0.5647058823529412	0.5647058823529412	0.5647058823529412
G	P_2	193.434	177.846	99.672	1.0	0.5019607843137255	0.0
G	OP1_2	193.72	178.92	100.663	1.0	0.050980392156862744	0.050980392156862744
G	OP2_2	194.551	176.984	99.19	1.0	0.050980392156862744	0.050980392156862744
G	O5'_2	192.316	176.892	100.293	1.0	0.050980392156862744	0.050980392156862744
G	C5'_2	192.333	176.584	101.705	0.5647058823529412	0.5647058823529412	0.5647058823529412
G	C4'_2	191.16	177.252	102.383	0.5647058823529412	0.5647058823529412	0.5647058823529412
G	O4'_2	189.941	176.569	101.989	1.0	0.050980392156862744	0.050980392156862744
G	C3'_2	191.104	177.226	103.905	0.5647058823529412	0.5647058823529412	0.5647058823529412
G	O3'_2	191.933	178.246	104.479	1.0	0.050980392156862744	0.050980392156862744
G	C2'_2	189.624	177.499	104.158	0.5647058823529412	0.5647058823529412	0.5647058823529412
G	O2'_2	189.285	178.865	104.014	1.0	0.050980392156862744	0.050980392156862744
G	C1'_2	188.973	176.711	103.017	0.5647058823529412	0.5647058823529412	0.5647058823529412
G	N9_2	188.505	175.393	103.435	0.18823529411764706	0.3137254901960784	0.9725490196078431
G	C8_2	189.147	174.182	103.31	0.5647058823529412	0.5647058823529412	0.5647058823529412
G	N7_2	188.461	173.186	103.804	0.18823529411764706	0.3137254901960784	0.9725490196078431
G	C5_2	187.297	173.774	104.284	0.5647058823529412	0.5647058823529412	0.5647058823529412
G	C6_2	186.169	173.198	104.934	0.5647058823529412	0.5647058823529412	0.5647058823529412
G	O6_2	185.971	172.015	105.233	1.0	0.050980392156862744	0.050980392156862744
G	N1_2	185.211	174.161	105.241	0.18823529411764706	0.3137254901960784	0.9725490196078431
G	C2_2	185.322	175.504	104.963	0.5647058823529412	0.5647058823529412	0.5647058823529412
G	N2_2	184.29	176.275	105.328	0.18823529411764706	0.3137254901960784	0.9725490196078431
G	N3_2	186.367	176.051	104.368	0.18823529411764706	0.3137254901960784	0.9725490196078431
G	C4_2	187.308	175.134	104.057	0.5647058823529412	0.5647058823529412	0.5647058823529412
