C	P_1	292.678	157.078	241.628	1.0	0.5019607843137255	0.0
C	OP1_1	293.623	156.547	242.652	1.0	0.050980392156862744	0.050980392156862744
C	OP2_1	293.207	157.853	240.473	1.0	0.050980392156862744	0.050980392156862744
C	O5'_1	291.82	155.861	241.06	1.0	0.050980392156862744	0.050980392156862744
C	C5'_1	291.184	154.922	241.952	0.5647058823529412	0.5647058823529412	0.5647058823529412
C	C4'_1	290.342	153.937	241.172	0.5647058823529412	0.5647058823529412	0.5647058823529412
C	O4'_1	289.226	154.625	240.546	1.0	0.050980392156862744	0.050980392156862744
C	C3'_1	291.032	153.219	240.023	0.5647058823529412	0.5647058823529412	0.5647058823529412
C	O3'_1	291.806	152.114	240.494	1.0	0.050980392156862744	0.050980392156862744
C	C2'_1	289.851	152.792	239.156	0.5647058823529412	0.5647058823529412	0.5647058823529412
C	O2'_1	289.194	151.648	239.659	1.0	0.050980392156862744	0.050980392156862744
C	C1'_1	288.914	153.995	239.311	0.5647058823529412	0.5647058823529412	0.5647058823529412
C	N1_1	289.025	154.989	238.226	0.18823529411764706	0.3137254901960784	0.9725490196078431
C	C2_1	288.181	154.868	237.108	0.5647058823529412	0.5647058823529412	0.5647058823529412
C	O2_1	287.366	153.929	237.063	1.0	0.050980392156862744	0.050980392156862744
C	N3_1	288.276	155.777	236.11	0.18823529411764706	0.3137254901960784	0.9725490196078431
C	C4_1	289.161	156.775	236.198	0.5647058823529412	0.5647058823529412	0.5647058823529412
C	N4_1	289.217	157.651	235.192	0.18823529411764706	0.3137254901960784	0.9725490196078431
C	C5_1	290.028	156.921	237.32	0.5647058823529412	0.5647058823529412	0.5647058823529412
C	C6_1	289.929	156.015	238.299	0.5647058823529412	0.5647058823529412	0.5647058823529412
G	P_2	281.668	157.089	226.539	1.0	0.5019607843137255	0.0
G	OP1_2	280.271	157.029	226.023	1.0	0.050980392156862744	0.050980392156862744
G	OP2_2	282.185	158.363	227.107	1.0	0.050980392156862744	0.050980392156862744
G	O5'_2	281.845	155.944	227.636	1.0	0.050980392156862744	0.050980392156862744
G	C5'_2	281.412	154.594	227.373	0.5647058823529412	0.5647058823529412	0.5647058823529412
G	C4'_2	281.787	153.677	228.519	0.5647058823529412	0.5647058823529412	0.5647058823529412
G	O4'_2	283.234	153.627	228.664	1.0	0.050980392156862744	0.050980392156862744
G	C3'_2	281.299	154.059	229.908	0.5647058823529412	0.5647058823529412	0.5647058823529412
G	O3'_2	279.941	153.681	230.122	1.0	0.050980392156862744	0.050980392156862744
G	C2'_2	282.251	153.273	230.802	0.5647058823529412	0.5647058823529412	0.5647058823529412
G	O2'_2	281.899	151.909	230.904	1.0	0.050980392156862744	0.050980392156862744
G	C1'_2	283.566	153.399	230.028	0.5647058823529412	0.5647058823529412	0.5647058823529412
G	N9_2	284.395	154.502	230.505	0.18823529411764706	0.3137254901960784	0.9725490196078431
G	C8_2	284.577	155.728	229.909	0.5647058823529412	0.5647058823529412	0.5647058823529412
G	N7_2	285.364	156.518	230.59	0.18823529411764706	0.3137254901960784	0.9725490196078431
G	C5_2	285.729	155.767	231.7	0.5647058823529412	0.5647058823529412	0.5647058823529412
G	C6_2	286.564	156.099	232.797	0.5647058823529412	0.5647058823529412	0.5647058823529412
G	O6_2	287.165	157.157	233.015	1.0	0.050980392156862744	0.050980392156862744
G	N1_2	286.665	155.046	233.7	0.18823529411764706	0.3137254901960784	0.9725490196078431
G	C2_2	286.038	153.831	233.569	0.5647058823529412	0.5647058823529412	0.5647058823529412
G	N2_2	286.255	152.945	234.549	0.18823529411764706	0.3137254901960784	0.9725490196078431
G	N3_2	285.254	153.508	232.552	0.18823529411764706	0.3137254901960784	0.9725490196078431
G	C4_2	285.145	154.518	231.66	0.5647058823529412	0.5647058823529412	0.5647058823529412
