C	P_1	205.411	308.641	173.027	1.0	0.5019607843137255	0.0
C	OP1_1	206.018	310.004	173.03	1.0	0.050980392156862744	0.050980392156862744
C	OP2_1	204.074	308.434	172.408	1.0	0.050980392156862744	0.050980392156862744
C	O5'_1	206.433	307.634	172.334	1.0	0.050980392156862744	0.050980392156862744
C	C5'_1	207.772	307.475	172.842	0.5647058823529412	0.5647058823529412	0.5647058823529412
C	C4'_1	208.458	306.318	172.155	0.5647058823529412	0.5647058823529412	0.5647058823529412
C	O4'_1	207.775	305.081	172.484	1.0	0.050980392156862744	0.050980392156862744
C	C3'_1	208.446	306.316	170.634	0.5647058823529412	0.5647058823529412	0.5647058823529412
C	O3'_1	209.415	307.209	170.085	1.0	0.050980392156862744	0.050980392156862744
C	C2'_1	208.758	304.857	170.325	0.5647058823529412	0.5647058823529412	0.5647058823529412
C	O2'_1	210.13	304.546	170.452	1.0	0.050980392156862744	0.050980392156862744
C	C1'_1	207.988	304.143	171.44	0.5647058823529412	0.5647058823529412	0.5647058823529412
C	N1_1	206.693	303.582	171.004	0.18823529411764706	0.3137254901960784	0.9725490196078431
C	C2_1	206.68	302.302	170.417	0.5647058823529412	0.5647058823529412	0.5647058823529412
C	O2_1	207.75	301.673	170.309	1.0	0.050980392156862744	0.050980392156862744
C	N3_1	205.507	301.786	169.988	0.18823529411764706	0.3137254901960784	0.9725490196078431
C	C4_1	204.379	302.486	170.124	0.5647058823529412	0.5647058823529412	0.5647058823529412
C	N4_1	203.252	301.94	169.668	0.18823529411764706	0.3137254901960784	0.9725490196078431
C	C5_1	204.359	303.778	170.729	0.5647058823529412	0.5647058823529412	0.5647058823529412
C	C6_1	205.526	304.283	171.152	0.5647058823529412	0.5647058823529412	0.5647058823529412
G	P_2	203.555	290.316	165.875	1.0	0.5019607843137255	0.0
G	OP1_2	203.961	288.923	166.226	1.0	0.050980392156862744	0.050980392156862744
G	OP2_2	202.252	290.841	166.361	1.0	0.050980392156862744	0.050980392156862744
G	O5'_2	204.709	291.305	166.359	1.0	0.050980392156862744	0.050980392156862744
G	C5'_2	206.083	291.052	166.016	0.5647058823529412	0.5647058823529412	0.5647058823529412
G	C4'_2	206.979	292.151	166.543	0.5647058823529412	0.5647058823529412	0.5647058823529412
G	O4'_2	206.712	293.398	165.845	1.0	0.050980392156862744	0.050980392156862744
G	C3'_2	206.829	292.535	168.007	0.5647058823529412	0.5647058823529412	0.5647058823529412
G	O3'_2	207.468	291.606	168.881	1.0	0.050980392156862744	0.050980392156862744
G	C2'_2	207.501	293.903	168.034	0.5647058823529412	0.5647058823529412	0.5647058823529412
G	O2'_2	208.908	293.823	168.047	1.0	0.050980392156862744	0.050980392156862744
G	C1'_2	207.051	294.489	166.693	0.5647058823529412	0.5647058823529412	0.5647058823529412
G	N9_2	205.9	295.377	166.824	0.18823529411764706	0.3137254901960784	0.9725490196078431
G	C8_2	204.596	295.124	166.469	0.5647058823529412	0.5647058823529412	0.5647058823529412
G	N7_2	203.79	296.116	166.738	0.18823529411764706	0.3137254901960784	0.9725490196078431
G	C5_2	204.613	297.086	167.298	0.5647058823529412	0.5647058823529412	0.5647058823529412
G	C6_2	204.306	298.383	167.795	0.5647058823529412	0.5647058823529412	0.5647058823529412
G	O6_2	203.209	298.948	167.843	1.0	0.050980392156862744	0.050980392156862744
G	N1_2	205.44	299.032	168.272	0.18823529411764706	0.3137254901960784	0.9725490196078431
G	C2_2	206.707	298.506	168.274	0.5647058823529412	0.5647058823529412	0.5647058823529412
G	N2_2	207.673	299.295	168.772	0.18823529411764706	0.3137254901960784	0.9725490196078431
G	N3_2	207.008	297.297	167.82	0.18823529411764706	0.3137254901960784	0.9725490196078431
G	C4_2	205.919	296.648	167.351	0.5647058823529412	0.5647058823529412	0.5647058823529412
