C	P_1	236.476	137.721	162.325	1.0	0.5019607843137255	0.0
C	OP1_1	235.964	137.279	160.993	1.0	0.050980392156862744	0.050980392156862744
C	OP2_1	237.013	139.108	162.484	1.0	0.050980392156862744	0.050980392156862744
C	O5'_1	235.326	137.52	163.415	1.0	0.050980392156862744	0.050980392156862744
C	C5'_1	234.677	136.239	163.583	0.5647058823529412	0.5647058823529412	0.5647058823529412
C	C4'_1	233.714	136.282	164.75	0.5647058823529412	0.5647058823529412	0.5647058823529412
C	O4'_1	234.441	136.392	166.004	1.0	0.050980392156862744	0.050980392156862744
C	C3'_1	232.746	137.454	164.764	0.5647058823529412	0.5647058823529412	0.5647058823529412
C	O3'_1	231.636	137.211	163.898	1.0	0.050980392156862744	0.050980392156862744
C	C2'_1	232.36	137.526	166.237	0.5647058823529412	0.5647058823529412	0.5647058823529412
C	O2'_1	231.406	136.552	166.603	1.0	0.050980392156862744	0.050980392156862744
C	C1'_1	233.694	137.189	166.915	0.5647058823529412	0.5647058823529412	0.5647058823529412
C	N1_1	234.497	138.381	167.275	0.18823529411764706	0.3137254901960784	0.9725490196078431
C	C2_1	234.163	139.118	168.438	0.5647058823529412	0.5647058823529412	0.5647058823529412
C	O2_1	233.228	138.727	169.16	1.0	0.050980392156862744	0.050980392156862744
C	N3_1	234.881	140.23	168.737	0.18823529411764706	0.3137254901960784	0.9725490196078431
C	C4_1	235.898	140.608	167.946	0.5647058823529412	0.5647058823529412	0.5647058823529412
C	N4_1	236.572	141.715	168.268	0.18823529411764706	0.3137254901960784	0.9725490196078431
C	C5_1	236.268	139.869	166.786	0.5647058823529412	0.5647058823529412	0.5647058823529412
C	C6_1	235.55	138.778	166.489	0.5647058823529412	0.5647058823529412	0.5647058823529412
G	P_2	234.43	148.575	177.29	1.0	0.5019607843137255	0.0
G	OP1_2	234.776	148.881	178.709	1.0	0.050980392156862744	0.050980392156862744
G	OP2_2	235.428	148.841	176.216	1.0	0.050980392156862744	0.050980392156862744
G	O5'_2	233.993	147.038	177.211	1.0	0.050980392156862744	0.050980392156862744
G	C5'_2	232.842	146.552	177.948	0.5647058823529412	0.5647058823529412	0.5647058823529412
G	C4'_2	232.3	145.28	177.323	0.5647058823529412	0.5647058823529412	0.5647058823529412
G	O4'_2	231.907	145.528	175.941	1.0	0.050980392156862744	0.050980392156862744
G	C3'_2	233.246	144.093	177.217	0.5647058823529412	0.5647058823529412	0.5647058823529412
G	O3'_2	233.377	143.398	178.456	1.0	0.050980392156862744	0.050980392156862744
G	C2'_2	232.572	143.253	176.135	0.5647058823529412	0.5647058823529412	0.5647058823529412
G	O2'_2	231.458	142.518	176.604	1.0	0.050980392156862744	0.050980392156862744
G	C1'_2	232.083	144.342	175.174	0.5647058823529412	0.5647058823529412	0.5647058823529412
G	N9_2	233.048	144.606	174.109	0.18823529411764706	0.3137254901960784	0.9725490196078431
G	C8_2	233.888	145.695	173.983	0.5647058823529412	0.5647058823529412	0.5647058823529412
G	N7_2	234.671	145.622	172.938	0.18823529411764706	0.3137254901960784	0.9725490196078431
G	C5_2	234.321	144.42	172.331	0.5647058823529412	0.5647058823529412	0.5647058823529412
G	C6_2	234.833	143.796	171.157	0.5647058823529412	0.5647058823529412	0.5647058823529412
G	O6_2	235.724	144.197	170.394	1.0	0.050980392156862744	0.050980392156862744
G	N1_2	234.194	142.584	170.905	0.18823529411764706	0.3137254901960784	0.9725490196078431
G	C2_2	233.198	142.038	171.679	0.5647058823529412	0.5647058823529412	0.5647058823529412
G	N2_2	232.714	140.856	171.27	0.18823529411764706	0.3137254901960784	0.9725490196078431
G	N3_2	232.712	142.606	172.773	0.18823529411764706	0.3137254901960784	0.9725490196078431
G	C4_2	233.313	143.786	173.037	0.5647058823529412	0.5647058823529412	0.5647058823529412
