G	P_1	233.745	206.653	212.095	1.0	0.5019607843137255	0.0
G	OP1_1	233.698	205.195	212.417	1.0	0.050980392156862744	0.050980392156862744
G	OP2_1	234.872	207.188	211.277	1.0	0.050980392156862744	0.050980392156862744
G	O5'_1	232.379	207.043	211.363	1.0	0.050980392156862744	0.050980392156862744
G	C5'_1	231.097	206.754	211.968	0.5647058823529412	0.5647058823529412	0.5647058823529412
G	C4'_1	229.981	207.451	211.208	0.5647058823529412	0.5647058823529412	0.5647058823529412
G	O4'_1	230.269	208.874	211.125	1.0	0.050980392156862744	0.050980392156862744
G	C3'_1	229.762	207.039	209.756	0.5647058823529412	0.5647058823529412	0.5647058823529412
G	O3'_1	228.963	205.853	209.679	1.0	0.050980392156862744	0.050980392156862744
G	C2'_1	229.02	208.247	209.184	0.5647058823529412	0.5647058823529412	0.5647058823529412
G	O2'_1	227.637	208.232	209.49	1.0	0.050980392156862744	0.050980392156862744
G	C1'_1	229.681	209.407	209.944	0.5647058823529412	0.5647058823529412	0.5647058823529412
G	N9_1	230.688	210.174	209.206	0.18823529411764706	0.3137254901960784	0.9725490196078431
G	C8_1	232.054	210.186	209.404	0.5647058823529412	0.5647058823529412	0.5647058823529412
G	N7_1	232.685	211.002	208.6	0.18823529411764706	0.3137254901960784	0.9725490196078431
G	C5_1	231.681	211.561	207.818	0.5647058823529412	0.5647058823529412	0.5647058823529412
G	C6_1	231.752	212.531	206.765	0.5647058823529412	0.5647058823529412	0.5647058823529412
G	O6_1	232.753	213.114	206.313	1.0	0.050980392156862744	0.050980392156862744
G	N1_1	230.489	212.81	206.237	0.18823529411764706	0.3137254901960784	0.9725490196078431
G	C2_1	229.305	212.241	206.669	0.5647058823529412	0.5647058823529412	0.5647058823529412
G	N2_1	228.181	212.635	206.032	0.18823529411764706	0.3137254901960784	0.9725490196078431
G	N3_1	229.226	211.348	207.652	0.18823529411764706	0.3137254901960784	0.9725490196078431
G	C4_1	230.442	211.055	208.174	0.5647058823529412	0.5647058823529412	0.5647058823529412
C	P_2	228.827	221.702	201.272	1.0	0.5019607843137255	0.0
C	OP1_2	228.336	223.047	201.681	1.0	0.050980392156862744	0.050980392156862744
C	OP2_2	229.885	221.025	202.079	1.0	0.050980392156862744	0.050980392156862744
C	O5'_2	227.582	220.717	201.147	1.0	0.050980392156862744	0.050980392156862744
C	C5'_2	226.941	220.191	202.312	0.5647058823529412	0.5647058823529412	0.5647058823529412
C	C4'_2	226.244	218.89	201.989	0.5647058823529412	0.5647058823529412	0.5647058823529412
C	O4'_2	227.163	217.972	201.337	1.0	0.050980392156862744	0.050980392156862744
C	C3'_2	225.763	218.159	203.227	0.5647058823529412	0.5647058823529412	0.5647058823529412
C	O3'_2	224.488	218.658	203.603	1.0	0.050980392156862744	0.050980392156862744
C	C2'_2	225.758	216.7	202.786	0.5647058823529412	0.5647058823529412	0.5647058823529412
C	O2'_2	224.599	216.361	202.052	1.0	0.050980392156862744	0.050980392156862744
C	C1'_2	226.977	216.657	201.85	0.5647058823529412	0.5647058823529412	0.5647058823529412
C	N1_2	228.261	216.212	202.446	0.18823529411764706	0.3137254901960784	0.9725490196078431
C	C2_2	228.327	214.984	203.143	0.5647058823529412	0.5647058823529412	0.5647058823529412
C	O2_2	227.304	214.284	203.244	1.0	0.050980392156862744	0.050980392156862744
C	N3_2	229.511	214.596	203.682	0.18823529411764706	0.3137254901960784	0.9725490196078431
C	C4_2	230.598	215.371	203.544	0.5647058823529412	0.5647058823529412	0.5647058823529412
C	N4_2	231.749	214.952	204.09	0.18823529411764706	0.3137254901960784	0.9725490196078431
C	C5_2	230.556	216.612	202.839	0.5647058823529412	0.5647058823529412	0.5647058823529412
C	C6_2	229.383	216.988	202.315	0.5647058823529412	0.5647058823529412	0.5647058823529412
