C	P_1	202.756	252.828	203.507	1.0	0.5019607843137255	0.0
C	OP1_1	203.036	253.769	204.627	1.0	0.050980392156862744	0.050980392156862744
C	OP2_1	202.779	253.327	202.105	1.0	0.050980392156862744	0.050980392156862744
C	O5'_1	203.764	251.597	203.628	1.0	0.050980392156862744	0.050980392156862744
C	C5'_1	203.851	250.835	204.849	0.5647058823529412	0.5647058823529412	0.5647058823529412
C	C4'_1	204.782	249.654	204.675	0.5647058823529412	0.5647058823529412	0.5647058823529412
C	O4'_1	204.204	248.687	203.758	1.0	0.050980392156862744	0.050980392156862744
C	C3'_1	206.148	249.953	204.079	0.5647058823529412	0.5647058823529412	0.5647058823529412
C	O3'_1	207.039	250.48	205.056	1.0	0.050980392156862744	0.050980392156862744
C	C2'_1	206.578	248.584	203.566	0.5647058823529412	0.5647058823529412	0.5647058823529412
C	O2'_1	207.057	247.74	204.592	1.0	0.050980392156862744	0.050980392156862744
C	C1'_1	205.246	248.028	203.047	0.5647058823529412	0.5647058823529412	0.5647058823529412
C	N1_1	205.028	248.209	201.592	0.18823529411764706	0.3137254901960784	0.9725490196078431
C	C2_1	205.475	247.203	200.702	0.5647058823529412	0.5647058823529412	0.5647058823529412
C	O2_1	206.06	246.202	201.155	1.0	0.050980392156862744	0.050980392156862744
C	N3_1	205.254	247.355	199.375	0.18823529411764706	0.3137254901960784	0.9725490196078431
C	C4_1	204.622	248.445	198.922	0.5647058823529412	0.5647058823529412	0.5647058823529412
C	N4_1	204.406	248.542	197.607	0.18823529411764706	0.3137254901960784	0.9725490196078431
C	C5_1	204.176	249.483	199.798	0.5647058823529412	0.5647058823529412	0.5647058823529412
C	C6_1	204.397	249.325	201.109	0.5647058823529412	0.5647058823529412	0.5647058823529412
G	P_2	208.161	240.25	190.403	1.0	0.5019607843137255	0.0
G	OP1_2	208.227	238.932	189.71	1.0	0.050980392156862744	0.050980392156862744
G	OP2_2	206.982	241.135	190.181	1.0	0.050980392156862744	0.050980392156862744
G	O5'_2	208.307	239.99	191.97	1.0	0.050980392156862744	0.050980392156862744
G	C5'_2	209.456	239.292	192.499	0.5647058823529412	0.5647058823529412	0.5647058823529412
G	C4'_2	209.628	239.594	193.972	0.5647058823529412	0.5647058823529412	0.5647058823529412
G	O4'_2	209.86	241.017	194.164	1.0	0.050980392156862744	0.050980392156862744
G	C3'_2	208.436	239.301	194.869	0.5647058823529412	0.5647058823529412	0.5647058823529412
G	O3'_2	208.349	237.914	195.198	1.0	0.050980392156862744	0.050980392156862744
G	C2'_2	208.739	240.172	196.083	0.5647058823529412	0.5647058823529412	0.5647058823529412
G	O2'_2	209.724	239.611	196.929	1.0	0.050980392156862744	0.050980392156862744
G	C1'_2	209.324	241.421	195.417	0.5647058823529412	0.5647058823529412	0.5647058823529412
G	N9_2	208.333	242.473	195.193	0.18823529411764706	0.3137254901960784	0.9725490196078431
G	C8_2	207.703	242.791	194.01	0.5647058823529412	0.5647058823529412	0.5647058823529412
G	N7_2	206.863	243.787	194.125	0.18823529411764706	0.3137254901960784	0.9725490196078431
G	C5_2	206.939	244.152	195.464	0.5647058823529412	0.5647058823529412	0.5647058823529412
G	C6_2	206.255	245.178	196.182	0.5647058823529412	0.5647058823529412	0.5647058823529412
G	O6_2	205.419	245.992	195.757	1.0	0.050980392156862744	0.050980392156862744
G	N1_2	206.629	245.202	197.525	0.18823529411764706	0.3137254901960784	0.9725490196078431
G	C2_2	207.545	244.351	198.107	0.5647058823529412	0.5647058823529412	0.5647058823529412
G	N2_2	207.773	244.534	199.423	0.18823529411764706	0.3137254901960784	0.9725490196078431
G	N3_2	208.191	243.391	197.448	0.18823529411764706	0.3137254901960784	0.9725490196078431
G	C4_2	207.841	243.35	196.141	0.5647058823529412	0.5647058823529412	0.5647058823529412
