G	P_1	84.985	190.135	183.722	1.0	0.5019607843137255	0.0
G	OP1_1	86.244	190.411	182.975	1.0	0.050980392156862744	0.050980392156862744
G	OP2_1	84.51	188.732	183.865	1.0	0.050980392156862744	0.050980392156862744
G	O5'_1	85.105	190.757	185.186	1.0	0.050980392156862744	0.050980392156862744
G	C5'_1	86.386	190.927	185.839	0.5647058823529412	0.5647058823529412	0.5647058823529412
G	C4'_1	86.223	190.824	187.342	0.5647058823529412	0.5647058823529412	0.5647058823529412
G	O4'_1	84.964	191.457	187.704	1.0	0.050980392156862744	0.050980392156862744
G	C3'_1	86.117	189.416	187.922	0.5647058823529412	0.5647058823529412	0.5647058823529412
G	O3'_1	87.42	188.872	188.185	1.0	0.050980392156862744	0.050980392156862744
G	C2'_1	85.324	189.643	189.206	0.5647058823529412	0.5647058823529412	0.5647058823529412
G	O2'_1	86.117	190.138	190.266	1.0	0.050980392156862744	0.050980392156862744
G	C1'_1	84.357	190.748	188.774	0.5647058823529412	0.5647058823529412	0.5647058823529412
G	N9_1	83.042	190.275	188.339	0.18823529411764706	0.3137254901960784	0.9725490196078431
G	C8_1	82.605	190.083	187.047	0.5647058823529412	0.5647058823529412	0.5647058823529412
G	N7_1	81.363	189.679	186.979	0.18823529411764706	0.3137254901960784	0.9725490196078431
G	C5_1	80.954	189.594	188.304	0.5647058823529412	0.5647058823529412	0.5647058823529412
G	C6_1	79.703	189.214	188.858	0.5647058823529412	0.5647058823529412	0.5647058823529412
G	O6_1	78.672	188.868	188.268	1.0	0.050980392156862744	0.050980392156862744
G	N1_1	79.722	189.266	190.248	0.18823529411764706	0.3137254901960784	0.9725490196078431
G	C2_1	80.802	189.635	191.008	0.5647058823529412	0.5647058823529412	0.5647058823529412
G	N2_1	80.621	189.625	192.337	0.18823529411764706	0.3137254901960784	0.9725490196078431
G	N3_1	81.975	189.991	190.505	0.18823529411764706	0.3137254901960784	0.9725490196078431
G	C4_1	81.98	189.949	189.156	0.5647058823529412	0.5647058823529412	0.5647058823529412
C	P_2	71.03	187.917	195.253	1.0	0.5019607843137255	0.0
C	OP1_2	70.041	188.403	196.257	1.0	0.050980392156862744	0.050980392156862744
C	OP2_2	70.738	188.071	193.803	1.0	0.050980392156862744	0.050980392156862744
C	O5'_2	72.432	188.613	195.556	1.0	0.050980392156862744	0.050980392156862744
C	C5'_2	73.083	188.431	196.831	0.5647058823529412	0.5647058823529412	0.5647058823529412
C	C4'_2	74.542	188.809	196.737	0.5647058823529412	0.5647058823529412	0.5647058823529412
C	O4'_2	75.23	187.896	195.844	1.0	0.050980392156862744	0.050980392156862744
C	C3'_2	74.837	190.185	196.161	0.5647058823529412	0.5647058823529412	0.5647058823529412
C	O3'_2	74.689	191.195	197.154	1.0	0.050980392156862744	0.050980392156862744
C	C2'_2	76.277	190.033	195.692	0.5647058823529412	0.5647058823529412	0.5647058823529412
C	O2'_2	77.207	190.122	196.749	1.0	0.050980392156862744	0.050980392156862744
C	C1'_2	76.271	188.591	195.174	0.5647058823529412	0.5647058823529412	0.5647058823529412
C	N1_2	76.065	188.481	193.716	0.18823529411764706	0.3137254901960784	0.9725490196078431
C	C2_2	77.194	188.456	192.877	0.5647058823529412	0.5647058823529412	0.5647058823529412
C	O2_2	78.326	188.512	193.384	1.0	0.050980392156862744	0.050980392156862744
C	N3_2	77.017	188.368	191.541	0.18823529411764706	0.3137254901960784	0.9725490196078431
C	C4_2	75.783	188.302	191.032	0.5647058823529412	0.5647058823529412	0.5647058823529412
C	N4_2	75.663	188.218	189.708	0.18823529411764706	0.3137254901960784	0.9725490196078431
C	C5_2	74.62	188.319	191.859	0.5647058823529412	0.5647058823529412	0.5647058823529412
C	C6_2	74.805	188.409	193.181	0.5647058823529412	0.5647058823529412	0.5647058823529412
