G	P_1	193.298	206.576	184.532	1.0	0.5019607843137255	0.0
G	OP1_1	193.532	207.868	185.241	1.0	0.050980392156862744	0.050980392156862744
G	OP2_1	193.637	205.294	185.214	1.0	0.050980392156862744	0.050980392156862744
G	O5'_1	191.757	206.533	184.135	1.0	0.050980392156862744	0.050980392156862744
G	C5'_1	191.219	205.457	183.339	0.5647058823529412	0.5647058823529412	0.5647058823529412
G	C4'_1	189.732	205.316	183.6	0.5647058823529412	0.5647058823529412	0.5647058823529412
G	O4'_1	189.519	204.9	184.976	1.0	0.050980392156862744	0.050980392156862744
G	C3'_1	188.923	206.6	183.447	0.5647058823529412	0.5647058823529412	0.5647058823529412
G	O3'_1	188.536	206.802	182.079	1.0	0.050980392156862744	0.050980392156862744
G	C2'_1	187.727	206.353	184.366	0.5647058823529412	0.5647058823529412	0.5647058823529412
G	O2'_1	186.722	205.548	183.777	1.0	0.050980392156862744	0.050980392156862744
G	C1'_1	188.377	205.563	185.508	0.5647058823529412	0.5647058823529412	0.5647058823529412
G	N9_1	188.815	206.374	186.643	0.18823529411764706	0.3137254901960784	0.9725490196078431
G	C8_1	190.115	206.583	187.048	0.5647058823529412	0.5647058823529412	0.5647058823529412
G	N7_1	190.208	207.324	188.119	0.18823529411764706	0.3137254901960784	0.9725490196078431
G	C5_1	188.894	207.634	188.439	0.5647058823529412	0.5647058823529412	0.5647058823529412
G	C6_1	188.376	208.414	189.504	0.5647058823529412	0.5647058823529412	0.5647058823529412
G	O6_1	189.0	208.998	190.403	1.0	0.050980392156862744	0.050980392156862744
G	N1_1	186.984	208.481	189.461	0.18823529411764706	0.3137254901960784	0.9725490196078431
G	C2_1	186.191	207.868	188.512	0.5647058823529412	0.5647058823529412	0.5647058823529412
G	N2_1	184.864	208.042	188.647	0.18823529411764706	0.3137254901960784	0.9725490196078431
G	N3_1	186.667	207.135	187.508	0.18823529411764706	0.3137254901960784	0.9725490196078431
G	C4_1	188.017	207.063	187.534	0.5647058823529412	0.5647058823529412	0.5647058823529412
C	P_2	184.107	213.68	197.374	1.0	0.5019607843137255	0.0
C	OP1_2	182.994	213.989	198.318	1.0	0.050980392156862744	0.050980392156862744
C	OP2_2	185.205	212.775	197.803	1.0	0.050980392156862744	0.050980392156862744
C	O5'_2	183.472	213.092	196.035	1.0	0.050980392156862744	0.050980392156862744
C	C5'_2	182.414	213.791	195.346	0.5647058823529412	0.5647058823529412	0.5647058823529412
C	C4'_2	181.978	213.008	194.133	0.5647058823529412	0.5647058823529412	0.5647058823529412
C	O4'_2	183.04	212.997	193.152	1.0	0.050980392156862744	0.050980392156862744
C	C3'_2	181.663	211.551	194.417	0.5647058823529412	0.5647058823529412	0.5647058823529412
C	O3'_2	180.302	211.458	194.835	1.0	0.050980392156862744	0.050980392156862744
C	C2'_2	181.957	210.864	193.085	0.5647058823529412	0.5647058823529412	0.5647058823529412
C	O2'_2	180.894	210.934	192.156	1.0	0.050980392156862744	0.050980392156862744
C	C1'_2	183.118	211.714	192.555	0.5647058823529412	0.5647058823529412	0.5647058823529412
C	N1_2	184.477	211.202	192.78	0.18823529411764706	0.3137254901960784	0.9725490196078431
C	C2_2	185.042	210.319	191.838	0.5647058823529412	0.5647058823529412	0.5647058823529412
C	O2_2	184.347	209.922	190.883	1.0	0.050980392156862744	0.050980392156862744
C	N3_2	186.333	209.924	191.998	0.18823529411764706	0.3137254901960784	0.9725490196078431
C	C4_2	187.043	210.362	193.049	0.5647058823529412	0.5647058823529412	0.5647058823529412
C	N4_2	188.322	209.98	193.142	0.18823529411764706	0.3137254901960784	0.9725490196078431
C	C5_2	186.474	211.222	194.044	0.5647058823529412	0.5647058823529412	0.5647058823529412
C	C6_2	185.201	211.608	193.872	0.5647058823529412	0.5647058823529412	0.5647058823529412
