C	P_1	258.333	159.468	186.147	1.0	0.5019607843137255	0.0
C	OP1_1	259.052	158.27	186.672	1.0	0.050980392156862744	0.050980392156862744
C	OP2_1	257.761	159.433	184.775	1.0	0.050980392156862744	0.050980392156862744
C	O5'_1	257.158	159.839	187.161	1.0	0.050980392156862744	0.050980392156862744
C	C5'_1	257.384	159.832	188.583	0.5647058823529412	0.5647058823529412	0.5647058823529412
C	C4'_1	256.2	160.425	189.305	0.5647058823529412	0.5647058823529412	0.5647058823529412
C	O4'_1	256.015	161.798	188.866	1.0	0.050980392156862744	0.050980392156862744
C	C3'_1	254.855	159.76	189.047	0.5647058823529412	0.5647058823529412	0.5647058823529412
C	O3'_1	254.672	158.6	189.864	1.0	0.050980392156862744	0.050980392156862744
C	C2'_1	253.874	160.883	189.378	0.5647058823529412	0.5647058823529412	0.5647058823529412
C	O2'_1	253.668	161.053	190.767	1.0	0.050980392156862744	0.050980392156862744
C	C1'_1	254.627	162.103	188.832	0.5647058823529412	0.5647058823529412	0.5647058823529412
C	N1_1	254.251	162.45	187.443	0.18823529411764706	0.3137254901960784	0.9725490196078431
C	C2_1	253.035	163.14	187.219	0.5647058823529412	0.5647058823529412	0.5647058823529412
C	O2_1	252.327	163.463	188.198	1.0	0.050980392156862744	0.050980392156862744
C	N3_1	252.677	163.437	185.943	0.18823529411764706	0.3137254901960784	0.9725490196078431
C	C4_1	253.476	163.093	184.924	0.5647058823529412	0.5647058823529412	0.5647058823529412
C	N4_1	253.083	163.414	183.691	0.18823529411764706	0.3137254901960784	0.9725490196078431
C	C5_1	254.713	162.408	185.127	0.5647058823529412	0.5647058823529412	0.5647058823529412
C	C6_1	255.056	162.108	186.385	0.5647058823529412	0.5647058823529412	0.5647058823529412
G	P_2	244.324	172.783	185.517	1.0	0.5019607843137255	0.0
G	OP1_2	244.321	174.028	186.336	1.0	0.050980392156862744	0.050980392156862744
G	OP2_2	245.555	172.41	184.746	1.0	0.050980392156862744	0.050980392156862744
G	O5'_2	243.946	171.556	186.466	1.0	0.050980392156862744	0.050980392156862744
G	C5'_2	243.966	170.205	185.964	0.5647058823529412	0.5647058823529412	0.5647058823529412
G	C4'_2	244.22	169.223	187.088	0.5647058823529412	0.5647058823529412	0.5647058823529412
G	O4'_2	244.342	167.896	186.51	1.0	0.050980392156862744	0.050980392156862744
G	C3'_2	245.522	169.421	187.859	0.5647058823529412	0.5647058823529412	0.5647058823529412
G	O3'_2	245.349	170.35	188.936	1.0	0.050980392156862744	0.050980392156862744
G	C2'_2	245.823	168.016	188.364	0.5647058823529412	0.5647058823529412	0.5647058823529412
G	O2'_2	245.043	167.67	189.491	1.0	0.050980392156862744	0.050980392156862744
G	C1'_2	245.358	167.166	187.179	0.5647058823529412	0.5647058823529412	0.5647058823529412
G	N9_2	246.391	166.817	186.203	0.18823529411764706	0.3137254901960784	0.9725490196078431
G	C8_2	246.323	167.0	184.839	0.5647058823529412	0.5647058823529412	0.5647058823529412
G	N7_2	247.376	166.555	184.206	0.18823529411764706	0.3137254901960784	0.9725490196078431
G	C5_2	248.198	166.05	185.208	0.5647058823529412	0.5647058823529412	0.5647058823529412
G	C6_2	249.479	165.426	185.123	0.5647058823529412	0.5647058823529412	0.5647058823529412
G	O6_2	250.155	165.189	184.111	1.0	0.050980392156862744	0.050980392156862744
G	N1_2	249.957	165.067	186.382	0.18823529411764706	0.3137254901960784	0.9725490196078431
G	C2_2	249.293	165.278	187.569	0.5647058823529412	0.5647058823529412	0.5647058823529412
G	N2_2	249.923	164.854	188.676	0.18823529411764706	0.3137254901960784	0.9725490196078431
G	N3_2	248.099	165.859	187.662	0.18823529411764706	0.3137254901960784	0.9725490196078431
G	C4_2	247.613	166.213	186.451	0.5647058823529412	0.5647058823529412	0.5647058823529412
