C	P_1	263.244	186.641	161.688	1.0	0.5019607843137255	0.0
C	OP1_1	263.015	186.546	163.157	1.0	0.050980392156862744	0.050980392156862744
C	OP2_1	264.602	186.347	161.131	1.0	0.050980392156862744	0.050980392156862744
C	O5'_1	262.19	185.701	160.95	1.0	0.050980392156862744	0.050980392156862744
C	C5'_1	260.781	185.848	161.195	0.5647058823529412	0.5647058823529412	0.5647058823529412
C	C4'_1	259.994	184.933	160.29	0.5647058823529412	0.5647058823529412	0.5647058823529412
C	O4'_1	260.13	185.373	158.913	1.0	0.050980392156862744	0.050980392156862744
C	C3'_1	260.442	183.48	160.249	0.5647058823529412	0.5647058823529412	0.5647058823529412
C	O3'_1	259.971	182.73	161.367	1.0	0.050980392156862744	0.050980392156862744
C	C2'_1	259.852	183.009	158.926	0.5647058823529412	0.5647058823529412	0.5647058823529412
C	O2'_1	258.468	182.739	159.002	1.0	0.050980392156862744	0.050980392156862744
C	C1'_1	260.073	184.244	158.049	0.5647058823529412	0.5647058823529412	0.5647058823529412
C	N1_1	261.325	184.168	157.267	0.18823529411764706	0.3137254901960784	0.9725490196078431
C	C2_1	261.299	183.546	155.999	0.5647058823529412	0.5647058823529412	0.5647058823529412
C	O2_1	260.222	183.103	155.56	1.0	0.050980392156862744	0.050980392156862744
C	N3_1	262.451	183.448	155.293	0.18823529411764706	0.3137254901960784	0.9725490196078431
C	C4_1	263.59	183.94	155.798	0.5647058823529412	0.5647058823529412	0.5647058823529412
C	N4_1	264.703	183.81	155.075	0.18823529411764706	0.3137254901960784	0.9725490196078431
C	C5_1	263.638	184.587	157.07	0.5647058823529412	0.5647058823529412	0.5647058823529412
C	C6_1	262.496	184.679	157.761	0.5647058823529412	0.5647058823529412	0.5647058823529412
G	P_2	266.035	177.813	145.533	1.0	0.5019607843137255	0.0
G	OP1_2	265.763	177.62	144.076	1.0	0.050980392156862744	0.050980392156862744
G	OP2_2	266.958	178.898	145.973	1.0	0.050980392156862744	0.050980392156862744
G	O5'_2	264.64	177.998	146.278	1.0	0.050980392156862744	0.050980392156862744
G	C5'_2	263.623	176.981	146.182	0.5647058823529412	0.5647058823529412	0.5647058823529412
G	C4'_2	262.497	177.265	147.148	0.5647058823529412	0.5647058823529412	0.5647058823529412
G	O4'_2	262.939	177.072	148.518	1.0	0.050980392156862744	0.050980392156862744
G	C3'_2	261.945	178.677	147.128	0.5647058823529412	0.5647058823529412	0.5647058823529412
G	O3'_2	261.03	178.837	146.048	1.0	0.050980392156862744	0.050980392156862744
G	C2'_2	261.279	178.78	148.495	0.5647058823529412	0.5647058823529412	0.5647058823529412
G	O2'_2	260.017	178.148	148.527	1.0	0.050980392156862744	0.050980392156862744
G	C1'_2	262.248	177.974	149.368	0.5647058823529412	0.5647058823529412	0.5647058823529412
G	N9_2	263.231	178.777	150.091	0.18823529411764706	0.3137254901960784	0.9725490196078431
G	C8_2	264.579	178.873	149.826	0.5647058823529412	0.5647058823529412	0.5647058823529412
G	N7_2	265.208	179.674	150.644	0.18823529411764706	0.3137254901960784	0.9725490196078431
G	C5_2	264.219	180.136	151.502	0.5647058823529412	0.5647058823529412	0.5647058823529412
G	C6_2	264.302	181.041	152.591	0.5647058823529412	0.5647058823529412	0.5647058823529412
G	O6_2	265.297	181.639	153.019	1.0	0.050980392156862744	0.050980392156862744
G	N1_2	263.062	181.23	153.199	0.18823529411764706	0.3137254901960784	0.9725490196078431
G	C2_2	261.891	180.631	152.806	0.5647058823529412	0.5647058823529412	0.5647058823529412
G	N2_2	260.8	180.935	153.531	0.18823529411764706	0.3137254901960784	0.9725490196078431
G	N3_2	261.796	179.791	151.781	0.18823529411764706	0.3137254901960784	0.9725490196078431
G	C4_2	262.993	179.589	151.18	0.5647058823529412	0.5647058823529412	0.5647058823529412
