G	P_1	101.309	162.133	201.204	1.0	0.5019607843137255	0.0
G	OP1_1	101.063	162.356	199.75	1.0	0.050980392156862744	0.050980392156862744
G	OP2_1	101.249	163.286	202.14	1.0	0.050980392156862744	0.050980392156862744
G	O5'_1	100.299	161.014	201.727	1.0	0.050980392156862744	0.050980392156862744
G	C5'_1	100.006	159.851	200.923	0.5647058823529412	0.5647058823529412	0.5647058823529412
G	C4'_1	99.187	158.846	201.709	0.5647058823529412	0.5647058823529412	0.5647058823529412
G	O4'_1	99.974	158.3	202.804	1.0	0.050980392156862744	0.050980392156862744
G	C3'_1	97.93	159.352	202.402	0.5647058823529412	0.5647058823529412	0.5647058823529412
G	O3'_1	96.832	159.516	201.509	1.0	0.050980392156862744	0.050980392156862744
G	C2'_1	97.681	158.253	203.427	0.5647058823529412	0.5647058823529412	0.5647058823529412
G	O2'_1	97.104	157.093	202.863	1.0	0.050980392156862744	0.050980392156862744
G	C1'_1	99.108	157.927	203.868	0.5647058823529412	0.5647058823529412	0.5647058823529412
G	N9_1	99.498	158.644	205.08	0.18823529411764706	0.3137254901960784	0.9725490196078431
G	C8_1	100.291	159.765	205.177	0.5647058823529412	0.5647058823529412	0.5647058823529412
G	N7_1	100.457	160.172	206.406	0.18823529411764706	0.3137254901960784	0.9725490196078431
G	C5_1	99.734	159.265	207.171	0.5647058823529412	0.5647058823529412	0.5647058823529412
G	C6_1	99.545	159.191	208.573	0.5647058823529412	0.5647058823529412	0.5647058823529412
G	O6_1	100.0	159.933	209.45	1.0	0.050980392156862744	0.050980392156862744
G	N1_1	98.732	158.117	208.924	0.18823529411764706	0.3137254901960784	0.9725490196078431
G	C2_1	98.175	157.226	208.041	0.5647058823529412	0.5647058823529412	0.5647058823529412
G	N2_1	97.418	156.255	208.573	0.18823529411764706	0.3137254901960784	0.9725490196078431
G	N3_1	98.346	157.282	206.731	0.18823529411764706	0.3137254901960784	0.9725490196078431
G	C4_1	99.132	158.319	206.368	0.5647058823529412	0.5647058823529412	0.5647058823529412
C	P_2	97.677	156.877	218.894	1.0	0.5019607843137255	0.0
C	OP1_2	97.837	155.885	219.996	1.0	0.050980392156862744	0.050980392156862744
C	OP2_2	98.83	157.734	218.507	1.0	0.050980392156862744	0.050980392156862744
C	O5'_2	97.177	156.108	217.59	1.0	0.050980392156862744	0.050980392156862744
C	C5'_2	96.045	155.216	217.641	0.5647058823529412	0.5647058823529412	0.5647058823529412
C	C4'_2	95.802	154.599	216.283	0.5647058823529412	0.5647058823529412	0.5647058823529412
C	O4'_2	95.361	155.62	215.35	1.0	0.050980392156862744	0.050980392156862744
C	C3'_2	97.021	153.989	215.608	0.5647058823529412	0.5647058823529412	0.5647058823529412
C	O3'_2	97.337	152.699	216.113	1.0	0.050980392156862744	0.050980392156862744
C	C2'_2	96.609	153.99	214.142	0.5647058823529412	0.5647058823529412	0.5647058823529412
C	O2'_2	95.734	152.935	213.796	1.0	0.050980392156862744	0.050980392156862744
C	C1'_2	95.86	155.323	214.052	0.5647058823529412	0.5647058823529412	0.5647058823529412
C	N1_2	96.732	156.429	213.61	0.18823529411764706	0.3137254901960784	0.9725490196078431
C	C2_2	96.776	156.751	212.246	0.5647058823529412	0.5647058823529412	0.5647058823529412
C	O2_2	96.069	156.108	211.448	1.0	0.050980392156862744	0.050980392156862744
C	N3_2	97.586	157.751	211.834	0.18823529411764706	0.3137254901960784	0.9725490196078431
C	C4_2	98.329	158.419	212.722	0.5647058823529412	0.5647058823529412	0.5647058823529412
C	N4_2	99.113	159.395	212.271	0.18823529411764706	0.3137254901960784	0.9725490196078431
C	C5_2	98.3	158.115	214.113	0.5647058823529412	0.5647058823529412	0.5647058823529412
C	C6_2	97.494	157.125	214.509	0.5647058823529412	0.5647058823529412	0.5647058823529412
