C	P_1	202.655	293.196	206.128	1.0	0.5019607843137255	0.0
C	OP1_1	204.049	293.692	206.296	1.0	0.050980392156862744	0.050980392156862744
C	OP2_1	201.553	293.831	206.905	1.0	0.050980392156862744	0.050980392156862744
C	O5'_1	202.28	293.276	204.581	1.0	0.050980392156862744	0.050980392156862744
C	C5'_1	203.085	292.602	203.597	0.5647058823529412	0.5647058823529412	0.5647058823529412
C	C4'_1	202.209	292.013	202.513	0.5647058823529412	0.5647058823529412	0.5647058823529412
C	O4'_1	201.226	291.125	203.107	1.0	0.050980392156862744	0.050980392156862744
C	C3'_1	201.367	292.985	201.698	0.5647058823529412	0.5647058823529412	0.5647058823529412
C	O3'_1	202.146	293.592	200.671	1.0	0.050980392156862744	0.050980392156862744
C	C2'_1	200.294	292.066	201.125	0.5647058823529412	0.5647058823529412	0.5647058823529412
C	O2'_1	200.751	291.313	200.016	1.0	0.050980392156862744	0.050980392156862744
C	C1'_1	200.055	291.118	202.303	0.5647058823529412	0.5647058823529412	0.5647058823529412
C	N1_1	198.894	291.499	203.128	0.18823529411764706	0.3137254901960784	0.9725490196078431
C	C2_1	197.614	291.127	202.688	0.5647058823529412	0.5647058823529412	0.5647058823529412
C	O2_1	197.507	290.468	201.64	1.0	0.050980392156862744	0.050980392156862744
C	N3_1	196.533	291.491	203.414	0.18823529411764706	0.3137254901960784	0.9725490196078431
C	C4_1	196.692	292.19	204.541	0.5647058823529412	0.5647058823529412	0.5647058823529412
C	N4_1	195.593	292.537	205.214	0.18823529411764706	0.3137254901960784	0.9725490196078431
C	C5_1	197.983	292.566	205.023	0.5647058823529412	0.5647058823529412	0.5647058823529412
C	C6_1	199.046	292.204	204.292	0.5647058823529412	0.5647058823529412	0.5647058823529412
G	P_2	185.546	292.11	200.49	1.0	0.5019607843137255	0.0
G	OP1_2	184.265	291.481	200.048	1.0	0.050980392156862744	0.050980392156862744
G	OP2_2	185.851	292.204	201.946	1.0	0.050980392156862744	0.050980392156862744
G	O5'_2	186.755	291.35	199.779	1.0	0.050980392156862744	0.050980392156862744
G	C5'_2	186.723	291.068	198.366	0.5647058823529412	0.5647058823529412	0.5647058823529412
G	C4'_2	188.045	290.489	197.91	0.5647058823529412	0.5647058823529412	0.5647058823529412
G	O4'_2	189.09	291.5	197.999	1.0	0.050980392156862744	0.050980392156862744
G	C3'_2	188.605	289.331	198.722	0.5647058823529412	0.5647058823529412	0.5647058823529412
G	O3'_2	187.983	288.081	198.418	1.0	0.050980392156862744	0.050980392156862744
G	C2'_2	190.078	289.368	198.331	0.5647058823529412	0.5647058823529412	0.5647058823529412
G	O2'_2	190.319	288.833	197.044	1.0	0.050980392156862744	0.050980392156862744
G	C1'_2	190.335	290.875	198.295	0.5647058823529412	0.5647058823529412	0.5647058823529412
G	N9_2	190.829	291.378	199.577	0.18823529411764706	0.3137254901960784	0.9725490196078431
G	C8_2	190.093	291.958	200.588	0.5647058823529412	0.5647058823529412	0.5647058823529412
G	N7_2	190.814	292.29	201.625	0.18823529411764706	0.3137254901960784	0.9725490196078431
G	C5_2	192.106	291.912	201.281	0.5647058823529412	0.5647058823529412	0.5647058823529412
G	C6_2	193.317	292.019	202.011	0.5647058823529412	0.5647058823529412	0.5647058823529412
G	O6_2	193.496	292.485	203.145	1.0	0.050980392156862744	0.050980392156862744
G	N1_2	194.394	291.512	201.289	0.18823529411764706	0.3137254901960784	0.9725490196078431
G	C2_2	194.316	290.969	200.027	0.5647058823529412	0.5647058823529412	0.5647058823529412
G	N2_2	195.468	290.532	199.494	0.18823529411764706	0.3137254901960784	0.9725490196078431
G	N3_2	193.191	290.862	199.336	0.18823529411764706	0.3137254901960784	0.9725490196078431
G	C4_2	192.133	291.349	200.019	0.5647058823529412	0.5647058823529412	0.5647058823529412
