G	P_1	204.517	211.742	132.591	1.0	0.5019607843137255	0.0
G	OP1_1	204.452	212.772	131.513	1.0	0.050980392156862744	0.050980392156862744
G	OP2_1	203.807	211.981	133.881	1.0	0.050980392156862744	0.050980392156862744
G	O5'_1	204.015	210.359	131.982	1.0	0.050980392156862744	0.050980392156862744
G	C5'_1	202.639	209.957	132.075	0.5647058823529412	0.5647058823529412	0.5647058823529412
G	C4'_1	202.55	208.451	132.103	0.5647058823529412	0.5647058823529412	0.5647058823529412
G	O4'_1	203.196	207.942	133.305	1.0	0.050980392156862744	0.050980392156862744
G	C3'_1	201.15	207.868	132.166	0.5647058823529412	0.5647058823529412	0.5647058823529412
G	O3'_1	200.56	207.827	130.87	1.0	0.050980392156862744	0.050980392156862744
G	C2'_1	201.414	206.476	132.733	0.5647058823529412	0.5647058823529412	0.5647058823529412
G	O2'_1	201.919	205.579	131.764	1.0	0.050980392156862744	0.050980392156862744
G	C1'_1	202.524	206.768	133.75	0.5647058823529412	0.5647058823529412	0.5647058823529412
G	N9_1	202.029	206.99	135.112	0.18823529411764706	0.3137254901960784	0.9725490196078431
G	C8_1	202.261	208.087	135.916	0.5647058823529412	0.5647058823529412	0.5647058823529412
G	N7_1	201.664	208.012	137.079	0.18823529411764706	0.3137254901960784	0.9725490196078431
G	C5_1	200.998	206.792	137.049	0.5647058823529412	0.5647058823529412	0.5647058823529412
G	C6_1	200.168	206.172	138.03	0.5647058823529412	0.5647058823529412	0.5647058823529412
G	O6_1	199.846	206.599	139.147	1.0	0.050980392156862744	0.050980392156862744
G	N1_1	199.699	204.93	137.595	0.18823529411764706	0.3137254901960784	0.9725490196078431
G	C2_1	199.987	204.358	136.372	0.5647058823529412	0.5647058823529412	0.5647058823529412
G	N2_1	199.448	203.145	136.137	0.18823529411764706	0.3137254901960784	0.9725490196078431
G	N3_1	200.752	204.933	135.446	0.18823529411764706	0.3137254901960784	0.9725490196078431
G	C4_1	201.22	206.138	135.849	0.5647058823529412	0.5647058823529412	0.5647058823529412
C	P_2	195.983	200.03	145.352	1.0	0.5019607843137255	0.0
C	OP1_2	195.948	198.695	146.021	1.0	0.050980392156862744	0.050980392156862744
C	OP2_2	196.879	201.091	145.88	1.0	0.050980392156862744	0.050980392156862744
C	O5'_2	196.336	199.805	143.814	1.0	0.050980392156862744	0.050980392156862744
C	C5'_2	195.669	198.787	143.036	0.5647058823529412	0.5647058823529412	0.5647058823529412
C	C4'_2	196.161	198.817	141.607	0.5647058823529412	0.5647058823529412	0.5647058823529412
C	O4'_2	195.76	200.069	140.988	1.0	0.050980392156862744	0.050980392156862744
C	C3'_2	197.675	198.781	141.43	0.5647058823529412	0.5647058823529412	0.5647058823529412
C	O3'_2	198.202	197.457	141.504	1.0	0.050980392156862744	0.050980392156862744
C	C2'_2	197.858	199.418	140.057	0.5647058823529412	0.5647058823529412	0.5647058823529412
C	O2'_2	197.592	198.525	138.995	1.0	0.050980392156862744	0.050980392156862744
C	C1'_2	196.77	200.496	140.081	0.5647058823529412	0.5647058823529412	0.5647058823529412
C	N1_2	197.266	201.826	140.499	0.18823529411764706	0.3137254901960784	0.9725490196078431
C	C2_2	197.853	202.669	139.529	0.5647058823529412	0.5647058823529412	0.5647058823529412
C	O2_2	197.938	202.273	138.351	1.0	0.050980392156862744	0.050980392156862744
C	N3_2	198.311	203.886	139.909	0.18823529411764706	0.3137254901960784	0.9725490196078431
C	C4_2	198.202	204.272	141.184	0.5647058823529412	0.5647058823529412	0.5647058823529412
C	N4_2	198.669	205.476	141.513	0.18823529411764706	0.3137254901960784	0.9725490196078431
C	C5_2	197.612	203.439	142.181	0.5647058823529412	0.5647058823529412	0.5647058823529412
C	C6_2	197.163	202.239	141.8	0.5647058823529412	0.5647058823529412	0.5647058823529412
