C	P_1	173.544	135.998	249.746	1.0	0.5019607843137255	0.0
C	OP1_1	174.499	136.569	248.747	1.0	0.050980392156862744	0.050980392156862744
C	OP2_1	173.534	136.531	251.135	1.0	0.050980392156862744	0.050980392156862744
C	O5'_1	172.068	136.128	249.163	1.0	0.050980392156862744	0.050980392156862744
C	C5'_1	171.771	135.798	247.788	0.5647058823529412	0.5647058823529412	0.5647058823529412
C	C4'_1	170.401	136.313	247.433	0.5647058823529412	0.5647058823529412	0.5647058823529412
C	O4'_1	169.41	135.583	248.203	1.0	0.050980392156862744	0.050980392156862744
C	C3'_1	170.188	137.772	247.81	0.5647058823529412	0.5647058823529412	0.5647058823529412
C	O3'_1	170.672	138.651	246.797	1.0	0.050980392156862744	0.050980392156862744
C	C2'_1	168.683	137.848	248.026	0.5647058823529412	0.5647058823529412	0.5647058823529412
C	O2'_1	167.961	137.958	246.817	1.0	0.050980392156862744	0.050980392156862744
C	C1'_1	168.406	136.48	248.66	0.5647058823529412	0.5647058823529412	0.5647058823529412
C	N1_1	168.402	136.466	250.141	0.18823529411764706	0.3137254901960784	0.9725490196078431
C	C2_1	167.257	136.921	250.828	0.5647058823529412	0.5647058823529412	0.5647058823529412
C	O2_1	166.287	137.358	250.178	1.0	0.050980392156862744	0.050980392156862744
C	N3_1	167.243	136.872	252.182	0.18823529411764706	0.3137254901960784	0.9725490196078431
C	C4_1	168.308	136.408	252.847	0.5647058823529412	0.5647058823529412	0.5647058823529412
C	N4_1	168.247	136.372	254.177	0.18823529411764706	0.3137254901960784	0.9725490196078431
C	C5_1	169.483	135.958	252.175	0.5647058823529412	0.5647058823529412	0.5647058823529412
C	C6_1	169.488	136.005	250.84	0.5647058823529412	0.5647058823529412	0.5647058823529412
G	P_2	160.03	145.212	257.164	1.0	0.5019607843137255	0.0
G	OP1_2	159.159	146.143	257.932	1.0	0.050980392156862744	0.050980392156862744
G	OP2_2	159.846	143.741	257.313	1.0	0.050980392156862744	0.050980392156862744
G	O5'_2	159.911	145.588	255.618	1.0	0.050980392156862744	0.050980392156862744
G	C5'_2	159.052	144.835	254.736	0.5647058823529412	0.5647058823529412	0.5647058823529412
G	C4'_2	159.861	144.219	253.615	0.5647058823529412	0.5647058823529412	0.5647058823529412
G	O4'_2	161.012	143.528	254.168	1.0	0.050980392156862744	0.050980392156862744
G	C3'_2	159.137	143.165	252.788	0.5647058823529412	0.5647058823529412	0.5647058823529412
G	O3'_2	158.337	143.78	251.77	1.0	0.050980392156862744	0.050980392156862744
G	C2'_2	160.289	142.328	252.23	0.5647058823529412	0.5647058823529412	0.5647058823529412
G	O2'_2	160.888	142.884	251.074	1.0	0.050980392156862744	0.050980392156862744
G	C1'_2	161.298	142.377	253.387	0.5647058823529412	0.5647058823529412	0.5647058823529412
G	N9_2	161.323	141.211	254.272	0.18823529411764706	0.3137254901960784	0.9725490196078431
G	C8_2	160.458	140.924	255.305	0.5647058823529412	0.5647058823529412	0.5647058823529412
G	N7_2	160.75	139.81	255.925	0.18823529411764706	0.3137254901960784	0.9725490196078431
G	C5_2	161.872	139.327	255.262	0.5647058823529412	0.5647058823529412	0.5647058823529412
G	C6_2	162.641	138.148	255.482	0.5647058823529412	0.5647058823529412	0.5647058823529412
G	O6_2	162.471	137.264	256.334	1.0	0.050980392156862744	0.050980392156862744
G	N1_2	163.698	138.05	254.576	0.18823529411764706	0.3137254901960784	0.9725490196078431
G	C2_2	163.98	138.962	253.583	0.5647058823529412	0.5647058823529412	0.5647058823529412
G	N2_2	165.039	138.686	252.805	0.18823529411764706	0.3137254901960784	0.9725490196078431
G	N3_2	163.272	140.063	253.369	0.18823529411764706	0.3137254901960784	0.9725490196078431
G	C4_2	162.24	140.181	254.237	0.5647058823529412	0.5647058823529412	0.5647058823529412
