G	P_1	107.427	217.09	176.05	1.0	0.5019607843137255	0.0
G	OP1_1	106.918	216.032	176.967	1.0	0.050980392156862744	0.050980392156862744
G	OP2_1	107.374	218.518	176.475	1.0	0.050980392156862744	0.050980392156862744
G	O5'_1	108.935	216.734	175.677	1.0	0.050980392156862744	0.050980392156862744
G	C5'_1	109.273	215.428	175.175	0.5647058823529412	0.5647058823529412	0.5647058823529412
G	C4'_1	110.773	215.236	175.149	0.5647058823529412	0.5647058823529412	0.5647058823529412
G	O4'_1	111.381	216.111	174.159	1.0	0.050980392156862744	0.050980392156862744
G	C3'_1	111.531	215.565	176.427	0.5647058823529412	0.5647058823529412	0.5647058823529412
G	O3'_1	111.426	214.524	177.4	1.0	0.050980392156862744	0.050980392156862744
G	C2'_1	112.958	215.728	175.905	0.5647058823529412	0.5647058823529412	0.5647058823529412
G	O2'_1	113.611	214.495	175.671	1.0	0.050980392156862744	0.050980392156862744
G	C1'_1	112.71	216.425	174.562	0.5647058823529412	0.5647058823529412	0.5647058823529412
G	N9_1	112.857	217.878	174.639	0.18823529411764706	0.3137254901960784	0.9725490196078431
G	C8_1	111.868	218.81	174.873	0.5647058823529412	0.5647058823529412	0.5647058823529412
G	N7_1	112.316	220.039	174.897	0.18823529411764706	0.3137254901960784	0.9725490196078431
G	C5_1	113.681	219.916	174.661	0.5647058823529412	0.5647058823529412	0.5647058823529412
G	C6_1	114.694	220.911	174.572	0.5647058823529412	0.5647058823529412	0.5647058823529412
G	O6_1	114.581	222.14	174.694	1.0	0.050980392156862744	0.050980392156862744
G	N1_1	115.945	220.347	174.315	0.18823529411764706	0.3137254901960784	0.9725490196078431
G	C2_1	116.193	219.003	174.165	0.5647058823529412	0.5647058823529412	0.5647058823529412
G	N2_1	117.465	218.66	173.919	0.18823529411764706	0.3137254901960784	0.9725490196078431
G	N3_1	115.259	218.065	174.25	0.18823529411764706	0.3137254901960784	0.9725490196078431
G	C4_1	114.034	218.589	174.497	0.5647058823529412	0.5647058823529412	0.5647058823529412
C	P_2	122.226	227.782	173.539	1.0	0.5019607843137255	0.0
C	OP1_2	123.309	228.356	172.689	1.0	0.050980392156862744	0.050980392156862744
C	OP2_2	120.829	228.264	173.376	1.0	0.050980392156862744	0.050980392156862744
C	O5'_2	122.224	226.198	173.351	1.0	0.050980392156862744	0.050980392156862744
C	C5'_2	123.442	225.427	173.462	0.5647058823529412	0.5647058823529412	0.5647058823529412
C	C4'_2	123.129	223.947	173.395	0.5647058823529412	0.5647058823529412	0.5647058823529412
C	O4'_2	122.287	223.587	174.525	1.0	0.050980392156862744	0.050980392156862744
C	C3'_2	122.335	223.488	172.176	0.5647058823529412	0.5647058823529412	0.5647058823529412
C	O3'_2	123.155	223.267	171.027	1.0	0.050980392156862744	0.050980392156862744
C	C2'_2	121.682	222.21	172.682	0.5647058823529412	0.5647058823529412	0.5647058823529412
C	O2'_2	122.569	221.107	172.688	1.0	0.050980392156862744	0.050980392156862744
C	C1'_2	121.344	222.603	174.124	0.5647058823529412	0.5647058823529412	0.5647058823529412
C	N1_2	119.979	223.156	174.286	0.18823529411764706	0.3137254901960784	0.9725490196078431
C	C2_2	118.894	222.265	174.431	0.5647058823529412	0.5647058823529412	0.5647058823529412
C	O2_2	119.109	221.037	174.41	1.0	0.050980392156862744	0.050980392156862744
C	N3_2	117.644	222.77	174.59	0.18823529411764706	0.3137254901960784	0.9725490196078431
C	C4_2	117.453	224.094	174.608	0.5647058823529412	0.5647058823529412	0.5647058823529412
C	N4_2	116.21	224.545	174.779	0.18823529411764706	0.3137254901960784	0.9725490196078431
C	C5_2	118.53	225.015	174.456	0.5647058823529412	0.5647058823529412	0.5647058823529412
C	C6_2	119.762	224.509	174.298	0.5647058823529412	0.5647058823529412	0.5647058823529412
