C	P_1	115.346	168.388	206.277	1.0	0.5019607843137255	0.0
C	OP1_1	114.361	167.281	206.428	1.0	0.050980392156862744	0.050980392156862744
C	OP2_1	115.257	169.571	207.176	1.0	0.050980392156862744	0.050980392156862744
C	O5'_1	116.816	167.773	206.376	1.0	0.050980392156862744	0.050980392156862744
C	C5'_1	117.264	166.764	205.438	0.5647058823529412	0.5647058823529412	0.5647058823529412
C	C4'_1	118.743	166.924	205.153	0.5647058823529412	0.5647058823529412	0.5647058823529412
C	O4'_1	118.987	168.256	204.629	1.0	0.050980392156862744	0.050980392156862744
C	C3'_1	119.682	166.812	206.345	0.5647058823529412	0.5647058823529412	0.5647058823529412
C	O3'_1	119.976	165.443	206.643	1.0	0.050980392156862744	0.050980392156862744
C	C2'_1	120.91	167.581	205.867	0.5647058823529412	0.5647058823529412	0.5647058823529412
C	O2'_1	121.74	166.827	205.012	1.0	0.050980392156862744	0.050980392156862744
C	C1'_1	120.267	168.703	205.048	0.5647058823529412	0.5647058823529412	0.5647058823529412
C	N1_1	120.125	169.983	205.773	0.18823529411764706	0.3137254901960784	0.9725490196078431
C	C2_1	121.177	170.92	205.702	0.5647058823529412	0.5647058823529412	0.5647058823529412
C	O2_1	122.191	170.642	205.033	1.0	0.050980392156862744	0.050980392156862744
C	N3_1	121.058	172.097	206.36	0.18823529411764706	0.3137254901960784	0.9725490196078431
C	C4_1	119.953	172.359	207.066	0.5647058823529412	0.5647058823529412	0.5647058823529412
C	N4_1	119.879	173.532	207.697	0.18823529411764706	0.3137254901960784	0.9725490196078431
C	C5_1	118.874	171.429	207.157	0.5647058823529412	0.5647058823529412	0.5647058823529412
C	C6_1	119.001	170.265	206.502	0.5647058823529412	0.5647058823529412	0.5647058823529412
G	P_2	127.541	174.379	212.407	1.0	0.5019607843137255	0.0
G	OP1_2	128.352	173.301	213.046	1.0	0.050980392156862744	0.050980392156862744
G	OP2_2	127.129	175.563	213.212	1.0	0.050980392156862744	0.050980392156862744
G	O5'_2	128.334	174.922	211.133	1.0	0.050980392156862744	0.050980392156862744
G	C5'_2	129.446	174.194	210.561	0.5647058823529412	0.5647058823529412	0.5647058823529412
G	C4'_2	129.694	174.67	209.148	0.5647058823529412	0.5647058823529412	0.5647058823529412
G	O4'_2	128.578	174.276	208.309	1.0	0.050980392156862744	0.050980392156862744
G	C3'_2	129.789	176.183	209.004	0.5647058823529412	0.5647058823529412	0.5647058823529412
G	O3'_2	131.131	176.626	209.217	1.0	0.050980392156862744	0.050980392156862744
G	C2'_2	129.33	176.418	207.566	0.5647058823529412	0.5647058823529412	0.5647058823529412
G	O2'_2	130.36	176.218	206.619	1.0	0.050980392156862744	0.050980392156862744
G	C1'_2	128.28	175.314	207.389	0.5647058823529412	0.5647058823529412	0.5647058823529412
G	N9_2	126.879	175.682	207.579	0.18823529411764706	0.3137254901960784	0.9725490196078431
G	C8_2	126.36	176.814	208.169	0.5647058823529412	0.5647058823529412	0.5647058823529412
G	N7_2	125.053	176.803	208.234	0.18823529411764706	0.3137254901960784	0.9725490196078431
G	C5_2	124.689	175.598	207.645	0.5647058823529412	0.5647058823529412	0.5647058823529412
G	C6_2	123.406	175.018	207.444	0.5647058823529412	0.5647058823529412	0.5647058823529412
G	O6_2	122.299	175.464	207.768	1.0	0.050980392156862744	0.050980392156862744
G	N1_2	123.497	173.787	206.799	0.18823529411764706	0.3137254901960784	0.9725490196078431
G	C2_2	124.667	173.186	206.403	0.5647058823529412	0.5647058823529412	0.5647058823529412
G	N2_2	124.55	172.0	205.79	0.18823529411764706	0.3137254901960784	0.9725490196078431
G	N3_2	125.867	173.709	206.593	0.18823529411764706	0.3137254901960784	0.9725490196078431
G	C4_2	125.804	174.907	207.216	0.5647058823529412	0.5647058823529412	0.5647058823529412
