G	P_1	208.239	275.066	215.163	1.0	0.5019607843137255	0.0
G	OP1_1	208.464	274.285	216.417	1.0	0.050980392156862744	0.050980392156862744
G	OP2_1	209.216	276.121	214.768	1.0	0.050980392156862744	0.050980392156862744
G	O5'_1	208.104	274.032	213.954	1.0	0.050980392156862744	0.050980392156862744
G	C5'_1	207.16	272.94	214.001	0.5647058823529412	0.5647058823529412	0.5647058823529412
G	C4'_1	207.125	272.239	212.663	0.5647058823529412	0.5647058823529412	0.5647058823529412
G	O4'_1	208.457	271.734	212.356	1.0	0.050980392156862744	0.050980392156862744
G	C3'_1	206.178	271.05	212.534	0.5647058823529412	0.5647058823529412	0.5647058823529412
G	O3'_1	205.667	271.03	211.196	1.0	0.050980392156862744	0.050980392156862744
G	C2'_1	207.108	269.856	212.779	0.5647058823529412	0.5647058823529412	0.5647058823529412
G	O2'_1	206.654	268.659	212.171	1.0	0.050980392156862744	0.050980392156862744
G	C1'_1	208.394	270.342	212.113	0.5647058823529412	0.5647058823529412	0.5647058823529412
G	N9_1	209.644	269.733	212.57	0.18823529411764706	0.3137254901960784	0.9725490196078431
G	C8_1	210.484	268.94	211.821	0.5647058823529412	0.5647058823529412	0.5647058823529412
G	N7_1	211.561	268.573	212.466	0.18823529411764706	0.3137254901960784	0.9725490196078431
G	C5_1	211.423	269.149	213.721	0.5647058823529412	0.5647058823529412	0.5647058823529412
G	C6_1	212.291	269.118	214.847	0.5647058823529412	0.5647058823529412	0.5647058823529412
G	O6_1	213.396	268.572	214.955	1.0	0.050980392156862744	0.050980392156862744
G	N1_1	211.76	269.825	215.921	0.18823529411764706	0.3137254901960784	0.9725490196078431
G	C2_1	210.557	270.491	215.913	0.5647058823529412	0.5647058823529412	0.5647058823529412
G	N2_1	210.218	271.112	217.055	0.18823529411764706	0.3137254901960784	0.9725490196078431
G	N3_1	209.745	270.543	214.865	0.18823529411764706	0.3137254901960784	0.9725490196078431
G	C4_1	210.237	269.855	213.812	0.5647058823529412	0.5647058823529412	0.5647058823529412
C	P_2	221.748	264.578	213.797	1.0	0.5019607843137255	0.0
C	OP1_2	222.764	263.5	213.609	1.0	0.050980392156862744	0.050980392156862744
C	OP2_2	220.365	264.377	213.287	1.0	0.050980392156862744	0.050980392156862744
C	O5'_2	221.654	264.932	215.353	1.0	0.050980392156862744	0.050980392156862744
C	C5'_2	222.848	265.115	216.147	0.5647058823529412	0.5647058823529412	0.5647058823529412
C	C4'_2	222.528	265.85	217.433	0.5647058823529412	0.5647058823529412	0.5647058823529412
C	O4'_2	221.917	267.132	217.12	1.0	0.050980392156862744	0.050980392156862744
C	C3'_2	221.53	265.2	218.382	0.5647058823529412	0.5647058823529412	0.5647058823529412
C	O3'_2	222.131	264.186	219.184	1.0	0.050980392156862744	0.050980392156862744
C	C2'_2	221.071	266.391	219.217	0.5647058823529412	0.5647058823529412	0.5647058823529412
C	O2'_2	222.0	266.775	220.209	1.0	0.050980392156862744	0.050980392156862744
C	C1'_2	221.005	267.487	218.152	0.5647058823529412	0.5647058823529412	0.5647058823529412
C	N1_2	219.652	267.618	217.577	0.18823529411764706	0.3137254901960784	0.9725490196078431
C	C2_2	218.732	268.466	218.211	0.5647058823529412	0.5647058823529412	0.5647058823529412
C	O2_2	219.093	269.115	219.21	1.0	0.050980392156862744	0.050980392156862744
C	N3_2	217.477	268.556	217.72	0.18823529411764706	0.3137254901960784	0.9725490196078431
C	C4_2	217.129	267.848	216.642	0.5647058823529412	0.5647058823529412	0.5647058823529412
C	N4_2	215.876	267.954	216.207	0.18823529411764706	0.3137254901960784	0.9725490196078431
C	C5_2	218.05	266.999	215.965	0.5647058823529412	0.5647058823529412	0.5647058823529412
C	C6_2	219.287	266.915	216.459	0.5647058823529412	0.5647058823529412	0.5647058823529412
