G	P_1	282.338	187.44	188.862	1.0	0.5019607843137255	0.0
G	OP1_1	281.509	186.351	189.45	1.0	0.050980392156862744	0.050980392156862744
G	OP2_1	283.763	187.583	189.267	1.0	0.050980392156862744	0.050980392156862744
G	O5'_1	282.294	187.302	187.274	1.0	0.050980392156862744	0.050980392156862744
G	C5'_1	281.049	187.08	186.583	0.5647058823529412	0.5647058823529412	0.5647058823529412
G	C4'_1	281.212	187.369	185.106	0.5647058823529412	0.5647058823529412	0.5647058823529412
G	O4'_1	281.576	188.766	184.927	1.0	0.050980392156862744	0.050980392156862744
G	C3'_1	282.32	186.606	184.394	0.5647058823529412	0.5647058823529412	0.5647058823529412
G	O3'_1	281.915	185.292	184.014	1.0	0.050980392156862744	0.050980392156862744
G	C2'_1	282.594	187.502	183.196	0.5647058823529412	0.5647058823529412	0.5647058823529412
G	O2'_1	281.618	187.375	182.184	1.0	0.050980392156862744	0.050980392156862744
G	C1'_1	282.48	188.888	183.836	0.5647058823529412	0.5647058823529412	0.5647058823529412
G	N9_1	283.771	189.333	184.356	0.18823529411764706	0.3137254901960784	0.9725490196078431
G	C8_1	284.216	189.244	185.657	0.5647058823529412	0.5647058823529412	0.5647058823529412
G	N7_1	285.438	189.681	185.814	0.18823529411764706	0.3137254901960784	0.9725490196078431
G	C5_1	285.825	190.093	184.545	0.5647058823529412	0.5647058823529412	0.5647058823529412
G	C6_1	287.054	190.642	184.093	0.5647058823529412	0.5647058823529412	0.5647058823529412
G	O6_1	288.079	190.874	184.75	1.0	0.050980392156862744	0.050980392156862744
G	N1_1	287.019	190.922	182.724	0.18823529411764706	0.3137254901960784	0.9725490196078431
G	C2_1	285.939	190.702	181.897	0.5647058823529412	0.5647058823529412	0.5647058823529412
G	N2_1	286.091	191.057	180.61	0.18823529411764706	0.3137254901960784	0.9725490196078431
G	N3_1	284.79	190.178	182.306	0.18823529411764706	0.3137254901960784	0.9725490196078431
G	C4_1	284.803	189.899	183.632	0.5647058823529412	0.5647058823529412	0.5647058823529412
C	P_2	295.613	196.325	180.583	1.0	0.5019607843137255	0.0
C	OP1_2	296.053	197.601	179.953	1.0	0.050980392156862744	0.050980392156862744
C	OP2_2	295.661	196.185	182.065	1.0	0.050980392156862744	0.050980392156862744
C	O5'_2	294.124	196.005	180.098	1.0	0.050980392156862744	0.050980392156862744
C	C5'_2	293.794	195.987	178.689	0.5647058823529412	0.5647058823529412	0.5647058823529412
C	C4'_2	292.34	195.608	178.478	0.5647058823529412	0.5647058823529412	0.5647058823529412
C	O4'_2	292.122	194.222	178.844	1.0	0.050980392156862744	0.050980392156862744
C	C3'_2	291.303	196.378	179.281	0.5647058823529412	0.5647058823529412	0.5647058823529412
C	O3'_2	291.032	197.646	178.678	1.0	0.050980392156862744	0.050980392156862744
C	C2'_2	290.103	195.435	179.242	0.5647058823529412	0.5647058823529412	0.5647058823529412
C	O2'_2	289.375	195.503	178.032	1.0	0.050980392156862744	0.050980392156862744
C	C1'_2	290.79	194.065	179.317	0.5647058823529412	0.5647058823529412	0.5647058823529412
C	N1_2	290.828	193.49	180.677	0.18823529411764706	0.3137254901960784	0.9725490196078431
C	C2_2	289.792	192.621	181.075	0.5647058823529412	0.5647058823529412	0.5647058823529412
C	O2_2	288.886	192.349	180.265	1.0	0.050980392156862744	0.050980392156862744
C	N3_2	289.81	192.106	182.327	0.18823529411764706	0.3137254901960784	0.9725490196078431
C	C4_2	290.803	192.419	183.167	0.5647058823529412	0.5647058823529412	0.5647058823529412
C	N4_2	290.773	191.895	184.394	0.18823529411764706	0.3137254901960784	0.9725490196078431
C	C5_2	291.871	193.287	182.787	0.5647058823529412	0.5647058823529412	0.5647058823529412
C	C6_2	291.845	193.795	181.545	0.5647058823529412	0.5647058823529412	0.5647058823529412
