G	P_1	250.913	246.893	181.892	1.0	0.5019607843137255	0.0
G	OP1_1	251.747	248.062	182.288	1.0	0.050980392156862744	0.050980392156862744
G	OP2_1	251.269	245.53	182.385	1.0	0.050980392156862744	0.050980392156862744
G	O5'_1	249.399	247.201	182.292	1.0	0.050980392156862744	0.050980392156862744
G	C5'_1	248.762	248.421	181.855	0.5647058823529412	0.5647058823529412	0.5647058823529412
G	C4'_1	247.306	248.444	182.266	0.5647058823529412	0.5647058823529412	0.5647058823529412
G	O4'_1	246.585	247.357	181.625	1.0	0.050980392156862744	0.050980392156862744
G	C3'_1	246.991	248.253	183.742	0.5647058823529412	0.5647058823529412	0.5647058823529412
G	O3'_1	247.217	249.446	184.497	1.0	0.050980392156862744	0.050980392156862744
G	C2'_1	245.515	247.871	183.69	0.5647058823529412	0.5647058823529412	0.5647058823529412
G	O2'_1	244.663	248.984	183.486	1.0	0.050980392156862744	0.050980392156862744
G	C1'_1	245.477	246.986	182.438	0.5647058823529412	0.5647058823529412	0.5647058823529412
G	N9_1	245.575	245.56	182.754	0.18823529411764706	0.3137254901960784	0.9725490196078431
G	C8_1	246.674	244.743	182.593	0.5647058823529412	0.5647058823529412	0.5647058823529412
G	N7_1	246.468	243.516	183.003	0.18823529411764706	0.3137254901960784	0.9725490196078431
G	C5_1	245.152	243.514	183.457	0.5647058823529412	0.5647058823529412	0.5647058823529412
G	C6_1	244.375	242.466	184.028	0.5647058823529412	0.5647058823529412	0.5647058823529412
G	O6_1	244.711	241.296	184.254	1.0	0.050980392156862744	0.050980392156862744
G	N1_1	243.086	242.896	184.344	0.18823529411764706	0.3137254901960784	0.9725490196078431
G	C2_1	242.607	244.17	184.142	0.5647058823529412	0.5647058823529412	0.5647058823529412
G	N2_1	241.333	244.386	184.509	0.18823529411764706	0.3137254901960784	0.9725490196078431
G	N3_1	243.323	245.159	183.616	0.18823529411764706	0.3137254901960784	0.9725490196078431
G	C4_1	244.577	244.764	183.299	0.5647058823529412	0.5647058823529412	0.5647058823529412
C	P_2	235.915	235.382	188.416	1.0	0.5019607843137255	0.0
C	OP1_2	234.589	234.721	188.592	1.0	0.050980392156862744	0.050980392156862744
C	OP2_2	236.941	234.755	187.539	1.0	0.050980392156862744	0.050980392156862744
C	O5'_2	235.66	236.873	187.924	1.0	0.050980392156862744	0.050980392156862744
C	C5'_2	235.904	237.256	186.563	0.5647058823529412	0.5647058823529412	0.5647058823529412
C	C4'_2	236.043	238.754	186.477	0.5647058823529412	0.5647058823529412	0.5647058823529412
C	O4'_2	237.175	239.183	187.281	1.0	0.050980392156862744	0.050980392156862744
C	C3'_2	236.327	239.321	185.099	0.5647058823529412	0.5647058823529412	0.5647058823529412
C	O3'_2	235.122	239.437	184.346	1.0	0.050980392156862744	0.050980392156862744
C	C2'_2	236.956	240.669	185.434	0.5647058823529412	0.5647058823529412	0.5647058823529412
C	O2'_2	236.001	241.644	185.799	1.0	0.050980392156862744	0.050980392156862744
C	C1'_2	237.791	240.309	186.668	0.5647058823529412	0.5647058823529412	0.5647058823529412
C	N1_2	239.201	239.978	186.365	0.18823529411764706	0.3137254901960784	0.9725490196078431
C	C2_2	240.105	241.026	186.079	0.5647058823529412	0.5647058823529412	0.5647058823529412
C	O2_2	239.701	242.203	186.111	1.0	0.050980392156862744	0.050980392156862744
C	N3_2	241.393	240.721	185.78	0.18823529411764706	0.3137254901960784	0.9725490196078431
C	C4_2	241.794	239.441	185.766	0.5647058823529412	0.5647058823529412	0.5647058823529412
C	N4_2	243.068	239.184	185.457	0.18823529411764706	0.3137254901960784	0.9725490196078431
C	C5_2	240.903	238.364	186.066	0.5647058823529412	0.5647058823529412	0.5647058823529412
C	C6_2	239.631	238.676	186.356	0.5647058823529412	0.5647058823529412	0.5647058823529412
