G	P_1	215.009	163.698	190.738	1.0	0.5019607843137255	0.0
G	OP1_1	214.417	162.334	190.665	1.0	0.050980392156862744	0.050980392156862744
G	OP2_1	214.339	164.748	191.555	1.0	0.050980392156862744	0.050980392156862744
G	O5'_1	216.516	163.561	191.236	1.0	0.050980392156862744	0.050980392156862744
G	C5'_1	217.448	162.732	190.52	0.5647058823529412	0.5647058823529412	0.5647058823529412
G	C4'_1	218.749	162.606	191.286	0.5647058823529412	0.5647058823529412	0.5647058823529412
G	O4'_1	219.422	163.898	191.329	1.0	0.050980392156862744	0.050980392156862744
G	C3'_1	218.64	162.13	192.732	0.5647058823529412	0.5647058823529412	0.5647058823529412
G	O3'_1	219.748	161.278	193.028	1.0	0.050980392156862744	0.050980392156862744
G	C2'_1	218.693	163.442	193.523	0.5647058823529412	0.5647058823529412	0.5647058823529412
G	O2'_1	219.185	163.281	194.841	1.0	0.050980392156862744	0.050980392156862744
G	C1'_1	219.652	164.282	192.674	0.5647058823529412	0.5647058823529412	0.5647058823529412
G	N9_1	219.435	165.727	192.773	0.18823529411764706	0.3137254901960784	0.9725490196078431
G	C8_1	218.31	166.422	192.379	0.5647058823529412	0.5647058823529412	0.5647058823529412
G	N7_1	218.411	167.715	192.565	0.18823529411764706	0.3137254901960784	0.9725490196078431
G	C5_1	219.676	167.891	193.121	0.5647058823529412	0.5647058823529412	0.5647058823529412
G	C6_1	220.354	169.091	193.529	0.5647058823529412	0.5647058823529412	0.5647058823529412
G	O6_1	219.956	170.268	193.465	1.0	0.050980392156862744	0.050980392156862744
G	N1_1	221.62	168.814	194.045	0.18823529411764706	0.3137254901960784	0.9725490196078431
G	C2_1	222.174	167.559	194.148	0.5647058823529412	0.5647058823529412	0.5647058823529412
G	N2_1	223.417	167.504	194.677	0.18823529411764706	0.3137254901960784	0.9725490196078431
G	N3_1	221.561	166.436	193.762	0.18823529411764706	0.3137254901960784	0.9725490196078431
G	C4_1	220.324	166.675	193.264	0.5647058823529412	0.5647058823529412	0.5647058823529412
C	P_2	227.716	177.077	195.593	1.0	0.5019607843137255	0.0
C	OP1_2	229.122	177.568	195.45	1.0	0.050980392156862744	0.050980392156862744
C	OP2_2	226.676	177.52	194.614	1.0	0.050980392156862744	0.050980392156862744
C	O5'_2	227.735	175.482	195.63	1.0	0.050980392156862744	0.050980392156862744
C	C5'_2	228.685	174.781	196.46	0.5647058823529412	0.5647058823529412	0.5647058823529412
C	C4'_2	228.496	173.284	196.346	0.5647058823529412	0.5647058823529412	0.5647058823529412
C	O4'_2	227.213	172.907	196.904	1.0	0.050980392156862744	0.050980392156862744
C	C3'_2	228.482	172.686	194.948	0.5647058823529412	0.5647058823529412	0.5647058823529412
C	O3'_2	229.814	172.519	194.452	1.0	0.050980392156862744	0.050980392156862744
C	C2'_2	227.778	171.355	195.187	0.5647058823529412	0.5647058823529412	0.5647058823529412
C	O2'_2	228.634	170.396	195.772	1.0	0.050980392156862744	0.050980392156862744
C	C1'_2	226.732	171.753	196.232	0.5647058823529412	0.5647058823529412	0.5647058823529412
C	N1_2	225.409	172.052	195.663	0.18823529411764706	0.3137254901960784	0.9725490196078431
C	C2_2	224.503	170.992	195.462	0.5647058823529412	0.5647058823529412	0.5647058823529412
C	O2_2	224.829	169.843	195.808	1.0	0.050980392156862744	0.050980392156862744
C	N3_2	223.298	171.254	194.901	0.18823529411764706	0.3137254901960784	0.9725490196078431
C	C4_2	222.979	172.51	194.552	0.5647058823529412	0.5647058823529412	0.5647058823529412
C	N4_2	221.791	172.72	193.966	0.18823529411764706	0.3137254901960784	0.9725490196078431
C	C5_2	223.87	173.607	194.776	0.5647058823529412	0.5647058823529412	0.5647058823529412
C	C6_2	225.063	173.334	195.325	0.5647058823529412	0.5647058823529412	0.5647058823529412
