C	P_1	161.717	127.09	272.931	1.0	0.5019607843137255	0.0
C	OP1_1	163.051	127.563	272.455	1.0	0.050980392156862744	0.050980392156862744
C	OP2_1	161.61	126.401	274.251	1.0	0.050980392156862744	0.050980392156862744
C	O5'_1	160.724	128.339	272.935	1.0	0.050980392156862744	0.050980392156862744
C	C5'_1	160.341	128.981	274.169	0.5647058823529412	0.5647058823529412	0.5647058823529412
C	C4'_1	158.834	129.067	274.264	0.5647058823529412	0.5647058823529412	0.5647058823529412
C	O4'_1	158.256	127.757	274.016	1.0	0.050980392156862744	0.050980392156862744
C	C3'_1	158.279	129.471	275.623	0.5647058823529412	0.5647058823529412	0.5647058823529412
C	O3'_1	158.291	130.892	275.786	1.0	0.050980392156862744	0.050980392156862744
C	C2'_1	156.863	128.898	275.588	0.5647058823529412	0.5647058823529412	0.5647058823529412
C	O2'_1	155.946	129.714	274.88	1.0	0.050980392156862744	0.050980392156862744
C	C1'_1	157.079	127.603	274.795	0.5647058823529412	0.5647058823529412	0.5647058823529412
C	N1_1	157.177	126.347	275.573	0.18823529411764706	0.3137254901960784	0.9725490196078431
C	C2_1	155.998	125.778	276.107	0.5647058823529412	0.5647058823529412	0.5647058823529412
C	O2_1	154.919	126.377	275.969	1.0	0.050980392156862744	0.050980392156862744
C	N3_1	156.077	124.592	276.757	0.18823529411764706	0.3137254901960784	0.9725490196078431
C	C4_1	157.261	123.981	276.895	0.5647058823529412	0.5647058823529412	0.5647058823529412
C	N4_1	157.283	122.799	277.517	0.18823529411764706	0.3137254901960784	0.9725490196078431
C	C5_1	158.471	124.551	276.396	0.5647058823529412	0.5647058823529412	0.5647058823529412
C	C6_1	158.385	125.723	275.752	0.5647058823529412	0.5647058823529412	0.5647058823529412
G	P_2	148.883	128.469	283.884	1.0	0.5019607843137255	0.0
G	OP1_2	148.786	128.441	285.368	1.0	0.050980392156862744	0.050980392156862744
G	OP2_2	148.564	127.235	283.105	1.0	0.050980392156862744	0.050980392156862744
G	O5'_2	147.962	129.666	283.347	1.0	0.050980392156862744	0.050980392156862744
G	C5'_2	147.406	129.662	281.997	0.5647058823529412	0.5647058823529412	0.5647058823529412
G	C4'_2	148.001	130.794	281.179	0.5647058823529412	0.5647058823529412	0.5647058823529412
G	O4'_2	149.442	130.805	281.374	1.0	0.050980392156862744	0.050980392156862744
G	C3'_2	147.776	130.738	279.665	0.5647058823529412	0.5647058823529412	0.5647058823529412
G	O3'_2	146.61	131.477	279.257	1.0	0.050980392156862744	0.050980392156862744
G	C2'_2	149.066	131.334	279.105	0.5647058823529412	0.5647058823529412	0.5647058823529412
G	O2'_2	149.075	132.748	279.109	1.0	0.050980392156862744	0.050980392156862744
G	C1'_2	150.096	130.834	280.12	0.5647058823529412	0.5647058823529412	0.5647058823529412
G	N9_2	150.645	129.504	279.859	0.18823529411764706	0.3137254901960784	0.9725490196078431
G	C8_2	150.162	128.294	280.309	0.5647058823529412	0.5647058823529412	0.5647058823529412
G	N7_2	150.895	127.278	279.941	0.18823529411764706	0.3137254901960784	0.9725490196078431
G	C5_2	151.92	127.847	279.196	0.5647058823529412	0.5647058823529412	0.5647058823529412
G	C6_2	153.03	127.241	278.539	0.5647058823529412	0.5647058823529412	0.5647058823529412
G	O6_2	153.338	126.042	278.491	1.0	0.050980392156862744	0.050980392156862744
G	N1_2	153.822	128.19	277.895	0.18823529411764706	0.3137254901960784	0.9725490196078431
G	C2_2	153.582	129.545	277.881	0.5647058823529412	0.5647058823529412	0.5647058823529412
G	N2_2	154.456	130.298	277.196	0.18823529411764706	0.3137254901960784	0.9725490196078431
G	N3_2	152.557	130.122	278.493	0.18823529411764706	0.3137254901960784	0.9725490196078431
G	C4_2	151.774	129.22	279.127	0.5647058823529412	0.5647058823529412	0.5647058823529412
