C	P_1	113.018	183.646	204.639	1.0	0.5019607843137255	0.0
C	OP1_1	111.856	183.79	205.559	1.0	0.050980392156862744	0.050980392156862744
C	OP2_1	114.345	183.251	205.184	1.0	0.050980392156862744	0.050980392156862744
C	O5'_1	112.622	182.607	203.5	1.0	0.050980392156862744	0.050980392156862744
C	C5'_1	111.424	182.785	202.714	0.5647058823529412	0.5647058823529412	0.5647058823529412
C	C4'_1	111.397	181.792	201.576	0.5647058823529412	0.5647058823529412	0.5647058823529412
C	O4'_1	112.485	182.078	200.662	1.0	0.050980392156862744	0.050980392156862744
C	C3'_1	111.601	180.34	201.984	0.5647058823529412	0.5647058823529412	0.5647058823529412
C	O3'_1	110.372	179.745	202.401	1.0	0.050980392156862744	0.050980392156862744
C	C2'_1	112.172	179.717	200.716	0.5647058823529412	0.5647058823529412	0.5647058823529412
C	O2'_1	111.182	179.414	199.756	1.0	0.050980392156862744	0.050980392156862744
C	C1'_1	113.038	180.862	200.183	0.5647058823529412	0.5647058823529412	0.5647058823529412
C	N1_1	114.462	180.811	200.575	0.18823529411764706	0.3137254901960784	0.9725490196078431
C	C2_1	115.35	179.989	199.847	0.5647058823529412	0.5647058823529412	0.5647058823529412
C	O2_1	114.906	179.276	198.926	1.0	0.050980392156862744	0.050980392156862744
C	N3_1	116.665	179.996	200.173	0.18823529411764706	0.3137254901960784	0.9725490196078431
C	C4_1	117.104	180.767	201.179	0.5647058823529412	0.5647058823529412	0.5647058823529412
C	N4_1	118.41	180.759	201.451	0.18823529411764706	0.3137254901960784	0.9725490196078431
C	C5_1	116.223	181.584	201.949	0.5647058823529412	0.5647058823529412	0.5647058823529412
C	C6_1	114.925	181.572	201.618	0.5647058823529412	0.5647058823529412	0.5647058823529412
G	P_2	125.844	175.465	194.618	1.0	0.5019607843137255	0.0
G	OP1_2	126.579	175.03	193.39	1.0	0.050980392156862744	0.050980392156862744
G	OP2_2	126.072	176.831	195.163	1.0	0.050980392156862744	0.050980392156862744
G	O5'_2	124.277	175.275	194.365	1.0	0.050980392156862744	0.050980392156862744
G	C5'_2	123.763	174.074	193.738	0.5647058823529412	0.5647058823529412	0.5647058823529412
G	C4'_2	122.246	174.049	193.794	0.5647058823529412	0.5647058823529412	0.5647058823529412
G	O4'_2	121.803	173.981	195.176	1.0	0.050980392156862744	0.050980392156862744
G	C3'_2	121.517	175.262	193.226	0.5647058823529412	0.5647058823529412	0.5647058823529412
G	O3'_2	121.385	175.175	191.802	1.0	0.050980392156862744	0.050980392156862744
G	C2'_2	120.163	175.19	193.928	0.5647058823529412	0.5647058823529412	0.5647058823529412
G	O2'_2	119.272	174.273	193.321	1.0	0.050980392156862744	0.050980392156862744
G	C1'_2	120.562	174.662	195.311	0.5647058823529412	0.5647058823529412	0.5647058823529412
G	N9_2	120.703	175.696	196.333	0.18823529411764706	0.3137254901960784	0.9725490196078431
G	C8_2	121.875	176.203	196.85	0.5647058823529412	0.5647058823529412	0.5647058823529412
G	N7_2	121.682	177.111	197.768	0.18823529411764706	0.3137254901960784	0.9725490196078431
G	C5_2	120.301	177.215	197.864	0.5647058823529412	0.5647058823529412	0.5647058823529412
G	C6_2	119.499	178.04	198.694	0.5647058823529412	0.5647058823529412	0.5647058823529412
G	O6_2	119.865	178.87	199.536	1.0	0.050980392156862744	0.050980392156862744
G	N1_2	118.14	177.83	198.468	0.18823529411764706	0.3137254901960784	0.9725490196078431
G	C2_2	117.618	176.941	197.559	0.5647058823529412	0.5647058823529412	0.5647058823529412
G	N2_2	116.276	176.891	197.486	0.18823529411764706	0.3137254901960784	0.9725490196078431
G	N3_2	118.356	176.162	196.778	0.18823529411764706	0.3137254901960784	0.9725490196078431
G	C4_2	119.68	176.351	196.982	0.5647058823529412	0.5647058823529412	0.5647058823529412
