C	P_1	273.983	229.668	199.938	1.0	0.5019607843137255	0.0
C	OP1_1	274.109	230.868	200.814	1.0	0.050980392156862744	0.050980392156862744
C	OP2_1	273.087	228.552	200.345	1.0	0.050980392156862744	0.050980392156862744
C	O5'_1	273.548	230.16	198.487	1.0	0.050980392156862744	0.050980392156862744
C	C5'_1	274.306	231.174	197.796	0.5647058823529412	0.5647058823529412	0.5647058823529412
C	C4'_1	273.716	231.438	196.43	0.5647058823529412	0.5647058823529412	0.5647058823529412
C	O4'_1	273.939	230.298	195.56	1.0	0.050980392156862744	0.050980392156862744
C	C3'_1	272.213	231.665	196.368	0.5647058823529412	0.5647058823529412	0.5647058823529412
C	O3'_1	271.864	232.995	196.75	1.0	0.050980392156862744	0.050980392156862744
C	C2'_1	271.909	231.371	194.903	0.5647058823529412	0.5647058823529412	0.5647058823529412
C	O2'_1	272.231	232.453	194.05	1.0	0.050980392156862744	0.050980392156862744
C	C1'_1	272.868	230.204	194.628	0.5647058823529412	0.5647058823529412	0.5647058823529412
C	N1_1	272.239	228.871	194.747	0.18823529411764706	0.3137254901960784	0.9725490196078431
C	C2_1	271.719	228.259	193.587	0.5647058823529412	0.5647058823529412	0.5647058823529412
C	O2_1	271.814	228.849	192.494	1.0	0.050980392156862744	0.050980392156862744
C	N3_1	271.131	227.041	193.69	0.18823529411764706	0.3137254901960784	0.9725490196078431
C	C4_1	271.052	226.434	194.88	0.5647058823529412	0.5647058823529412	0.5647058823529412
C	N4_1	270.46	225.239	194.931	0.18823529411764706	0.3137254901960784	0.9725490196078431
C	C5_1	271.576	227.028	196.07	0.5647058823529412	0.5647058823529412	0.5647058823529412
C	C6_1	272.154	228.234	195.959	0.5647058823529412	0.5647058823529412	0.5647058823529412
G	P_2	265.186	220.45	186.107	1.0	0.5019607843137255	0.0
G	OP1_2	265.194	219.944	184.703	1.0	0.050980392156862744	0.050980392156862744
G	OP2_2	265.862	219.664	187.178	1.0	0.050980392156862744	0.050980392156862744
G	O5'_2	265.801	221.917	186.103	1.0	0.050980392156862744	0.050980392156862744
G	C5'_2	265.426	222.868	185.09	0.5647058823529412	0.5647058823529412	0.5647058823529412
G	C4'_2	266.244	224.127	185.236	0.5647058823529412	0.5647058823529412	0.5647058823529412
G	O4'_2	265.881	224.802	186.47	1.0	0.050980392156862744	0.050980392156862744
G	C3'_2	267.743	223.903	185.358	0.5647058823529412	0.5647058823529412	0.5647058823529412
G	O3'_2	268.353	223.723	184.084	1.0	0.050980392156862744	0.050980392156862744
G	C2'_2	268.2	225.165	186.075	0.5647058823529412	0.5647058823529412	0.5647058823529412
G	O2'_2	268.305	226.273	185.202	1.0	0.050980392156862744	0.050980392156862744
G	C1'_2	267.037	225.39	187.048	0.5647058823529412	0.5647058823529412	0.5647058823529412
G	N9_2	267.255	224.788	188.362	0.18823529411764706	0.3137254901960784	0.9725490196078431
G	C8_2	266.824	223.553	188.796	0.5647058823529412	0.5647058823529412	0.5647058823529412
G	N7_2	267.196	223.279	190.019	0.18823529411764706	0.3137254901960784	0.9725490196078431
G	C5_2	267.912	224.399	190.422	0.5647058823529412	0.5647058823529412	0.5647058823529412
G	C6_2	268.573	224.68	191.658	0.5647058823529412	0.5647058823529412	0.5647058823529412
G	O6_2	268.664	223.965	192.669	1.0	0.050980392156862744	0.050980392156862744
G	N1_2	269.175	225.939	191.641	0.18823529411764706	0.3137254901960784	0.9725490196078431
G	C2_2	269.15	226.814	190.575	0.5647058823529412	0.5647058823529412	0.5647058823529412
G	N2_2	269.796	227.98	190.752	0.18823529411764706	0.3137254901960784	0.9725490196078431
G	N3_2	268.54	226.563	189.42	0.18823529411764706	0.3137254901960784	0.9725490196078431
G	C4_2	267.949	225.346	189.414	0.5647058823529412	0.5647058823529412	0.5647058823529412
