G	P_1	191.508	311.505	196.074	1.0	0.5019607843137255	0.0
G	OP1_1	190.863	312.779	195.643	1.0	0.050980392156862744	0.050980392156862744
G	OP2_1	192.693	310.996	195.328	1.0	0.050980392156862744	0.050980392156862744
G	O5'_1	191.903	311.634	197.614	1.0	0.050980392156862744	0.050980392156862744
G	C5'_1	190.913	312.004	198.6	0.5647058823529412	0.5647058823529412	0.5647058823529412
G	C4'_1	191.519	312.013	199.987	0.5647058823529412	0.5647058823529412	0.5647058823529412
G	O4'_1	191.825	310.659	200.414	1.0	0.050980392156862744	0.050980392156862744
G	C3'_1	192.84	312.747	200.151	0.5647058823529412	0.5647058823529412	0.5647058823529412
G	O3'_1	192.667	314.161	200.225	1.0	0.050980392156862744	0.050980392156862744
G	C2'_1	193.381	312.142	201.442	0.5647058823529412	0.5647058823529412	0.5647058823529412
G	O2'_1	192.79	312.681	202.607	1.0	0.050980392156862744	0.050980392156862744
G	C1'_1	192.946	310.682	201.289	0.5647058823529412	0.5647058823529412	0.5647058823529412
G	N9_1	193.998	309.841	200.726	0.18823529411764706	0.3137254901960784	0.9725490196078431
G	C8_1	194.158	309.469	199.41	0.5647058823529412	0.5647058823529412	0.5647058823529412
G	N7_1	195.213	308.726	199.211	0.18823529411764706	0.3137254901960784	0.9725490196078431
G	C5_1	195.784	308.595	200.473	0.5647058823529412	0.5647058823529412	0.5647058823529412
G	C6_1	196.954	307.897	200.888	0.5647058823529412	0.5647058823529412	0.5647058823529412
G	O6_1	197.742	307.236	200.199	1.0	0.050980392156862744	0.050980392156862744
G	N1_1	197.167	308.024	202.259	0.18823529411764706	0.3137254901960784	0.9725490196078431
G	C2_1	196.363	308.729	203.122	0.5647058823529412	0.5647058823529412	0.5647058823529412
G	N2_1	196.739	308.731	204.414	0.18823529411764706	0.3137254901960784	0.9725490196078431
G	N3_1	195.271	309.383	202.749	0.18823529411764706	0.3137254901960784	0.9725490196078431
G	C4_1	195.044	309.274	201.419	0.5647058823529412	0.5647058823529412	0.5647058823529412
C	P_2	205.032	302.251	205.567	1.0	0.5019607843137255	0.0
C	OP1_2	205.559	301.287	206.576	1.0	0.050980392156862744	0.050980392156862744
C	OP2_2	204.487	301.742	204.283	1.0	0.050980392156862744	0.050980392156862744
C	O5'_2	203.897	303.136	206.25	1.0	0.050980392156862744	0.050980392156862744
C	C5'_2	204.111	303.739	207.538	0.5647058823529412	0.5647058823529412	0.5647058823529412
C	C4'_2	202.976	304.676	207.871	0.5647058823529412	0.5647058823529412	0.5647058823529412
C	O4'_2	202.98	305.79	206.94	1.0	0.050980392156862744	0.050980392156862744
C	C3'_2	201.569	304.105	207.763	0.5647058823529412	0.5647058823529412	0.5647058823529412
C	O3'_2	201.219	303.342	208.926	1.0	0.050980392156862744	0.050980392156862744
C	C2'_2	200.733	305.371	207.605	0.5647058823529412	0.5647058823529412	0.5647058823529412
C	O2'_2	200.524	306.042	208.83	1.0	0.050980392156862744	0.050980392156862744
C	C1'_2	201.648	306.232	206.728	0.5647058823529412	0.5647058823529412	0.5647058823529412
C	N1_2	201.337	306.15	205.287	0.18823529411764706	0.3137254901960784	0.9725490196078431
C	C2_2	200.33	306.981	204.768	0.5647058823529412	0.5647058823529412	0.5647058823529412
C	O2_2	199.752	307.781	205.526	1.0	0.050980392156862744	0.050980392156862744
C	N3_2	200.016	306.89	203.454	0.18823529411764706	0.3137254901960784	0.9725490196078431
C	C4_2	200.665	306.023	202.669	0.5647058823529412	0.5647058823529412	0.5647058823529412
C	N4_2	200.308	305.958	201.386	0.18823529411764706	0.3137254901960784	0.9725490196078431
C	C5_2	201.703	305.182	203.167	0.5647058823529412	0.5647058823529412	0.5647058823529412
C	C6_2	202.003	305.278	204.467	0.5647058823529412	0.5647058823529412	0.5647058823529412
