C	P_1	115.504	206.233	173.669	1.0	0.5019607843137255	0.0
C	OP1_1	116.424	207.248	173.085	1.0	0.050980392156862744	0.050980392156862744
C	OP2_1	114.335	205.764	172.882	1.0	0.050980392156862744	0.050980392156862744
C	O5'_1	116.366	204.961	174.09	1.0	0.050980392156862744	0.050980392156862744
C	C5'_1	117.627	205.1	174.785	0.5647058823529412	0.5647058823529412	0.5647058823529412
C	C4'_1	118.393	203.797	174.728	0.5647058823529412	0.5647058823529412	0.5647058823529412
C	O4'_1	117.631	202.768	175.415	1.0	0.050980392156862744	0.050980392156862744
C	C3'_1	118.61	203.241	173.327	0.5647058823529412	0.5647058823529412	0.5647058823529412
C	O3'_1	119.755	203.814	172.703	1.0	0.050980392156862744	0.050980392156862744
C	C2'_1	118.757	201.747	173.585	0.5647058823529412	0.5647058823529412	0.5647058823529412
C	O2'_1	120.036	201.39	174.06	1.0	0.050980392156862744	0.050980392156862744
C	C1'_1	117.736	201.54	174.706	0.5647058823529412	0.5647058823529412	0.5647058823529412
C	N1_1	116.39	201.164	174.218	0.18823529411764706	0.3137254901960784	0.9725490196078431
C	C2_1	116.18	199.862	173.731	0.5647058823529412	0.5647058823529412	0.5647058823529412
C	O2_1	117.135	199.064	173.707	1.0	0.050980392156862744	0.050980392156862744
C	N3_1	114.943	199.514	173.3	0.18823529411764706	0.3137254901960784	0.9725490196078431
C	C4_1	113.944	200.404	173.342	0.5647058823529412	0.5647058823529412	0.5647058823529412
C	N4_1	112.741	200.018	172.92	0.18823529411764706	0.3137254901960784	0.9725490196078431
C	C5_1	114.134	201.73	173.822	0.5647058823529412	0.5647058823529412	0.5647058823529412
C	C6_1	115.356	202.064	174.244	0.5647058823529412	0.5647058823529412	0.5647058823529412
G	P_2	110.816	189.26	169.269	1.0	0.5019607843137255	0.0
G	OP1_2	110.825	187.782	169.467	1.0	0.050980392156862744	0.050980392156862744
G	OP2_2	109.78	190.084	169.949	1.0	0.050980392156862744	0.050980392156862744
G	O5'_2	112.259	189.824	169.666	1.0	0.050980392156862744	0.050980392156862744
G	C5'_2	113.463	189.197	169.16	0.5647058823529412	0.5647058823529412	0.5647058823529412
G	C4'_2	114.675	190.073	169.41	0.5647058823529412	0.5647058823529412	0.5647058823529412
G	O4'_2	114.484	191.373	168.784	1.0	0.050980392156862744	0.050980392156862744
G	C3'_2	115.005	190.411	170.859	0.5647058823529412	0.5647058823529412	0.5647058823529412
G	O3'_2	115.732	189.361	171.496	1.0	0.050980392156862744	0.050980392156862744
G	C2'_2	115.86	191.665	170.709	0.5647058823529412	0.5647058823529412	0.5647058823529412
G	O2'_2	117.197	191.383	170.35	1.0	0.050980392156862744	0.050980392156862744
G	C1'_2	115.159	192.368	169.543	0.5647058823529412	0.5647058823529412	0.5647058823529412
G	N9_2	114.184	193.367	169.982	0.18823529411764706	0.3137254901960784	0.9725490196078431
G	C8_2	112.816	193.338	169.81	0.5647058823529412	0.5647058823529412	0.5647058823529412
G	N7_2	112.214	194.39	170.302	0.18823529411764706	0.3137254901960784	0.9725490196078431
G	C5_2	113.242	195.159	170.835	0.5647058823529412	0.5647058823529412	0.5647058823529412
G	C6_2	113.2	196.413	171.5	0.5647058823529412	0.5647058823529412	0.5647058823529412
G	O6_2	112.212	197.114	171.76	1.0	0.050980392156862744	0.050980392156862744
G	N1_2	114.474	196.838	171.874	0.18823529411764706	0.3137254901960784	0.9725490196078431
G	C2_2	115.639	196.15	171.637	0.5647058823529412	0.5647058823529412	0.5647058823529412
G	N2_2	116.772	196.735	172.057	0.18823529411764706	0.3137254901960784	0.9725490196078431
G	N3_2	115.692	194.974	171.024	0.18823529411764706	0.3137254901960784	0.9725490196078431
G	C4_2	114.464	194.543	170.649	0.5647058823529412	0.5647058823529412	0.5647058823529412
