G	P_1	255.471	194.593	219.077	1.0	0.5019607843137255	0.0
G	OP1_1	255.012	193.169	219.157	1.0	0.050980392156862744	0.050980392156862744
G	OP2_1	256.478	195.097	220.057	1.0	0.050980392156862744	0.050980392156862744
G	O5'_1	256.013	194.86	217.602	1.0	0.050980392156862744	0.050980392156862744
G	C5'_1	257.401	194.718	217.285	0.5647058823529412	0.5647058823529412	0.5647058823529412
G	C4'_1	257.812	195.781	216.297	0.5647058823529412	0.5647058823529412	0.5647058823529412
G	O4'_1	257.622	197.101	216.876	1.0	0.050980392156862744	0.050980392156862744
G	C3'_1	259.278	195.75	215.906	0.5647058823529412	0.5647058823529412	0.5647058823529412
G	O3'_1	259.449	194.8	214.856	1.0	0.050980392156862744	0.050980392156862744
G	C2'_1	259.538	197.185	215.445	0.5647058823529412	0.5647058823529412	0.5647058823529412
G	O2'_1	259.154	197.415	214.104	1.0	0.050980392156862744	0.050980392156862744
G	C1'_1	258.612	197.987	216.37	0.5647058823529412	0.5647058823529412	0.5647058823529412
G	N9_1	259.249	198.675	217.493	0.18823529411764706	0.3137254901960784	0.9725490196078431
G	C8_1	259.041	198.428	218.832	0.5647058823529412	0.5647058823529412	0.5647058823529412
G	N7_1	259.73	199.214	219.615	0.18823529411764706	0.3137254901960784	0.9725490196078431
G	C5_1	260.443	200.03	218.746	0.5647058823529412	0.5647058823529412	0.5647058823529412
G	C6_1	261.371	201.077	219.02	0.5647058823529412	0.5647058823529412	0.5647058823529412
G	O6_1	261.756	201.497	220.121	1.0	0.050980392156862744	0.050980392156862744
G	N1_1	261.867	201.643	217.847	0.18823529411764706	0.3137254901960784	0.9725490196078431
G	C2_1	261.522	201.252	216.575	0.5647058823529412	0.5647058823529412	0.5647058823529412
G	N2_1	262.115	201.921	215.573	0.18823529411764706	0.3137254901960784	0.9725490196078431
G	N3_1	260.659	200.274	216.304	0.18823529411764706	0.3137254901960784	0.9725490196078431
G	C4_1	260.162	199.711	217.429	0.5647058823529412	0.5647058823529412	0.5647058823529412
C	P_2	267.378	209.739	219.936	1.0	0.5019607843137255	0.0
C	OP1_2	267.93	211.099	219.6	1.0	0.050980392156862744	0.050980392156862744
C	OP2_2	266.279	209.613	220.951	1.0	0.050980392156862744	0.050980392156862744
C	O5'_2	266.874	209.08	218.576	1.0	0.050980392156862744	0.050980392156862744
C	C5'_2	267.703	209.079	217.394	0.5647058823529412	0.5647058823529412	0.5647058823529412
C	C4'_2	267.103	208.173	216.343	0.5647058823529412	0.5647058823529412	0.5647058823529412
C	O4'_2	267.2	206.789	216.777	1.0	0.050980392156862744	0.050980392156862744
C	C3'_2	265.621	208.379	216.062	0.5647058823529412	0.5647058823529412	0.5647058823529412
C	O3'_2	265.408	209.444	215.141	1.0	0.050980392156862744	0.050980392156862744
C	C2'_2	265.206	207.031	215.487	0.5647058823529412	0.5647058823529412	0.5647058823529412
C	O2'_2	265.562	206.907	214.127	1.0	0.050980392156862744	0.050980392156862744
C	C1'_2	266.063	206.066	216.319	0.5647058823529412	0.5647058823529412	0.5647058823529412
C	N1_2	265.362	205.485	217.49	0.18823529411764706	0.3137254901960784	0.9725490196078431
C	C2_2	264.453	204.408	217.294	0.5647058823529412	0.5647058823529412	0.5647058823529412
C	O2_2	264.274	203.963	216.141	1.0	0.050980392156862744	0.050980392156862744
C	N3_2	263.801	203.89	218.368	0.18823529411764706	0.3137254901960784	0.9725490196078431
C	C4_2	264.023	204.394	219.589	0.5647058823529412	0.5647058823529412	0.5647058823529412
C	N4_2	263.354	203.865	220.615	0.18823529411764706	0.3137254901960784	0.9725490196078431
C	C5_2	264.941	205.469	219.814	0.5647058823529412	0.5647058823529412	0.5647058823529412
C	C6_2	265.58	205.978	218.749	0.5647058823529412	0.5647058823529412	0.5647058823529412
