G	P_1	210.534	259.775	210.48	1.0	0.5019607843137255	0.0
G	OP1_1	210.452	258.906	209.273	1.0	0.050980392156862744	0.050980392156862744
G	OP2_1	211.753	260.596	210.713	1.0	0.050980392156862744	0.050980392156862744
G	O5'_1	209.279	260.758	210.466	1.0	0.050980392156862744	0.050980392156862744
G	C5'_1	209.213	261.88	209.566	0.5647058823529412	0.5647058823529412	0.5647058823529412
G	C4'_1	208.445	263.013	210.209	0.5647058823529412	0.5647058823529412	0.5647058823529412
G	O4'_1	209.149	263.467	211.399	1.0	0.050980392156862744	0.050980392156862744
G	C3'_1	208.237	264.257	209.35	0.5647058823529412	0.5647058823529412	0.5647058823529412
G	O3'_1	206.991	264.869	209.722	1.0	0.050980392156862744	0.050980392156862744
G	C2'_1	209.417	265.14	209.766	0.5647058823529412	0.5647058823529412	0.5647058823529412
G	O2'_1	209.195	266.522	209.554	1.0	0.050980392156862744	0.050980392156862744
G	C1'_1	209.504	264.831	211.26	0.5647058823529412	0.5647058823529412	0.5647058823529412
G	N9_1	210.804	265.016	211.905	0.18823529411764706	0.3137254901960784	0.9725490196078431
G	C8_1	212.062	264.77	211.389	0.5647058823529412	0.5647058823529412	0.5647058823529412
G	N7_1	213.02	264.955	212.263	0.18823529411764706	0.3137254901960784	0.9725490196078431
G	C5_1	212.359	265.364	213.415	0.5647058823529412	0.5647058823529412	0.5647058823529412
G	C6_1	212.866	265.689	214.701	0.5647058823529412	0.5647058823529412	0.5647058823529412
G	O6_1	214.04	265.663	215.098	1.0	0.050980392156862744	0.050980392156862744
G	N1_1	211.846	266.065	215.571	0.18823529411764706	0.3137254901960784	0.9725490196078431
G	C2_1	210.508	266.115	215.25	0.5647058823529412	0.5647058823529412	0.5647058823529412
G	N2_1	209.676	266.519	216.224	0.18823529411764706	0.3137254901960784	0.9725490196078431
G	N3_1	210.022	265.797	214.064	0.18823529411764706	0.3137254901960784	0.9725490196078431
G	C4_1	210.995	265.433	213.201	0.5647058823529412	0.5647058823529412	0.5647058823529412
C	P_2	221.213	263.036	219.839	1.0	0.5019607843137255	0.0
C	OP1_2	222.125	262.026	220.455	1.0	0.050980392156862744	0.050980392156862744
C	OP2_2	220.221	262.601	218.822	1.0	0.050980392156862744	0.050980392156862744
C	O5'_2	220.419	263.779	221.007	1.0	0.050980392156862744	0.050980392156862744
C	C5'_2	221.117	264.396	222.107	0.5647058823529412	0.5647058823529412	0.5647058823529412
C	C4'_2	220.157	265.215	222.942	0.5647058823529412	0.5647058823529412	0.5647058823529412
C	O4'_2	219.547	266.233	222.104	1.0	0.050980392156862744	0.050980392156862744
C	C3'_2	218.973	264.469	223.545	0.5647058823529412	0.5647058823529412	0.5647058823529412
C	O3'_2	219.333	263.823	224.769	1.0	0.050980392156862744	0.050980392156862744
C	C2'_2	217.963	265.589	223.768	0.5647058823529412	0.5647058823529412	0.5647058823529412
C	O2'_2	218.214	266.339	224.939	1.0	0.050980392156862744	0.050980392156862744
C	C1'_2	218.22	266.477	222.548	0.5647058823529412	0.5647058823529412	0.5647058823529412
C	N1_2	217.282	266.264	221.425	0.18823529411764706	0.3137254901960784	0.9725490196078431
C	C2_2	215.989	266.824	221.507	0.5647058823529412	0.5647058823529412	0.5647058823529412
C	O2_2	215.674	267.48	222.518	1.0	0.050980392156862744	0.050980392156862744
C	N3_2	215.125	266.633	220.484	0.18823529411764706	0.3137254901960784	0.9725490196078431
C	C4_2	215.502	265.927	219.411	0.5647058823529412	0.5647058823529412	0.5647058823529412
C	N4_2	214.617	265.77	218.429	0.18823529411764706	0.3137254901960784	0.9725490196078431
C	C5_2	216.804	265.352	219.3	0.5647058823529412	0.5647058823529412	0.5647058823529412
C	C6_2	217.652	265.542	220.32	0.5647058823529412	0.5647058823529412	0.5647058823529412
