G	P_1	58.112	187.275	220.166	1.0	0.5019607843137255	0.0
G	OP1_1	57.106	187.888	221.079	1.0	0.050980392156862744	0.050980392156862744
G	OP2_1	58.366	187.888	218.834	1.0	0.050980392156862744	0.050980392156862744
G	O5'_1	59.496	187.179	220.953	1.0	0.050980392156862744	0.050980392156862744
G	C5'_1	59.579	186.484	222.215	0.5647058823529412	0.5647058823529412	0.5647058823529412
G	C4'_1	61.022	186.334	222.645	0.5647058823529412	0.5647058823529412	0.5647058823529412
G	O4'_1	61.731	185.468	221.721	1.0	0.050980392156862744	0.050980392156862744
G	C3'_1	61.854	187.608	222.679	0.5647058823529412	0.5647058823529412	0.5647058823529412
G	O3'_1	61.62	188.349	223.881	1.0	0.050980392156862744	0.050980392156862744
G	C2'_1	63.278	187.064	222.593	0.5647058823529412	0.5647058823529412	0.5647058823529412
G	O2'_1	63.775	186.601	223.832	1.0	0.050980392156862744	0.050980392156862744
G	C1'_1	63.091	185.868	221.652	0.5647058823529412	0.5647058823529412	0.5647058823529412
G	N9_1	63.426	186.15	220.259	0.18823529411764706	0.3137254901960784	0.9725490196078431
G	C8_1	62.55	186.392	219.226	0.5647058823529412	0.5647058823529412	0.5647058823529412
G	N7_1	63.148	186.594	218.083	0.18823529411764706	0.3137254901960784	0.9725490196078431
G	C5_1	64.502	186.482	218.375	0.5647058823529412	0.5647058823529412	0.5647058823529412
G	C6_1	65.638	186.598	217.529	0.5647058823529412	0.5647058823529412	0.5647058823529412
G	O6_1	65.672	186.827	216.313	1.0	0.050980392156862744	0.050980392156862744
G	N1_1	66.826	186.416	218.237	0.18823529411764706	0.3137254901960784	0.9725490196078431
G	C2_1	66.914	186.156	219.582	0.5647058823529412	0.5647058823529412	0.5647058823529412
G	N2_1	68.154	186.013	220.074	0.18823529411764706	0.3137254901960784	0.9725490196078431
G	N3_1	65.861	186.044	220.384	0.18823529411764706	0.3137254901960784	0.9725490196078431
G	C4_1	64.695	186.216	219.716	0.5647058823529412	0.5647058823529412	0.5647058823529412
C	P_2	75.793	184.21	213.208	1.0	0.5019607843137255	0.0
C	OP1_2	77.046	183.425	213.415	1.0	0.050980392156862744	0.050980392156862744
C	OP2_2	74.672	183.608	212.439	1.0	0.050980392156862744	0.050980392156862744
C	O5'_2	75.237	184.665	214.634	1.0	0.050980392156862744	0.050980392156862744
C	C5'_2	76.123	185.212	215.635	0.5647058823529412	0.5647058823529412	0.5647058823529412
C	C4'_2	75.42	185.304	216.971	0.5647058823529412	0.5647058823529412	0.5647058823529412
C	O4'_2	74.447	186.381	216.955	1.0	0.050980392156862744	0.050980392156862744
C	C3'_2	74.625	184.083	217.413	0.5647058823529412	0.5647058823529412	0.5647058823529412
C	O3'_2	75.469	183.072	217.965	1.0	0.050980392156862744	0.050980392156862744
C	C2'_2	73.669	184.679	218.443	0.5647058823529412	0.5647058823529412	0.5647058823529412
C	O2'_2	74.268	184.872	219.708	1.0	0.050980392156862744	0.050980392156862744
C	C1'_2	73.367	186.048	217.818	0.5647058823529412	0.5647058823529412	0.5647058823529412
C	N1_2	72.112	186.092	217.044	0.18823529411764706	0.3137254901960784	0.9725490196078431
C	C2_2	70.921	186.485	217.695	0.5647058823529412	0.5647058823529412	0.5647058823529412
C	O2_2	70.957	186.785	218.903	1.0	0.050980392156862744	0.050980392156862744
C	N3_2	69.77	186.526	216.985	0.18823529411764706	0.3137254901960784	0.9725490196078431
C	C4_2	69.773	186.198	215.687	0.5647058823529412	0.5647058823529412	0.5647058823529412
C	N4_2	68.613	186.253	215.027	0.18823529411764706	0.3137254901960784	0.9725490196078431
C	C5_2	70.963	185.798	215.007	0.5647058823529412	0.5647058823529412	0.5647058823529412
C	C6_2	72.095	185.759	215.715	0.5647058823529412	0.5647058823529412	0.5647058823529412
