G	P_1	190.041	211.857	257.463	1.0	0.5019607843137255	0.0
G	OP1_1	191.054	210.814	257.779	1.0	0.050980392156862744	0.050980392156862744
G	OP2_1	189.416	211.892	256.111	1.0	0.050980392156862744	0.050980392156862744
G	O5'_1	188.88	211.777	258.552	1.0	0.050980392156862744	0.050980392156862744
G	C5'_1	188.508	210.534	259.178	0.5647058823529412	0.5647058823529412	0.5647058823529412
G	C4'_1	188.165	210.781	260.632	0.5647058823529412	0.5647058823529412	0.5647058823529412
G	O4'_1	187.613	212.115	260.771	1.0	0.050980392156862744	0.050980392156862744
G	C3'_1	187.135	209.832	261.23	0.5647058823529412	0.5647058823529412	0.5647058823529412
G	O3'_1	187.761	208.674	261.789	1.0	0.050980392156862744	0.050980392156862744
G	C2'_1	186.452	210.698	262.284	0.5647058823529412	0.5647058823529412	0.5647058823529412
G	O2'_1	187.179	210.772	263.498	1.0	0.050980392156862744	0.050980392156862744
G	C1'_1	186.469	212.074	261.606	0.5647058823529412	0.5647058823529412	0.5647058823529412
G	N9_1	185.304	212.403	260.781	0.18823529411764706	0.3137254901960784	0.9725490196078431
G	C8_1	185.312	212.714	259.436	0.5647058823529412	0.5647058823529412	0.5647058823529412
G	N7_1	184.127	212.99	258.963	0.18823529411764706	0.3137254901960784	0.9725490196078431
G	C5_1	183.277	212.847	260.054	0.5647058823529412	0.5647058823529412	0.5647058823529412
G	C6_1	181.873	213.019	260.146	0.5647058823529412	0.5647058823529412	0.5647058823529412
G	O6_1	181.078	213.337	259.253	1.0	0.050980392156862744	0.050980392156862744
G	N1_1	181.412	212.779	261.438	0.18823529411764706	0.3137254901960784	0.9725490196078431
G	C2_1	182.201	212.416	262.506	0.5647058823529412	0.5647058823529412	0.5647058823529412
G	N2_1	181.565	212.225	263.676	0.18823529411764706	0.3137254901960784	0.9725490196078431
G	N3_1	183.515	212.251	262.433	0.18823529411764706	0.3137254901960784	0.9725490196078431
G	C4_1	183.984	212.482	261.185	0.5647058823529412	0.5647058823529412	0.5647058823529412
C	P_2	172.199	215.839	261.236	1.0	0.5019607843137255	0.0
C	OP1_2	171.162	216.671	261.92	1.0	0.050980392156862744	0.050980392156862744
C	OP2_2	173.04	216.445	260.17	1.0	0.050980392156862744	0.050980392156862744
C	O5'_2	173.17	215.249	262.356	1.0	0.050980392156862744	0.050980392156862744
C	C5'_2	172.646	214.58	263.524	0.5647058823529412	0.5647058823529412	0.5647058823529412
C	C4'_2	173.768	213.911	264.284	0.5647058823529412	0.5647058823529412	0.5647058823529412
C	O4'_2	174.369	212.882	263.451	1.0	0.050980392156862744	0.050980392156862744
C	C3'_2	174.927	214.822	264.658	0.5647058823529412	0.5647058823529412	0.5647058823529412
C	O3'_2	174.656	215.554	265.851	1.0	0.050980392156862744	0.050980392156862744
C	C2'_2	176.085	213.839	264.798	0.5647058823529412	0.5647058823529412	0.5647058823529412
C	O2'_2	176.086	213.141	266.027	1.0	0.050980392156862744	0.050980392156862744
C	C1'_2	175.774	212.852	263.669	0.5647058823529412	0.5647058823529412	0.5647058823529412
C	N1_2	176.46	213.19	262.403	0.18823529411764706	0.3137254901960784	0.9725490196078431
C	C2_2	177.807	212.814	262.241	0.5647058823529412	0.5647058823529412	0.5647058823529412
C	O2_2	178.381	212.205	263.164	1.0	0.050980392156862744	0.050980392156862744
C	N3_2	178.444	213.123	261.084	0.18823529411764706	0.3137254901960784	0.9725490196078431
C	C4_2	177.79	213.774	260.114	0.5647058823529412	0.5647058823529412	0.5647058823529412
C	N4_2	178.454	214.05	258.989	0.18823529411764706	0.3137254901960784	0.9725490196078431
C	C5_2	176.423	214.168	260.254	0.5647058823529412	0.5647058823529412	0.5647058823529412
C	C6_2	175.805	213.86	261.4	0.5647058823529412	0.5647058823529412	0.5647058823529412
