C	P_1	239.952	153.637	194.245	1.0	0.5019607843137255	0.0
C	OP1_1	240.834	153.494	195.446	1.0	0.050980392156862744	0.050980392156862744
C	OP2_1	238.497	153.872	194.431	1.0	0.050980392156862744	0.050980392156862744
C	O5'_1	240.535	154.812	193.341	1.0	0.050980392156862744	0.050980392156862744
C	C5'_1	241.959	154.993	193.206	0.5647058823529412	0.5647058823529412	0.5647058823529412
C	C4'_1	242.257	156.302	192.514	0.5647058823529412	0.5647058823529412	0.5647058823529412
C	O4'_1	241.863	156.228	191.119	1.0	0.050980392156862744	0.050980392156862744
C	C3'_1	241.509	157.517	193.042	0.5647058823529412	0.5647058823529412	0.5647058823529412
C	O3'_1	242.1	158.038	194.228	1.0	0.050980392156862744	0.050980392156862744
C	C2'_1	241.592	158.473	191.859	0.5647058823529412	0.5647058823529412	0.5647058823529412
C	O2'_1	242.865	159.075	191.733	1.0	0.050980392156862744	0.050980392156862744
C	C1'_1	241.394	157.503	190.69	0.5647058823529412	0.5647058823529412	0.5647058823529412
C	N1_1	239.978	157.371	190.288	0.18823529411764706	0.3137254901960784	0.9725490196078431
C	C2_1	239.458	158.254	189.321	0.5647058823529412	0.5647058823529412	0.5647058823529412
C	O2_1	240.201	159.135	188.843	1.0	0.050980392156862744	0.050980392156862744
C	N3_1	238.161	158.122	188.936	0.18823529411764706	0.3137254901960784	0.9725490196078431
C	C4_1	237.393	157.164	189.482	0.5647058823529412	0.5647058823529412	0.5647058823529412
C	N4_1	236.123	157.062	189.068	0.18823529411764706	0.3137254901960784	0.9725490196078431
C	C5_1	237.896	156.266	190.476	0.5647058823529412	0.5647058823529412	0.5647058823529412
C	C6_1	239.178	156.404	190.843	0.5647058823529412	0.5647058823529412	0.5647058823529412
G	P_2	231.339	163.435	181.7	1.0	0.5019607843137255	0.0
G	OP1_2	231.03	163.799	180.285	1.0	0.050980392156862744	0.050980392156862744
G	OP2_2	231.089	162.041	182.176	1.0	0.050980392156862744	0.050980392156862744
G	O5'_2	232.875	163.76	181.97	1.0	0.050980392156862744	0.050980392156862744
G	C5'_2	233.416	165.066	181.702	0.5647058823529412	0.5647058823529412	0.5647058823529412
G	C4'_2	234.773	165.202	182.351	0.5647058823529412	0.5647058823529412	0.5647058823529412
G	O4'_2	234.629	165.088	183.795	1.0	0.050980392156862744	0.050980392156862744
G	C3'_2	235.776	164.117	181.992	0.5647058823529412	0.5647058823529412	0.5647058823529412
G	O3'_2	236.434	164.395	180.756	1.0	0.050980392156862744	0.050980392156862744
G	C2'_2	236.729	164.148	183.182	0.5647058823529412	0.5647058823529412	0.5647058823529412
G	O2'_2	237.665	165.202	183.113	1.0	0.050980392156862744	0.050980392156862744
G	C1'_2	235.763	164.423	184.336	0.5647058823529412	0.5647058823529412	0.5647058823529412
G	N9_2	235.317	163.212	185.017	0.18823529411764706	0.3137254901960784	0.9725490196078431
G	C8_2	234.077	162.62	184.939	0.5647058823529412	0.5647058823529412	0.5647058823529412
G	N7_2	233.97	161.554	185.686	0.18823529411764706	0.3137254901960784	0.9725490196078431
G	C5_2	235.215	161.426	186.289	0.5647058823529412	0.5647058823529412	0.5647058823529412
G	C6_2	235.697	160.452	187.209	0.5647058823529412	0.5647058823529412	0.5647058823529412
G	O6_2	235.096	159.484	187.692	1.0	0.050980392156862744	0.050980392156862744
G	N1_2	237.02	160.696	187.566	0.18823529411764706	0.3137254901960784	0.9725490196078431
G	C2_2	237.786	161.743	187.105	0.5647058823529412	0.5647058823529412	0.5647058823529412
G	N2_2	239.044	161.814	187.585	0.18823529411764706	0.3137254901960784	0.9725490196078431
G	N3_2	237.35	162.658	186.243	0.18823529411764706	0.3137254901960784	0.9725490196078431
G	C4_2	236.063	162.44	185.883	0.5647058823529412	0.5647058823529412	0.5647058823529412
