C	P_1	224.086	225.571	198.987	1.0	0.5019607843137255	0.0
C	OP1_1	223.791	224.112	198.904	1.0	0.050980392156862744	0.050980392156862744
C	OP2_1	225.439	226.067	198.63	1.0	0.050980392156862744	0.050980392156862744
C	O5'_1	223.015	226.345	198.096	1.0	0.050980392156862744	0.050980392156862744
C	C5'_1	221.608	226.179	198.329	0.5647058823529412	0.5647058823529412	0.5647058823529412
C	C4'_1	220.882	227.478	198.071	0.5647058823529412	0.5647058823529412	0.5647058823529412
C	O4'_1	220.928	227.802	196.653	1.0	0.050980392156862744	0.050980392156862744
C	C3'_1	219.397	227.464	198.392	0.5647058823529412	0.5647058823529412	0.5647058823529412
C	O3'_1	219.185	227.64	199.79	1.0	0.050980392156862744	0.050980392156862744
C	C2'_1	218.872	228.617	197.543	0.5647058823529412	0.5647058823529412	0.5647058823529412
C	O2'_1	219.115	229.893	198.104	1.0	0.050980392156862744	0.050980392156862744
C	C1'_1	219.719	228.454	196.276	0.5647058823529412	0.5647058823529412	0.5647058823529412
C	N1_1	219.041	227.647	195.24	0.18823529411764706	0.3137254901960784	0.9725490196078431
C	C2_1	218.062	228.265	194.432	0.5647058823529412	0.5647058823529412	0.5647058823529412
C	O2_1	217.816	229.478	194.595	1.0	0.050980392156862744	0.050980392156862744
C	N3_1	217.416	227.526	193.497	0.18823529411764706	0.3137254901960784	0.9725490196078431
C	C4_1	217.722	226.232	193.339	0.5647058823529412	0.5647058823529412	0.5647058823529412
C	N4_1	217.065	225.544	192.397	0.18823529411764706	0.3137254901960784	0.9725490196078431
C	C5_1	218.718	225.585	194.138	0.5647058823529412	0.5647058823529412	0.5647058823529412
C	C6_1	219.344	226.321	195.065	0.5647058823529412	0.5647058823529412	0.5647058823529412
G	P_2	209.378	229.81	185.557	1.0	0.5019607843137255	0.0
G	OP1_2	209.069	230.652	184.365	1.0	0.050980392156862744	0.050980392156862744
G	OP2_2	210.182	228.571	185.389	1.0	0.050980392156862744	0.050980392156862744
G	O5'_2	210.103	230.731	186.641	1.0	0.050980392156862744	0.050980392156862744
G	C5'_2	209.616	232.062	186.941	0.5647058823529412	0.5647058823529412	0.5647058823529412
G	C4'_2	210.433	232.681	188.058	0.5647058823529412	0.5647058823529412	0.5647058823529412
G	O4'_2	210.357	231.825	189.235	1.0	0.050980392156862744	0.050980392156862744
G	C3'_2	211.932	232.828	187.814	0.5647058823529412	0.5647058823529412	0.5647058823529412
G	O3'_2	212.246	234.005	187.063	1.0	0.050980392156862744	0.050980392156862744
G	C2'_2	212.486	232.897	189.234	0.5647058823529412	0.5647058823529412	0.5647058823529412
G	O2'_2	212.338	234.172	189.828	1.0	0.050980392156862744	0.050980392156862744
G	C1'_2	211.579	231.898	189.96	0.5647058823529412	0.5647058823529412	0.5647058823529412
G	N9_2	212.159	230.557	190.067	0.18823529411764706	0.3137254901960784	0.9725490196078431
G	C8_2	211.786	229.421	189.378	0.5647058823529412	0.5647058823529412	0.5647058823529412
G	N7_2	212.507	228.372	189.688	0.18823529411764706	0.3137254901960784	0.9725490196078431
G	C5_2	213.408	228.838	190.64	0.5647058823529412	0.5647058823529412	0.5647058823529412
G	C6_2	214.444	228.154	191.342	0.5647058823529412	0.5647058823529412	0.5647058823529412
G	O6_2	214.777	226.963	191.258	1.0	0.050980392156862744	0.050980392156862744
G	N1_2	215.121	229.005	192.211	0.18823529411764706	0.3137254901960784	0.9725490196078431
G	C2_2	214.841	230.342	192.388	0.5647058823529412	0.5647058823529412	0.5647058823529412
G	N2_2	215.61	231.003	193.274	0.18823529411764706	0.3137254901960784	0.9725490196078431
G	N3_2	213.876	230.989	191.742	0.18823529411764706	0.3137254901960784	0.9725490196078431
G	C4_2	213.206	230.182	190.89	0.5647058823529412	0.5647058823529412	0.5647058823529412
