C	P_1	181.878	245.762	263.392	1.0	0.5019607843137255	0.0
C	OP1_1	182.994	244.773	263.387	1.0	0.050980392156862744	0.050980392156862744
C	OP2_1	180.539	245.354	262.898	1.0	0.050980392156862744	0.050980392156862744
C	O5'_1	181.709	246.322	264.878	1.0	0.050980392156862744	0.050980392156862744
C	C5'_1	182.841	246.86	265.597	0.5647058823529412	0.5647058823529412	0.5647058823529412
C	C4'_1	182.418	247.371	266.96	0.5647058823529412	0.5647058823529412	0.5647058823529412
C	O4'_1	181.553	248.525	266.817	1.0	0.050980392156862744	0.050980392156862744
C	C3'_1	181.626	246.417	267.842	0.5647058823529412	0.5647058823529412	0.5647058823529412
C	O3'_1	182.493	245.496	268.5	1.0	0.050980392156862744	0.050980392156862744
C	C2'_1	180.941	247.371	268.814	0.5647058823529412	0.5647058823529412	0.5647058823529412
C	O2'_1	181.79	247.807	269.855	1.0	0.050980392156862744	0.050980392156862744
C	C1'_1	180.64	248.564	267.901	0.5647058823529412	0.5647058823529412	0.5647058823529412
C	N1_1	179.269	248.593	267.367	0.18823529411764706	0.3137254901960784	0.9725490196078431
C	C2_1	178.247	249.17	268.148	0.5647058823529412	0.5647058823529412	0.5647058823529412
C	O2_1	178.526	249.637	269.27	1.0	0.050980392156862744	0.050980392156862744
C	N3_1	176.987	249.206	267.658	0.18823529411764706	0.3137254901960784	0.9725490196078431
C	C4_1	176.726	248.698	266.447	0.5647058823529412	0.5647058823529412	0.5647058823529412
C	N4_1	175.468	248.753	266.005	0.18823529411764706	0.3137254901960784	0.9725490196078431
C	C5_1	177.743	248.109	265.637	0.5647058823529412	0.5647058823529412	0.5647058823529412
C	C6_1	178.986	248.076	266.132	0.5647058823529412	0.5647058823529412	0.5647058823529412
G	P_2	167.163	253.64	274.698	1.0	0.5019607843137255	0.0
G	OP1_2	167.619	254.632	275.714	1.0	0.050980392156862744	0.050980392156862744
G	OP2_2	165.827	253.808	274.053	1.0	0.050980392156862744	0.050980392156862744
G	O5'_2	168.263	253.55	273.548	1.0	0.050980392156862744	0.050980392156862744
G	C5'_2	169.277	254.562	273.39	0.5647058823529412	0.5647058823529412	0.5647058823529412
G	C4'_2	170.591	254.077	273.962	0.5647058823529412	0.5647058823529412	0.5647058823529412
G	O4'_2	170.789	252.678	273.624	1.0	0.050980392156862744	0.050980392156862744
G	C3'_2	171.836	254.777	273.44	0.5647058823529412	0.5647058823529412	0.5647058823529412
G	O3'_2	172.073	256.015	274.117	1.0	0.050980392156862744	0.050980392156862744
G	C2'_2	172.919	253.732	273.694	0.5647058823529412	0.5647058823529412	0.5647058823529412
G	O2'_2	173.352	253.707	275.041	1.0	0.050980392156862744	0.050980392156862744
G	C1'_2	172.167	252.433	273.383	0.5647058823529412	0.5647058823529412	0.5647058823529412
G	N9_2	172.313	251.96	272.007	0.18823529411764706	0.3137254901960784	0.9725490196078431
G	C8_2	171.371	252.04	271.005	0.5647058823529412	0.5647058823529412	0.5647058823529412
G	N7_2	171.776	251.533	269.873	0.18823529411764706	0.3137254901960784	0.9725490196078431
G	C5_2	173.064	251.088	270.137	0.5647058823529412	0.5647058823529412	0.5647058823529412
G	C6_2	174.004	250.449	269.288	0.5647058823529412	0.5647058823529412	0.5647058823529412
G	O6_2	173.876	250.139	268.098	1.0	0.050980392156862744	0.050980392156862744
G	N1_2	175.194	250.168	269.957	0.18823529411764706	0.3137254901960784	0.9725490196078431
G	C2_2	175.447	250.461	271.274	0.5647058823529412	0.5647058823529412	0.5647058823529412
G	N2_2	176.654	250.105	271.736	0.18823529411764706	0.3137254901960784	0.9725490196078431
G	N3_2	174.578	251.058	272.082	0.18823529411764706	0.3137254901960784	0.9725490196078431
G	C4_2	173.414	251.342	271.451	0.5647058823529412	0.5647058823529412	0.5647058823529412
