G	P_1	115.23	211.039	176.507	1.0	0.5019607843137255	0.0
G	OP1_1	114.103	211.08	175.531	1.0	0.050980392156862744	0.050980392156862744
G	OP2_1	116.284	209.995	176.365	1.0	0.050980392156862744	0.050980392156862744
G	O5'_1	115.951	212.467	176.492	1.0	0.050980392156862744	0.050980392156862744
G	C5'_1	116.881	212.857	177.536	0.5647058823529412	0.5647058823529412	0.5647058823529412
G	C4'_1	118.082	213.582	176.949	0.5647058823529412	0.5647058823529412	0.5647058823529412
G	O4'_1	117.653	214.72	176.147	1.0	0.050980392156862744	0.050980392156862744
G	C3'_1	119.022	214.182	177.986	0.5647058823529412	0.5647058823529412	0.5647058823529412
G	O3'_1	119.942	213.203	178.472	1.0	0.050980392156862744	0.050980392156862744
G	C2'_1	119.711	215.305	177.211	0.5647058823529412	0.5647058823529412	0.5647058823529412
G	O2'_1	120.779	214.851	176.402	1.0	0.050980392156862744	0.050980392156862744
G	C1'_1	118.576	215.794	176.302	0.5647058823529412	0.5647058823529412	0.5647058823529412
G	N9_1	117.845	216.972	176.779	0.18823529411764706	0.3137254901960784	0.9725490196078431
G	C8_1	116.491	217.044	177.041	0.5647058823529412	0.5647058823529412	0.5647058823529412
G	N7_1	116.1	218.231	177.427	0.18823529411764706	0.3137254901960784	0.9725490196078431
G	C5_1	117.262	218.996	177.43	0.5647058823529412	0.5647058823529412	0.5647058823529412
G	C6_1	117.454	220.364	177.761	0.5647058823529412	0.5647058823529412	0.5647058823529412
G	O6_1	116.606	221.195	178.125	1.0	0.050980392156862744	0.050980392156862744
G	N1_1	118.791	220.737	177.633	0.18823529411764706	0.3137254901960784	0.9725490196078431
G	C2_1	119.812	219.904	177.235	0.5647058823529412	0.5647058823529412	0.5647058823529412
G	N2_1	121.033	220.461	177.172	0.18823529411764706	0.3137254901960784	0.9725490196078431
G	N3_1	119.648	218.623	176.922	0.18823529411764706	0.3137254901960784	0.9725490196078431
G	C4_1	118.355	218.237	177.038	0.5647058823529412	0.5647058823529412	0.5647058823529412
C	P_2	119.17	230.873	178.164	1.0	0.5019607843137255	0.0
C	OP1_2	119.669	232.173	177.625	1.0	0.050980392156862744	0.050980392156862744
C	OP2_2	117.727	230.519	178.014	1.0	0.050980392156862744	0.050980392156862744
C	O5'_2	120.04	229.702	177.513	1.0	0.050980392156862744	0.050980392156862744
C	C5'_2	121.478	229.709	177.603	0.5647058823529412	0.5647058823529412	0.5647058823529412
C	C4'_2	122.027	228.308	177.429	0.5647058823529412	0.5647058823529412	0.5647058823529412
C	O4'_2	121.44	227.435	178.433	1.0	0.050980392156862744	0.050980392156862744
C	C3'_2	121.729	227.598	176.113	0.5647058823529412	0.5647058823529412	0.5647058823529412
C	O3'_2	122.632	227.995	175.081	1.0	0.050980392156862744	0.050980392156862744
C	C2'_2	121.918	226.133	176.49	0.5647058823529412	0.5647058823529412	0.5647058823529412
C	O2'_2	123.278	225.742	176.537	1.0	0.050980392156862744	0.050980392156862744
C	C1'_2	121.347	226.113	177.913	0.5647058823529412	0.5647058823529412	0.5647058823529412
C	N1_2	119.946	225.645	178.01	0.18823529411764706	0.3137254901960784	0.9725490196078431
C	C2_2	119.693	224.26	177.962	0.5647058823529412	0.5647058823529412	0.5647058823529412
C	O2_2	120.65	223.473	177.83	1.0	0.050980392156862744	0.050980392156862744
C	N3_2	118.419	223.82	178.061	0.18823529411764706	0.3137254901960784	0.9725490196078431
C	C4_2	117.419	224.695	178.202	0.5647058823529412	0.5647058823529412	0.5647058823529412
C	N4_2	116.182	224.211	178.31	0.18823529411764706	0.3137254901960784	0.9725490196078431
C	C5_2	117.645	226.103	178.245	0.5647058823529412	0.5647058823529412	0.5647058823529412
C	C6_2	118.909	226.53	178.146	0.5647058823529412	0.5647058823529412	0.5647058823529412
