G	P_1	213.419	161.671	157.72	1.0	0.5019607843137255	0.0
G	OP1_1	213.205	162.893	156.883	1.0	0.050980392156862744	0.050980392156862744
G	OP2_1	212.367	161.246	158.684	1.0	0.050980392156862744	0.050980392156862744
G	O5'_1	213.737	160.436	156.758	1.0	0.050980392156862744	0.050980392156862744
G	C5'_1	214.578	160.6	155.59	0.5647058823529412	0.5647058823529412	0.5647058823529412
G	C4'_1	214.611	159.326	154.763	0.5647058823529412	0.5647058823529412	0.5647058823529412
G	O4'_1	215.431	158.312	155.411	1.0	0.050980392156862744	0.050980392156862744
G	C3'_1	213.29	158.609	154.525	0.5647058823529412	0.5647058823529412	0.5647058823529412
G	O3'_1	212.463	159.224	153.541	1.0	0.050980392156862744	0.050980392156862744
G	C2'_1	213.767	157.223	154.115	0.5647058823529412	0.5647058823529412	0.5647058823529412
G	O2'_1	214.258	157.174	152.791	1.0	0.050980392156862744	0.050980392156862744
G	C1'_1	214.928	157.018	155.088	0.5647058823529412	0.5647058823529412	0.5647058823529412
G	N9_1	214.465	156.371	156.317	0.18823529411764706	0.3137254901960784	0.9725490196078431
G	C8_1	214.166	156.979	157.518	0.5647058823529412	0.5647058823529412	0.5647058823529412
G	N7_1	213.732	156.143	158.426	0.18823529411764706	0.3137254901960784	0.9725490196078431
G	C5_1	213.755	154.903	157.796	0.5647058823529412	0.5647058823529412	0.5647058823529412
G	C6_1	213.388	153.618	158.282	0.5647058823529412	0.5647058823529412	0.5647058823529412
G	O6_1	212.958	153.313	159.403	1.0	0.050980392156862744	0.050980392156862744
G	N1_1	213.561	152.632	157.311	0.18823529411764706	0.3137254901960784	0.9725490196078431
G	C2_1	214.023	152.851	156.034	0.5647058823529412	0.5647058823529412	0.5647058823529412
G	N2_1	214.118	151.766	155.243	0.18823529411764706	0.3137254901960784	0.9725490196078431
G	N3_1	214.368	154.048	155.563	0.18823529411764706	0.3137254901960784	0.9725490196078431
G	C4_1	214.211	155.021	156.494	0.5647058823529412	0.5647058823529412	0.5647058823529412
C	P_2	211.342	143.327	160.958	1.0	0.5019607843137255	0.0
C	OP1_2	211.584	141.854	160.889	1.0	0.050980392156862744	0.050980392156862744
C	OP2_2	211.632	144.059	162.22	1.0	0.050980392156862744	0.050980392156862744
C	O5'_2	212.16	144.033	159.784	1.0	0.050980392156862744	0.050980392156862744
C	C5'_2	212.194	143.461	158.458	0.5647058823529412	0.5647058823529412	0.5647058823529412
C	C4'_2	212.744	144.458	157.46	0.5647058823529412	0.5647058823529412	0.5647058823529412
C	O4'_2	211.864	145.615	157.393	1.0	0.050980392156862744	0.050980392156862744
C	C3'_2	214.106	145.067	157.758	0.5647058823529412	0.5647058823529412	0.5647058823529412
C	O3'_2	215.186	144.204	157.426	1.0	0.050980392156862744	0.050980392156862744
C	C2'_2	214.083	146.318	156.89	0.5647058823529412	0.5647058823529412	0.5647058823529412
C	O2'_2	214.323	146.05	155.525	1.0	0.050980392156862744	0.050980392156862744
C	C1'_2	212.63	146.768	157.068	0.5647058823529412	0.5647058823529412	0.5647058823529412
C	N1_2	212.498	147.768	158.147	0.18823529411764706	0.3137254901960784	0.9725490196078431
C	C2_2	212.748	149.121	157.84	0.5647058823529412	0.5647058823529412	0.5647058823529412
C	O2_2	213.025	149.435	156.667	1.0	0.050980392156862744	0.050980392156862744
C	N3_2	212.679	150.041	158.827	0.18823529411764706	0.3137254901960784	0.9725490196078431
C	C4_2	212.369	149.666	160.073	0.5647058823529412	0.5647058823529412	0.5647058823529412
C	N4_2	212.331	150.61	161.012	0.18823529411764706	0.3137254901960784	0.9725490196078431
C	C5_2	212.088	148.307	160.409	0.5647058823529412	0.5647058823529412	0.5647058823529412
C	C6_2	212.16	147.4	159.425	0.5647058823529412	0.5647058823529412	0.5647058823529412
