C	P_1	158.558	120.978	174.874	1.0	0.5019607843137255	0.0
C	OP1_1	157.533	120.641	173.846	1.0	0.050980392156862744	0.050980392156862744
C	OP2_1	159.981	120.632	174.629	1.0	0.050980392156862744	0.050980392156862744
C	O5'_1	158.47	122.545	175.174	1.0	0.050980392156862744	0.050980392156862744
C	C5'_1	157.197	123.191	175.407	0.5647058823529412	0.5647058823529412	0.5647058823529412
C	C4'_1	157.402	124.635	175.82	0.5647058823529412	0.5647058823529412	0.5647058823529412
C	O4'_1	158.245	124.67	177.003	1.0	0.050980392156862744	0.050980392156862744
C	C3'_1	158.117	125.547	174.83	0.5647058823529412	0.5647058823529412	0.5647058823529412
C	O3'_1	157.223	126.067	173.843	1.0	0.050980392156862744	0.050980392156862744
C	C2'_1	158.656	126.645	175.74	0.5647058823529412	0.5647058823529412	0.5647058823529412
C	O2'_1	157.677	127.591	176.119	1.0	0.050980392156862744	0.050980392156862744
C	C1'_1	159.054	125.838	176.978	0.5647058823529412	0.5647058823529412	0.5647058823529412
C	N1_1	160.479	125.44	177.005	0.18823529411764706	0.3137254901960784	0.9725490196078431
C	C2_1	161.441	126.4	177.362	0.5647058823529412	0.5647058823529412	0.5647058823529412
C	O2_1	161.068	127.555	177.642	1.0	0.050980392156862744	0.050980392156862744
C	N3_1	162.745	126.046	177.393	0.18823529411764706	0.3137254901960784	0.9725490196078431
C	C4_1	163.104	124.796	177.091	0.5647058823529412	0.5647058823529412	0.5647058823529412
C	N4_1	164.399	124.49	177.139	0.18823529411764706	0.3137254901960784	0.9725490196078431
C	C5_1	162.149	123.802	176.726	0.5647058823529412	0.5647058823529412	0.5647058823529412
C	C6_1	160.863	124.163	176.694	0.5647058823529412	0.5647058823529412	0.5647058823529412
G	P_2	171.616	131.112	180.944	1.0	0.5019607843137255	0.0
G	OP1_2	172.118	132.192	181.842	1.0	0.050980392156862744	0.050980392156862744
G	OP2_2	170.912	129.934	181.537	1.0	0.050980392156862744	0.050980392156862744
G	O5'_2	170.652	131.763	179.85	1.0	0.050980392156862744	0.050980392156862744
G	C5'_2	170.579	133.199	179.675	0.5647058823529412	0.5647058823529412	0.5647058823529412
G	C4'_2	169.232	133.593	179.103	0.5647058823529412	0.5647058823529412	0.5647058823529412
G	O4'_2	169.052	132.924	177.825	1.0	0.050980392156862744	0.050980392156862744
G	C3'_2	168.01	133.196	179.924	0.5647058823529412	0.5647058823529412	0.5647058823529412
G	O3'_2	167.701	134.175	180.923	1.0	0.050980392156862744	0.050980392156862744
G	C2'_2	166.915	133.095	178.865	0.5647058823529412	0.5647058823529412	0.5647058823529412
G	O2'_2	166.361	134.352	178.516	1.0	0.050980392156862744	0.050980392156862744
G	C1'_2	167.696	132.523	177.672	0.5647058823529412	0.5647058823529412	0.5647058823529412
G	N9_2	167.665	131.061	177.568	0.18823529411764706	0.3137254901960784	0.9725490196078431
G	C8_2	168.751	130.217	177.49	0.5647058823529412	0.5647058823529412	0.5647058823529412
G	N7_2	168.421	128.954	177.444	0.18823529411764706	0.3137254901960784	0.9725490196078431
G	C5_2	167.032	128.958	177.486	0.5647058823529412	0.5647058823529412	0.5647058823529412
G	C6_2	166.11	127.873	177.478	0.5647058823529412	0.5647058823529412	0.5647058823529412
G	O6_2	166.35	126.656	177.437	1.0	0.050980392156862744	0.050980392156862744
G	N1_2	164.792	128.322	177.527	0.18823529411764706	0.3137254901960784	0.9725490196078431
G	C2_2	164.41	129.644	177.579	0.5647058823529412	0.5647058823529412	0.5647058823529412
G	N2_2	163.086	129.876	177.612	0.18823529411764706	0.3137254901960784	0.9725490196078431
G	N3_2	165.26	130.664	177.594	0.18823529411764706	0.3137254901960784	0.9725490196078431
G	C4_2	166.546	130.251	177.546	0.5647058823529412	0.5647058823529412	0.5647058823529412
