C	P_1	174.061	128.27	258.41	1.0	0.5019607843137255	0.0
C	OP1_1	175.458	128.434	258.903	1.0	0.050980392156862744	0.050980392156862744
C	OP2_1	173.033	129.279	258.774	1.0	0.050980392156862744	0.050980392156862744
C	O5'_1	174.097	128.162	256.819	1.0	0.050980392156862744	0.050980392156862744
C	C5'_1	175.029	127.287	256.147	0.5647058823529412	0.5647058823529412	0.5647058823529412
C	C4'_1	174.746	127.272	254.664	0.5647058823529412	0.5647058823529412	0.5647058823529412
C	O4'_1	173.435	126.694	254.431	1.0	0.050980392156862744	0.050980392156862744
C	C3'_1	174.694	128.642	254.005	0.5647058823529412	0.5647058823529412	0.5647058823529412
C	O3'_1	176.01	129.083	253.664	1.0	0.050980392156862744	0.050980392156862744
C	C2'_1	173.789	128.4	252.799	0.5647058823529412	0.5647058823529412	0.5647058823529412
C	O2'_1	174.459	127.814	251.703	1.0	0.050980392156862744	0.050980392156862744
C	C1'_1	172.794	127.38	253.367	0.5647058823529412	0.5647058823529412	0.5647058823529412
C	N1_1	171.529	127.947	253.873	0.18823529411764706	0.3137254901960784	0.9725490196078431
C	C2_1	170.419	128.027	253.008	0.5647058823529412	0.5647058823529412	0.5647058823529412
C	O2_1	170.532	127.635	251.836	1.0	0.050980392156862744	0.050980392156862744
C	N3_1	169.254	128.533	253.48	0.18823529411764706	0.3137254901960784	0.9725490196078431
C	C4_1	169.168	128.948	254.749	0.5647058823529412	0.5647058823529412	0.5647058823529412
C	N4_1	167.998	129.434	255.172	0.18823529411764706	0.3137254901960784	0.9725490196078431
C	C5_1	170.281	128.883	255.643	0.5647058823529412	0.5647058823529412	0.5647058823529412
C	C6_1	171.427	128.382	255.168	0.5647058823529412	0.5647058823529412	0.5647058823529412
G	P_2	159.127	133.622	247.844	1.0	0.5019607843137255	0.0
G	OP1_2	158.119	133.562	246.748	1.0	0.050980392156862744	0.050980392156862744
G	OP2_2	158.677	133.519	249.263	1.0	0.050980392156862744	0.050980392156862744
G	O5'_2	160.222	132.492	247.573	1.0	0.050980392156862744	0.050980392156862744
G	C5'_2	160.977	132.481	246.342	0.5647058823529412	0.5647058823529412	0.5647058823529412
G	C4'_2	162.27	131.708	246.511	0.5647058823529412	0.5647058823529412	0.5647058823529412
G	O4'_2	162.989	132.216	247.663	1.0	0.050980392156862744	0.050980392156862744
G	C3'_2	162.162	130.231	246.857	0.5647058823529412	0.5647058823529412	0.5647058823529412
G	O3'_2	161.867	129.448	245.701	1.0	0.050980392156862744	0.050980392156862744
G	C2'_2	163.57	129.928	247.372	0.5647058823529412	0.5647058823529412	0.5647058823529412
G	O2'_2	164.508	129.709	246.334	1.0	0.050980392156862744	0.050980392156862744
G	C1'_2	163.933	131.24	248.075	0.5647058823529412	0.5647058823529412	0.5647058823529412
G	N9_2	163.968	131.172	249.535	0.18823529411764706	0.3137254901960784	0.9725490196078431
G	C8_2	163.041	131.666	250.426	0.5647058823529412	0.5647058823529412	0.5647058823529412
G	N7_2	163.374	131.47	251.674	0.18823529411764706	0.3137254901960784	0.9725490196078431
G	C5_2	164.591	130.803	251.605	0.5647058823529412	0.5647058823529412	0.5647058823529412
G	C6_2	165.447	130.33	252.646	0.5647058823529412	0.5647058823529412	0.5647058823529412
G	O6_2	165.293	130.414	253.874	1.0	0.050980392156862744	0.050980392156862744
G	N1_2	166.582	129.708	252.13	0.18823529411764706	0.3137254901960784	0.9725490196078431
G	C2_2	166.863	129.557	250.79	0.5647058823529412	0.5647058823529412	0.5647058823529412
G	N2_2	168.01	128.922	250.486	0.18823529411764706	0.3137254901960784	0.9725490196078431
G	N3_2	166.077	129.994	249.815	0.18823529411764706	0.3137254901960784	0.9725490196078431
G	C4_2	164.968	130.604	250.292	0.5647058823529412	0.5647058823529412	0.5647058823529412
