G	P_1	206.56	112.503	228.016	1.0	0.5019607843137255	0.0
G	OP1_1	205.686	111.448	227.426	1.0	0.050980392156862744	0.050980392156862744
G	OP2_1	207.536	113.218	227.15	1.0	0.050980392156862744	0.050980392156862744
G	O5'_1	205.619	113.572	228.731	1.0	0.050980392156862744	0.050980392156862744
G	C5'_1	205.207	114.784	228.065	0.5647058823529412	0.5647058823529412	0.5647058823529412
G	C4'_1	204.635	115.753	229.077	0.5647058823529412	0.5647058823529412	0.5647058823529412
G	O4'_1	205.621	115.998	230.12	1.0	0.050980392156862744	0.050980392156862744
G	C3'_1	204.27	117.142	228.574	0.5647058823529412	0.5647058823529412	0.5647058823529412
G	O3'_1	202.978	117.151	227.956	1.0	0.050980392156862744	0.050980392156862744
G	C2'_1	204.299	117.956	229.865	0.5647058823529412	0.5647058823529412	0.5647058823529412
G	O2'_1	203.145	117.775	230.66	1.0	0.050980392156862744	0.050980392156862744
G	C1'_1	205.495	117.331	230.591	0.5647058823529412	0.5647058823529412	0.5647058823529412
G	N9_1	206.752	118.033	230.339	0.18823529411764706	0.3137254901960784	0.9725490196078431
G	C8_1	207.839	117.571	229.631	0.5647058823529412	0.5647058823529412	0.5647058823529412
G	N7_1	208.807	118.445	229.547	0.18823529411764706	0.3137254901960784	0.9725490196078431
G	C5_1	208.336	119.549	230.246	0.5647058823529412	0.5647058823529412	0.5647058823529412
G	C6_1	208.943	120.811	230.487	0.5647058823529412	0.5647058823529412	0.5647058823529412
G	O6_1	210.049	121.217	230.114	1.0	0.050980392156862744	0.050980392156862744
G	N1_1	208.119	121.638	231.245	0.18823529411764706	0.3137254901960784	0.9725490196078431
G	C2_1	206.873	121.298	231.711	0.5647058823529412	0.5647058823529412	0.5647058823529412
G	N2_1	206.235	122.235	232.428	0.18823529411764706	0.3137254901960784	0.9725490196078431
G	N3_1	206.294	120.125	231.49	0.18823529411764706	0.3137254901960784	0.9725490196078431
G	C4_1	207.076	119.306	230.755	0.5647058823529412	0.5647058823529412	0.5647058823529412
C	P_2	212.418	130.169	233.964	1.0	0.5019607843137255	0.0
C	OP1_2	212.831	131.146	235.017	1.0	0.050980392156862744	0.050980392156862744
C	OP2_2	213.371	129.112	233.531	1.0	0.050980392156862744	0.050980392156862744
C	O5'_2	211.08	129.444	234.442	1.0	0.050980392156862744	0.050980392156862744
C	C5'_2	209.996	130.184	235.037	0.5647058823529412	0.5647058823529412	0.5647058823529412
C	C4'_2	208.815	129.271	235.287	0.5647058823529412	0.5647058823529412	0.5647058823529412
C	O4'_2	208.331	128.756	234.015	1.0	0.050980392156862744	0.050980392156862744
C	C3'_2	209.088	128.017	236.11	0.5647058823529412	0.5647058823529412	0.5647058823529412
C	O3'_2	209.081	128.277	237.517	1.0	0.050980392156862744	0.050980392156862744
C	C2'_2	207.953	127.093	235.683	0.5647058823529412	0.5647058823529412	0.5647058823529412
C	O2'_2	206.727	127.38	236.324	1.0	0.050980392156862744	0.050980392156862744
C	C1'_2	207.836	127.434	234.193	0.5647058823529412	0.5647058823529412	0.5647058823529412
C	N1_2	208.595	126.513	233.319	0.18823529411764706	0.3137254901960784	0.9725490196078431
C	C2_2	207.909	125.454	232.689	0.5647058823529412	0.5647058823529412	0.5647058823529412
C	O2_2	206.687	125.326	232.878	1.0	0.050980392156862744	0.050980392156862744
C	N3_2	208.602	124.603	231.892	0.18823529411764706	0.3137254901960784	0.9725490196078431
C	C4_2	209.916	124.777	231.71	0.5647058823529412	0.5647058823529412	0.5647058823529412
C	N4_2	210.556	123.921	230.912	0.18823529411764706	0.3137254901960784	0.9725490196078431
C	C5_2	210.633	125.841	232.336	0.5647058823529412	0.5647058823529412	0.5647058823529412
C	C6_2	209.941	126.677	233.122	0.5647058823529412	0.5647058823529412	0.5647058823529412
