C	P_1	193.94	303.673	189.722	1.0	0.5019607843137255	0.0
C	OP1_1	193.515	304.663	188.69	1.0	0.050980392156862744	0.050980392156862744
C	OP2_1	195.199	303.893	190.475	1.0	0.050980392156862744	0.050980392156862744
C	O5'_1	192.756	303.496	190.775	1.0	0.050980392156862744	0.050980392156862744
C	C5'_1	191.387	303.408	190.337	0.5647058823529412	0.5647058823529412	0.5647058823529412
C	C4'_1	190.446	303.689	191.488	0.5647058823529412	0.5647058823529412	0.5647058823529412
C	O4'_1	190.463	302.587	192.432	1.0	0.050980392156862744	0.050980392156862744
C	C3'_1	190.767	304.911	192.335	0.5647058823529412	0.5647058823529412	0.5647058823529412
C	O3'_1	190.292	306.105	191.72	1.0	0.050980392156862744	0.050980392156862744
C	C2'_1	190.036	304.605	193.637	0.5647058823529412	0.5647058823529412	0.5647058823529412
C	O2'_1	188.656	304.902	193.573	1.0	0.050980392156862744	0.050980392156862744
C	C1'_1	190.222	303.086	193.74	0.5647058823529412	0.5647058823529412	0.5647058823529412
C	N1_1	191.318	302.653	194.627	0.18823529411764706	0.3137254901960784	0.9725490196078431
C	C2_1	191.048	302.448	195.998	0.5647058823529412	0.5647058823529412	0.5647058823529412
C	O2_1	189.897	302.652	196.432	1.0	0.050980392156862744	0.050980392156862744
C	N3_1	192.048	302.031	196.808	0.18823529411764706	0.3137254901960784	0.9725490196078431
C	C4_1	193.27	301.82	196.309	0.5647058823529412	0.5647058823529412	0.5647058823529412
C	N4_1	194.222	301.402	197.144	0.18823529411764706	0.3137254901960784	0.9725490196078431
C	C5_1	193.571	302.027	194.93	0.5647058823529412	0.5647058823529412	0.5647058823529412
C	C6_1	192.578	302.441	194.135	0.5647058823529412	0.5647058823529412	0.5647058823529412
G	P_2	194.685	301.066	208.222	1.0	0.5019607843137255	0.0
G	OP1_2	194.323	300.451	209.534	1.0	0.050980392156862744	0.050980392156862744
G	OP2_2	195.402	300.252	207.203	1.0	0.050980392156862744	0.050980392156862744
G	O5'_2	193.345	301.615	207.553	1.0	0.050980392156862744	0.050980392156862744
G	C5'_2	192.486	302.536	208.254	0.5647058823529412	0.5647058823529412	0.5647058823529412
G	C4'_2	191.485	303.142	207.3	0.5647058823529412	0.5647058823529412	0.5647058823529412
G	O4'_2	192.201	303.85	206.252	1.0	0.050980392156862744	0.050980392156862744
G	C3'_2	190.601	302.157	206.547	0.5647058823529412	0.5647058823529412	0.5647058823529412
G	O3'_2	189.472	301.765	207.325	1.0	0.050980392156862744	0.050980392156862744
G	C2'_2	190.203	302.955	205.31	0.5647058823529412	0.5647058823529412	0.5647058823529412
G	O2'_2	189.149	303.871	205.548	1.0	0.050980392156862744	0.050980392156862744
G	C1'_2	191.491	303.734	205.027	0.5647058823529412	0.5647058823529412	0.5647058823529412
G	N9_2	192.362	303.097	204.043	0.18823529411764706	0.3137254901960784	0.9725490196078431
G	C8_2	193.561	302.462	204.28	0.5647058823529412	0.5647058823529412	0.5647058823529412
G	N7_2	194.119	301.995	203.195	0.18823529411764706	0.3137254901960784	0.9725490196078431
G	C5_2	193.236	302.339	202.178	0.5647058823529412	0.5647058823529412	0.5647058823529412
G	C6_2	193.307	302.098	200.781	0.5647058823529412	0.5647058823529412	0.5647058823529412
G	O6_2	194.2	301.52	200.142	1.0	0.050980392156862744	0.050980392156862744
G	N1_2	192.197	302.611	200.116	0.18823529411764706	0.3137254901960784	0.9725490196078431
G	C2_2	191.154	303.272	200.712	0.5647058823529412	0.5647058823529412	0.5647058823529412
G	N2_2	190.174	303.684	199.894	0.18823529411764706	0.3137254901960784	0.9725490196078431
G	N3_2	191.076	303.51	202.014	0.18823529411764706	0.3137254901960784	0.9725490196078431
G	C4_2	192.145	303.019	202.682	0.5647058823529412	0.5647058823529412	0.5647058823529412
