C	P_1	142.773	201.782	177.594	1.0	0.5019607843137255	0.0
C	OP1_1	142.803	200.438	176.94	1.0	0.050980392156862744	0.050980392156862744
C	OP2_1	144.035	202.564	177.718	1.0	0.050980392156862744	0.050980392156862744
C	O5'_1	141.699	202.682	176.834	1.0	0.050980392156862744	0.050980392156862744
C	C5'_1	140.387	202.167	176.515	0.5647058823529412	0.5647058823529412	0.5647058823529412
C	C4'_1	139.645	203.152	175.643	0.5647058823529412	0.5647058823529412	0.5647058823529412
C	O4'_1	139.275	204.324	176.416	1.0	0.050980392156862744	0.050980392156862744
C	C3'_1	140.455	203.699	174.479	0.5647058823529412	0.5647058823529412	0.5647058823529412
C	O3'_1	140.462	202.781	173.384	1.0	0.050980392156862744	0.050980392156862744
C	C2'_1	139.766	205.029	174.187	0.5647058823529412	0.5647058823529412	0.5647058823529412
C	O2'_1	138.593	204.896	173.41	1.0	0.050980392156862744	0.050980392156862744
C	C1'_1	139.375	205.486	175.599	0.5647058823529412	0.5647058823529412	0.5647058823529412
C	N1_1	140.309	206.44	176.243	0.18823529411764706	0.3137254901960784	0.9725490196078431
C	C2_1	140.126	207.827	176.036	0.5647058823529412	0.5647058823529412	0.5647058823529412
C	O2_1	139.192	208.216	175.308	1.0	0.050980392156862744	0.050980392156862744
C	N3_1	140.973	208.699	176.642	0.18823529411764706	0.3137254901960784	0.9725490196078431
C	C4_1	141.961	208.242	177.425	0.5647058823529412	0.5647058823529412	0.5647058823529412
C	N4_1	142.762	209.135	178.011	0.18823529411764706	0.3137254901960784	0.9725490196078431
C	C5_1	142.17	206.848	177.643	0.5647058823529412	0.5647058823529412	0.5647058823529412
C	C6_1	141.333	205.992	177.038	0.5647058823529412	0.5647058823529412	0.5647058823529412
G	P_2	141.021	220.122	176.787	1.0	0.5019607843137255	0.0
G	OP1_2	140.246	221.391	176.896	1.0	0.050980392156862744	0.050980392156862744
G	OP2_2	141.492	219.437	178.026	1.0	0.050980392156862744	0.050980392156862744
G	O5'_2	140.156	219.084	175.938	1.0	0.050980392156862744	0.050980392156862744
G	C5'_2	139.529	219.479	174.696	0.5647058823529412	0.5647058823529412	0.5647058823529412
G	C4'_2	139.0	218.268	173.956	0.5647058823529412	0.5647058823529412	0.5647058823529412
G	O4'_2	140.105	217.414	173.543	1.0	0.050980392156862744	0.050980392156862744
G	C3'_2	138.091	217.338	174.746	0.5647058823529412	0.5647058823529412	0.5647058823529412
G	O3'_2	136.752	217.835	174.807	1.0	0.050980392156862744	0.050980392156862744
G	C2'_2	138.206	216.034	173.959	0.5647058823529412	0.5647058823529412	0.5647058823529412
G	O2'_2	137.405	216.019	172.793	1.0	0.050980392156862744	0.050980392156862744
G	C1'_2	139.685	216.057	173.55	0.5647058823529412	0.5647058823529412	0.5647058823529412
G	N9_2	140.559	215.291	174.442	0.18823529411764706	0.3137254901960784	0.9725490196078431
G	C8_2	141.556	215.777	175.261	0.5647058823529412	0.5647058823529412	0.5647058823529412
G	N7_2	142.156	214.843	175.951	0.18823529411764706	0.3137254901960784	0.9725490196078431
G	C5_2	141.524	213.667	175.563	0.5647058823529412	0.5647058823529412	0.5647058823529412
G	C6_2	141.741	212.327	175.98	0.5647058823529412	0.5647058823529412	0.5647058823529412
G	O6_2	142.56	211.901	176.804	1.0	0.050980392156862744	0.050980392156862744
G	N1_2	140.877	211.444	175.334	0.18823529411764706	0.3137254901960784	0.9725490196078431
G	C2_2	139.924	211.802	174.41	0.5647058823529412	0.5647058823529412	0.5647058823529412
G	N2_2	139.185	210.802	173.898	0.18823529411764706	0.3137254901960784	0.9725490196078431
G	N3_2	139.709	213.049	174.014	0.18823529411764706	0.3137254901960784	0.9725490196078431
G	C4_2	140.539	213.923	174.628	0.5647058823529412	0.5647058823529412	0.5647058823529412
