C	P_1	186.147	231.48	240.136	1.0	0.5019607843137255	0.0
C	OP1_1	186.929	230.475	240.91	1.0	0.050980392156862744	0.050980392156862744
C	OP2_1	186.103	231.388	238.652	1.0	0.050980392156862744	0.050980392156862744
C	O5'_1	184.641	231.475	240.666	1.0	0.050980392156862744	0.050980392156862744
C	C5'_1	184.347	231.377	242.079	0.5647058823529412	0.5647058823529412	0.5647058823529412
C	C4'_1	182.85	231.39	242.314	0.5647058823529412	0.5647058823529412	0.5647058823529412
C	O4'_1	182.3	232.654	241.862	1.0	0.050980392156862744	0.050980392156862744
C	C3'_1	182.032	230.328	241.589	0.5647058823529412	0.5647058823529412	0.5647058823529412
C	O3'_1	182.021	229.104	242.328	1.0	0.050980392156862744	0.050980392156862744
C	C2'_1	180.647	230.965	241.546	0.5647058823529412	0.5647058823529412	0.5647058823529412
C	O2'_1	179.948	230.831	242.769	1.0	0.050980392156862744	0.050980392156862744
C	C1'_1	180.997	232.443	241.341	0.5647058823529412	0.5647058823529412	0.5647058823529412
C	N1_1	180.981	232.863	239.924	0.18823529411764706	0.3137254901960784	0.9725490196078431
C	C2_1	179.751	233.222	239.33	0.5647058823529412	0.5647058823529412	0.5647058823529412
C	O2_1	178.713	233.178	240.013	1.0	0.050980392156862744	0.050980392156862744
C	N3_1	179.737	233.604	238.026	0.18823529411764706	0.3137254901960784	0.9725490196078431
C	C4_1	180.879	233.629	237.321	0.5647058823529412	0.5647058823529412	0.5647058823529412
C	N4_1	180.817	233.994	236.039	0.18823529411764706	0.3137254901960784	0.9725490196078431
C	C5_1	182.136	233.274	237.901	0.5647058823529412	0.5647058823529412	0.5647058823529412
C	C6_1	182.14	232.902	239.19	0.5647058823529412	0.5647058823529412	0.5647058823529412
G	P_2	172.104	235.474	230.539	1.0	0.5019607843137255	0.0
G	OP1_2	173.333	234.782	230.037	1.0	0.050980392156862744	0.050980392156862744
G	OP2_2	170.826	235.365	229.77	1.0	0.050980392156862744	0.050980392156862744
G	O5'_2	171.841	234.989	232.037	1.0	0.050980392156862744	0.050980392156862744
G	C5'_2	170.519	234.613	232.49	0.5647058823529412	0.5647058823529412	0.5647058823529412
G	C4'_2	170.592	234.034	233.887	0.5647058823529412	0.5647058823529412	0.5647058823529412
G	O4'_2	171.572	232.956	233.882	1.0	0.050980392156862744	0.050980392156862744
G	C3'_2	171.06	234.998	234.975	0.5647058823529412	0.5647058823529412	0.5647058823529412
G	O3'_2	169.945	235.693	235.546	1.0	0.050980392156862744	0.050980392156862744
G	C2'_2	171.738	234.071	235.981	0.5647058823529412	0.5647058823529412	0.5647058823529412
G	O2'_2	170.821	233.438	236.851	1.0	0.050980392156862744	0.050980392156862744
G	C1'_2	172.361	233.015	235.059	0.5647058823529412	0.5647058823529412	0.5647058823529412
G	N9_2	173.737	233.313	234.664	0.18823529411764706	0.3137254901960784	0.9725490196078431
G	C8_2	174.183	233.66	233.405	0.5647058823529412	0.5647058823529412	0.5647058823529412
G	N7_2	175.468	233.905	233.363	0.18823529411764706	0.3137254901960784	0.9725490196078431
G	C5_2	175.902	233.703	234.671	0.5647058823529412	0.5647058823529412	0.5647058823529412
G	C6_2	177.206	233.831	235.246	0.5647058823529412	0.5647058823529412	0.5647058823529412
G	O6_2	178.26	234.177	234.694	1.0	0.050980392156862744	0.050980392156862744
G	N1_2	177.201	233.512	236.607	0.18823529411764706	0.3137254901960784	0.9725490196078431
G	C2_2	176.088	233.132	237.328	0.5647058823529412	0.5647058823529412	0.5647058823529412
G	N2_2	176.29	232.854	238.628	0.18823529411764706	0.3137254901960784	0.9725490196078431
G	N3_2	174.865	233.027	236.809	0.18823529411764706	0.3137254901960784	0.9725490196078431
G	C4_2	174.848	233.322	235.486	0.5647058823529412	0.5647058823529412	0.5647058823529412
