G	P_1	162.608	198.912	206.006	1.0	0.5019607843137255	0.0
G	OP1_1	161.941	198.756	207.33	1.0	0.050980392156862744	0.050980392156862744
G	OP2_1	164.078	198.71	205.897	1.0	0.050980392156862744	0.050980392156862744
G	O5'_1	161.893	197.925	204.976	1.0	0.050980392156862744	0.050980392156862744
G	C5'_1	160.451	197.858	204.891	0.5647058823529412	0.5647058823529412	0.5647058823529412
G	C4'_1	160.024	196.914	203.779	0.5647058823529412	0.5647058823529412	0.5647058823529412
G	O4'_1	160.607	197.357	202.521	1.0	0.050980392156862744	0.050980392156862744
G	C3'_1	160.455	195.453	203.885	0.5647058823529412	0.5647058823529412	0.5647058823529412
G	O3'_1	159.615	194.683	204.758	1.0	0.050980392156862744	0.050980392156862744
G	C2'_1	160.354	194.992	202.433	0.5647058823529412	0.5647058823529412	0.5647058823529412
G	O2'_1	159.033	194.727	202.005	1.0	0.050980392156862744	0.050980392156862744
G	C1'_1	160.871	196.228	201.697	0.5647058823529412	0.5647058823529412	0.5647058823529412
G	N9_1	162.31	196.139	201.471	0.18823529411764706	0.3137254901960784	0.9725490196078431
G	C8_1	163.305	196.826	202.132	0.5647058823529412	0.5647058823529412	0.5647058823529412
G	N7_1	164.504	196.529	201.705	0.18823529411764706	0.3137254901960784	0.9725490196078431
G	C5_1	164.29	195.587	200.705	0.5647058823529412	0.5647058823529412	0.5647058823529412
G	C6_1	165.22	194.897	199.877	0.5647058823529412	0.5647058823529412	0.5647058823529412
G	O6_1	166.455	194.994	199.867	1.0	0.050980392156862744	0.050980392156862744
G	N1_1	164.576	194.023	198.995	0.18823529411764706	0.3137254901960784	0.9725490196078431
G	C2_1	163.213	193.84	198.918	0.5647058823529412	0.5647058823529412	0.5647058823529412
G	N2_1	162.784	192.956	197.999	0.18823529411764706	0.3137254901960784	0.9725490196078431
G	N3_1	162.335	194.48	199.687	0.18823529411764706	0.3137254901960784	0.9725490196078431
G	C4_1	162.941	195.332	200.549	0.5647058823529412	0.5647058823529412	0.5647058823529412
C	P_2	170.631	190.543	191.542	1.0	0.5019607843137255	0.0
C	OP1_2	170.909	190.487	190.077	1.0	0.050980392156862744	0.050980392156862744
C	OP2_2	171.353	191.534	192.385	1.0	0.050980392156862744	0.050980392156862744
C	O5'_2	169.061	190.755	191.745	1.0	0.050980392156862744	0.050980392156862744
C	C5'_2	168.117	189.87	191.104	0.5647058823529412	0.5647058823529412	0.5647058823529412
C	C4'_2	166.734	190.041	191.694	0.5647058823529412	0.5647058823529412	0.5647058823529412
C	O4'_2	166.755	189.711	193.107	1.0	0.050980392156862744	0.050980392156862744
C	C3'_2	166.125	191.435	191.647	0.5647058823529412	0.5647058823529412	0.5647058823529412
C	O3'_2	165.549	191.694	190.363	1.0	0.050980392156862744	0.050980392156862744
C	C2'_2	165.061	191.351	192.737	0.5647058823529412	0.5647058823529412	0.5647058823529412
C	O2'_2	163.897	190.674	192.3	1.0	0.050980392156862744	0.050980392156862744
C	C1'_2	165.768	190.479	193.782	0.5647058823529412	0.5647058823529412	0.5647058823529412
C	N1_2	166.409	191.235	194.88	0.18823529411764706	0.3137254901960784	0.9725490196078431
C	C2_2	165.601	191.738	195.93	0.5647058823529412	0.5647058823529412	0.5647058823529412
C	O2_2	164.37	191.526	195.908	1.0	0.050980392156862744	0.050980392156862744
C	N3_2	166.189	192.431	196.934	0.18823529411764706	0.3137254901960784	0.9725490196078431
C	C4_2	167.516	192.626	196.928	0.5647058823529412	0.5647058823529412	0.5647058823529412
C	N4_2	168.051	193.31	197.939	0.18823529411764706	0.3137254901960784	0.9725490196078431
C	C5_2	168.353	192.127	195.883	0.5647058823529412	0.5647058823529412	0.5647058823529412
C	C6_2	167.764	191.447	194.89	0.5647058823529412	0.5647058823529412	0.5647058823529412
