C	P_1	284.858	202.392	198.871	1.0	0.5019607843137255	0.0
C	OP1_1	286.012	202.341	197.925	1.0	0.050980392156862744	0.050980392156862744
C	OP2_1	284.023	203.624	198.943	1.0	0.050980392156862744	0.050980392156862744
C	O5'_1	283.901	201.157	198.55	1.0	0.050980392156862744	0.050980392156862744
C	C5'_1	284.447	199.846	198.28	0.5647058823529412	0.5647058823529412	0.5647058823529412
C	C4'_1	283.33	198.836	198.114	0.5647058823529412	0.5647058823529412	0.5647058823529412
C	O4'_1	282.594	198.717	199.362	1.0	0.050980392156862744	0.050980392156862744
C	C3'_1	282.26	199.169	197.079	0.5647058823529412	0.5647058823529412	0.5647058823529412
C	O3'_1	282.677	198.818	195.757	1.0	0.050980392156862744	0.050980392156862744
C	C2'_1	281.074	198.341	197.563	0.5647058823529412	0.5647058823529412	0.5647058823529412
C	O2'_1	281.157	196.974	197.21	1.0	0.050980392156862744	0.050980392156862744
C	C1'_1	281.222	198.47	199.082	0.5647058823529412	0.5647058823529412	0.5647058823529412
C	N1_1	280.409	199.56	199.657	0.18823529411764706	0.3137254901960784	0.9725490196078431
C	C2_1	279.065	199.297	199.997	0.5647058823529412	0.5647058823529412	0.5647058823529412
C	O2_1	278.605	198.155	199.812	1.0	0.050980392156862744	0.050980392156862744
C	N3_1	278.308	200.294	200.518	0.18823529411764706	0.3137254901960784	0.9725490196078431
C	C4_1	278.843	201.508	200.709	0.5647058823529412	0.5647058823529412	0.5647058823529412
C	N4_1	278.061	202.463	201.229	0.18823529411764706	0.3137254901960784	0.9725490196078431
C	C5_1	280.207	201.799	200.376	0.5647058823529412	0.5647058823529412	0.5647058823529412
C	C6_1	280.942	200.807	199.858	0.5647058823529412	0.5647058823529412	0.5647058823529412
G	P_2	269.293	199.467	206.04	1.0	0.5019607843137255	0.0
G	OP1_2	268.948	198.202	206.758	1.0	0.050980392156862744	0.050980392156862744
G	OP2_2	270.566	200.182	206.373	1.0	0.050980392156862744	0.050980392156862744
G	O5'_2	269.297	199.162	204.475	1.0	0.050980392156862744	0.050980392156862744
G	C5'_2	268.351	198.242	203.891	0.5647058823529412	0.5647058823529412	0.5647058823529412
G	C4'_2	269.029	197.422	202.82	0.5647058823529412	0.5647058823529412	0.5647058823529412
G	O4'_2	269.336	198.262	201.672	1.0	0.050980392156862744	0.050980392156862744
G	C3'_2	270.371	196.841	203.24	0.5647058823529412	0.5647058823529412	0.5647058823529412
G	O3'_2	270.209	195.639	203.99	1.0	0.050980392156862744	0.050980392156862744
G	C2'_2	271.082	196.663	201.905	0.5647058823529412	0.5647058823529412	0.5647058823529412
G	O2'_2	270.666	195.506	201.207	1.0	0.050980392156862744	0.050980392156862744
G	C1'_2	270.613	197.914	201.152	0.5647058823529412	0.5647058823529412	0.5647058823529412
G	N9_2	271.498	199.062	201.338	0.18823529411764706	0.3137254901960784	0.9725490196078431
G	C8_2	271.161	200.279	201.888	0.5647058823529412	0.5647058823529412	0.5647058823529412
G	N7_2	272.166	201.11	201.953	0.18823529411764706	0.3137254901960784	0.9725490196078431
G	C5_2	273.233	200.406	201.407	0.5647058823529412	0.5647058823529412	0.5647058823529412
G	C6_2	274.596	200.795	201.215	0.5647058823529412	0.5647058823529412	0.5647058823529412
G	O6_2	275.139	201.874	201.501	1.0	0.050980392156862744	0.050980392156862744
G	N1_2	275.344	199.776	200.626	0.18823529411764706	0.3137254901960784	0.9725490196078431
G	C2_2	274.85	198.541	200.27	0.5647058823529412	0.5647058823529412	0.5647058823529412
G	N2_2	275.734	197.691	199.713	0.18823529411764706	0.3137254901960784	0.9725490196078431
G	N3_2	273.583	198.163	200.446	0.18823529411764706	0.3137254901960784	0.9725490196078431
G	C4_2	272.837	199.141	201.015	0.5647058823529412	0.5647058823529412	0.5647058823529412
