G	P_1	192.675	121.696	154.888	1.0	0.5019607843137255	0.0
G	OP1_1	191.376	121.009	155.147	1.0	0.050980392156862744	0.050980392156862744
G	OP2_1	192.792	122.637	153.739	1.0	0.050980392156862744	0.050980392156862744
G	O5'_1	193.116	122.454	156.218	1.0	0.050980392156862744	0.050980392156862744
G	C5'_1	192.75	123.824	156.447	0.5647058823529412	0.5647058823529412	0.5647058823529412
G	C4'_1	193.479	124.362	157.657	0.5647058823529412	0.5647058823529412	0.5647058823529412
G	O4'_1	194.919	124.303	157.446	1.0	0.050980392156862744	0.050980392156862744
G	C3'_1	193.214	125.826	157.957	0.5647058823529412	0.5647058823529412	0.5647058823529412
G	O3'_1	191.993	125.961	158.681	1.0	0.050980392156862744	0.050980392156862744
G	C2'_1	194.438	126.218	158.783	0.5647058823529412	0.5647058823529412	0.5647058823529412
G	O2'_1	194.345	125.813	160.133	1.0	0.050980392156862744	0.050980392156862744
G	C1'_1	195.541	125.396	158.107	0.5647058823529412	0.5647058823529412	0.5647058823529412
G	N9_1	196.356	126.135	157.143	0.18823529411764706	0.3137254901960784	0.9725490196078431
G	C8_1	196.437	125.927	155.784	0.5647058823529412	0.5647058823529412	0.5647058823529412
G	N7_1	197.267	126.741	155.186	0.18823529411764706	0.3137254901960784	0.9725490196078431
G	C5_1	197.764	127.539	156.209	0.5647058823529412	0.5647058823529412	0.5647058823529412
G	C6_1	198.703	128.61	156.168	0.5647058823529412	0.5647058823529412	0.5647058823529412
G	O6_1	199.294	129.081	155.185	1.0	0.050980392156862744	0.050980392156862744
G	N1_1	198.927	129.146	157.437	0.18823529411764706	0.3137254901960784	0.9725490196078431
G	C2_1	198.322	128.712	158.596	0.5647058823529412	0.5647058823529412	0.5647058823529412
G	N2_1	198.672	129.353	159.727	0.18823529411764706	0.3137254901960784	0.9725490196078431
G	N3_1	197.438	127.718	158.645	0.18823529411764706	0.3137254901960784	0.9725490196078431
G	C4_1	197.211	127.18	157.424	0.5647058823529412	0.5647058823529412	0.5647058823529412
C	P_2	207.053	135.372	158.848	1.0	0.5019607843137255	0.0
C	OP1_2	208.2	135.716	159.739	1.0	0.050980392156862744	0.050980392156862744
C	OP2_2	207.295	134.595	157.606	1.0	0.050980392156862744	0.050980392156862744
C	O5'_2	205.964	134.6	159.716	1.0	0.050980392156862744	0.050980392156862744
C	C5'_2	205.602	135.072	161.026	0.5647058823529412	0.5647058823529412	0.5647058823529412
C	C4'_2	204.519	134.199	161.616	0.5647058823529412	0.5647058823529412	0.5647058823529412
C	O4'_2	203.306	134.318	160.827	1.0	0.050980392156862744	0.050980392156862744
C	C3'_2	204.788	132.704	161.632	0.5647058823529412	0.5647058823529412	0.5647058823529412
C	O3'_2	205.647	132.33	162.7	1.0	0.050980392156862744	0.050980392156862744
C	C2'_2	203.384	132.134	161.775	0.5647058823529412	0.5647058823529412	0.5647058823529412
C	O2'_2	202.879	132.212	163.092	1.0	0.050980392156862744	0.050980392156862744
C	C1'_2	202.588	133.092	160.884	0.5647058823529412	0.5647058823529412	0.5647058823529412
C	N1_2	202.398	132.573	159.515	0.18823529411764706	0.3137254901960784	0.9725490196078431
C	C2_2	201.178	131.943	159.194	0.5647058823529412	0.5647058823529412	0.5647058823529412
C	O2_2	200.281	131.877	160.056	1.0	0.050980392156862744	0.050980392156862744
C	N3_2	201.012	131.424	157.955	0.18823529411764706	0.3137254901960784	0.9725490196078431
C	C4_2	201.995	131.516	157.054	0.5647058823529412	0.5647058823529412	0.5647058823529412
C	N4_2	201.79	130.972	155.853	0.18823529411764706	0.3137254901960784	0.9725490196078431
C	C5_2	203.233	132.167	157.347	0.5647058823529412	0.5647058823529412	0.5647058823529412
C	C6_2	203.388	132.678	158.575	0.5647058823529412	0.5647058823529412	0.5647058823529412
