C	P_1	269.342	213.855	195.195	1.0	0.5019607843137255	0.0
C	OP1_1	268.396	213.404	196.259	1.0	0.050980392156862744	0.050980392156862744
C	OP2_1	269.639	215.306	195.046	1.0	0.050980392156862744	0.050980392156862744
C	O5'_1	270.739	213.109	195.374	1.0	0.050980392156862744	0.050980392156862744
C	C5'_1	270.892	212.018	196.301	0.5647058823529412	0.5647058823529412	0.5647058823529412
C	C4'_1	272.323	211.949	196.775	0.5647058823529412	0.5647058823529412	0.5647058823529412
C	O4'_1	273.183	211.666	195.64	1.0	0.050980392156862744	0.050980392156862744
C	C3'_1	272.885	213.24	197.354	0.5647058823529412	0.5647058823529412	0.5647058823529412
C	O3'_1	272.526	213.395	198.73	1.0	0.050980392156862744	0.050980392156862744
C	C2'_1	274.386	213.063	197.159	0.5647058823529412	0.5647058823529412	0.5647058823529412
C	O2'_1	274.979	212.266	198.165	1.0	0.050980392156862744	0.050980392156862744
C	C1'_1	274.435	212.314	195.819	0.5647058823529412	0.5647058823529412	0.5647058823529412
C	N1_1	274.727	213.142	194.626	0.18823529411764706	0.3137254901960784	0.9725490196078431
C	C2_1	276.039	213.649	194.44	0.5647058823529412	0.5647058823529412	0.5647058823529412
C	O2_1	276.917	213.389	195.286	1.0	0.050980392156862744	0.050980392156862744
C	N3_1	276.304	214.404	193.343	0.18823529411764706	0.3137254901960784	0.9725490196078431
C	C4_1	275.337	214.656	192.456	0.5647058823529412	0.5647058823529412	0.5647058823529412
C	N4_1	275.64	215.401	191.395	0.18823529411764706	0.3137254901960784	0.9725490196078431
C	C5_1	274.008	214.153	192.619	0.5647058823529412	0.5647058823529412	0.5647058823529412
C	C6_1	273.749	213.414	193.706	0.5647058823529412	0.5647058823529412	0.5647058823529412
G	P_2	285.029	221.935	189.729	1.0	0.5019607843137255	0.0
G	OP1_2	286.503	222.153	189.686	1.0	0.050980392156862744	0.050980392156862744
G	OP2_2	284.33	221.412	188.528	1.0	0.050980392156862744	0.050980392156862744
G	O5'_2	284.695	220.975	190.961	1.0	0.050980392156862744	0.050980392156862744
G	C5'_2	285.169	221.285	192.292	0.5647058823529412	0.5647058823529412	0.5647058823529412
G	C4'_2	284.782	220.192	193.271	0.5647058823529412	0.5647058823529412	0.5647058823529412
G	O4'_2	283.342	220.162	193.469	1.0	0.050980392156862744	0.050980392156862744
G	C3'_2	285.124	218.76	192.888	0.5647058823529412	0.5647058823529412	0.5647058823529412
G	O3'_2	286.498	218.464	193.125	1.0	0.050980392156862744	0.050980392156862744
G	C2'_2	284.195	217.959	193.794	0.5647058823529412	0.5647058823529412	0.5647058823529412
G	O2'_2	284.674	217.862	195.12	1.0	0.050980392156862744	0.050980392156862744
G	C1'_2	282.938	218.835	193.788	0.5647058823529412	0.5647058823529412	0.5647058823529412
G	N9_2	281.919	218.402	192.828	0.18823529411764706	0.3137254901960784	0.9725490196078431
G	C8_2	281.776	218.815	191.52	0.5647058823529412	0.5647058823529412	0.5647058823529412
G	N7_2	280.748	218.272	190.917	0.18823529411764706	0.3137254901960784	0.9725490196078431
G	C5_2	280.174	217.444	191.878	0.5647058823529412	0.5647058823529412	0.5647058823529412
G	C6_2	279.026	216.602	191.805	0.5647058823529412	0.5647058823529412	0.5647058823529412
G	O6_2	278.258	216.434	190.852	1.0	0.050980392156862744	0.050980392156862744
G	N1_2	278.807	215.924	193.002	0.18823529411764706	0.3137254901960784	0.9725490196078431
G	C2_2	279.585	216.042	194.129	0.5647058823529412	0.5647058823529412	0.5647058823529412
G	N2_2	279.208	215.295	195.182	0.18823529411764706	0.3137254901960784	0.9725490196078431
G	N3_2	280.652	216.832	194.219	0.18823529411764706	0.3137254901960784	0.9725490196078431
G	C4_2	280.887	217.499	193.063	0.5647058823529412	0.5647058823529412	0.5647058823529412
