C	P_1	266.918	223.334	250.0	1.0	0.5019607843137255	0.0
C	OP1_1	266.268	224.299	250.93	1.0	0.050980392156862744	0.050980392156862744
C	OP2_1	268.193	222.674	250.399	1.0	0.050980392156862744	0.050980392156862744
C	O5'_1	265.861	222.189	249.65	1.0	0.050980392156862744	0.050980392156862744
C	C5'_1	264.562	222.515	249.107	0.5647058823529412	0.5647058823529412	0.5647058823529412
C	C4'_1	263.964	221.313	248.402	0.5647058823529412	0.5647058823529412	0.5647058823529412
C	O4'_1	264.856	220.876	247.337	1.0	0.050980392156862744	0.050980392156862744
C	C3'_1	263.763	220.057	249.237	0.5647058823529412	0.5647058823529412	0.5647058823529412
C	O3'_1	262.587	220.11	250.043	1.0	0.050980392156862744	0.050980392156862744
C	C2'_1	263.689	218.979	248.164	0.5647058823529412	0.5647058823529412	0.5647058823529412
C	O2'_1	262.441	218.949	247.497	1.0	0.050980392156862744	0.050980392156862744
C	C1'_1	264.767	219.464	247.191	0.5647058823529412	0.5647058823529412	0.5647058823529412
C	N1_1	266.089	218.864	247.478	0.18823529411764706	0.3137254901960784	0.9725490196078431
C	C2_1	266.409	217.622	246.893	0.5647058823529412	0.5647058823529412	0.5647058823529412
C	O2_1	265.582	217.079	246.14	1.0	0.050980392156862744	0.050980392156862744
C	N3_1	267.607	217.053	247.165	0.18823529411764706	0.3137254901960784	0.9725490196078431
C	C4_1	268.472	217.671	247.979	0.5647058823529412	0.5647058823529412	0.5647058823529412
C	N4_1	269.639	217.066	248.228	0.18823529411764706	0.3137254901960784	0.9725490196078431
C	C5_1	268.177	218.936	248.579	0.5647058823529412	0.5647058823529412	0.5647058823529412
C	C6_1	266.987	219.49	248.303	0.5647058823529412	0.5647058823529412	0.5647058823529412
G	P_2	271.033	208.727	240.349	1.0	0.5019607843137255	0.0
G	OP1_2	271.783	210.011	240.436	1.0	0.050980392156862744	0.050980392156862744
G	OP2_2	271.78	207.441	240.357	1.0	0.050980392156862744	0.050980392156862744
G	O5'_2	269.991	208.713	241.558	1.0	0.050980392156862744	0.050980392156862744
G	C5'_2	269.114	207.585	241.765	0.5647058823529412	0.5647058823529412	0.5647058823529412
G	C4'_2	268.013	207.936	242.745	0.5647058823529412	0.5647058823529412	0.5647058823529412
G	O4'_2	268.617	208.412	243.977	1.0	0.050980392156862744	0.050980392156862744
G	C3'_2	267.045	209.049	242.346	0.5647058823529412	0.5647058823529412	0.5647058823529412
G	O3'_2	265.975	208.545	241.521	1.0	0.050980392156862744	0.050980392156862744
G	C2'_2	266.516	209.517	243.702	0.5647058823529412	0.5647058823529412	0.5647058823529412
G	O2'_2	265.488	208.674	244.194	1.0	0.050980392156862744	0.050980392156862744
G	C1'_2	267.75	209.345	244.601	0.5647058823529412	0.5647058823529412	0.5647058823529412
G	N9_2	268.518	210.544	244.954	0.18823529411764706	0.3137254901960784	0.9725490196078431
G	C8_2	269.892	210.649	244.995	0.5647058823529412	0.5647058823529412	0.5647058823529412
G	N7_2	270.311	211.821	245.393	0.18823529411764706	0.3137254901960784	0.9725490196078431
G	C5_2	269.147	212.546	245.62	0.5647058823529412	0.5647058823529412	0.5647058823529412
G	C6_2	268.973	213.882	246.067	0.5647058823529412	0.5647058823529412	0.5647058823529412
G	O6_2	269.841	214.711	246.368	1.0	0.050980392156862744	0.050980392156862744
G	N1_2	267.626	214.222	246.153	0.18823529411764706	0.3137254901960784	0.9725490196078431
G	C2_2	266.581	213.387	245.851	0.5647058823529412	0.5647058823529412	0.5647058823529412
G	N2_2	265.35	213.911	245.99	0.18823529411764706	0.3137254901960784	0.9725490196078431
G	N3_2	266.726	212.134	245.44	0.18823529411764706	0.3137254901960784	0.9725490196078431
G	C4_2	268.028	211.781	245.347	0.5647058823529412	0.5647058823529412	0.5647058823529412
