C	P_1	266.939	147.279	188.636	1.0	0.5019607843137255	0.0
C	OP1_1	268.0	148.073	189.327	1.0	0.050980392156862744	0.050980392156862744
C	OP2_1	267.254	146.595	187.355	1.0	0.050980392156862744	0.050980392156862744
C	O5'_1	266.36	146.191	189.65	1.0	0.050980392156862744	0.050980392156862744
C	C5'_1	266.077	146.543	191.017	0.5647058823529412	0.5647058823529412	0.5647058823529412
C	C4'_1	265.276	145.453	191.698	0.5647058823529412	0.5647058823529412	0.5647058823529412
C	O4'_1	263.976	145.317	191.063	1.0	0.050980392156862744	0.050980392156862744
C	C3'_1	265.828	144.034	191.664	0.5647058823529412	0.5647058823529412	0.5647058823529412
C	O3'_1	266.882	143.821	192.6	1.0	0.050980392156862744	0.050980392156862744
C	C2'_1	264.587	143.22	192.005	0.5647058823529412	0.5647058823529412	0.5647058823529412
C	O2'_1	264.265	143.263	193.38	1.0	0.050980392156862744	0.050980392156862744
C	C1'_1	263.519	143.977	191.212	0.5647058823529412	0.5647058823529412	0.5647058823529412
C	N1_1	263.32	143.376	189.878	0.18823529411764706	0.3137254901960784	0.9725490196078431
C	C2_1	262.383	142.333	189.746	0.5647058823529412	0.5647058823529412	0.5647058823529412
C	O2_1	261.722	141.983	190.747	1.0	0.050980392156862744	0.050980392156862744
C	N3_1	262.223	141.737	188.536	0.18823529411764706	0.3137254901960784	0.9725490196078431
C	C4_1	262.947	142.147	187.487	0.5647058823529412	0.5647058823529412	0.5647058823529412
C	N4_1	262.767	141.521	186.322	0.18823529411764706	0.3137254901960784	0.9725490196078431
C	C5_1	263.891	143.216	187.589	0.5647058823529412	0.5647058823529412	0.5647058823529412
C	C6_1	264.041	143.799	188.79	0.5647058823529412	0.5647058823529412	0.5647058823529412
G	P_2	256.188	132.192	185.228	1.0	0.5019607843137255	0.0
G	OP1_2	254.924	131.465	185.52	1.0	0.050980392156862744	0.050980392156862744
G	OP2_2	256.194	133.274	184.21	1.0	0.050980392156862744	0.050980392156862744
G	O5'_2	256.741	132.788	186.598	1.0	0.050980392156862744	0.050980392156862744
G	C5'_2	256.949	131.931	187.739	0.5647058823529412	0.5647058823529412	0.5647058823529412
G	C4'_2	257.495	132.726	188.906	0.5647058823529412	0.5647058823529412	0.5647058823529412
G	O4'_2	258.875	133.117	188.669	1.0	0.050980392156862744	0.050980392156862744
G	C3'_2	256.786	134.034	189.217	0.5647058823529412	0.5647058823529412	0.5647058823529412
G	O3'_2	255.579	133.805	189.937	1.0	0.050980392156862744	0.050980392156862744
G	C2'_2	257.841	134.782	190.023	0.5647058823529412	0.5647058823529412	0.5647058823529412
G	O2'_2	257.925	134.341	191.362	1.0	0.050980392156862744	0.050980392156862744
G	C1'_2	259.122	134.372	189.288	0.5647058823529412	0.5647058823529412	0.5647058823529412
G	N9_2	259.514	135.327	188.253	0.18823529411764706	0.3137254901960784	0.9725490196078431
G	C8_2	259.428	135.158	186.886	0.5647058823529412	0.5647058823529412	0.5647058823529412
G	N7_2	259.854	136.193	186.209	0.18823529411764706	0.3137254901960784	0.9725490196078431
G	C5_2	260.243	137.104	187.184	0.5647058823529412	0.5647058823529412	0.5647058823529412
G	C6_2	260.78	138.413	187.057	0.5647058823529412	0.5647058823529412	0.5647058823529412
G	O6_2	261.02	139.047	186.022	1.0	0.050980392156862744	0.050980392156862744
G	N1_2	261.04	138.985	188.304	0.18823529411764706	0.3137254901960784	0.9725490196078431
G	C2_2	260.809	138.379	189.519	0.5647058823529412	0.5647058823529412	0.5647058823529412
G	N2_2	261.136	139.091	190.615	0.18823529411764706	0.3137254901960784	0.9725490196078431
G	N3_2	260.298	137.159	189.652	0.18823529411764706	0.3137254901960784	0.9725490196078431
G	C4_2	260.044	136.584	188.453	0.5647058823529412	0.5647058823529412	0.5647058823529412
