C	P_1	157.155	227.81	168.276	1.0	0.5019607843137255	0.0
C	OP1_1	157.614	229.234	168.225	1.0	0.050980392156862744	0.050980392156862744
C	OP2_1	157.096	227.011	167.017	1.0	0.050980392156862744	0.050980392156862744
C	O5'_1	158.078	227.031	169.322	1.0	0.050980392156862744	0.050980392156862744
C	C5'_1	158.398	227.594	170.619	0.5647058823529412	0.5647058823529412	0.5647058823529412
C	C4'_1	159.207	226.606	171.43	0.5647058823529412	0.5647058823529412	0.5647058823529412
C	O4'_1	158.384	225.447	171.752	1.0	0.050980392156862744	0.050980392156862744
C	C3'_1	160.409	226.013	170.705	0.5647058823529412	0.5647058823529412	0.5647058823529412
C	O3'_1	161.55	226.868	170.71	1.0	0.050980392156862744	0.050980392156862744
C	C2'_1	160.624	224.698	171.443	0.5647058823529412	0.5647058823529412	0.5647058823529412
C	O2'_1	161.278	224.849	172.688	1.0	0.050980392156862744	0.050980392156862744
C	C1'_1	159.174	224.261	171.674	0.5647058823529412	0.5647058823529412	0.5647058823529412
C	N1_1	158.639	223.407	170.585	0.18823529411764706	0.3137254901960784	0.9725490196078431
C	C2_1	158.766	222.006	170.694	0.5647058823529412	0.5647058823529412	0.5647058823529412
C	O2_1	159.355	221.523	171.682	1.0	0.050980392156862744	0.050980392156862744
C	N3_1	158.244	221.222	169.714	0.18823529411764706	0.3137254901960784	0.9725490196078431
C	C4_1	157.63	221.78	168.662	0.5647058823529412	0.5647058823529412	0.5647058823529412
C	N4_1	157.116	220.967	167.735	0.18823529411764706	0.3137254901960784	0.9725490196078431
C	C5_1	157.509	223.195	168.518	0.5647058823529412	0.5647058823529412	0.5647058823529412
C	C6_1	158.02	223.961	169.491	0.5647058823529412	0.5647058823529412	0.5647058823529412
G	P_2	157.993	210.152	169.38	1.0	0.5019607843137255	0.0
G	OP1_2	157.71	208.83	170.016	1.0	0.050980392156862744	0.050980392156862744
G	OP2_2	156.862	210.977	168.856	1.0	0.050980392156862744	0.050980392156862744
G	O5'_2	158.806	211.048	170.421	1.0	0.050980392156862744	0.050980392156862744
G	C5'_2	159.999	210.54	171.063	0.5647058823529412	0.5647058823529412	0.5647058823529412
G	C4'_2	160.787	211.676	171.69	0.5647058823529412	0.5647058823529412	0.5647058823529412
G	O4'_2	161.226	212.598	170.653	1.0	0.050980392156862744	0.050980392156862744
G	C3'_2	160.032	212.559	172.677	0.5647058823529412	0.5647058823529412	0.5647058823529412
G	O3'_2	159.977	211.972	173.98	1.0	0.050980392156862744	0.050980392156862744
G	C2'_2	160.858	213.841	172.649	0.5647058823529412	0.5647058823529412	0.5647058823529412
G	O2'_2	162.041	213.751	173.423	1.0	0.050980392156862744	0.050980392156862744
G	C1'_2	161.229	213.924	171.164	0.5647058823529412	0.5647058823529412	0.5647058823529412
G	N9_2	160.283	214.723	170.386	0.18823529411764706	0.3137254901960784	0.9725490196078431
G	C8_2	159.328	214.264	169.504	0.5647058823529412	0.5647058823529412	0.5647058823529412
G	N7_2	158.618	215.222	168.969	0.18823529411764706	0.3137254901960784	0.9725490196078431
G	C5_2	159.137	216.386	169.526	0.5647058823529412	0.5647058823529412	0.5647058823529412
G	C6_2	158.766	217.751	169.331	0.5647058823529412	0.5647058823529412	0.5647058823529412
G	O6_2	157.877	218.212	168.597	1.0	0.050980392156862744	0.050980392156862744
G	N1_2	159.551	218.611	170.101	0.18823529411764706	0.3137254901960784	0.9725490196078431
G	C2_2	160.56	218.217	170.951	0.5647058823529412	0.5647058823529412	0.5647058823529412
G	N2_2	161.201	219.2	171.615	0.18823529411764706	0.3137254901960784	0.9725490196078431
G	N3_2	160.917	216.95	171.14	0.18823529411764706	0.3137254901960784	0.9725490196078431
G	C4_2	160.168	216.096	170.402	0.5647058823529412	0.5647058823529412	0.5647058823529412
