G	P_1	235.961	158.65	147.915	1.0	0.5019607843137255	0.0
G	OP1_1	237.073	159.449	147.311	1.0	0.050980392156862744	0.050980392156862744
G	OP2_1	235.16	159.23	149.032	1.0	0.050980392156862744	0.050980392156862744
G	O5'_1	234.956	158.218	146.752	1.0	0.050980392156862744	0.050980392156862744
G	C5'_1	235.435	157.985	145.41	0.5647058823529412	0.5647058823529412	0.5647058823529412
G	C4'_1	234.278	157.718	144.477	0.5647058823529412	0.5647058823529412	0.5647058823529412
G	O4'_1	233.576	156.529	144.924	1.0	0.050980392156862744	0.050980392156862744
G	C3'_1	233.194	158.787	144.416	0.5647058823529412	0.5647058823529412	0.5647058823529412
G	O3'_1	233.53	159.864	143.543	1.0	0.050980392156862744	0.050980392156862744
G	C2'_1	231.999	157.992	143.915	0.5647058823529412	0.5647058823529412	0.5647058823529412
G	O2'_1	232.064	157.741	142.528	1.0	0.050980392156862744	0.050980392156862744
G	C1'_1	232.186	156.678	144.678	0.5647058823529412	0.5647058823529412	0.5647058823529412
G	N9_1	231.494	156.68	145.965	0.18823529411764706	0.3137254901960784	0.9725490196078431
G	C8_1	232.059	156.795	147.215	0.5647058823529412	0.5647058823529412	0.5647058823529412
G	N7_1	231.178	156.784	148.18	0.18823529411764706	0.3137254901960784	0.9725490196078431
G	C5_1	229.955	156.652	147.531	0.5647058823529412	0.5647058823529412	0.5647058823529412
G	C6_1	228.63	156.592	148.059	0.5647058823529412	0.5647058823529412	0.5647058823529412
G	O6_1	228.265	156.648	149.24	1.0	0.050980392156862744	0.050980392156862744
G	N1_1	227.682	156.456	147.048	0.18823529411764706	0.3137254901960784	0.9725490196078431
G	C2_1	227.965	156.395	145.701	0.5647058823529412	0.5647058823529412	0.5647058823529412
G	N2_1	226.909	156.272	144.874	0.18823529411764706	0.3137254901960784	0.9725490196078431
G	N3_1	229.194	156.452	145.197	0.18823529411764706	0.3137254901960784	0.9725490196078431
G	C4_1	230.132	156.579	146.163	0.5647058823529412	0.5647058823529412	0.5647058823529412
C	P_2	218.528	154.121	150.063	1.0	0.5019607843137255	0.0
C	OP1_2	217.424	153.182	149.713	1.0	0.050980392156862744	0.050980392156862744
C	OP2_2	219.644	153.652	150.923	1.0	0.050980392156862744	0.050980392156862744
C	O5'_2	219.161	154.694	148.716	1.0	0.050980392156862744	0.050980392156862744
C	C5'_2	218.371	154.834	147.515	0.5647058823529412	0.5647058823529412	0.5647058823529412
C	C4'_2	219.269	154.919	146.298	0.5647058823529412	0.5647058823529412	0.5647058823529412
C	O4'_2	220.05	156.142	146.36	1.0	0.050980392156862744	0.050980392156862744
C	C3'_2	220.312	153.817	146.136	0.5647058823529412	0.5647058823529412	0.5647058823529412
C	O3'_2	219.769	152.638	145.546	1.0	0.050980392156862744	0.050980392156862744
C	C2'_2	221.345	154.482	145.238	0.5647058823529412	0.5647058823529412	0.5647058823529412
C	O2'_2	220.957	154.487	143.879	1.0	0.050980392156862744	0.050980392156862744
C	C1'_2	221.328	155.918	145.776	0.5647058823529412	0.5647058823529412	0.5647058823529412
C	N1_2	222.373	156.178	146.789	0.18823529411764706	0.3137254901960784	0.9725490196078431
C	C2_2	223.66	156.544	146.354	0.5647058823529412	0.5647058823529412	0.5647058823529412
C	O2_2	223.874	156.663	145.137	1.0	0.050980392156862744	0.050980392156862744
C	N3_2	224.632	156.758	147.273	0.18823529411764706	0.3137254901960784	0.9725490196078431
C	C4_2	224.361	156.628	148.575	0.5647058823529412	0.5647058823529412	0.5647058823529412
C	N4_2	225.352	156.842	149.443	0.18823529411764706	0.3137254901960784	0.9725490196078431
C	C5_2	223.059	156.272	149.046	0.5647058823529412	0.5647058823529412	0.5647058823529412
C	C6_2	222.105	156.06	148.128	0.5647058823529412	0.5647058823529412	0.5647058823529412
