C	P_1	152.038	104.774	161.319	1.0	0.5019607843137255	0.0
C	OP1_1	153.088	104.669	162.371	1.0	0.050980392156862744	0.050980392156862744
C	OP2_1	150.682	104.222	161.578	1.0	0.050980392156862744	0.050980392156862744
C	O5'_1	151.869	106.31	160.925	1.0	0.050980392156862744	0.050980392156862744
C	C5'_1	153.019	107.153	160.723	0.5647058823529412	0.5647058823529412	0.5647058823529412
C	C4'_1	152.592	108.517	160.231	0.5647058823529412	0.5647058823529412	0.5647058823529412
C	O4'_1	151.905	108.376	158.96	1.0	0.050980392156862744	0.050980392156862744
C	C3'_1	151.593	109.267	161.1	0.5647058823529412	0.5647058823529412	0.5647058823529412
C	O3'_1	152.214	109.926	162.198	1.0	0.050980392156862744	0.050980392156862744
C	C2'_1	150.987	110.245	160.106	0.5647058823529412	0.5647058823529412	0.5647058823529412
C	O2'_1	151.832	111.343	159.836	1.0	0.050980392156862744	0.050980392156862744
C	C1'_1	150.896	109.37	158.855	0.5647058823529412	0.5647058823529412	0.5647058823529412
C	N1_1	149.584	108.706	158.713	0.18823529411764706	0.3137254901960784	0.9725490196078431
C	C2_1	148.56	109.37	158.011	0.5647058823529412	0.5647058823529412	0.5647058823529412
C	O2_1	148.787	110.498	157.533	1.0	0.050980392156862744	0.050980392156862744
C	N3_1	147.355	108.765	157.876	0.18823529411764706	0.3137254901960784	0.9725490196078431
C	C4_1	147.151	107.556	158.409	0.5647058823529412	0.5647058823529412	0.5647058823529412
C	N4_1	145.951	106.998	158.247	0.18823529411764706	0.3137254901960784	0.9725490196078431
C	C5_1	148.171	106.864	159.129	0.5647058823529412	0.5647058823529412	0.5647058823529412
C	C6_1	149.358	107.468	159.254	0.5647058823529412	0.5647058823529412	0.5647058823529412
G	P_2	138.172	113.412	152.543	1.0	0.5019607843137255	0.0
G	OP1_2	137.424	114.057	151.425	1.0	0.050980392156862744	0.050980392156862744
G	OP2_2	138.388	111.939	152.525	1.0	0.050980392156862744	0.050980392156862744
G	O5'_2	139.595	114.129	152.663	1.0	0.050980392156862744	0.050980392156862744
G	C5'_2	139.694	115.524	153.03	0.5647058823529412	0.5647058823529412	0.5647058823529412
G	C4'_2	141.123	115.885	153.387	0.5647058823529412	0.5647058823529412	0.5647058823529412
G	O4'_2	141.598	114.968	154.415	1.0	0.050980392156862744	0.050980392156862744
G	C3'_2	142.151	115.82	152.259	0.5647058823529412	0.5647058823529412	0.5647058823529412
G	O3'_2	143.153	116.816	152.482	1.0	0.050980392156862744	0.050980392156862744
G	C2'_2	142.749	114.426	152.439	0.5647058823529412	0.5647058823529412	0.5647058823529412
G	O2'_2	144.057	114.304	151.913	1.0	0.050980392156862744	0.050980392156862744
G	C1'_2	142.766	114.308	153.962	0.5647058823529412	0.5647058823529412	0.5647058823529412
G	N9_2	142.751	112.938	154.472	0.18823529411764706	0.3137254901960784	0.9725490196078431
G	C8_2	141.74	112.012	154.355	0.5647058823529412	0.5647058823529412	0.5647058823529412
G	N7_2	142.016	110.876	154.937	0.18823529411764706	0.3137254901960784	0.9725490196078431
G	C5_2	143.286	111.059	155.467	0.5647058823529412	0.5647058823529412	0.5647058823529412
G	C6_2	144.11	110.173	156.211	0.5647058823529412	0.5647058823529412	0.5647058823529412
G	O6_2	143.873	109.013	156.567	1.0	0.050980392156862744	0.050980392156862744
G	N1_2	145.322	110.763	156.546	0.18823529411764706	0.3137254901960784	0.9725490196078431
G	C2_2	145.698	112.038	156.21	0.5647058823529412	0.5647058823529412	0.5647058823529412
G	N2_2	146.913	112.423	156.62	0.18823529411764706	0.3137254901960784	0.9725490196078431
G	N3_2	144.941	112.876	155.521	0.18823529411764706	0.3137254901960784	0.9725490196078431
G	C4_2	143.757	112.324	155.184	0.5647058823529412	0.5647058823529412	0.5647058823529412
