G	P_1	153.917	252.399	226.316	1.0	0.5019607843137255	0.0
G	OP1_1	152.484	252.192	226.669	1.0	0.050980392156862744	0.050980392156862744
G	OP2_1	154.842	253.002	227.318	1.0	0.050980392156862744	0.050980392156862744
G	O5'_1	154.528	251.007	225.834	1.0	0.050980392156862744	0.050980392156862744
G	C5'_1	155.191	250.117	226.756	0.5647058823529412	0.5647058823529412	0.5647058823529412
G	C4'_1	155.896	249.016	225.993	0.5647058823529412	0.5647058823529412	0.5647058823529412
G	O4'_1	156.975	249.573	225.189	1.0	0.050980392156862744	0.050980392156862744
G	C3'_1	156.572	247.959	226.849	0.5647058823529412	0.5647058823529412	0.5647058823529412
G	O3'_1	155.616	246.977	227.254	1.0	0.050980392156862744	0.050980392156862744
G	C2'_1	157.628	247.391	225.901	0.5647058823529412	0.5647058823529412	0.5647058823529412
G	O2'_1	157.098	246.442	224.992	1.0	0.050980392156862744	0.050980392156862744
G	C1'_1	158.051	248.644	225.122	0.5647058823529412	0.5647058823529412	0.5647058823529412
G	N9_1	159.267	249.295	225.613	0.18823529411764706	0.3137254901960784	0.9725490196078431
G	C8_1	159.368	250.553	226.167	0.5647058823529412	0.5647058823529412	0.5647058823529412
G	N7_1	160.593	250.877	226.496	0.18823529411764706	0.3137254901960784	0.9725490196078431
G	C5_1	161.353	249.768	226.144	0.5647058823529412	0.5647058823529412	0.5647058823529412
G	C6_1	162.758	249.538	226.257	0.5647058823529412	0.5647058823529412	0.5647058823529412
G	O6_1	163.63	250.297	226.705	1.0	0.050980392156862744	0.050980392156862744
G	N1_1	163.114	248.275	225.779	0.18823529411764706	0.3137254901960784	0.9725490196078431
G	C2_1	162.239	247.353	225.255	0.5647058823529412	0.5647058823529412	0.5647058823529412
G	N2_1	162.782	246.194	224.844	0.18823529411764706	0.3137254901960784	0.9725490196078431
G	N3_1	160.924	247.554	225.14	0.18823529411764706	0.3137254901960784	0.9725490196078431
G	C4_1	160.553	248.776	225.601	0.5647058823529412	0.5647058823529412	0.5647058823529412
C	P_2	172.942	245.464	225.58	1.0	0.5019607843137255	0.0
C	OP1_2	173.987	244.68	224.854	1.0	0.050980392156862744	0.050980392156862744
C	OP2_2	172.924	246.947	225.466	1.0	0.050980392156862744	0.050980392156862744
C	O5'_2	171.514	244.903	225.153	1.0	0.050980392156862744	0.050980392156862744
C	C5'_2	171.201	243.507	225.32	0.5647058823529412	0.5647058823529412	0.5647058823529412
C	C4'_2	169.719	243.275	225.154	0.5647058823529412	0.5647058823529412	0.5647058823529412
C	O4'_2	168.994	243.973	226.197	1.0	0.050980392156862744	0.050980392156862744
C	C3'_2	169.076	243.785	223.87	0.5647058823529412	0.5647058823529412	0.5647058823529412
C	O3'_2	169.287	242.892	222.781	1.0	0.050980392156862744	0.050980392156862744
C	C2'_2	167.607	243.842	224.26	0.5647058823529412	0.5647058823529412	0.5647058823529412
C	O2'_2	166.993	242.573	224.222	1.0	0.050980392156862744	0.050980392156862744
C	C1'_2	167.7	244.308	225.716	0.5647058823529412	0.5647058823529412	0.5647058823529412
C	N1_2	167.477	245.758	225.87	0.18823529411764706	0.3137254901960784	0.9725490196078431
C	C2_2	166.15	246.22	226.036	0.5647058823529412	0.5647058823529412	0.5647058823529412
C	O2_2	165.219	245.391	226.074	1.0	0.050980392156862744	0.050980392156862744
C	N3_2	165.926	247.552	226.152	0.18823529411764706	0.3137254901960784	0.9725490196078431
C	C4_2	166.957	248.412	226.114	0.5647058823529412	0.5647058823529412	0.5647058823529412
C	N4_2	166.687	249.719	226.222	0.18823529411764706	0.3137254901960784	0.9725490196078431
C	C5_2	168.311	247.97	225.959	0.5647058823529412	0.5647058823529412	0.5647058823529412
C	C6_2	168.522	246.649	225.843	0.5647058823529412	0.5647058823529412	0.5647058823529412
