C	P_1	123.081	238.803	179.259	1.0	0.5019607843137255	0.0
C	OP1_1	121.922	237.931	178.895	1.0	0.050980392156862744	0.050980392156862744
C	OP2_1	123.852	238.518	180.501	1.0	0.050980392156862744	0.050980392156862744
C	O5'_1	124.103	238.829	178.031	1.0	0.050980392156862744	0.050980392156862744
C	C5'_1	123.637	239.073	176.683	0.5647058823529412	0.5647058823529412	0.5647058823529412
C	C4'_1	124.802	239.366	175.754	0.5647058823529412	0.5647058823529412	0.5647058823529412
C	O4'_1	125.472	240.594	176.152	1.0	0.050980392156862744	0.050980392156862744
C	C3'_1	125.927	238.341	175.682	0.5647058823529412	0.5647058823529412	0.5647058823529412
C	O3'_1	125.593	237.227	174.851	1.0	0.050980392156862744	0.050980392156862744
C	C2'_1	127.069	239.169	175.102	0.5647058823529412	0.5647058823529412	0.5647058823529412
C	O2'_1	126.964	239.353	173.704	1.0	0.050980392156862744	0.050980392156862744
C	C1'_1	126.849	240.519	175.796	0.5647058823529412	0.5647058823529412	0.5647058823529412
C	N1_1	127.681	240.705	177.009	0.18823529411764706	0.3137254901960784	0.9725490196078431
C	C2_1	129.035	241.1	176.856	0.5647058823529412	0.5647058823529412	0.5647058823529412
C	O2_1	129.486	241.294	175.71	1.0	0.050980392156862744	0.050980392156862744
C	N3_1	129.803	241.255	177.965	0.18823529411764706	0.3137254901960784	0.9725490196078431
C	C4_1	129.277	241.039	179.182	0.5647058823529412	0.5647058823529412	0.5647058823529412
C	N4_1	130.068	241.2	180.243	0.18823529411764706	0.3137254901960784	0.9725490196078431
C	C5_1	127.914	240.647	179.362	0.5647058823529412	0.5647058823529412	0.5647058823529412
C	C6_1	127.162	240.494	178.262	0.5647058823529412	0.5647058823529412	0.5647058823529412
G	P_2	140.764	243.243	180.787	1.0	0.5019607843137255	0.0
G	OP1_2	142.111	243.856	180.563	1.0	0.050980392156862744	0.050980392156862744
G	OP2_2	139.773	243.945	181.649	1.0	0.050980392156862744	0.050980392156862744
G	O5'_2	140.082	242.986	179.367	1.0	0.050980392156862744	0.050980392156862744
G	C5'_2	140.855	242.512	178.235	0.5647058823529412	0.5647058823529412	0.5647058823529412
G	C4'_2	139.94	242.217	177.061	0.5647058823529412	0.5647058823529412	0.5647058823529412
G	O4'_2	139.102	241.066	177.367	1.0	0.050980392156862744	0.050980392156862744
G	C3'_2	138.945	243.315	176.706	0.5647058823529412	0.5647058823529412	0.5647058823529412
G	O3'_2	139.523	244.352	175.916	1.0	0.050980392156862744	0.050980392156862744
G	C2'_2	137.861	242.538	175.974	0.5647058823529412	0.5647058823529412	0.5647058823529412
G	O2'_2	138.23	242.222	174.647	1.0	0.050980392156862744	0.050980392156862744
G	C1'_2	137.805	241.256	176.812	0.5647058823529412	0.5647058823529412	0.5647058823529412
G	N9_2	136.834	241.334	177.908	0.18823529411764706	0.3137254901960784	0.9725490196078431
G	C8_2	137.103	241.49	179.252	0.5647058823529412	0.5647058823529412	0.5647058823529412
G	N7_2	136.026	241.533	179.992	0.18823529411764706	0.3137254901960784	0.9725490196078431
G	C5_2	134.979	241.398	179.089	0.5647058823529412	0.5647058823529412	0.5647058823529412
G	C6_2	133.573	241.376	179.307	0.5647058823529412	0.5647058823529412	0.5647058823529412
G	O6_2	132.961	241.475	180.375	1.0	0.050980392156862744	0.050980392156862744
G	N1_2	132.867	241.222	178.112	0.18823529411764706	0.3137254901960784	0.9725490196078431
G	C2_2	133.437	241.106	176.862	0.5647058823529412	0.5647058823529412	0.5647058823529412
G	N2_2	132.586	240.971	175.822	0.18823529411764706	0.3137254901960784	0.9725490196078431
G	N3_2	134.753	241.124	176.645	0.18823529411764706	0.3137254901960784	0.9725490196078431
G	C4_2	135.457	241.271	177.797	0.5647058823529412	0.5647058823529412	0.5647058823529412
