G	P_1	187.697	173.921	179.723	1.0	0.5019607843137255	0.0
G	OP1_1	187.275	172.521	179.42	1.0	0.050980392156862744	0.050980392156862744
G	OP2_1	186.677	174.929	180.114	1.0	0.050980392156862744	0.050980392156862744
G	O5'_1	188.788	173.867	180.881	1.0	0.050980392156862744	0.050980392156862744
G	C5'_1	189.959	173.036	180.755	0.5647058823529412	0.5647058823529412	0.5647058823529412
G	C4'_1	190.769	173.08	182.029	0.5647058823529412	0.5647058823529412	0.5647058823529412
G	O4'_1	191.309	174.414	182.22	1.0	0.050980392156862744	0.050980392156862744
G	C3'_1	189.993	172.8	183.306	0.5647058823529412	0.5647058823529412	0.5647058823529412
G	O3'_1	189.838	171.397	183.522	1.0	0.050980392156862744	0.050980392156862744
G	C2'_1	190.857	173.48	184.361	0.5647058823529412	0.5647058823529412	0.5647058823529412
G	O2'_1	191.993	172.72	184.717	1.0	0.050980392156862744	0.050980392156862744
G	C1'_1	191.327	174.727	183.605	0.5647058823529412	0.5647058823529412	0.5647058823529412
G	N9_1	190.497	175.912	183.822	0.18823529411764706	0.3137254901960784	0.9725490196078431
G	C8_1	189.826	176.644	182.868	0.5647058823529412	0.5647058823529412	0.5647058823529412
G	N7_1	189.184	177.666	183.361	0.18823529411764706	0.3137254901960784	0.9725490196078431
G	C5_1	189.441	177.608	184.724	0.5647058823529412	0.5647058823529412	0.5647058823529412
G	C6_1	189.014	178.457	185.769	0.5647058823529412	0.5647058823529412	0.5647058823529412
G	O6_1	188.305	179.469	185.696	1.0	0.050980392156862744	0.050980392156862744
G	N1_1	189.501	178.034	187.004	0.18823529411764706	0.3137254901960784	0.9725490196078431
G	C2_1	190.298	176.931	187.204	0.5647058823529412	0.5647058823529412	0.5647058823529412
G	N2_1	190.665	176.688	188.471	0.18823529411764706	0.3137254901960784	0.9725490196078431
G	N3_1	190.706	176.129	186.234	0.18823529411764706	0.3137254901960784	0.9725490196078431
G	C4_1	190.245	176.526	185.027	0.5647058823529412	0.5647058823529412	0.5647058823529412
C	P_2	187.689	185.111	193.986	1.0	0.5019607843137255	0.0
C	OP1_2	188.301	185.908	195.089	1.0	0.050980392156862744	0.050980392156862744
C	OP2_2	187.372	185.775	192.69	1.0	0.050980392156862744	0.050980392156862744
C	O5'_2	188.642	183.865	193.689	1.0	0.050980392156862744	0.050980392156862744
C	C5'_2	189.143	183.045	194.765	0.5647058823529412	0.5647058823529412	0.5647058823529412
C	C4'_2	189.74	181.76	194.226	0.5647058823529412	0.5647058823529412	0.5647058823529412
C	O4'_2	188.735	181.049	193.453	1.0	0.050980392156862744	0.050980392156862744
C	C3'_2	190.91	181.889	193.26	0.5647058823529412	0.5647058823529412	0.5647058823529412
C	O3'_2	192.145	182.106	193.945	1.0	0.050980392156862744	0.050980392156862744
C	C2'_2	190.878	180.544	192.543	0.5647058823529412	0.5647058823529412	0.5647058823529412
C	O2'_2	191.444	179.498	193.306	1.0	0.050980392156862744	0.050980392156862744
C	C1'_2	189.37	180.311	192.416	0.5647058823529412	0.5647058823529412	0.5647058823529412
C	N1_2	188.816	180.724	191.109	0.18823529411764706	0.3137254901960784	0.9725490196078431
C	C2_2	188.836	179.799	190.049	0.5647058823529412	0.5647058823529412	0.5647058823529412
C	O2_2	189.289	178.658	190.251	1.0	0.050980392156862744	0.050980392156862744
C	N3_2	188.361	180.171	188.839	0.18823529411764706	0.3137254901960784	0.9725490196078431
C	C4_2	187.872	181.403	188.662	0.5647058823529412	0.5647058823529412	0.5647058823529412
C	N4_2	187.424	181.725	187.446	0.18823529411764706	0.3137254901960784	0.9725490196078431
C	C5_2	187.824	182.358	189.723	0.5647058823529412	0.5647058823529412	0.5647058823529412
C	C6_2	188.301	181.98	190.918	0.5647058823529412	0.5647058823529412	0.5647058823529412
