C	P_1	213.699	122.522	162.9	1.0	0.5019607843137255	0.0
C	OP1_1	212.462	123.13	163.468	1.0	0.050980392156862744	0.050980392156862744
C	OP2_1	213.596	121.614	161.726	1.0	0.050980392156862744	0.050980392156862744
C	O5'_1	214.702	123.703	162.535	1.0	0.050980392156862744	0.050980392156862744
C	C5'_1	215.064	124.684	163.52	0.5647058823529412	0.5647058823529412	0.5647058823529412
C	C4'_1	216.028	125.687	162.935	0.5647058823529412	0.5647058823529412	0.5647058823529412
C	O4'_1	217.295	125.044	162.656	1.0	0.050980392156862744	0.050980392156862744
C	C3'_1	215.631	126.317	161.609	0.5647058823529412	0.5647058823529412	0.5647058823529412
C	O3'_1	214.717	127.392	161.807	1.0	0.050980392156862744	0.050980392156862744
C	C2'_1	216.972	126.794	161.064	0.5647058823529412	0.5647058823529412	0.5647058823529412
C	O2'_1	217.395	128.014	161.637	1.0	0.050980392156862744	0.050980392156862744
C	C1'_1	217.91	125.684	161.549	0.5647058823529412	0.5647058823529412	0.5647058823529412
C	N1_1	218.265	124.664	160.543	0.18823529411764706	0.3137254901960784	0.9725490196078431
C	C2_1	219.339	124.921	159.668	0.5647058823529412	0.5647058823529412	0.5647058823529412
C	O2_1	219.924	126.018	159.731	1.0	0.050980392156862744	0.050980392156862744
C	N3_1	219.708	123.966	158.78	0.18823529411764706	0.3137254901960784	0.9725490196078431
C	C4_1	219.047	122.802	158.736	0.5647058823529412	0.5647058823529412	0.5647058823529412
C	N4_1	219.456	121.882	157.86	0.18823529411764706	0.3137254901960784	0.9725490196078431
C	C5_1	217.937	122.528	159.592	0.5647058823529412	0.5647058823529412	0.5647058823529412
C	C6_1	217.583	123.478	160.47	0.5647058823529412	0.5647058823529412	0.5647058823529412
G	P_2	227.844	125.125	150.11	1.0	0.5019607843137255	0.0
G	OP1_2	229.081	125.667	149.479	1.0	0.050980392156862744	0.050980392156862744
G	OP2_2	227.773	123.68	150.466	1.0	0.050980392156862744	0.050980392156862744
G	O5'_2	227.532	125.973	151.423	1.0	0.050980392156862744	0.050980392156862744
G	C5'_2	227.674	127.404	151.424	0.5647058823529412	0.5647058823529412	0.5647058823529412
G	C4'_2	227.167	127.983	152.724	0.5647058823529412	0.5647058823529412	0.5647058823529412
G	O4'_2	225.743	127.719	152.849	1.0	0.050980392156862744	0.050980392156862744
G	C3'_2	227.749	127.405	154.009	0.5647058823529412	0.5647058823529412	0.5647058823529412
G	O3'_2	229.02	127.967	154.331	1.0	0.050980392156862744	0.050980392156862744
G	C2'_2	226.691	127.796	155.034	0.5647058823529412	0.5647058823529412	0.5647058823529412
G	O2'_2	226.782	129.149	155.435	1.0	0.050980392156862744	0.050980392156862744
G	C1'_2	225.406	127.607	154.224	0.5647058823529412	0.5647058823529412	0.5647058823529412
G	N9_2	224.776	126.31	154.46	0.18823529411764706	0.3137254901960784	0.9725490196078431
G	C8_2	225.123	125.089	153.923	0.5647058823529412	0.5647058823529412	0.5647058823529412
G	N7_2	224.372	124.11	154.351	0.18823529411764706	0.3137254901960784	0.9725490196078431
G	C5_2	223.473	124.721	155.218	0.5647058823529412	0.5647058823529412	0.5647058823529412
G	C6_2	222.413	124.169	155.988	0.5647058823529412	0.5647058823529412	0.5647058823529412
G	O6_2	222.046	122.988	156.063	1.0	0.050980392156862744	0.050980392156862744
G	N1_2	221.753	125.148	156.725	0.18823529411764706	0.3137254901960784	0.9725490196078431
G	C2_2	222.067	126.484	156.725	0.5647058823529412	0.5647058823529412	0.5647058823529412
G	N2_2	221.309	127.273	157.5	0.18823529411764706	0.3137254901960784	0.9725490196078431
G	N3_2	223.052	127.01	156.017	0.18823529411764706	0.3137254901960784	0.9725490196078431
G	C4_2	223.708	126.078	155.292	0.5647058823529412	0.5647058823529412	0.5647058823529412
