C	P_1	265.418	187.168	232.584	1.0	0.5019607843137255	0.0
C	OP1_1	265.013	187.355	231.165	1.0	0.050980392156862744	0.050980392156862744
C	OP2_1	266.815	187.499	232.997	1.0	0.050980392156862744	0.050980392156862744
C	O5'_1	264.409	188.002	233.5	1.0	0.050980392156862744	0.050980392156862744
C	C5'_1	264.65	188.178	234.917	0.5647058823529412	0.5647058823529412	0.5647058823529412
C	C4'_1	263.508	188.944	235.548	0.5647058823529412	0.5647058823529412	0.5647058823529412
C	O4'_1	262.287	188.164	235.434	1.0	0.050980392156862744	0.050980392156862744
C	C3'_1	263.617	189.232	237.04	0.5647058823529412	0.5647058823529412	0.5647058823529412
C	O3'_1	264.427	190.38	237.303	1.0	0.050980392156862744	0.050980392156862744
C	C2'_1	262.16	189.467	237.425	0.5647058823529412	0.5647058823529412	0.5647058823529412
C	O2'_1	261.701	190.756	237.065	1.0	0.050980392156862744	0.050980392156862744
C	C1'_1	261.451	188.424	236.556	0.5647058823529412	0.5647058823529412	0.5647058823529412
C	N1_1	261.193	187.16	237.273	0.18823529411764706	0.3137254901960784	0.9725490196078431
C	C2_1	259.991	187.025	237.99	0.5647058823529412	0.5647058823529412	0.5647058823529412
C	O2_1	259.166	187.956	237.968	1.0	0.050980392156862744	0.050980392156862744
C	N3_1	259.759	185.889	238.68	0.18823529411764706	0.3137254901960784	0.9725490196078431
C	C4_1	260.663	184.906	238.67	0.5647058823529412	0.5647058823529412	0.5647058823529412
C	N4_1	260.398	183.808	239.38	0.18823529411764706	0.3137254901960784	0.9725490196078431
C	C5_1	261.883	185.006	237.934	0.5647058823529412	0.5647058823529412	0.5647058823529412
C	C6_1	262.104	186.138	237.258	0.5647058823529412	0.5647058823529412	0.5647058823529412
G	P_2	250.651	182.959	245.302	1.0	0.5019607843137255	0.0
G	OP1_2	249.192	182.655	245.217	1.0	0.050980392156862744	0.050980392156862744
G	OP2_2	251.643	181.895	244.977	1.0	0.050980392156862744	0.050980392156862744
G	O5'_2	250.952	184.222	244.372	1.0	0.050980392156862744	0.050980392156862744
G	C5'_2	250.272	185.473	244.594	0.5647058823529412	0.5647058823529412	0.5647058823529412
G	C4'_2	250.922	186.591	243.8	0.5647058823529412	0.5647058823529412	0.5647058823529412
G	O4'_2	252.314	186.751	244.197	1.0	0.050980392156862744	0.050980392156862744
G	C3'_2	250.993	186.428	242.287	0.5647058823529412	0.5647058823529412	0.5647058823529412
G	O3'_2	249.743	186.763	241.673	1.0	0.050980392156862744	0.050980392156862744
G	C2'_2	252.095	187.416	241.922	0.5647058823529412	0.5647058823529412	0.5647058823529412
G	O2'_2	251.638	188.751	241.92	1.0	0.050980392156862744	0.050980392156862744
G	C1'_2	253.068	187.232	243.092	0.5647058823529412	0.5647058823529412	0.5647058823529412
G	N9_2	254.132	186.275	242.795	0.18823529411764706	0.3137254901960784	0.9725490196078431
G	C8_2	254.309	185.017	243.331	0.5647058823529412	0.5647058823529412	0.5647058823529412
G	N7_2	255.35	184.392	242.842	0.18823529411764706	0.3137254901960784	0.9725490196078431
G	C5_2	255.897	185.29	241.933	0.5647058823529412	0.5647058823529412	0.5647058823529412
G	C6_2	257.035	185.167	241.085	0.5647058823529412	0.5647058823529412	0.5647058823529412
G	O6_2	257.805	184.202	240.963	1.0	0.050980392156862744	0.050980392156862744
G	N1_2	257.235	186.32	240.326	0.18823529411764706	0.3137254901960784	0.9725490196078431
G	C2_2	256.44	187.444	240.37	0.5647058823529412	0.5647058823529412	0.5647058823529412
G	N2_2	256.799	188.455	239.566	0.18823529411764706	0.3137254901960784	0.9725490196078431
G	N3_2	255.372	187.567	241.149	0.18823529411764706	0.3137254901960784	0.9725490196078431
G	C4_2	255.162	186.461	241.897	0.5647058823529412	0.5647058823529412	0.5647058823529412
