G	P_1	254.283	192.585	124.574	1.0	0.5019607843137255	0.0
G	OP1_1	252.888	192.671	125.098	1.0	0.050980392156862744	0.050980392156862744
G	OP2_1	255.338	193.474	125.14	1.0	0.050980392156862744	0.050980392156862744
G	O5'_1	254.778	191.077	124.719	1.0	0.050980392156862744	0.050980392156862744
G	C5'_1	254.041	190.003	124.108	0.5647058823529412	0.5647058823529412	0.5647058823529412
G	C4'_1	254.873	188.744	124.081	0.5647058823529412	0.5647058823529412	0.5647058823529412
G	O4'_1	256.029	188.929	123.223	1.0	0.050980392156862744	0.050980392156862744
G	C3'_1	255.477	188.303	125.406	0.5647058823529412	0.5647058823529412	0.5647058823529412
G	O3'_1	254.52	187.612	126.208	1.0	0.050980392156862744	0.050980392156862744
G	C2'_1	256.618	187.395	124.955	0.5647058823529412	0.5647058823529412	0.5647058823529412
G	O2'_1	256.206	186.089	124.606	1.0	0.050980392156862744	0.050980392156862744
G	C1'_1	257.097	188.118	123.694	0.5647058823529412	0.5647058823529412	0.5647058823529412
G	N9_1	258.263	188.96	123.939	0.18823529411764706	0.3137254901960784	0.9725490196078431
G	C8_1	258.293	190.327	124.1	0.5647058823529412	0.5647058823529412	0.5647058823529412
G	N7_1	259.497	190.794	124.3	0.18823529411764706	0.3137254901960784	0.9725490196078431
G	C5_1	260.311	189.667	124.272	0.5647058823529412	0.5647058823529412	0.5647058823529412
G	C6_1	261.721	189.544	124.425	0.5647058823529412	0.5647058823529412	0.5647058823529412
G	O6_1	262.554	190.438	124.627	1.0	0.050980392156862744	0.050980392156862744
G	N1_1	262.133	188.214	124.322	0.18823529411764706	0.3137254901960784	0.9725490196078431
G	C2_1	261.299	187.143	124.104	0.5647058823529412	0.5647058823529412	0.5647058823529412
G	N2_1	261.886	185.936	124.037	0.18823529411764706	0.3137254901960784	0.9725490196078431
G	N3_1	259.983	187.246	123.96	0.18823529411764706	0.3137254901960784	0.9725490196078431
G	C4_1	259.562	188.527	124.053	0.5647058823529412	0.5647058823529412	0.5647058823529412
C	P_2	271.815	188.243	125.072	1.0	0.5019607843137255	0.0
C	OP1_2	273.052	187.535	124.628	1.0	0.050980392156862744	0.050980392156862744
C	OP2_2	271.36	189.452	124.339	1.0	0.050980392156862744	0.050980392156862744
C	O5'_2	270.608	187.203	125.083	1.0	0.050980392156862744	0.050980392156862744
C	C5'_2	270.796	185.836	125.507	0.5647058823529412	0.5647058823529412	0.5647058823529412
C	C4'_2	269.527	185.047	125.277	0.5647058823529412	0.5647058823529412	0.5647058823529412
C	O4'_2	268.473	185.592	126.114	1.0	0.050980392156862744	0.050980392156862744
C	C3'_2	268.966	185.13	123.864	0.5647058823529412	0.5647058823529412	0.5647058823529412
C	O3'_2	269.596	184.205	122.98	1.0	0.050980392156862744	0.050980392156862744
C	C2'_2	267.485	184.845	124.078	0.5647058823529412	0.5647058823529412	0.5647058823529412
C	O2'_2	267.196	183.471	124.238	1.0	0.050980392156862744	0.050980392156862744
C	C1'_2	267.239	185.561	125.409	0.5647058823529412	0.5647058823529412	0.5647058823529412
C	N1_2	266.747	186.946	125.26	0.18823529411764706	0.3137254901960784	0.9725490196078431
C	C2_2	265.357	187.174	125.229	0.5647058823529412	0.5647058823529412	0.5647058823529412
C	O2_2	264.585	186.204	125.303	1.0	0.050980392156862744	0.050980392156862744
C	N3_2	264.901	188.443	125.118	0.18823529411764706	0.3137254901960784	0.9725490196078431
C	C4_2	265.766	189.459	125.041	0.5647058823529412	0.5647058823529412	0.5647058823529412
C	N4_2	265.268	190.697	124.955	0.18823529411764706	0.3137254901960784	0.9725490196078431
C	C5_2	267.179	189.254	125.054	0.5647058823529412	0.5647058823529412	0.5647058823529412
C	C6_2	267.62	187.997	125.162	0.5647058823529412	0.5647058823529412	0.5647058823529412
