C	P_1	159.052	217.451	222.617	1.0	0.5019607843137255	0.0
C	OP1_1	158.979	217.618	221.133	1.0	0.050980392156862744	0.050980392156862744
C	OP2_1	159.723	216.247	223.188	1.0	0.050980392156862744	0.050980392156862744
C	O5'_1	159.753	218.749	223.223	1.0	0.050980392156862744	0.050980392156862744
C	C5'_1	159.292	220.067	222.865	0.5647058823529412	0.5647058823529412	0.5647058823529412
C	C4'_1	159.811	221.095	223.846	0.5647058823529412	0.5647058823529412	0.5647058823529412
C	O4'_1	159.312	220.793	225.179	1.0	0.050980392156862744	0.050980392156862744
C	C3'_1	161.319	221.162	224.038	0.5647058823529412	0.5647058823529412	0.5647058823529412
C	O3'_1	161.983	221.885	223.009	1.0	0.050980392156862744	0.050980392156862744
C	C2'_1	161.429	221.857	225.387	0.5647058823529412	0.5647058823529412	0.5647058823529412
C	O2'_1	161.211	223.252	225.307	1.0	0.050980392156862744	0.050980392156862744
C	C1'_1	160.272	221.204	226.147	0.5647058823529412	0.5647058823529412	0.5647058823529412
C	N1_1	160.728	220.026	226.915	0.18823529411764706	0.3137254901960784	0.9725490196078431
C	C2_1	161.361	220.231	228.16	0.5647058823529412	0.5647058823529412	0.5647058823529412
C	O2_1	161.453	221.386	228.608	1.0	0.050980392156862744	0.050980392156862744
C	N3_1	161.843	219.162	228.84	0.18823529411764706	0.3137254901960784	0.9725490196078431
C	C4_1	161.698	217.927	228.335	0.5647058823529412	0.5647058823529412	0.5647058823529412
C	N4_1	162.205	216.897	229.026	0.18823529411764706	0.3137254901960784	0.9725490196078431
C	C5_1	161.03	217.691	227.092	0.5647058823529412	0.5647058823529412	0.5647058823529412
C	C6_1	160.565	218.757	226.424	0.5647058823529412	0.5647058823529412	0.5647058823529412
G	P_2	167.047	217.917	239.755	1.0	0.5019607843137255	0.0
G	OP1_2	167.062	218.419	241.159	1.0	0.050980392156862744	0.050980392156862744
G	OP2_2	166.313	216.661	239.432	1.0	0.050980392156862744	0.050980392156862744
G	O5'_2	166.494	219.083	238.813	1.0	0.050980392156862744	0.050980392156862744
G	C5'_2	167.099	220.393	238.83	0.5647058823529412	0.5647058823529412	0.5647058823529412
G	C4'_2	166.569	221.247	237.694	0.5647058823529412	0.5647058823529412	0.5647058823529412
G	O4'_2	166.85	220.605	236.424	1.0	0.050980392156862744	0.050980392156862744
G	C3'_2	165.067	221.507	237.643	0.5647058823529412	0.5647058823529412	0.5647058823529412
G	O3'_2	164.723	222.574	238.542	1.0	0.050980392156862744	0.050980392156862744
G	C2'_2	164.868	221.921	236.183	0.5647058823529412	0.5647058823529412	0.5647058823529412
G	O2'_2	165.195	223.277	235.948	1.0	0.050980392156862744	0.050980392156862744
G	C1'_2	165.906	221.049	235.462	0.5647058823529412	0.5647058823529412	0.5647058823529412
G	N9_2	165.389	219.893	234.728	0.18823529411764706	0.3137254901960784	0.9725490196078431
G	C8_2	165.503	218.566	235.086	0.5647058823529412	0.5647058823529412	0.5647058823529412
G	N7_2	164.984	217.747	234.205	0.18823529411764706	0.3137254901960784	0.9725490196078431
G	C5_2	164.485	218.579	233.208	0.5647058823529412	0.5647058823529412	0.5647058823529412
G	C6_2	163.814	218.257	231.992	0.5647058823529412	0.5647058823529412	0.5647058823529412
G	O6_2	163.526	217.136	231.542	1.0	0.050980392156862744	0.050980392156862744
G	N1_2	163.478	219.405	231.274	0.18823529411764706	0.3137254901960784	0.9725490196078431
G	C2_2	163.754	220.694	231.666	0.5647058823529412	0.5647058823529412	0.5647058823529412
G	N2_2	163.36	221.66	230.82	0.18823529411764706	0.3137254901960784	0.9725490196078431
G	N3_2	164.377	221.011	232.801	0.18823529411764706	0.3137254901960784	0.9725490196078431
G	C4_2	164.713	219.91	233.517	0.5647058823529412	0.5647058823529412	0.5647058823529412
