C	P_1	191.613	175.427	138.482	1.0	0.5019607843137255	0.0
C	OP1_1	190.339	174.672	138.317	1.0	0.050980392156862744	0.050980392156862744
C	OP2_1	192.873	174.874	137.915	1.0	0.050980392156862744	0.050980392156862744
C	O5'_1	191.41	176.897	137.898	1.0	0.050980392156862744	0.050980392156862744
C	C5'_1	190.337	177.745	138.362	0.5647058823529412	0.5647058823529412	0.5647058823529412
C	C4'_1	190.662	179.197	138.084	0.5647058823529412	0.5647058823529412	0.5647058823529412
C	O4'_1	191.913	179.529	138.745	1.0	0.050980392156862744	0.050980392156862744
C	C3'_1	190.908	179.573	136.626	0.5647058823529412	0.5647058823529412	0.5647058823529412
C	O3'_1	189.693	179.812	135.914	1.0	0.050980392156862744	0.050980392156862744
C	C2'_1	191.75	180.835	136.762	0.5647058823529412	0.5647058823529412	0.5647058823529412
C	O2'_1	190.992	181.982	137.092	1.0	0.050980392156862744	0.050980392156862744
C	C1'_1	192.631	180.468	137.957	0.5647058823529412	0.5647058823529412	0.5647058823529412
C	N1_1	193.906	179.865	137.533	0.18823529411764706	0.3137254901960784	0.9725490196078431
C	C2_1	194.977	180.713	137.23	0.5647058823529412	0.5647058823529412	0.5647058823529412
C	O2_1	194.834	181.941	137.361	1.0	0.050980392156862744	0.050980392156862744
C	N3_1	196.139	180.177	136.803	0.18823529411764706	0.3137254901960784	0.9725490196078431
C	C4_1	196.259	178.853	136.683	0.5647058823529412	0.5647058823529412	0.5647058823529412
C	N4_1	197.421	178.372	136.242	0.18823529411764706	0.3137254901960784	0.9725490196078431
C	C5_1	195.192	177.964	137.005	0.5647058823529412	0.5647058823529412	0.5647058823529412
C	C6_1	194.046	178.507	137.422	0.5647058823529412	0.5647058823529412	0.5647058823529412
G	P_2	207.032	183.783	132.704	1.0	0.5019607843137255	0.0
G	OP1_2	208.162	184.76	132.792	1.0	0.050980392156862744	0.050980392156862744
G	OP2_2	207.142	182.473	133.398	1.0	0.050980392156862744	0.050980392156862744
G	O5'_2	205.706	184.512	133.216	1.0	0.050980392156862744	0.050980392156862744
G	C5'_2	205.301	185.788	132.669	0.5647058823529412	0.5647058823529412	0.5647058823529412
G	C4'_2	203.844	186.062	132.98	0.5647058823529412	0.5647058823529412	0.5647058823529412
G	O4'_2	203.01	185.026	132.395	1.0	0.050980392156862744	0.050980392156862744
G	C3'_2	203.438	186.048	134.446	0.5647058823529412	0.5647058823529412	0.5647058823529412
G	O3'_2	203.761	187.269	135.104	1.0	0.050980392156862744	0.050980392156862744
G	C2'_2	201.93	185.841	134.357	0.5647058823529412	0.5647058823529412	0.5647058823529412
G	O2'_2	201.227	187.025	134.031	1.0	0.050980392156862744	0.050980392156862744
G	C1'_2	201.835	184.867	133.182	0.5647058823529412	0.5647058823529412	0.5647058823529412
G	N9_2	201.698	183.464	133.574	0.18823529411764706	0.3137254901960784	0.9725490196078431
G	C8_2	202.587	182.437	133.346	0.5647058823529412	0.5647058823529412	0.5647058823529412
G	N7_2	202.151	181.278	133.764	0.18823529411764706	0.3137254901960784	0.9725490196078431
G	C5_2	200.906	181.555	134.313	0.5647058823529412	0.5647058823529412	0.5647058823529412
G	C6_2	199.954	180.691	134.912	0.5647058823529412	0.5647058823529412	0.5647058823529412
G	O6_2	200.02	179.467	135.076	1.0	0.050980392156862744	0.050980392156862744
G	N1_2	198.828	181.387	135.339	0.18823529411764706	0.3137254901960784	0.9725490196078431
G	C2_2	198.639	182.741	135.205	0.5647058823529412	0.5647058823529412	0.5647058823529412
G	N2_2	197.48	183.23	135.684	0.18823529411764706	0.3137254901960784	0.9725490196078431
G	N3_2	199.517	183.559	134.644	0.18823529411764706	0.3137254901960784	0.9725490196078431
G	C4_2	200.619	182.902	134.221	0.5647058823529412	0.5647058823529412	0.5647058823529412
