C	P_1	226.912	127.931	233.471	1.0	0.5019607843137255	0.0
C	OP1_1	226.803	128.612	232.153	1.0	0.050980392156862744	0.050980392156862744
C	OP2_1	225.86	128.153	234.5	1.0	0.050980392156862744	0.050980392156862744
C	O5'_1	227.051	126.363	233.213	1.0	0.050980392156862744	0.050980392156862744
C	C5'_1	226.616	125.751	231.983	0.5647058823529412	0.5647058823529412	0.5647058823529412
C	C4'_1	227.796	125.121	231.272	0.5647058823529412	0.5647058823529412	0.5647058823529412
C	O4'_1	228.823	124.772	232.24	1.0	0.050980392156862744	0.050980392156862744
C	C3'_1	227.509	123.823	230.533	0.5647058823529412	0.5647058823529412	0.5647058823529412
C	O3'_1	226.95	124.039	229.236	1.0	0.050980392156862744	0.050980392156862744
C	C2'_1	228.887	123.171	230.485	0.5647058823529412	0.5647058823529412	0.5647058823529412
C	O2'_1	229.722	123.707	229.478	1.0	0.050980392156862744	0.050980392156862744
C	C1'_1	229.45	123.555	231.858	0.5647058823529412	0.5647058823529412	0.5647058823529412
C	N1_1	229.189	122.548	232.907	0.18823529411764706	0.3137254901960784	0.9725490196078431
C	C2_1	229.9	121.335	232.888	0.5647058823529412	0.5647058823529412	0.5647058823529412
C	O2_1	230.755	121.144	232.006	1.0	0.050980392156862744	0.050980392156862744
C	N3_1	229.637	120.409	233.835	0.18823529411764706	0.3137254901960784	0.9725490196078431
C	C4_1	228.719	120.655	234.774	0.5647058823529412	0.5647058823529412	0.5647058823529412
C	N4_1	228.481	119.71	235.678	0.18823529411764706	0.3137254901960784	0.9725490196078431
C	C5_1	228.0	121.882	234.826	0.5647058823529412	0.5647058823529412	0.5647058823529412
C	C6_1	228.262	122.788	233.886	0.5647058823529412	0.5647058823529412	0.5647058823529412
G	P_2	230.991	107.46	234.138	1.0	0.5019607843137255	0.0
G	OP1_2	231.826	106.276	234.486	1.0	0.050980392156862744	0.050980392156862744
G	OP2_2	230.31	108.223	235.219	1.0	0.050980392156862744	0.050980392156862744
G	O5'_2	231.89	108.476	233.294	1.0	0.050980392156862744	0.050980392156862744
G	C5'_2	232.619	109.558	233.927	0.5647058823529412	0.5647058823529412	0.5647058823529412
G	C4'_2	232.825	110.69	232.94	0.5647058823529412	0.5647058823529412	0.5647058823529412
G	O4'_2	231.532	111.272	232.598	1.0	0.050980392156862744	0.050980392156862744
G	C3'_2	233.635	111.891	233.418	0.5647058823529412	0.5647058823529412	0.5647058823529412
G	O3'_2	235.047	111.667	233.37	1.0	0.050980392156862744	0.050980392156862744
G	C2'_2	233.183	112.977	232.448	0.5647058823529412	0.5647058823529412	0.5647058823529412
G	O2'_2	233.782	112.881	231.172	1.0	0.050980392156862744	0.050980392156862744
G	C1'_2	231.688	112.665	232.334	0.5647058823529412	0.5647058823529412	0.5647058823529412
G	N9_2	230.925	113.424	233.326	0.18823529411764706	0.3137254901960784	0.9725490196078431
G	C8_2	230.328	112.946	234.472	0.5647058823529412	0.5647058823529412	0.5647058823529412
G	N7_2	229.777	113.886	235.195	0.18823529411764706	0.3137254901960784	0.9725490196078431
G	C5_2	230.011	115.053	234.479	0.5647058823529412	0.5647058823529412	0.5647058823529412
G	C6_2	229.662	116.394	234.772	0.5647058823529412	0.5647058823529412	0.5647058823529412
G	O6_2	229.067	116.834	235.76	1.0	0.050980392156862744	0.050980392156862744
G	N1_2	230.085	117.266	233.772	0.18823529411764706	0.3137254901960784	0.9725490196078431
G	C2_2	230.764	116.897	232.64	0.5647058823529412	0.5647058823529412	0.5647058823529412
G	N2_2	231.084	117.888	231.795	0.18823529411764706	0.3137254901960784	0.9725490196078431
G	N3_2	231.106	115.648	232.356	0.18823529411764706	0.3137254901960784	0.9725490196078431
G	C4_2	230.7	114.784	233.313	0.5647058823529412	0.5647058823529412	0.5647058823529412
