C	P_1	264.072	233.393	195.024	1.0	0.5019607843137255	0.0
C	OP1_1	263.326	234.679	194.941	1.0	0.050980392156862744	0.050980392156862744
C	OP2_1	264.466	232.858	196.354	1.0	0.050980392156862744	0.050980392156862744
C	O5'_1	263.239	232.271	194.262	1.0	0.050980392156862744	0.050980392156862744
C	C5'_1	262.947	232.407	192.861	0.5647058823529412	0.5647058823529412	0.5647058823529412
C	C4'_1	262.413	231.11	192.297	0.5647058823529412	0.5647058823529412	0.5647058823529412
C	O4'_1	263.44	230.078	192.334	1.0	0.050980392156862744	0.050980392156862744
C	C3'_1	261.246	230.471	193.032	0.5647058823529412	0.5647058823529412	0.5647058823529412
C	O3'_1	260.013	231.121	192.743	1.0	0.050980392156862744	0.050980392156862744
C	C2'_1	261.306	229.039	192.511	0.5647058823529412	0.5647058823529412	0.5647058823529412
C	O2'_1	260.796	228.919	191.198	1.0	0.050980392156862744	0.050980392156862744
C	C1'_1	262.821	228.801	192.467	0.5647058823529412	0.5647058823529412	0.5647058823529412
C	N1_1	263.35	228.11	193.671	0.18823529411764706	0.3137254901960784	0.9725490196078431
C	C2_1	263.024	226.753	193.867	0.5647058823529412	0.5647058823529412	0.5647058823529412
C	O2_1	262.326	226.17	193.017	1.0	0.050980392156862744	0.050980392156862744
C	N3_1	263.482	226.116	194.97	0.18823529411764706	0.3137254901960784	0.9725490196078431
C	C4_1	264.244	226.771	195.853	0.5647058823529412	0.5647058823529412	0.5647058823529412
C	N4_1	264.67	226.105	196.928	0.18823529411764706	0.3137254901960784	0.9725490196078431
C	C5_1	264.602	228.141	195.675	0.5647058823529412	0.5647058823529412	0.5647058823529412
C	C6_1	264.138	228.765	194.583	0.5647058823529412	0.5647058823529412	0.5647058823529412
G	P_2	261.802	215.458	199.557	1.0	0.5019607843137255	0.0
G	OP1_2	261.53	213.992	199.474	1.0	0.050980392156862744	0.050980392156862744
G	OP2_2	263.206	215.937	199.705	1.0	0.050980392156862744	0.050980392156862744
G	O5'_2	261.184	216.139	198.253	1.0	0.050980392156862744	0.050980392156862744
G	C5'_2	259.864	215.786	197.772	0.5647058823529412	0.5647058823529412	0.5647058823529412
G	C4'_2	259.466	216.692	196.625	0.5647058823529412	0.5647058823529412	0.5647058823529412
G	O4'_2	259.511	218.071	197.08	1.0	0.050980392156862744	0.050980392156862744
G	C3'_2	260.376	216.651	195.404	0.5647058823529412	0.5647058823529412	0.5647058823529412
G	O3'_2	259.942	215.628	194.501	1.0	0.050980392156862744	0.050980392156862744
G	C2'_2	260.171	218.034	194.785	0.5647058823529412	0.5647058823529412	0.5647058823529412
G	O2'_2	258.995	218.107	194.002	1.0	0.050980392156862744	0.050980392156862744
G	C1'_2	259.963	218.907	196.028	0.5647058823529412	0.5647058823529412	0.5647058823529412
G	N9_2	261.116	219.673	196.503	0.18823529411764706	0.3137254901960784	0.9725490196078431
G	C8_2	261.98	219.332	197.522	0.5647058823529412	0.5647058823529412	0.5647058823529412
G	N7_2	262.88	220.25	197.763	0.18823529411764706	0.3137254901960784	0.9725490196078431
G	C5_2	262.606	221.254	196.839	0.5647058823529412	0.5647058823529412	0.5647058823529412
G	C6_2	263.247	222.512	196.623	0.5647058823529412	0.5647058823529412	0.5647058823529412
G	O6_2	264.204	223.007	197.238	1.0	0.050980392156862744	0.050980392156862744
G	N1_2	262.655	223.214	195.571	0.18823529411764706	0.3137254901960784	0.9725490196078431
G	C2_2	261.583	222.77	194.829	0.5647058823529412	0.5647058823529412	0.5647058823529412
G	N2_2	261.164	223.586	193.849	0.18823529411764706	0.3137254901960784	0.9725490196078431
G	N3_2	260.97	221.609	195.029	0.18823529411764706	0.3137254901960784	0.9725490196078431
G	C4_2	261.53	220.907	196.041	0.5647058823529412	0.5647058823529412	0.5647058823529412
