G	P_1	281.355	187.417	144.553	1.0	0.5019607843137255	0.0
G	OP1_1	280.724	187.355	145.904	1.0	0.050980392156862744	0.050980392156862744
G	OP2_1	280.709	188.219	143.479	1.0	0.050980392156862744	0.050980392156862744
G	O5'_1	282.848	187.941	144.733	1.0	0.050980392156862744	0.050980392156862744
G	C5'_1	283.731	187.332	145.693	0.5647058823529412	0.5647058823529412	0.5647058823529412
G	C4'_1	285.171	187.615	145.336	0.5647058823529412	0.5647058823529412	0.5647058823529412
G	O4'_1	285.481	187.035	144.038	1.0	0.050980392156862744	0.050980392156862744
G	C3'_1	285.557	189.079	145.179	0.5647058823529412	0.5647058823529412	0.5647058823529412
G	O3'_1	285.781	189.693	146.453	1.0	0.050980392156862744	0.050980392156862744
G	C2'_1	286.826	188.981	144.333	0.5647058823529412	0.5647058823529412	0.5647058823529412
G	O2'_1	287.967	188.624	145.089	1.0	0.050980392156862744	0.050980392156862744
G	C1'_1	286.48	187.816	143.398	0.5647058823529412	0.5647058823529412	0.5647058823529412
G	N9_1	285.992	188.225	142.082	0.18823529411764706	0.3137254901960784	0.9725490196078431
G	C8_1	284.686	188.271	141.65	0.5647058823529412	0.5647058823529412	0.5647058823529412
G	N7_1	284.567	188.694	140.419	0.18823529411764706	0.3137254901960784	0.9725490196078431
G	C5_1	285.871	188.939	140.011	0.5647058823529412	0.5647058823529412	0.5647058823529412
G	C6_1	286.372	189.418	138.771	0.5647058823529412	0.5647058823529412	0.5647058823529412
G	O6_1	285.739	189.737	137.756	1.0	0.050980392156862744	0.050980392156862744
G	N1_1	287.761	189.513	138.783	0.18823529411764706	0.3137254901960784	0.9725490196078431
G	C2_1	288.567	189.194	139.85	0.5647058823529412	0.5647058823529412	0.5647058823529412
G	N2_1	289.889	189.348	139.665	0.18823529411764706	0.3137254901960784	0.9725490196078431
G	N3_1	288.112	188.754	141.013	0.18823529411764706	0.3137254901960784	0.9725490196078431
G	C4_1	286.765	188.65	141.023	0.5647058823529412	0.5647058823529412	0.5647058823529412
C	P_2	293.444	193.974	130.389	1.0	0.5019607843137255	0.0
C	OP1_2	294.704	193.885	129.596	1.0	0.050980392156862744	0.050980392156862744
C	OP2_2	292.204	193.308	129.888	1.0	0.050980392156862744	0.050980392156862744
C	O5'_2	293.743	193.463	131.868	1.0	0.050980392156862744	0.050980392156862744
C	C5'_2	293.615	192.077	132.217	0.5647058823529412	0.5647058823529412	0.5647058823529412
C	C4'_2	293.571	191.926	133.716	0.5647058823529412	0.5647058823529412	0.5647058823529412
C	O4'_2	292.418	192.634	134.242	1.0	0.050980392156862744	0.050980392156862744
C	C3'_2	293.391	190.501	134.209	0.5647058823529412	0.5647058823529412	0.5647058823529412
C	O3'_2	294.646	189.821	134.25	1.0	0.050980392156862744	0.050980392156862744
C	C2'_2	292.807	190.712	135.603	0.5647058823529412	0.5647058823529412	0.5647058823529412
C	O2'_2	293.788	191.03	136.57	1.0	0.050980392156862744	0.050980392156862744
C	C1'_2	291.919	191.941	135.377	0.5647058823529412	0.5647058823529412	0.5647058823529412
C	N1_2	290.48	191.656	135.182	0.18823529411764706	0.3137254901960784	0.9725490196078431
C	C2_2	289.698	191.312	136.306	0.5647058823529412	0.5647058823529412	0.5647058823529412
C	O2_2	290.243	191.238	137.424	1.0	0.050980392156862744	0.050980392156862744
C	N3_2	288.377	191.073	136.141	0.18823529411764706	0.3137254901960784	0.9725490196078431
C	C4_2	287.827	191.16	134.926	0.5647058823529412	0.5647058823529412	0.5647058823529412
C	N4_2	286.52	190.92	134.817	0.18823529411764706	0.3137254901960784	0.9725490196078431
C	C5_2	288.593	191.497	133.77	0.5647058823529412	0.5647058823529412	0.5647058823529412
C	C6_2	289.903	191.733	133.941	0.5647058823529412	0.5647058823529412	0.5647058823529412
