G	P_1	111.202	210.378	205.617	1.0	0.5019607843137255	0.0
G	OP1_1	110.43	209.379	206.416	1.0	0.050980392156862744	0.050980392156862744
G	OP2_1	111.33	211.779	206.118	1.0	0.050980392156862744	0.050980392156862744
G	O5'_1	112.667	209.786	205.401	1.0	0.050980392156862744	0.050980392156862744
G	C5'_1	112.862	208.526	204.726	0.5647058823529412	0.5647058823529412	0.5647058823529412
G	C4'_1	114.333	208.285	204.484	0.5647058823529412	0.5647058823529412	0.5647058823529412
G	O4'_1	114.878	209.355	203.664	1.0	0.050980392156862744	0.050980392156862744
G	C3'_1	115.213	208.287	205.724	0.5647058823529412	0.5647058823529412	0.5647058823529412
G	O3'_1	115.183	207.019	206.377	1.0	0.050980392156862744	0.050980392156862744
G	C2'_1	116.588	208.612	205.149	0.5647058823529412	0.5647058823529412	0.5647058823529412
G	O2'_1	117.222	207.493	204.56	1.0	0.050980392156862744	0.050980392156862744
G	C1'_1	116.225	209.606	204.042	0.5647058823529412	0.5647058823529412	0.5647058823529412
G	N9_1	116.358	211.012	204.417	0.18823529411764706	0.3137254901960784	0.9725490196078431
G	C8_1	115.344	211.9	204.703	0.5647058823529412	0.5647058823529412	0.5647058823529412
G	N7_1	115.774	213.108	204.953	0.18823529411764706	0.3137254901960784	0.9725490196078431
G	C5_1	117.155	213.013	204.836	0.5647058823529412	0.5647058823529412	0.5647058823529412
G	C6_1	118.161	214.007	204.981	0.5647058823529412	0.5647058823529412	0.5647058823529412
G	O6_1	118.025	215.212	205.232	1.0	0.050980392156862744	0.050980392156862744
G	N1_1	119.434	213.479	204.79	0.18823529411764706	0.3137254901960784	0.9725490196078431
G	C2_1	119.709	212.165	204.491	0.5647058823529412	0.5647058823529412	0.5647058823529412
G	N2_1	121.012	211.85	204.346	0.18823529411764706	0.3137254901960784	0.9725490196078431
G	N3_1	118.779	211.229	204.342	0.18823529411764706	0.3137254901960784	0.9725490196078431
G	C4_1	117.534	211.721	204.525	0.5647058823529412	0.5647058823529412	0.5647058823529412
C	P_2	126.869	220.203	206.394	1.0	0.5019607843137255	0.0
C	OP1_2	128.293	220.65	206.311	1.0	0.050980392156862744	0.050980392156862744
C	OP2_2	125.803	221.028	205.761	1.0	0.050980392156862744	0.050980392156862744
C	O5'_2	126.767	218.728	205.804	1.0	0.050980392156862744	0.050980392156862744
C	C5'_2	127.79	217.743	206.071	0.5647058823529412	0.5647058823529412	0.5647058823529412
C	C4'_2	127.399	216.422	205.453	0.5647058823529412	0.5647058823529412	0.5647058823529412
C	O4'_2	126.189	215.953	206.1	1.0	0.050980392156862744	0.050980392156862744
C	C3'_2	127.061	216.48	203.965	0.5647058823529412	0.5647058823529412	0.5647058823529412
C	O3'_2	128.235	216.293	203.161	1.0	0.050980392156862744	0.050980392156862744
C	C2'_2	126.096	215.309	203.799	0.5647058823529412	0.5647058823529412	0.5647058823529412
C	O2'_2	126.761	214.07	203.641	1.0	0.050980392156862744	0.050980392156862744
C	C1'_2	125.36	215.313	205.147	0.5647058823529412	0.5647058823529412	0.5647058823529412
C	N1_2	124.031	215.961	205.172	0.18823529411764706	0.3137254901960784	0.9725490196078431
C	C2_2	122.881	215.155	205.05	0.5647058823529412	0.5647058823529412	0.5647058823529412
C	O2_2	123.013	213.924	204.886	1.0	0.050980392156862744	0.050980392156862744
C	N3_2	121.658	215.74	205.115	0.18823529411764706	0.3137254901960784	0.9725490196078431
C	C4_2	121.555	217.062	205.286	0.5647058823529412	0.5647058823529412	0.5647058823529412
C	N4_2	120.327	217.591	205.354	0.18823529411764706	0.3137254901960784	0.9725490196078431
C	C5_2	122.704	217.902	205.395	0.5647058823529412	0.5647058823529412	0.5647058823529412
C	C6_2	123.909	217.317	205.33	0.5647058823529412	0.5647058823529412	0.5647058823529412
