G	P_1	181.08	141.433	168.451	1.0	0.5019607843137255	0.0
G	OP1_1	181.362	141.601	166.997	1.0	0.050980392156862744	0.050980392156862744
G	OP2_1	179.702	141.675	168.964	1.0	0.050980392156862744	0.050980392156862744
G	O5'_1	181.524	139.962	168.885	1.0	0.050980392156862744	0.050980392156862744
G	C5'_1	182.784	139.406	168.447	0.5647058823529412	0.5647058823529412	0.5647058823529412
G	C4'_1	183.101	138.14	169.219	0.5647058823529412	0.5647058823529412	0.5647058823529412
G	O4'_1	183.162	138.446	170.638	1.0	0.050980392156862744	0.050980392156862744
G	C3'_1	182.085	137.008	169.132	0.5647058823529412	0.5647058823529412	0.5647058823529412
G	O3'_1	182.276	136.215	167.958	1.0	0.050980392156862744	0.050980392156862744
G	C2'_1	182.391	136.208	170.393	0.5647058823529412	0.5647058823529412	0.5647058823529412
G	O2'_1	183.526	135.375	170.248	1.0	0.050980392156862744	0.050980392156862744
G	C1'_1	182.722	137.324	171.388	0.5647058823529412	0.5647058823529412	0.5647058823529412
G	N9_1	181.602	137.73	172.24	0.18823529411764706	0.3137254901960784	0.9725490196078431
G	C8_1	180.831	138.867	172.127	0.5647058823529412	0.5647058823529412	0.5647058823529412
G	N7_1	179.904	138.953	173.045	0.18823529411764706	0.3137254901960784	0.9725490196078431
G	C5_1	180.064	137.802	173.809	0.5647058823529412	0.5647058823529412	0.5647058823529412
G	C6_1	179.338	137.338	174.943	0.5647058823529412	0.5647058823529412	0.5647058823529412
G	O6_1	178.383	137.873	175.516	1.0	0.050980392156862744	0.050980392156862744
G	N1_1	179.83	136.121	175.403	0.18823529411764706	0.3137254901960784	0.9725490196078431
G	C2_1	180.884	135.436	174.849	0.5647058823529412	0.5647058823529412	0.5647058823529412
G	N2_1	181.209	134.274	175.439	0.18823529411764706	0.3137254901960784	0.9725490196078431
G	N3_1	181.569	135.856	173.795	0.18823529411764706	0.3137254901960784	0.9725490196078431
G	C4_1	181.108	137.037	173.329	0.5647058823529412	0.5647058823529412	0.5647058823529412
C	P_2	175.524	130.537	184.732	1.0	0.5019607843137255	0.0
C	OP1_2	174.253	131.301	184.921	1.0	0.050980392156862744	0.050980392156862744
C	OP2_2	175.47	129.139	184.223	1.0	0.050980392156862744	0.050980392156862744
C	O5'_2	176.486	131.372	183.772	1.0	0.050980392156862744	0.050980392156862744
C	C5'_2	176.125	131.635	182.399	0.5647058823529412	0.5647058823529412	0.5647058823529412
C	C4'_2	177.187	131.094	181.461	0.5647058823529412	0.5647058823529412	0.5647058823529412
C	O4'_2	176.781	131.327	180.083	1.0	0.050980392156862744	0.050980392156862744
C	C3'_2	178.567	131.729	181.581	0.5647058823529412	0.5647058823529412	0.5647058823529412
C	O3'_2	179.345	131.093	182.591	1.0	0.050980392156862744	0.050980392156862744
C	C2'_2	179.138	131.552	180.177	0.5647058823529412	0.5647058823529412	0.5647058823529412
C	O2'_2	179.615	130.243	179.936	1.0	0.050980392156862744	0.050980392156862744
C	C1'_2	177.889	131.795	179.326	0.5647058823529412	0.5647058823529412	0.5647058823529412
C	N1_2	177.64	133.218	178.991	0.18823529411764706	0.3137254901960784	0.9725490196078431
C	C2_2	178.384	133.829	177.953	0.5647058823529412	0.5647058823529412	0.5647058823529412
C	O2_2	179.264	133.172	177.37	1.0	0.050980392156862744	0.050980392156862744
C	N3_2	178.114	135.118	177.623	0.18823529411764706	0.3137254901960784	0.9725490196078431
C	C4_2	177.158	135.794	178.283	0.5647058823529412	0.5647058823529412	0.5647058823529412
C	N4_2	176.909	137.051	177.916	0.18823529411764706	0.3137254901960784	0.9725490196078431
C	C5_2	176.412	135.205	179.35	0.5647058823529412	0.5647058823529412	0.5647058823529412
C	C6_2	176.683	133.934	179.668	0.5647058823529412	0.5647058823529412	0.5647058823529412
