C	P_1	221.748	245.158	213.865	1.0	0.5019607843137255	0.0
C	OP1_1	221.413	245.631	215.24	1.0	0.050980392156862744	0.050980392156862744
C	OP2_1	221.473	243.748	213.485	1.0	0.050980392156862744	0.050980392156862744
C	O5'_1	221.009	246.105	212.812	1.0	0.050980392156862744	0.050980392156862744
C	C5'_1	221.082	247.548	212.917	0.5647058823529412	0.5647058823529412	0.5647058823529412
C	C4'_1	220.447	248.195	211.703	0.5647058823529412	0.5647058823529412	0.5647058823529412
C	O4'_1	221.2	247.834	210.511	1.0	0.050980392156862744	0.050980392156862744
C	C3'_1	219.022	247.76	211.391	0.5647058823529412	0.5647058823529412	0.5647058823529412
C	O3'_1	218.051	248.444	212.183	1.0	0.050980392156862744	0.050980392156862744
C	C2'_1	218.913	248.072	209.907	0.5647058823529412	0.5647058823529412	0.5647058823529412
C	O2'_1	218.702	249.441	209.645	1.0	0.050980392156862744	0.050980392156862744
C	C1'_1	220.308	247.673	209.416	0.5647058823529412	0.5647058823529412	0.5647058823529412
C	N1_1	220.369	246.27	208.945	0.18823529411764706	0.3137254901960784	0.9725490196078431
C	C2_1	220.064	245.99	207.596	0.5647058823529412	0.5647058823529412	0.5647058823529412
C	O2_1	219.777	246.931	206.831	1.0	0.050980392156862744	0.050980392156862744
C	N3_1	220.09	244.702	207.168	0.18823529411764706	0.3137254901960784	0.9725490196078431
C	C4_1	220.404	243.717	208.02	0.5647058823529412	0.5647058823529412	0.5647058823529412
C	N4_1	220.407	242.461	207.558	0.18823529411764706	0.3137254901960784	0.9725490196078431
C	C5_1	220.728	243.975	209.387	0.5647058823529412	0.5647058823529412	0.5647058823529412
C	C6_1	220.702	245.251	209.8	0.5647058823529412	0.5647058823529412	0.5647058823529412
G	P_2	215.436	241.347	195.783	1.0	0.5019607843137255	0.0
G	OP1_2	215.411	241.542	194.307	1.0	0.050980392156862744	0.050980392156862744
G	OP2_2	216.557	240.586	196.408	1.0	0.050980392156862744	0.050980392156862744
G	O5'_2	215.355	242.774	196.483	1.0	0.050980392156862744	0.050980392156862744
G	C5'_2	216.537	243.518	196.803	0.5647058823529412	0.5647058823529412	0.5647058823529412
G	C4'_2	216.189	244.661	197.727	0.5647058823529412	0.5647058823529412	0.5647058823529412
G	O4'_2	215.717	244.142	199.003	1.0	0.050980392156862744	0.050980392156862744
G	C3'_2	217.357	245.559	198.1	0.5647058823529412	0.5647058823529412	0.5647058823529412
G	O3'_2	217.579	246.519	197.066	1.0	0.050980392156862744	0.050980392156862744
G	C2'_2	216.892	246.175	199.418	0.5647058823529412	0.5647058823529412	0.5647058823529412
G	O2'_2	215.996	247.252	199.244	1.0	0.050980392156862744	0.050980392156862744
G	C1'_2	216.136	245.002	200.054	0.5647058823529412	0.5647058823529412	0.5647058823529412
G	N9_2	216.905	244.218	201.021	0.18823529411764706	0.3137254901960784	0.9725490196078431
G	C8_2	217.307	242.907	200.89	0.5647058823529412	0.5647058823529412	0.5647058823529412
G	N7_2	217.971	242.465	201.926	0.18823529411764706	0.3137254901960784	0.9725490196078431
G	C5_2	218.013	243.544	202.799	0.5647058823529412	0.5647058823529412	0.5647058823529412
G	C6_2	218.6	243.658	204.088	0.5647058823529412	0.5647058823529412	0.5647058823529412
G	O6_2	219.211	242.795	204.734	1.0	0.050980392156862744	0.050980392156862744
G	N1_2	218.421	244.931	204.624	0.18823529411764706	0.3137254901960784	0.9725490196078431
G	C2_2	217.76	245.964	204.001	0.5647058823529412	0.5647058823529412	0.5647058823529412
G	N2_2	217.697	247.125	204.681	0.18823529411764706	0.3137254901960784	0.9725490196078431
G	N3_2	217.2	245.869	202.797	0.18823529411764706	0.3137254901960784	0.9725490196078431
G	C4_2	217.364	244.639	202.258	0.5647058823529412	0.5647058823529412	0.5647058823529412
