G	P_1	267.025	158.398	209.66	1.0	0.5019607843137255	0.0
G	OP1_1	266.467	159.06	210.874	1.0	0.050980392156862744	0.050980392156862744
G	OP2_1	267.936	157.235	209.813	1.0	0.050980392156862744	0.050980392156862744
G	O5'_1	265.801	157.957	208.734	1.0	0.050980392156862744	0.050980392156862744
G	C5'_1	264.823	158.926	208.293	0.5647058823529412	0.5647058823529412	0.5647058823529412
G	C4'_1	263.943	158.346	207.202	0.5647058823529412	0.5647058823529412	0.5647058823529412
G	O4'_1	264.744	157.971	206.043	1.0	0.050980392156862744	0.050980392156862744
G	C3'_1	263.18	157.076	207.538	0.5647058823529412	0.5647058823529412	0.5647058823529412
G	O3'_1	262.012	157.374	208.299	1.0	0.050980392156862744	0.050980392156862744
G	C2'_1	262.848	156.533	206.15	0.5647058823529412	0.5647058823529412	0.5647058823529412
G	O2'_1	261.752	157.196	205.554	1.0	0.050980392156862744	0.050980392156862744
G	C1'_1	264.127	156.878	205.372	0.5647058823529412	0.5647058823529412	0.5647058823529412
G	N9_1	265.086	155.775	205.277	0.18823529411764706	0.3137254901960784	0.9725490196078431
G	C8_1	266.358	155.726	205.804	0.5647058823529412	0.5647058823529412	0.5647058823529412
G	N7_1	266.967	154.591	205.575	0.18823529411764706	0.3137254901960784	0.9725490196078431
G	C5_1	266.049	153.846	204.845	0.5647058823529412	0.5647058823529412	0.5647058823529412
G	C6_1	266.139	152.524	204.326	0.5647058823529412	0.5647058823529412	0.5647058823529412
G	O6_1	267.081	151.725	204.408	1.0	0.050980392156862744	0.050980392156862744
G	N1_1	264.975	152.156	203.658	0.18823529411764706	0.3137254901960784	0.9725490196078431
G	C2_1	263.865	152.95	203.512	0.5647058823529412	0.5647058823529412	0.5647058823529412
G	N2_1	262.835	152.413	202.839	0.18823529411764706	0.3137254901960784	0.9725490196078431
G	N3_1	263.765	154.183	203.992	0.18823529411764706	0.3137254901960784	0.9725490196078431
G	C4_1	264.886	154.564	204.643	0.5647058823529412	0.5647058823529412	0.5647058823529412
C	P_2	259.49	143.325	197.578	1.0	0.5019607843137255	0.0
C	OP1_2	259.065	142.067	198.246	1.0	0.050980392156862744	0.050980392156862744
C	OP2_2	258.469	144.359	197.249	1.0	0.050980392156862744	0.050980392156862744
C	O5'_2	260.599	144.027	198.488	1.0	0.050980392156862744	0.050980392156862744
C	C5'_2	261.429	145.082	197.96	0.5647058823529412	0.5647058823529412	0.5647058823529412
C	C4'_2	260.958	146.427	198.467	0.5647058823529412	0.5647058823529412	0.5647058823529412
C	O4'_2	261.205	146.533	199.901	1.0	0.050980392156862744	0.050980392156862744
C	C3'_2	261.692	147.641	197.914	0.5647058823529412	0.5647058823529412	0.5647058823529412
C	O3'_2	261.291	147.987	196.589	1.0	0.050980392156862744	0.050980392156862744
C	C2'_2	261.341	148.708	198.945	0.5647058823529412	0.5647058823529412	0.5647058823529412
C	O2'_2	260.029	149.215	198.801	1.0	0.050980392156862744	0.050980392156862744
C	C1'_2	261.443	147.899	200.242	0.5647058823529412	0.5647058823529412	0.5647058823529412
C	N1_2	262.781	148.038	200.871	0.18823529411764706	0.3137254901960784	0.9725490196078431
C	C2_2	262.966	149.052	201.835	0.5647058823529412	0.5647058823529412	0.5647058823529412
C	O2_2	261.993	149.751	202.169	1.0	0.050980392156862744	0.050980392156862744
C	N3_2	264.2	149.237	202.373	0.18823529411764706	0.3137254901960784	0.9725490196078431
C	C4_2	265.22	148.459	201.996	0.5647058823529412	0.5647058823529412	0.5647058823529412
C	N4_2	266.415	148.695	202.541	0.18823529411764706	0.3137254901960784	0.9725490196078431
C	C5_2	265.057	147.409	201.043	0.5647058823529412	0.5647058823529412	0.5647058823529412
C	C6_2	263.833	147.231	200.515	0.5647058823529412	0.5647058823529412	0.5647058823529412
