C	P_1	269.128	172.606	138.001	1.0	0.5019607843137255	0.0
C	OP1_1	270.065	173.127	136.963	1.0	0.050980392156862744	0.050980392156862744
C	OP2_1	268.978	171.137	138.185	1.0	0.050980392156862744	0.050980392156862744
C	O5'_1	269.547	173.237	139.404	1.0	0.050980392156862744	0.050980392156862744
C	C5'_1	269.591	174.668	139.596	0.5647058823529412	0.5647058823529412	0.5647058823529412
C	C4'_1	269.54	174.995	141.07	0.5647058823529412	0.5647058823529412	0.5647058823529412
C	O4'_1	268.29	174.503	141.619	1.0	0.050980392156862744	0.050980392156862744
C	C3'_1	270.615	174.343	141.931	0.5647058823529412	0.5647058823529412	0.5647058823529412
C	O3'_1	271.83	175.093	141.911	1.0	0.050980392156862744	0.050980392156862744
C	C2'_1	269.965	174.336	143.307	0.5647058823529412	0.5647058823529412	0.5647058823529412
C	O2'_1	270.045	175.594	143.946	1.0	0.050980392156862744	0.050980392156862744
C	C1'_1	268.503	174.051	142.947	0.5647058823529412	0.5647058823529412	0.5647058823529412
C	N1_1	268.125	172.626	143.032	0.18823529411764706	0.3137254901960784	0.9725490196078431
C	C2_1	267.712	172.106	144.273	0.5647058823529412	0.5647058823529412	0.5647058823529412
C	O2_1	267.67	172.859	145.261	1.0	0.050980392156862744	0.050980392156862744
C	N3_1	267.37	170.801	144.358	0.18823529411764706	0.3137254901960784	0.9725490196078431
C	C4_1	267.423	170.024	143.273	0.5647058823529412	0.5647058823529412	0.5647058823529412
C	N4_1	267.076	168.745	143.406	0.18823529411764706	0.3137254901960784	0.9725490196078431
C	C5_1	267.834	170.526	142.002	0.5647058823529412	0.5647058823529412	0.5647058823529412
C	C6_1	268.173	171.817	141.928	0.5647058823529412	0.5647058823529412	0.5647058823529412
G	P_2	266.176	163.766	154.064	1.0	0.5019607843137255	0.0
G	OP1_2	265.76	163.605	155.488	1.0	0.050980392156862744	0.050980392156862744
G	OP2_2	265.319	163.207	152.984	1.0	0.050980392156862744	0.050980392156862744
G	O5'_2	266.398	165.319	153.781	1.0	0.050980392156862744	0.050980392156862744
G	C5'_2	267.15	166.137	154.706	0.5647058823529412	0.5647058823529412	0.5647058823529412
G	C4'_2	267.282	167.553	154.182	0.5647058823529412	0.5647058823529412	0.5647058823529412
G	O4'_2	268.202	167.593	153.057	1.0	0.050980392156862744	0.050980392156862744
G	C3'_2	266.019	168.206	153.637	0.5647058823529412	0.5647058823529412	0.5647058823529412
G	O3'_2	265.151	168.685	154.666	1.0	0.050980392156862744	0.050980392156862744
G	C2'_2	266.593	169.325	152.777	0.5647058823529412	0.5647058823529412	0.5647058823529412
G	O2'_2	267.017	170.443	153.531	1.0	0.050980392156862744	0.050980392156862744
G	C1'_2	267.821	168.638	152.171	0.5647058823529412	0.5647058823529412	0.5647058823529412
G	N9_2	267.537	168.067	150.859	0.18823529411764706	0.3137254901960784	0.9725490196078431
G	C8_2	267.032	166.817	150.584	0.5647058823529412	0.5647058823529412	0.5647058823529412
G	N7_2	266.859	166.604	149.308	0.18823529411764706	0.3137254901960784	0.9725490196078431
G	C5_2	267.277	167.781	148.702	0.5647058823529412	0.5647058823529412	0.5647058823529412
G	C6_2	267.31	168.146	147.332	0.5647058823529412	0.5647058823529412	0.5647058823529412
G	O6_2	266.96	167.48	146.349	1.0	0.050980392156862744	0.050980392156862744
G	N1_2	267.81	169.435	147.157	0.18823529411764706	0.3137254901960784	0.9725490196078431
G	C2_2	268.218	170.27	148.171	0.5647058823529412	0.5647058823529412	0.5647058823529412
G	N2_2	268.672	171.477	147.796	0.18823529411764706	0.3137254901960784	0.9725490196078431
G	N3_2	268.184	169.943	149.455	0.18823529411764706	0.3137254901960784	0.9725490196078431
G	C4_2	267.706	168.692	149.645	0.5647058823529412	0.5647058823529412	0.5647058823529412
