G	P_1	146.054	158.355	161.222	1.0	0.5019607843137255	0.0
G	OP1_1	145.045	157.758	162.146	1.0	0.050980392156862744	0.050980392156862744
G	OP2_1	145.596	159.179	160.073	1.0	0.050980392156862744	0.050980392156862744
G	O5'_1	147.068	159.231	162.086	1.0	0.050980392156862744	0.050980392156862744
G	C5'_1	147.622	158.728	163.318	0.5647058823529412	0.5647058823529412	0.5647058823529412
G	C4'_1	148.923	159.433	163.631	0.5647058823529412	0.5647058823529412	0.5647058823529412
G	O4'_1	149.873	159.176	162.56	1.0	0.050980392156862744	0.050980392156862744
G	C3'_1	148.87	160.955	163.714	0.5647058823529412	0.5647058823529412	0.5647058823529412
G	O3'_1	148.4	161.418	164.986	1.0	0.050980392156862744	0.050980392156862744
G	C2'_1	150.324	161.334	163.46	0.5647058823529412	0.5647058823529412	0.5647058823529412
G	O2'_1	151.149	161.174	164.597	1.0	0.050980392156862744	0.050980392156862744
G	C1'_1	150.717	160.307	162.393	0.5647058823529412	0.5647058823529412	0.5647058823529412
G	N9_1	150.561	160.819	161.032	0.18823529411764706	0.3137254901960784	0.9725490196078431
G	C8_1	149.556	160.529	160.134	0.5647058823529412	0.5647058823529412	0.5647058823529412
G	N7_1	149.676	161.171	159.003	0.18823529411764706	0.3137254901960784	0.9725490196078431
G	C5_1	150.833	161.927	159.157	0.5647058823529412	0.5647058823529412	0.5647058823529412
G	C6_1	151.463	162.838	158.266	0.5647058823529412	0.5647058823529412	0.5647058823529412
G	O6_1	151.109	163.172	157.128	1.0	0.050980392156862744	0.050980392156862744
G	N1_1	152.616	163.386	158.824	0.18823529411764706	0.3137254901960784	0.9725490196078431
G	C2_1	153.1	163.102	160.08	0.5647058823529412	0.5647058823529412	0.5647058823529412
G	N2_1	154.228	163.734	160.44	0.18823529411764706	0.3137254901960784	0.9725490196078431
G	N3_1	152.52	162.26	160.922	0.18823529411764706	0.3137254901960784	0.9725490196078431
G	C4_1	151.398	161.713	160.398	0.5647058823529412	0.5647058823529412	0.5647058823529412
C	P_2	157.115	170.411	153.213	1.0	0.5019607843137255	0.0
C	OP1_2	158.482	170.902	152.865	1.0	0.050980392156862744	0.050980392156862744
C	OP2_2	156.476	169.36	152.374	1.0	0.050980392156862744	0.050980392156862744
C	O5'_2	157.137	169.88	154.717	1.0	0.050980392156862744	0.050980392156862744
C	C5'_2	158.027	170.45	155.7	0.5647058823529412	0.5647058823529412	0.5647058823529412
C	C4'_2	158.046	169.596	156.948	0.5647058823529412	0.5647058823529412	0.5647058823529412
C	O4'_2	156.709	169.557	157.515	1.0	0.050980392156862744	0.050980392156862744
C	C3'_2	158.407	168.13	156.757	0.5647058823529412	0.5647058823529412	0.5647058823529412
C	O3'_2	159.814	167.919	156.689	1.0	0.050980392156862744	0.050980392156862744
C	C2'_2	157.779	167.481	157.984	0.5647058823529412	0.5647058823529412	0.5647058823529412
C	O2'_2	158.543	167.653	159.162	1.0	0.050980392156862744	0.050980392156862744
C	C1'_2	156.48	168.284	158.108	0.5647058823529412	0.5647058823529412	0.5647058823529412
C	N1_2	155.327	167.64	157.441	0.18823529411764706	0.3137254901960784	0.9725490196078431
C	C2_2	154.662	166.592	158.105	0.5647058823529412	0.5647058823529412	0.5647058823529412
C	O2_2	155.063	166.237	159.232	1.0	0.050980392156862744	0.050980392156862744
C	N3_2	153.604	165.999	157.504	0.18823529411764706	0.3137254901960784	0.9725490196078431
C	C4_2	153.203	166.41	156.297	0.5647058823529412	0.5647058823529412	0.5647058823529412
C	N4_2	152.157	165.796	155.745	0.18823529411764706	0.3137254901960784	0.9725490196078431
C	C5_2	153.859	167.47	155.603	0.5647058823529412	0.5647058823529412	0.5647058823529412
C	C6_2	154.906	168.049	156.203	0.5647058823529412	0.5647058823529412	0.5647058823529412
