G	P_1	186.77	233.209	145.198	1.0	0.5019607843137255	0.0
G	OP1_1	187.004	234.212	146.275	1.0	0.050980392156862744	0.050980392156862744
G	OP2_1	187.307	233.46	143.832	1.0	0.050980392156862744	0.050980392156862744
G	O5'_1	187.319	231.803	145.716	1.0	0.050980392156862744	0.050980392156862744
G	C5'_1	188.612	231.316	145.305	0.5647058823529412	0.5647058823529412	0.5647058823529412
G	C4'_1	188.483	229.925	144.726	0.5647058823529412	0.5647058823529412	0.5647058823529412
G	O4'_1	187.465	229.925	143.686	1.0	0.050980392156862744	0.050980392156862744
G	C3'_1	189.729	229.39	144.038	0.5647058823529412	0.5647058823529412	0.5647058823529412
G	O3'_1	190.634	228.806	144.975	1.0	0.050980392156862744	0.050980392156862744
G	C2'_1	189.152	228.364	143.071	0.5647058823529412	0.5647058823529412	0.5647058823529412
G	O2'_1	188.843	227.136	143.701	1.0	0.050980392156862744	0.050980392156862744
G	C1'_1	187.858	229.059	142.631	0.5647058823529412	0.5647058823529412	0.5647058823529412
G	N9_1	187.997	229.849	141.407	0.18823529411764706	0.3137254901960784	0.9725490196078431
G	C8_1	188.046	231.222	141.304	0.5647058823529412	0.5647058823529412	0.5647058823529412
G	N7_1	188.179	231.642	140.074	0.18823529411764706	0.3137254901960784	0.9725490196078431
G	C5_1	188.218	230.48	139.315	0.5647058823529412	0.5647058823529412	0.5647058823529412
G	C6_1	188.354	230.304	137.912	0.5647058823529412	0.5647058823529412	0.5647058823529412
G	O6_1	188.469	231.169	137.035	1.0	0.050980392156862744	0.050980392156862744
G	N1_1	188.349	228.957	137.563	0.18823529411764706	0.3137254901960784	0.9725490196078431
G	C2_1	188.227	227.91	138.449	0.5647058823529412	0.5647058823529412	0.5647058823529412
G	N2_1	188.241	226.675	137.92	0.18823529411764706	0.3137254901960784	0.9725490196078431
G	N3_1	188.1	228.06	139.76	0.18823529411764706	0.3137254901960784	0.9725490196078431
G	C4_1	188.105	229.362	140.121	0.5647058823529412	0.5647058823529412	0.5647058823529412
C	P_2	188.169	227.039	127.74	1.0	0.5019607843137255	0.0
C	OP1_2	187.573	226.387	126.535	1.0	0.050980392156862744	0.050980392156862744
C	OP2_2	187.756	228.42	128.105	1.0	0.050980392156862744	0.050980392156862744
C	O5'_2	187.901	226.098	128.997	1.0	0.050980392156862744	0.050980392156862744
C	C5'_2	188.371	224.734	129.019	0.5647058823529412	0.5647058823529412	0.5647058823529412
C	C4'_2	188.302	224.188	130.424	0.5647058823529412	0.5647058823529412	0.5647058823529412
C	O4'_2	189.281	224.862	131.257	1.0	0.050980392156862744	0.050980392156862744
C	C3'_2	186.977	224.407	131.144	0.5647058823529412	0.5647058823529412	0.5647058823529412
C	O3'_2	186.012	223.414	130.772	1.0	0.050980392156862744	0.050980392156862744
C	C2'_2	187.385	224.319	132.613	0.5647058823529412	0.5647058823529412	0.5647058823529412
C	O2'_2	187.484	222.991	133.088	1.0	0.050980392156862744	0.050980392156862744
C	C1'_2	188.782	224.956	132.583	0.5647058823529412	0.5647058823529412	0.5647058823529412
C	N1_2	188.821	226.365	133.021	0.18823529411764706	0.3137254901960784	0.9725490196078431
C	C2_2	188.993	226.641	134.391	0.5647058823529412	0.5647058823529412	0.5647058823529412
C	O2_2	189.141	225.695	135.185	1.0	0.050980392156862744	0.050980392156862744
C	N3_2	188.998	227.927	134.809	0.18823529411764706	0.3137254901960784	0.9725490196078431
C	C4_2	188.85	228.917	133.925	0.5647058823529412	0.5647058823529412	0.5647058823529412
C	N4_2	188.853	230.165	134.385	0.18823529411764706	0.3137254901960784	0.9725490196078431
C	C5_2	188.692	228.668	132.528	0.5647058823529412	0.5647058823529412	0.5647058823529412
C	C6_2	188.684	227.39	132.124	0.5647058823529412	0.5647058823529412	0.5647058823529412
