C	P_1	188.532	142.635	173.828	1.0	0.5019607843137255	0.0
C	OP1_1	188.545	141.402	172.981	1.0	0.050980392156862744	0.050980392156862744
C	OP2_1	189.79	143.083	174.488	1.0	0.050980392156862744	0.050980392156862744
C	O5'_1	187.976	143.844	172.95	1.0	0.050980392156862744	0.050980392156862744
C	C5'_1	186.699	143.739	172.281	0.5647058823529412	0.5647058823529412	0.5647058823529412
C	C4'_1	186.394	145.01	171.521	0.5647058823529412	0.5647058823529412	0.5647058823529412
C	O4'_1	185.973	146.064	172.431	1.0	0.050980392156862744	0.050980392156862744
C	C3'_1	187.558	145.628	170.755	0.5647058823529412	0.5647058823529412	0.5647058823529412
C	O3'_1	187.825	144.951	169.524	1.0	0.050980392156862744	0.050980392156862744
C	C2'_1	187.078	147.064	170.568	0.5647058823529412	0.5647058823529412	0.5647058823529412
C	O2'_1	186.127	147.199	169.529	1.0	0.050980392156862744	0.050980392156862744
C	C1'_1	186.396	147.324	171.917	0.5647058823529412	0.5647058823529412	0.5647058823529412
C	N1_1	187.306	147.963	172.893	0.18823529411764706	0.3137254901960784	0.9725490196078431
C	C2_1	187.239	149.355	173.065	0.5647058823529412	0.5647058823529412	0.5647058823529412
C	O2_1	186.408	150.006	172.405	1.0	0.050980392156862744	0.050980392156862744
C	N3_1	188.08	149.949	173.944	0.18823529411764706	0.3137254901960784	0.9725490196078431
C	C4_1	188.96	149.212	174.634	0.5647058823529412	0.5647058823529412	0.5647058823529412
C	N4_1	189.773	149.843	175.484	0.18823529411764706	0.3137254901960784	0.9725490196078431
C	C5_1	189.045	147.797	174.483	0.5647058823529412	0.5647058823529412	0.5647058823529412
C	C6_1	188.207	147.22	173.612	0.5647058823529412	0.5647058823529412	0.5647058823529412
G	P_2	191.95	161.346	173.988	1.0	0.5019607843137255	0.0
G	OP1_2	191.391	162.736	173.981	1.0	0.050980392156862744	0.050980392156862744
G	OP2_2	192.179	160.654	175.287	1.0	0.050980392156862744	0.050980392156862744
G	O5'_2	191.014	160.426	173.078	1.0	0.050980392156862744	0.050980392156862744
G	C5'_2	190.583	160.873	171.776	0.5647058823529412	0.5647058823529412	0.5647058823529412
G	C4'_2	189.665	159.853	171.138	0.5647058823529412	0.5647058823529412	0.5647058823529412
G	O4'_2	190.39	158.614	170.902	1.0	0.050980392156862744	0.050980392156862744
G	C3'_2	188.437	159.412	171.926	0.5647058823529412	0.5647058823529412	0.5647058823529412
G	O3'_2	187.358	160.346	171.816	1.0	0.050980392156862744	0.050980392156862744
G	C2'_2	188.087	158.096	171.235	0.5647058823529412	0.5647058823529412	0.5647058823529412
G	O2'_2	187.403	158.283	170.012	1.0	0.050980392156862744	0.050980392156862744
G	C1'_2	189.478	157.519	170.943	0.5647058823529412	0.5647058823529412	0.5647058823529412
G	N9_2	189.923	156.551	171.95	0.18823529411764706	0.3137254901960784	0.9725490196078431
G	C8_2	190.818	156.765	172.976	0.5647058823529412	0.5647058823529412	0.5647058823529412
G	N7_2	190.997	155.713	173.731	0.18823529411764706	0.3137254901960784	0.9725490196078431
G	C5_2	190.176	154.739	173.173	0.5647058823529412	0.5647058823529412	0.5647058823529412
G	C6_2	189.948	153.388	173.568	0.5647058823529412	0.5647058823529412	0.5647058823529412
G	O6_2	190.429	152.775	174.531	1.0	0.050980392156862744	0.050980392156862744
G	N1_2	189.057	152.746	172.712	0.18823529411764706	0.3137254901960784	0.9725490196078431
G	C2_2	188.455	153.324	171.62	0.5647058823529412	0.5647058823529412	0.5647058823529412
G	N2_2	187.643	152.526	170.901	0.18823529411764706	0.3137254901960784	0.9725490196078431
G	N3_2	188.641	154.59	171.252	0.18823529411764706	0.3137254901960784	0.9725490196078431
G	C4_2	189.512	155.233	172.067	0.5647058823529412	0.5647058823529412	0.5647058823529412
