C	P_1	250.228	197.307	249.291	1.0	0.5019607843137255	0.0
C	OP1_1	249.725	196.623	250.519	1.0	0.050980392156862744	0.050980392156862744
C	OP2_1	250.632	196.499	248.114	1.0	0.050980392156862744	0.050980392156862744
C	O5'_1	249.14	198.367	248.808	1.0	0.050980392156862744	0.050980392156862744
C	C5'_1	248.576	199.304	249.738	0.5647058823529412	0.5647058823529412	0.5647058823529412
C	C4'_1	247.454	200.082	249.092	0.5647058823529412	0.5647058823529412	0.5647058823529412
C	O4'_1	247.984	201.052	248.158	1.0	0.050980392156862744	0.050980392156862744
C	C3'_1	246.461	199.287	248.259	0.5647058823529412	0.5647058823529412	0.5647058823529412
C	O3'_1	245.516	198.609	249.093	1.0	0.050980392156862744	0.050980392156862744
C	C2'_1	245.816	200.384	247.414	0.5647058823529412	0.5647058823529412	0.5647058823529412
C	O2'_1	244.823	201.12	248.099	1.0	0.050980392156862744	0.050980392156862744
C	C1'_1	247.01	201.311	247.157	0.5647058823529412	0.5647058823529412	0.5647058823529412
C	N1_1	247.622	201.137	245.827	0.18823529411764706	0.3137254901960784	0.9725490196078431
C	C2_1	247.046	201.802	244.729	0.5647058823529412	0.5647058823529412	0.5647058823529412
C	O2_1	246.061	202.543	244.917	1.0	0.050980392156862744	0.050980392156862744
C	N3_1	247.577	201.627	243.5	0.18823529411764706	0.3137254901960784	0.9725490196078431
C	C4_1	248.644	200.838	243.341	0.5647058823529412	0.5647058823529412	0.5647058823529412
C	N4_1	249.129	200.684	242.105	0.18823529411764706	0.3137254901960784	0.9725490196078431
C	C5_1	249.261	200.166	244.441	0.5647058823529412	0.5647058823529412	0.5647058823529412
C	C6_1	248.723	200.342	245.653	0.5647058823529412	0.5647058823529412	0.5647058823529412
G	P_2	246.783	206.563	234.507	1.0	0.5019607843137255	0.0
G	OP1_2	247.372	207.887	234.16	1.0	0.050980392156862744	0.050980392156862744
G	OP2_2	247.681	205.447	234.913	1.0	0.050980392156862744	0.050980392156862744
G	O5'_2	245.701	206.801	235.656	1.0	0.050980392156862744	0.050980392156862744
G	C5'_2	244.621	207.748	235.478	0.5647058823529412	0.5647058823529412	0.5647058823529412
G	C4'_2	243.675	207.699	236.659	0.5647058823529412	0.5647058823529412	0.5647058823529412
G	O4'_2	243.188	206.335	236.824	1.0	0.050980392156862744	0.050980392156862744
G	C3'_2	244.267	208.075	238.013	0.5647058823529412	0.5647058823529412	0.5647058823529412
G	O3'_2	244.236	209.492	238.246	1.0	0.050980392156862744	0.050980392156862744
G	C2'_2	243.377	207.294	238.975	0.5647058823529412	0.5647058823529412	0.5647058823529412
G	O2'_2	242.118	207.915	239.171	1.0	0.050980392156862744	0.050980392156862744
G	C1'_2	243.191	205.982	238.201	0.5647058823529412	0.5647058823529412	0.5647058823529412
G	N9_2	244.283	205.031	238.421	0.18823529411764706	0.3137254901960784	0.9725490196078431
G	C8_2	245.161	204.547	237.474	0.5647058823529412	0.5647058823529412	0.5647058823529412
G	N7_2	246.078	203.762	237.974	0.18823529411764706	0.3137254901960784	0.9725490196078431
G	C5_2	245.784	203.708	239.331	0.5647058823529412	0.5647058823529412	0.5647058823529412
G	C6_2	246.447	203.023	240.385	0.5647058823529412	0.5647058823529412	0.5647058823529412
G	O6_2	247.461	202.316	240.326	1.0	0.050980392156862744	0.050980392156862744
G	N1_2	245.816	203.232	241.608	0.18823529411764706	0.3137254901960784	0.9725490196078431
G	C2_2	244.694	203.999	241.797	0.5647058823529412	0.5647058823529412	0.5647058823529412
G	N2_2	244.235	204.064	243.054	0.18823529411764706	0.3137254901960784	0.9725490196078431
G	N3_2	244.068	204.652	240.825	0.18823529411764706	0.3137254901960784	0.9725490196078431
G	C4_2	244.667	204.464	239.626	0.5647058823529412	0.5647058823529412	0.5647058823529412
