G	P_1	232.469	201.874	144.627	1.0	0.5019607843137255	0.0
G	OP1_1	231.576	201.068	145.504	1.0	0.050980392156862744	0.050980392156862744
G	OP2_1	232.002	202.267	143.27	1.0	0.050980392156862744	0.050980392156862744
G	O5'_1	232.877	203.206	145.409	1.0	0.050980392156862744	0.050980392156862744
G	C5'_1	233.352	203.154	146.774	0.5647058823529412	0.5647058823529412	0.5647058823529412
G	C4'_1	233.698	204.544	147.273	0.5647058823529412	0.5647058823529412	0.5647058823529412
G	O4'_1	234.722	205.121	146.413	1.0	0.050980392156862744	0.050980392156862744
G	C3'_1	232.575	205.577	147.265	0.5647058823529412	0.5647058823529412	0.5647058823529412
G	O3'_1	231.747	205.481	148.43	1.0	0.050980392156862744	0.050980392156862744
G	C2'_1	233.348	206.892	147.221	0.5647058823529412	0.5647058823529412	0.5647058823529412
G	O2'_1	233.849	207.283	148.487	1.0	0.050980392156862744	0.050980392156862744
G	C1'_1	234.521	206.523	146.305	0.5647058823529412	0.5647058823529412	0.5647058823529412
G	N9_1	234.286	206.855	144.9	0.18823529411764706	0.3137254901960784	0.9725490196078431
G	C8_1	234.118	205.976	143.852	0.5647058823529412	0.5647058823529412	0.5647058823529412
G	N7_1	233.906	206.573	142.709	0.18823529411764706	0.3137254901960784	0.9725490196078431
G	C5_1	233.938	207.927	143.016	0.5647058823529412	0.5647058823529412	0.5647058823529412
G	C6_1	233.762	209.058	142.183	0.5647058823529412	0.5647058823529412	0.5647058823529412
G	O6_1	233.53	209.087	140.967	1.0	0.050980392156862744	0.050980392156862744
G	N1_1	233.88	210.247	142.901	0.18823529411764706	0.3137254901960784	0.9725490196078431
G	C2_1	234.13	210.333	144.249	0.5647058823529412	0.5647058823529412	0.5647058823529412
G	N2_1	234.224	211.573	144.755	0.18823529411764706	0.3137254901960784	0.9725490196078431
G	N3_1	234.282	209.284	145.041	0.18823529411764706	0.3137254901960784	0.9725490196078431
G	C4_1	234.178	208.12	144.363	0.5647058823529412	0.5647058823529412	0.5647058823529412
C	P_2	235.252	217.781	136.882	1.0	0.5019607843137255	0.0
C	OP1_2	236.236	218.764	136.342	1.0	0.050980392156862744	0.050980392156862744
C	OP2_2	235.112	216.455	136.227	1.0	0.050980392156862744	0.050980392156862744
C	O5'_2	235.581	217.544	138.425	1.0	0.050980392156862744	0.050980392156862744
C	C5'_2	235.75	218.659	139.328	0.5647058823529412	0.5647058823529412	0.5647058823529412
C	C4'_2	235.699	218.187	140.766	0.5647058823529412	0.5647058823529412	0.5647058823529412
C	O4'_2	234.426	217.53	141.006	1.0	0.050980392156862744	0.050980392156862744
C	C3'_2	236.74	217.156	141.183	0.5647058823529412	0.5647058823529412	0.5647058823529412
C	O3'_2	237.977	217.777	141.532	1.0	0.050980392156862744	0.050980392156862744
C	C2'_2	236.072	216.483	142.378	0.5647058823529412	0.5647058823529412	0.5647058823529412
C	O2'_2	236.189	217.23	143.573	1.0	0.050980392156862744	0.050980392156862744
C	C1'_2	234.605	216.473	141.937	0.5647058823529412	0.5647058823529412	0.5647058823529412
C	N1_2	234.153	215.206	141.32	0.18823529411764706	0.3137254901960784	0.9725490196078431
C	C2_2	233.823	214.118	142.16	0.5647058823529412	0.5647058823529412	0.5647058823529412
C	O2_2	233.931	214.251	143.396	1.0	0.050980392156862744	0.050980392156862744
C	N3_2	233.398	212.959	141.598	0.18823529411764706	0.3137254901960784	0.9725490196078431
C	C4_2	233.297	212.857	140.268	0.5647058823529412	0.5647058823529412	0.5647058823529412
C	N4_2	232.875	211.699	139.761	0.18823529411764706	0.3137254901960784	0.9725490196078431
C	C5_2	233.627	213.939	139.397	0.5647058823529412	0.5647058823529412	0.5647058823529412
C	C6_2	234.047	215.081	139.958	0.5647058823529412	0.5647058823529412	0.5647058823529412
