G	P_1	166.344	114.566	180.785	1.0	0.5019607843137255	0.0
G	OP1_1	166.249	113.353	179.923	1.0	0.050980392156862744	0.050980392156862744
G	OP2_1	167.367	115.604	180.477	1.0	0.050980392156862744	0.050980392156862744
G	O5'_1	164.915	115.272	180.839	1.0	0.050980392156862744	0.050980392156862744
G	C5'_1	163.736	114.507	181.139	0.5647058823529412	0.5647058823529412	0.5647058823529412
G	C4'_1	162.567	115.415	181.436	0.5647058823529412	0.5647058823529412	0.5647058823529412
G	O4'_1	162.812	116.17	182.652	1.0	0.050980392156862744	0.050980392156862744
G	C3'_1	162.24	116.485	180.407	0.5647058823529412	0.5647058823529412	0.5647058823529412
G	O3'_1	161.513	115.947	179.304	1.0	0.050980392156862744	0.050980392156862744
G	C2'_1	161.404	117.464	181.227	0.5647058823529412	0.5647058823529412	0.5647058823529412
G	O2'_1	160.058	117.055	181.386	1.0	0.050980392156862744	0.050980392156862744
G	C1'_1	162.117	117.409	182.584	0.5647058823529412	0.5647058823529412	0.5647058823529412
G	N9_1	163.075	118.499	182.744	0.18823529411764706	0.3137254901960784	0.9725490196078431
G	C8_1	164.446	118.44	182.61	0.5647058823529412	0.5647058823529412	0.5647058823529412
G	N7_1	165.026	119.6	182.751	0.18823529411764706	0.3137254901960784	0.9725490196078431
G	C5_1	163.979	120.479	183.003	0.5647058823529412	0.5647058823529412	0.5647058823529412
G	C6_1	163.989	121.878	183.219	0.5647058823529412	0.5647058823529412	0.5647058823529412
G	O6_1	164.956	122.648	183.215	1.0	0.050980392156862744	0.050980392156862744
G	N1_1	162.707	122.371	183.45	0.18823529411764706	0.3137254901960784	0.9725490196078431
G	C2_1	161.561	121.619	183.459	0.5647058823529412	0.5647058823529412	0.5647058823529412
G	N2_1	160.418	122.283	183.703	0.18823529411764706	0.3137254901960784	0.9725490196078431
G	N3_1	161.534	120.312	183.244	0.18823529411764706	0.3137254901960784	0.9725490196078431
G	C4_1	162.771	119.811	183.025	0.5647058823529412	0.5647058823529412	0.5647058823529412
C	P_2	162.248	132.439	185.183	1.0	0.5019607843137255	0.0
C	OP1_2	161.636	133.503	186.034	1.0	0.050980392156862744	0.050980392156862744
C	OP2_2	163.627	131.967	185.481	1.0	0.050980392156862744	0.050980392156862744
C	O5'_2	161.279	131.17	185.181	1.0	0.050980392156862744	0.050980392156862744
C	C5'_2	159.846	131.33	185.117	0.5647058823529412	0.5647058823529412	0.5647058823529412
C	C4'_2	159.157	129.984	185.176	0.5647058823529412	0.5647058823529412	0.5647058823529412
C	O4'_2	159.495	129.21	183.996	1.0	0.050980392156862744	0.050980392156862744
C	C3'_2	159.529	129.073	186.336	0.5647058823529412	0.5647058823529412	0.5647058823529412
C	O3'_2	158.832	129.412	187.532	1.0	0.050980392156862744	0.050980392156862744
C	C2'_2	159.137	127.7	185.804	0.5647058823529412	0.5647058823529412	0.5647058823529412
C	O2'_2	157.75	127.448	185.878	1.0	0.050980392156862744	0.050980392156862744
C	C1'_2	159.532	127.829	184.332	0.5647058823529412	0.5647058823529412	0.5647058823529412
C	N1_2	160.88	127.304	184.05	0.18823529411764706	0.3137254901960784	0.9725490196078431
C	C2_2	161.023	125.941	183.747	0.5647058823529412	0.5647058823529412	0.5647058823529412
C	O2_2	160.011	125.215	183.727	1.0	0.050980392156862744	0.050980392156862744
C	N3_2	162.256	125.454	183.486	0.18823529411764706	0.3137254901960784	0.9725490196078431
C	C4_2	163.319	126.267	183.52	0.5647058823529412	0.5647058823529412	0.5647058823529412
C	N4_2	164.517	125.743	183.256	0.18823529411764706	0.3137254901960784	0.9725490196078431
C	C5_2	163.201	127.653	183.828	0.5647058823529412	0.5647058823529412	0.5647058823529412
C	C6_2	161.977	128.124	184.083	0.5647058823529412	0.5647058823529412	0.5647058823529412
