G	P_1	167.464	151.138	228.2	1.0	0.5019607843137255	0.0
G	OP1_1	166.347	151.98	228.723	1.0	0.050980392156862744	0.050980392156862744
G	OP2_1	167.71	149.795	228.793	1.0	0.050980392156862744	0.050980392156862744
G	O5'_1	167.255	150.966	226.625	1.0	0.050980392156862744	0.050980392156862744
G	C5'_1	167.313	152.105	225.739	0.5647058823529412	0.5647058823529412	0.5647058823529412
G	C4'_1	167.126	151.673	224.297	0.5647058823529412	0.5647058823529412	0.5647058823529412
G	O4'_1	168.188	150.741	223.927	1.0	0.050980392156862744	0.050980392156862744
G	C3'_1	165.811	150.966	223.945	0.5647058823529412	0.5647058823529412	0.5647058823529412
G	O3'_1	165.466	151.299	222.595	1.0	0.050980392156862744	0.050980392156862744
G	C2'_1	166.221	149.494	223.963	0.5647058823529412	0.5647058823529412	0.5647058823529412
G	O2'_1	165.374	148.674	223.182	1.0	0.050980392156862744	0.050980392156862744
G	C1'_1	167.608	149.598	223.334	0.5647058823529412	0.5647058823529412	0.5647058823529412
G	N9_1	168.526	148.467	223.447	0.18823529411764706	0.3137254901960784	0.9725490196078431
G	C8_1	168.977	147.838	224.588	0.5647058823529412	0.5647058823529412	0.5647058823529412
G	N7_1	169.814	146.863	224.338	0.18823529411764706	0.3137254901960784	0.9725490196078431
G	C5_1	169.92	146.843	222.951	0.5647058823529412	0.5647058823529412	0.5647058823529412
G	C6_1	170.689	146.001	222.09	0.5647058823529412	0.5647058823529412	0.5647058823529412
G	O6_1	171.457	145.077	222.393	1.0	0.050980392156862744	0.050980392156862744
G	N1_1	170.492	146.328	220.748	0.18823529411764706	0.3137254901960784	0.9725490196078431
G	C2_1	169.665	147.33	220.283	0.5647058823529412	0.5647058823529412	0.5647058823529412
G	N2_1	169.594	147.488	218.947	0.18823529411764706	0.3137254901960784	0.9725490196078431
G	N3_1	168.953	148.122	221.073	0.18823529411764706	0.3137254901960784	0.9725490196078431
G	C4_1	169.127	147.823	222.385	0.5647058823529412	0.5647058823529412	0.5647058823529412
C	P_2	174.665	140.884	213.974	1.0	0.5019607843137255	0.0
C	OP1_2	175.378	140.62	212.688	1.0	0.050980392156862744	0.050980392156862744
C	OP2_2	175.453	141.08	215.221	1.0	0.050980392156862744	0.050980392156862744
C	O5'_2	173.741	142.167	213.769	1.0	0.050980392156862744	0.050980392156862744
C	C5'_2	172.944	142.337	212.575	0.5647058823529412	0.5647058823529412	0.5647058823529412
C	C4'_2	171.994	143.504	212.745	0.5647058823529412	0.5647058823529412	0.5647058823529412
C	O4'_2	171.078	143.219	213.837	1.0	0.050980392156862744	0.050980392156862744
C	C3'_2	172.649	144.823	213.131	0.5647058823529412	0.5647058823529412	0.5647058823529412
C	O3'_2	173.159	145.513	211.989	1.0	0.050980392156862744	0.050980392156862744
C	C2'_2	171.51	145.561	213.825	0.5647058823529412	0.5647058823529412	0.5647058823529412
C	O2'_2	170.587	146.128	212.917	1.0	0.050980392156862744	0.050980392156862744
C	C1'_2	170.822	144.411	214.567	0.5647058823529412	0.5647058823529412	0.5647058823529412
C	N1_2	171.279	144.219	215.962	0.18823529411764706	0.3137254901960784	0.9725490196078431
C	C2_2	170.597	144.885	217.002	0.5647058823529412	0.5647058823529412	0.5647058823529412
C	O2_2	169.642	145.635	216.722	1.0	0.050980392156862744	0.050980392156862744
C	N3_2	171.0	144.692	218.28	0.18823529411764706	0.3137254901960784	0.9725490196078431
C	C4_2	172.032	143.884	218.543	0.5647058823529412	0.5647058823529412	0.5647058823529412
C	N4_2	172.387	143.716	219.817	0.18823529411764706	0.3137254901960784	0.9725490196078431
C	C5_2	172.747	143.209	217.51	0.5647058823529412	0.5647058823529412	0.5647058823529412
C	C6_2	172.342	143.403	216.249	0.5647058823529412	0.5647058823529412	0.5647058823529412
