C	P_1	202.846	204.278	150.525	1.0	0.5019607843137255	0.0
C	OP1_1	202.755	203.49	151.787	1.0	0.050980392156862744	0.050980392156862744
C	OP2_1	201.828	204.076	149.455	1.0	0.050980392156862744	0.050980392156862744
C	O5'_1	202.88	205.825	150.894	1.0	0.050980392156862744	0.050980392156862744
C	C5'_1	202.266	206.333	152.09	0.5647058823529412	0.5647058823529412	0.5647058823529412
C	C4'_1	203.015	207.555	152.569	0.5647058823529412	0.5647058823529412	0.5647058823529412
C	O4'_1	204.199	207.157	153.312	1.0	0.050980392156862744	0.050980392156862744
C	C3'_1	203.559	208.458	151.47	0.5647058823529412	0.5647058823529412	0.5647058823529412
C	O3'_1	202.571	209.315	150.907	1.0	0.050980392156862744	0.050980392156862744
C	C2'_1	204.66	209.216	152.196	0.5647058823529412	0.5647058823529412	0.5647058823529412
C	O2'_1	204.157	210.271	152.99	1.0	0.050980392156862744	0.050980392156862744
C	C1'_1	205.231	208.117	153.1	0.5647058823529412	0.5647058823529412	0.5647058823529412
C	N1_1	206.423	207.433	152.543	0.18823529411764706	0.3137254901960784	0.9725490196078431
C	C2_1	207.71	207.896	152.905	0.5647058823529412	0.5647058823529412	0.5647058823529412
C	O2_1	207.812	208.865	153.675	1.0	0.050980392156862744	0.050980392156862744
C	N3_1	208.802	207.269	152.405	0.18823529411764706	0.3137254901960784	0.9725490196078431
C	C4_1	208.656	206.223	151.586	0.5647058823529412	0.5647058823529412	0.5647058823529412
C	N4_1	209.762	205.626	151.135	0.18823529411764706	0.3137254901960784	0.9725490196078431
C	C5_1	207.368	205.738	151.197	0.5647058823529412	0.5647058823529412	0.5647058823529412
C	C6_1	206.291	206.365	151.693	0.5647058823529412	0.5647058823529412	0.5647058823529412
G	P_2	220.198	211.087	152.189	1.0	0.5019607843137255	0.0
G	OP1_2	221.191	211.841	153.017	1.0	0.050980392156862744	0.050980392156862744
G	OP2_2	220.128	209.599	152.306	1.0	0.050980392156862744	0.050980392156862744
G	O5'_2	218.748	211.696	152.477	1.0	0.050980392156862744	0.050980392156862744
G	C5'_2	218.53	213.12	152.399	0.5647058823529412	0.5647058823529412	0.5647058823529412
G	C4'_2	217.052	213.452	152.461	0.5647058823529412	0.5647058823529412	0.5647058823529412
G	O4'_2	216.346	212.796	151.373	1.0	0.050980392156862744	0.050980392156862744
G	C3'_2	216.261	213.03	153.692	0.5647058823529412	0.5647058823529412	0.5647058823529412
G	O3'_2	216.463	213.934	154.785	1.0	0.050980392156862744	0.050980392156862744
G	C2'_2	214.827	213.126	153.177	0.5647058823529412	0.5647058823529412	0.5647058823529412
G	O2'_2	214.36	214.461	153.131	1.0	0.050980392156862744	0.050980392156862744
G	C1'_2	214.983	212.621	151.739	0.5647058823529412	0.5647058823529412	0.5647058823529412
G	N9_2	214.61	211.22	151.546	0.18823529411764706	0.3137254901960784	0.9725490196078431
G	C8_2	215.445	210.171	151.222	0.5647058823529412	0.5647058823529412	0.5647058823529412
G	N7_2	214.816	209.028	151.111	0.18823529411764706	0.3137254901960784	0.9725490196078431
G	C5_2	213.485	209.335	151.378	0.5647058823529412	0.5647058823529412	0.5647058823529412
G	C6_2	212.333	208.494	151.409	0.5647058823529412	0.5647058823529412	0.5647058823529412
G	O6_2	212.262	207.274	151.199	1.0	0.050980392156862744	0.050980392156862744
G	N1_2	211.182	209.213	151.723	0.18823529411764706	0.3137254901960784	0.9725490196078431
G	C2_2	211.139	210.565	151.975	0.5647058823529412	0.5647058823529412	0.5647058823529412
G	N2_2	209.929	211.074	152.254	0.18823529411764706	0.3137254901960784	0.9725490196078431
G	N3_2	212.205	211.361	151.952	0.18823529411764706	0.3137254901960784	0.9725490196078431
G	C4_2	213.337	210.683	151.648	0.5647058823529412	0.5647058823529412	0.5647058823529412
