C	P_1	169.188	112.587	194.899	1.0	0.5019607843137255	0.0
C	OP1_1	167.919	112.947	195.601	1.0	0.050980392156862744	0.050980392156862744
C	OP2_1	169.638	111.169	194.877	1.0	0.050980392156862744	0.050980392156862744
C	O5'_1	169.1	113.107	193.396	1.0	0.050980392156862744	0.050980392156862744
C	C5'_1	168.558	114.407	193.096	0.5647058823529412	0.5647058823529412	0.5647058823529412
C	C4'_1	168.603	114.661	191.608	0.5647058823529412	0.5647058823529412	0.5647058823529412
C	O4'_1	169.985	114.747	191.172	1.0	0.050980392156862744	0.050980392156862744
C	C3'_1	167.999	113.573	190.733	0.5647058823529412	0.5647058823529412	0.5647058823529412
C	O3'_1	166.58	113.691	190.647	1.0	0.050980392156862744	0.050980392156862744
C	C2'_1	168.696	113.816	189.402	0.5647058823529412	0.5647058823529412	0.5647058823529412
C	O2'_1	168.136	114.906	188.697	1.0	0.050980392156862744	0.050980392156862744
C	C1'_1	170.105	114.198	189.868	0.5647058823529412	0.5647058823529412	0.5647058823529412
C	N1_1	171.037	113.056	189.928	0.18823529411764706	0.3137254901960784	0.9725490196078431
C	C2_1	171.913	112.829	188.85	0.5647058823529412	0.5647058823529412	0.5647058823529412
C	O2_1	171.876	113.592	187.867	1.0	0.050980392156862744	0.050980392156862744
C	N3_1	172.772	111.785	188.909	0.18823529411764706	0.3137254901960784	0.9725490196078431
C	C4_1	172.778	110.985	189.981	0.5647058823529412	0.5647058823529412	0.5647058823529412
C	N4_1	173.644	109.97	189.999	0.18823529411764706	0.3137254901960784	0.9725490196078431
C	C5_1	171.898	111.19	191.083	0.5647058823529412	0.5647058823529412	0.5647058823529412
C	C6_1	171.054	112.226	191.016	0.5647058823529412	0.5647058823529412	0.5647058823529412
G	P_2	178.273	106.099	179.81	1.0	0.5019607843137255	0.0
G	OP1_2	179.449	105.49	179.132	1.0	0.050980392156862744	0.050980392156862744
G	OP2_2	178.242	106.181	181.297	1.0	0.050980392156862744	0.050980392156862744
G	O5'_2	178.067	107.565	179.217	1.0	0.050980392156862744	0.050980392156862744
G	C5'_2	178.591	108.72	179.895	0.5647058823529412	0.5647058823529412	0.5647058823529412
G	C4'_2	177.536	109.797	179.976	0.5647058823529412	0.5647058823529412	0.5647058823529412
G	O4'_2	176.374	109.29	180.69	1.0	0.050980392156862744	0.050980392156862744
G	C3'_2	177.941	111.04	180.754	0.5647058823529412	0.5647058823529412	0.5647058823529412
G	O3'_2	178.685	111.938	179.929	1.0	0.050980392156862744	0.050980392156862744
G	C2'_2	176.594	111.61	181.187	0.5647058823529412	0.5647058823529412	0.5647058823529412
G	O2'_2	175.952	112.335	180.157	1.0	0.050980392156862744	0.050980392156862744
G	C1'_2	175.803	110.328	181.473	0.5647058823529412	0.5647058823529412	0.5647058823529412
G	N9_2	175.835	109.917	182.875	0.18823529411764706	0.3137254901960784	0.9725490196078431
G	C8_2	176.701	109.019	183.458	0.5647058823529412	0.5647058823529412	0.5647058823529412
G	N7_2	176.492	108.858	184.737	0.18823529411764706	0.3137254901960784	0.9725490196078431
G	C5_2	175.424	109.7	185.019	0.5647058823529412	0.5647058823529412	0.5647058823529412
G	C6_2	174.754	109.954	186.246	0.5647058823529412	0.5647058823529412	0.5647058823529412
G	O6_2	174.985	109.472	187.363	1.0	0.050980392156862744	0.050980392156862744
G	N1_2	173.722	110.875	186.086	0.18823529411764706	0.3137254901960784	0.9725490196078431
G	C2_2	173.378	111.479	184.9	0.5647058823529412	0.5647058823529412	0.5647058823529412
G	N2_2	172.352	112.347	184.952	0.18823529411764706	0.3137254901960784	0.9725490196078431
G	N3_2	173.996	111.252	183.746	0.18823529411764706	0.3137254901960784	0.9725490196078431
G	C4_2	175.002	110.358	183.879	0.5647058823529412	0.5647058823529412	0.5647058823529412
