G	P_1	148.145	297.49	196.927	1.0	0.5019607843137255	0.0
G	OP1_1	147.07	298.471	196.599	1.0	0.050980392156862744	0.050980392156862744
G	OP2_1	147.897	296.039	196.726	1.0	0.050980392156862744	0.050980392156862744
G	O5'_1	149.447	297.891	196.099	1.0	0.050980392156862744	0.050980392156862744
G	C5'_1	149.933	299.252	196.092	0.5647058823529412	0.5647058823529412	0.5647058823529412
G	C4'_1	151.155	299.372	195.204	0.5647058823529412	0.5647058823529412	0.5647058823529412
G	O4'_1	152.274	298.647	195.789	1.0	0.050980392156862744	0.050980392156862744
G	C3'_1	151.022	298.785	193.808	0.5647058823529412	0.5647058823529412	0.5647058823529412
G	O3'_1	150.34	299.658	192.911	1.0	0.050980392156862744	0.050980392156862744
G	C2'_1	152.476	298.547	193.422	0.5647058823529412	0.5647058823529412	0.5647058823529412
G	O2'_1	153.136	299.726	193.009	1.0	0.050980392156862744	0.050980392156862744
G	C1'_1	153.061	298.067	194.755	0.5647058823529412	0.5647058823529412	0.5647058823529412
G	N9_1	153.005	296.612	194.895	0.18823529411764706	0.3137254901960784	0.9725490196078431
G	C8_1	152.194	295.889	195.743	0.5647058823529412	0.5647058823529412	0.5647058823529412
G	N7_1	152.344	294.596	195.624	0.18823529411764706	0.3137254901960784	0.9725490196078431
G	C5_1	153.317	294.451	194.643	0.5647058823529412	0.5647058823529412	0.5647058823529412
G	C6_1	153.883	293.277	194.082	0.5647058823529412	0.5647058823529412	0.5647058823529412
G	O6_1	153.627	292.098	194.35	1.0	0.050980392156862744	0.050980392156862744
G	N1_1	154.837	293.579	193.112	0.18823529411764706	0.3137254901960784	0.9725490196078431
G	C2_1	155.203	294.851	192.729	0.5647058823529412	0.5647058823529412	0.5647058823529412
G	N2_1	156.156	294.934	191.778	0.18823529411764706	0.3137254901960784	0.9725490196078431
G	N3_1	154.676	295.959	193.242	0.18823529411764706	0.3137254901960784	0.9725490196078431
G	C4_1	153.746	295.685	194.188	0.5647058823529412	0.5647058823529412	0.5647058823529412
C	P_2	160.207	285.365	190.88	1.0	0.5019607843137255	0.0
C	OP1_2	161.604	284.873	190.702	1.0	0.050980392156862744	0.050980392156862744
C	OP2_2	159.504	285.132	192.172	1.0	0.050980392156862744	0.050980392156862744
C	O5'_2	160.177	286.929	190.575	1.0	0.050980392156862744	0.050980392156862744
C	C5'_2	160.774	287.457	189.37	0.5647058823529412	0.5647058823529412	0.5647058823529412
C	C4'_2	160.548	288.95	189.283	0.5647058823529412	0.5647058823529412	0.5647058823529412
C	O4'_2	159.137	289.226	189.062	1.0	0.050980392156862744	0.050980392156862744
C	C3'_2	160.891	289.744	190.537	0.5647058823529412	0.5647058823529412	0.5647058823529412
C	O3'_2	162.287	290.013	190.628	1.0	0.050980392156862744	0.050980392156862744
C	C2'_2	160.055	291.006	190.362	0.5647058823529412	0.5647058823529412	0.5647058823529412
C	O2'_2	160.651	291.938	189.481	1.0	0.050980392156862744	0.050980392156862744
C	C1'_2	158.783	290.437	189.719	0.5647058823529412	0.5647058823529412	0.5647058823529412
C	N1_2	157.695	290.162	190.683	0.18823529411764706	0.3137254901960784	0.9725490196078431
C	C2_2	156.882	291.231	191.111	0.5647058823529412	0.5647058823529412	0.5647058823529412
C	O2_2	157.095	292.373	190.663	1.0	0.050980392156862744	0.050980392156862744
C	N3_2	155.888	290.986	191.996	0.18823529411764706	0.3137254901960784	0.9725490196078431
C	C4_2	155.684	289.745	192.448	0.5647058823529412	0.5647058823529412	0.5647058823529412
C	N4_2	154.692	289.551	193.317	0.18823529411764706	0.3137254901960784	0.9725490196078431
C	C5_2	156.489	288.646	192.028	0.5647058823529412	0.5647058823529412	0.5647058823529412
C	C6_2	157.473	288.895	191.156	0.5647058823529412	0.5647058823529412	0.5647058823529412
