G	P_1	222.377	315.487	181.235	1.0	0.5019607843137255	0.0
G	OP1_1	223.073	316.511	180.406	1.0	0.050980392156862744	0.050980392156862744
G	OP2_1	221.012	315.034	180.849	1.0	0.050980392156862744	0.050980392156862744
G	O5'_1	223.323	314.209	181.347	1.0	0.050980392156862744	0.050980392156862744
G	C5'_1	223.311	313.179	180.34	0.5647058823529412	0.5647058823529412	0.5647058823529412
G	C4'_1	224.068	311.967	180.836	0.5647058823529412	0.5647058823529412	0.5647058823529412
G	O4'_1	223.502	311.53	182.101	1.0	0.050980392156862744	0.050980392156862744
G	C3'_1	224.007	310.731	179.952	0.5647058823529412	0.5647058823529412	0.5647058823529412
G	O3'_1	224.959	310.798	178.893	1.0	0.050980392156862744	0.050980392156862744
G	C2'_1	224.299	309.609	180.944	0.5647058823529412	0.5647058823529412	0.5647058823529412
G	O2'_1	225.677	309.463	181.235	1.0	0.050980392156862744	0.050980392156862744
G	C1'_1	223.568	310.115	182.192	0.5647058823529412	0.5647058823529412	0.5647058823529412
G	N9_1	222.209	309.597	182.327	0.18823529411764706	0.3137254901960784	0.9725490196078431
G	C8_1	221.033	310.299	182.19	0.5647058823529412	0.5647058823529412	0.5647058823529412
G	N7_1	219.972	309.561	182.363	0.18823529411764706	0.3137254901960784	0.9725490196078431
G	C5_1	220.474	308.295	182.634	0.5647058823529412	0.5647058823529412	0.5647058823529412
G	C6_1	219.796	307.08	182.904	0.5647058823529412	0.5647058823529412	0.5647058823529412
G	O6_1	218.577	306.875	182.961	1.0	0.050980392156862744	0.050980392156862744
G	N1_1	220.689	306.033	183.119	0.18823529411764706	0.3137254901960784	0.9725490196078431
G	C2_1	222.059	306.141	183.08	0.5647058823529412	0.5647058823529412	0.5647058823529412
G	N2_1	222.751	305.014	183.311	0.18823529411764706	0.3137254901960784	0.9725490196078431
G	N3_1	222.704	307.272	182.831	0.18823529411764706	0.3137254901960784	0.9725490196078431
G	C4_1	221.854	308.301	182.618	0.5647058823529412	0.5647058823529412	0.5647058823529412
C	P_2	216.468	297.309	186.247	1.0	0.5019607843137255	0.0
C	OP1_2	216.476	296.313	187.355	1.0	0.050980392156862744	0.050980392156862744
C	OP2_2	215.546	298.477	186.312	1.0	0.050980392156862744	0.050980392156862744
C	O5'_2	217.95	297.866	186.044	1.0	0.050980392156862744	0.050980392156862744
C	C5'_2	219.055	296.97	185.799	0.5647058823529412	0.5647058823529412	0.5647058823529412
C	C4'_2	220.334	297.752	185.554	0.5647058823529412	0.5647058823529412	0.5647058823529412
C	O4'_2	220.214	298.547	184.345	1.0	0.050980392156862744	0.050980392156862744
C	C3'_2	220.73	298.753	186.628	0.5647058823529412	0.5647058823529412	0.5647058823529412
C	O3'_2	221.396	298.095	187.705	1.0	0.050980392156862744	0.050980392156862744
C	C2'_2	221.64	299.709	185.863	0.5647058823529412	0.5647058823529412	0.5647058823529412
C	O2'_2	222.949	299.2	185.684	1.0	0.050980392156862744	0.050980392156862744
C	C1'_2	220.948	299.754	184.495	0.5647058823529412	0.5647058823529412	0.5647058823529412
C	N1_2	220.027	300.897	184.295	0.18823529411764706	0.3137254901960784	0.9725490196078431
C	C2_2	220.554	302.128	183.863	0.5647058823529412	0.5647058823529412	0.5647058823529412
C	O2_2	221.781	302.229	183.671	1.0	0.050980392156862744	0.050980392156862744
C	N3_2	219.713	303.171	183.665	0.18823529411764706	0.3137254901960784	0.9725490196078431
C	C4_2	218.401	303.022	183.881	0.5647058823529412	0.5647058823529412	0.5647058823529412
C	N4_2	217.612	304.075	183.677	0.18823529411764706	0.3137254901960784	0.9725490196078431
C	C5_2	217.841	301.787	184.319	0.5647058823529412	0.5647058823529412	0.5647058823529412
C	C6_2	218.681	300.763	184.514	0.5647058823529412	0.5647058823529412	0.5647058823529412
