G	P_1	240.825	116.877	222.662	1.0	0.5019607843137255	0.0
G	OP1_1	241.423	115.533	222.9	1.0	0.050980392156862744	0.050980392156862744
G	OP2_1	240.606	117.795	223.811	1.0	0.050980392156862744	0.050980392156862744
G	O5'_1	241.729	117.633	221.589	1.0	0.050980392156862744	0.050980392156862744
G	C5'_1	242.05	117.013	220.326	0.5647058823529412	0.5647058823529412	0.5647058823529412
G	C4'_1	242.886	117.944	219.481	0.5647058823529412	0.5647058823529412	0.5647058823529412
G	O4'_1	242.104	119.101	219.086	1.0	0.050980392156862744	0.050980392156862744
G	C3'_1	244.113	118.52	220.163	0.5647058823529412	0.5647058823529412	0.5647058823529412
G	O3'_1	245.18	117.571	220.099	1.0	0.050980392156862744	0.050980392156862744
G	C2'_1	244.374	119.79	219.353	0.5647058823529412	0.5647058823529412	0.5647058823529412
G	O2'_1	245.049	119.538	218.136	1.0	0.050980392156862744	0.050980392156862744
G	C1'_1	242.945	120.245	219.026	0.5647058823529412	0.5647058823529412	0.5647058823529412
G	N9_1	242.381	121.284	219.891	0.18823529411764706	0.3137254901960784	0.9725490196078431
G	C8_1	241.388	121.128	220.834	0.5647058823529412	0.5647058823529412	0.5647058823529412
G	N7_1	241.063	122.245	221.43	0.18823529411764706	0.3137254901960784	0.9725490196078431
G	C5_1	241.893	123.199	220.854	0.5647058823529412	0.5647058823529412	0.5647058823529412
G	C6_1	241.998	124.593	221.104	0.5647058823529412	0.5647058823529412	0.5647058823529412
G	O6_1	241.352	125.283	221.901	1.0	0.050980392156862744	0.050980392156862744
G	N1_1	242.977	125.185	220.309	0.18823529411764706	0.3137254901960784	0.9725490196078431
G	C2_1	243.754	124.522	219.389	0.5647058823529412	0.5647058823529412	0.5647058823529412
G	N2_1	244.645	125.267	218.717	0.18823529411764706	0.3137254901960784	0.9725490196078431
G	N3_1	243.665	123.22	219.143	0.18823529411764706	0.3137254901960784	0.9725490196078431
G	C4_1	242.72	122.625	219.907	0.5647058823529412	0.5647058823529412	0.5647058823529412
C	P_2	242.888	135.201	220.029	1.0	0.5019607843137255	0.0
C	OP1_2	242.832	136.333	219.059	1.0	0.050980392156862744	0.050980392156862744
C	OP2_2	241.626	134.627	220.557	1.0	0.050980392156862744	0.050980392156862744
C	O5'_2	243.732	134.02	219.368	1.0	0.050980392156862744	0.050980392156862744
C	C5'_2	245.027	134.273	218.784	0.5647058823529412	0.5647058823529412	0.5647058823529412
C	C4'_2	245.629	132.987	218.263	0.5647058823529412	0.5647058823529412	0.5647058823529412
C	O4'_2	245.911	132.091	219.372	1.0	0.050980392156862744	0.050980392156862744
C	C3'_2	244.746	132.161	217.341	0.5647058823529412	0.5647058823529412	0.5647058823529412
C	O3'_2	244.758	132.643	216.003	1.0	0.050980392156862744	0.050980392156862744
C	C2'_2	245.37	130.779	217.462	0.5647058823529412	0.5647058823529412	0.5647058823529412
C	O2'_2	246.552	130.651	216.698	1.0	0.050980392156862744	0.050980392156862744
C	C1'_2	245.723	130.745	218.952	0.5647058823529412	0.5647058823529412	0.5647058823529412
C	N1_2	244.676	130.118	219.79	0.18823529411764706	0.3137254901960784	0.9725490196078431
C	C2_2	244.6	128.713	219.846	0.5647058823529412	0.5647058823529412	0.5647058823529412
C	O2_2	245.408	128.039	219.189	1.0	0.050980392156862744	0.050980392156862744
C	N3_2	243.649	128.135	220.614	0.18823529411764706	0.3137254901960784	0.9725490196078431
C	C4_2	242.798	128.896	221.309	0.5647058823529412	0.5647058823529412	0.5647058823529412
C	N4_2	241.884	128.282	222.059	0.18823529411764706	0.3137254901960784	0.9725490196078431
C	C5_2	242.849	130.321	221.267	0.5647058823529412	0.5647058823529412	0.5647058823529412
C	C6_2	243.793	130.883	220.503	0.5647058823529412	0.5647058823529412	0.5647058823529412
