G	P_1	241.218	111.982	153.393	1.0	0.5019607843137255	0.0
G	OP1_1	239.975	111.174	153.22	1.0	0.050980392156862744	0.050980392156862744
G	OP2_1	241.837	112.095	154.743	1.0	0.050980392156862744	0.050980392156862744
G	O5'_1	242.319	111.394	152.399	1.0	0.050980392156862744	0.050980392156862744
G	C5'_1	242.052	111.214	150.988	0.5647058823529412	0.5647058823529412	0.5647058823529412
G	C4'_1	243.282	111.573	150.18	0.5647058823529412	0.5647058823529412	0.5647058823529412
G	O4'_1	243.591	112.98	150.395	1.0	0.050980392156862744	0.050980392156862744
G	C3'_1	244.556	110.832	150.576	0.5647058823529412	0.5647058823529412	0.5647058823529412
G	O3'_1	244.654	109.552	149.934	1.0	0.050980392156862744	0.050980392156862744
G	C2'_1	245.654	111.813	150.169	0.5647058823529412	0.5647058823529412	0.5647058823529412
G	O2'_1	245.952	111.785	148.784	1.0	0.050980392156862744	0.050980392156862744
G	C1'_1	244.997	113.154	150.506	0.5647058823529412	0.5647058823529412	0.5647058823529412
G	N9_1	245.282	113.69	151.839	0.18823529411764706	0.3137254901960784	0.9725490196078431
G	C8_1	244.63	113.381	153.014	0.5647058823529412	0.5647058823529412	0.5647058823529412
G	N7_1	245.047	114.083	154.035	0.18823529411764706	0.3137254901960784	0.9725490196078431
G	C5_1	246.047	114.894	153.512	0.5647058823529412	0.5647058823529412	0.5647058823529412
G	C6_1	246.859	115.877	154.143	0.5647058823529412	0.5647058823529412	0.5647058823529412
G	O6_1	246.839	116.251	155.323	1.0	0.050980392156862744	0.050980392156862744
G	N1_1	247.761	116.448	153.248	0.18823529411764706	0.3137254901960784	0.9725490196078431
G	C2_1	247.869	116.121	151.916	0.5647058823529412	0.5647058823529412	0.5647058823529412
G	N2_1	248.812	116.781	151.219	0.18823529411764706	0.3137254901960784	0.9725490196078431
G	N3_1	247.111	115.216	151.311	0.18823529411764706	0.3137254901960784	0.9725490196078431
G	C4_1	246.226	114.646	152.163	0.5647058823529412	0.5647058823529412	0.5647058823529412
C	P_2	253.253	126.911	155.052	1.0	0.5019607843137255	0.0
C	OP1_2	253.721	127.615	153.819	1.0	0.050980392156862744	0.050980392156862744
C	OP2_2	252.588	127.691	156.136	1.0	0.050980392156862744	0.050980392156862744
C	O5'_2	252.296	125.702	154.632	1.0	0.050980392156862744	0.050980392156862744
C	C5'_2	252.076	125.354	153.245	0.5647058823529412	0.5647058823529412	0.5647058823529412
C	C4'_2	252.554	123.943	152.969	0.5647058823529412	0.5647058823529412	0.5647058823529412
C	O4'_2	251.978	123.034	153.935	1.0	0.050980392156862744	0.050980392156862744
C	C3'_2	252.128	123.352	151.632	0.5647058823529412	0.5647058823529412	0.5647058823529412
C	O3'_2	253.023	123.807	150.608	1.0	0.050980392156862744	0.050980392156862744
C	C2'_2	252.265	121.846	151.881	0.5647058823529412	0.5647058823529412	0.5647058823529412
C	O2'_2	253.593	121.394	151.707	1.0	0.050980392156862744	0.050980392156862744
C	C1'_2	251.929	121.733	153.377	0.5647058823529412	0.5647058823529412	0.5647058823529412
C	N1_2	250.677	121.067	153.815	0.18823529411764706	0.3137254901960784	0.9725490196078431
C	C2_2	250.29	119.83	153.242	0.5647058823529412	0.5647058823529412	0.5647058823529412
C	O2_2	250.973	119.336	152.332	1.0	0.050980392156862744	0.050980392156862744
C	N3_2	249.177	119.212	153.707	0.18823529411764706	0.3137254901960784	0.9725490196078431
C	C4_2	248.458	119.771	154.689	0.5647058823529412	0.5647058823529412	0.5647058823529412
C	N4_2	247.383	119.116	155.132	0.18823529411764706	0.3137254901960784	0.9725490196078431
C	C5_2	248.814	121.027	155.266	0.5647058823529412	0.5647058823529412	0.5647058823529412
C	C6_2	249.913	121.633	154.801	0.5647058823529412	0.5647058823529412	0.5647058823529412
