G	P_1	156.15	110.007	154.966	1.0	0.5019607843137255	0.0
G	OP1_1	155.46	111.223	155.492	1.0	0.050980392156862744	0.050980392156862744
G	OP2_1	157.278	110.159	154.008	1.0	0.050980392156862744	0.050980392156862744
G	O5'_1	156.676	109.157	156.204	1.0	0.050980392156862744	0.050980392156862744
G	C5'_1	155.811	108.855	157.311	0.5647058823529412	0.5647058823529412	0.5647058823529412
G	C4'_1	156.45	107.814	158.197	0.5647058823529412	0.5647058823529412	0.5647058823529412
G	O4'_1	156.659	106.593	157.433	1.0	0.050980392156862744	0.050980392156862744
G	C3'_1	157.84	108.142	158.719	0.5647058823529412	0.5647058823529412	0.5647058823529412
G	O3'_1	157.816	109.011	159.842	1.0	0.050980392156862744	0.050980392156862744
G	C2'_1	158.377	106.761	159.061	0.5647058823529412	0.5647058823529412	0.5647058823529412
G	O2'_1	157.839	106.248	160.261	1.0	0.050980392156862744	0.050980392156862744
G	C1'_1	157.844	105.947	157.883	0.5647058823529412	0.5647058823529412	0.5647058823529412
G	N9_1	158.802	105.905	156.782	0.18823529411764706	0.3137254901960784	0.9725490196078431
G	C8_1	158.766	106.634	155.616	0.5647058823529412	0.5647058823529412	0.5647058823529412
G	N7_1	159.771	106.381	154.822	0.18823529411764706	0.3137254901960784	0.9725490196078431
G	C5_1	160.515	105.425	155.502	0.5647058823529412	0.5647058823529412	0.5647058823529412
G	C6_1	161.719	104.768	155.136	0.5647058823529412	0.5647058823529412	0.5647058823529412
G	O6_1	162.386	104.903	154.103	1.0	0.050980392156862744	0.050980392156862744
G	N1_1	162.135	103.875	156.12	0.18823529411764706	0.3137254901960784	0.9725490196078431
G	C2_1	161.479	103.642	157.303	0.5647058823529412	0.5647058823529412	0.5647058823529412
G	N2_1	162.04	102.739	158.122	0.18823529411764706	0.3137254901960784	0.9725490196078431
G	N3_1	160.355	104.249	157.657	0.18823529411764706	0.3137254901960784	0.9725490196078431
G	C4_1	159.932	105.121	156.714	0.5647058823529412	0.5647058823529412	0.5647058823529412
C	P_2	170.062	97.587	153.84	1.0	0.5019607843137255	0.0
C	OP1_2	170.429	96.141	153.901	1.0	0.050980392156862744	0.050980392156862744
C	OP2_2	169.479	98.143	152.591	1.0	0.050980392156862744	0.050980392156862744
C	O5'_2	169.061	97.893	155.041	1.0	0.050980392156862744	0.050980392156862744
C	C5'_2	169.463	97.67	156.406	0.5647058823529412	0.5647058823529412	0.5647058823529412
C	C4'_2	168.391	98.151	157.357	0.5647058823529412	0.5647058823529412	0.5647058823529412
C	O4'_2	168.186	99.576	157.186	1.0	0.050980392156862744	0.050980392156862744
C	C3'_2	167.002	97.566	157.163	0.5647058823529412	0.5647058823529412	0.5647058823529412
C	O3'_2	166.912	96.283	157.768	1.0	0.050980392156862744	0.050980392156862744
C	C2'_2	166.113	98.593	157.857	0.5647058823529412	0.5647058823529412	0.5647058823529412
C	O2'_2	166.084	98.437	159.261	1.0	0.050980392156862744	0.050980392156862744
C	C1'_2	166.843	99.898	157.524	0.5647058823529412	0.5647058823529412	0.5647058823529412
C	N1_2	166.248	100.705	156.439	0.18823529411764706	0.3137254901960784	0.9725490196078431
C	C2_2	165.094	101.469	156.714	0.5647058823529412	0.5647058823529412	0.5647058823529412
C	O2_2	164.591	101.422	157.852	1.0	0.050980392156862744	0.050980392156862744
C	N3_2	164.562	102.231	155.731	0.18823529411764706	0.3137254901960784	0.9725490196078431
C	C4_2	165.126	102.246	154.517	0.5647058823529412	0.5647058823529412	0.5647058823529412
C	N4_2	164.57	103.012	153.581	0.18823529411764706	0.3137254901960784	0.9725490196078431
C	C5_2	166.286	101.475	154.21	0.5647058823529412	0.5647058823529412	0.5647058823529412
C	C6_2	166.807	100.726	155.189	0.5647058823529412	0.5647058823529412	0.5647058823529412
