G	P_1	177.373	145.302	232.36	1.0	0.5019607843137255	0.0
G	OP1_1	176.467	145.723	233.467	1.0	0.050980392156862744	0.050980392156862744
G	OP2_1	178.055	143.978	232.436	1.0	0.050980392156862744	0.050980392156862744
G	O5'_1	176.562	145.366	230.988	1.0	0.050980392156862744	0.050980392156862744
G	C5'_1	175.317	146.092	230.878	0.5647058823529412	0.5647058823529412	0.5647058823529412
G	C4'_1	175.581	147.556	230.602	0.5647058823529412	0.5647058823529412	0.5647058823529412
G	O4'_1	176.68	147.691	229.667	1.0	0.050980392156862744	0.050980392156862744
G	C3'_1	174.43	148.325	229.969	0.5647058823529412	0.5647058823529412	0.5647058823529412
G	O3'_1	173.5	148.767	230.966	1.0	0.050980392156862744	0.050980392156862744
G	C2'_1	175.151	149.481	229.275	0.5647058823529412	0.5647058823529412	0.5647058823529412
G	O2'_1	175.477	150.539	230.155	1.0	0.050980392156862744	0.050980392156862744
G	C1'_1	176.454	148.806	228.821	0.5647058823529412	0.5647058823529412	0.5647058823529412
G	N9_1	176.529	148.352	227.431	0.18823529411764706	0.3137254901960784	0.9725490196078431
G	C8_1	176.874	147.087	227.004	0.5647058823529412	0.5647058823529412	0.5647058823529412
G	N7_1	176.914	146.973	225.703	0.18823529411764706	0.3137254901960784	0.9725490196078431
G	C5_1	176.566	148.234	225.233	0.5647058823529412	0.5647058823529412	0.5647058823529412
G	C6_1	176.448	148.716	223.9	0.5647058823529412	0.5647058823529412	0.5647058823529412
G	O6_1	176.646	148.106	222.842	1.0	0.050980392156862744	0.050980392156862744
G	N1_1	176.062	150.055	223.87	0.18823529411764706	0.3137254901960784	0.9725490196078431
G	C2_1	175.822	150.836	224.975	0.5647058823529412	0.5647058823529412	0.5647058823529412
G	N2_1	175.444	152.107	224.726	0.18823529411764706	0.3137254901960784	0.9725490196078431
G	N3_1	175.939	150.403	226.23	0.18823529411764706	0.3137254901960784	0.9725490196078431
G	C4_1	176.311	149.099	226.283	0.5647058823529412	0.5647058823529412	0.5647058823529412
C	P_2	174.852	151.723	214.005	1.0	0.5019607843137255	0.0
C	OP1_2	174.465	152.532	212.811	1.0	0.050980392156862744	0.050980392156862744
C	OP2_2	176.222	151.148	214.087	1.0	0.050980392156862744	0.050980392156862744
C	O5'_2	174.613	152.605	215.311	1.0	0.050980392156862744	0.050980392156862744
C	C5'_2	173.587	153.62	215.357	0.5647058823529412	0.5647058823529412	0.5647058823529412
C	C4'_2	173.503	154.208	216.746	0.5647058823529412	0.5647058823529412	0.5647058823529412
C	O4'_2	173.01	153.198	217.667	1.0	0.050980392156862744	0.050980392156862744
C	C3'_2	174.837	154.634	217.34	0.5647058823529412	0.5647058823529412	0.5647058823529412
C	O3'_2	175.26	155.913	216.863	1.0	0.050980392156862744	0.050980392156862744
C	C2'_2	174.557	154.576	218.836	0.5647058823529412	0.5647058823529412	0.5647058823529412
C	O2'_2	173.831	155.689	219.321	1.0	0.050980392156862744	0.050980392156862744
C	C1'_2	173.678	153.324	218.917	0.5647058823529412	0.5647058823529412	0.5647058823529412
C	N1_2	174.449	152.086	219.163	0.18823529411764706	0.3137254901960784	0.9725490196078431
C	C2_2	174.733	151.709	220.49	0.5647058823529412	0.5647058823529412	0.5647058823529412
C	O2_2	174.337	152.43	221.426	1.0	0.050980392156862744	0.050980392156862744
C	N3_2	175.432	150.575	220.713	0.18823529411764706	0.3137254901960784	0.9725490196078431
C	C4_2	175.847	149.83	219.682	0.5647058823529412	0.5647058823529412	0.5647058823529412
C	N4_2	176.532	148.72	219.952	0.18823529411764706	0.3137254901960784	0.9725490196078431
C	C5_2	175.577	150.192	218.329	0.5647058823529412	0.5647058823529412	0.5647058823529412
C	C6_2	174.882	151.312	218.118	0.5647058823529412	0.5647058823529412	0.5647058823529412
