G	P_1	147.653	162.846	165.099	1.0	0.5019607843137255	0.0
G	OP1_1	147.145	162.977	166.495	1.0	0.050980392156862744	0.050980392156862744
G	OP2_1	146.702	162.976	163.957	1.0	0.050980392156862744	0.050980392156862744
G	O5'_1	148.82	163.915	164.888	1.0	0.050980392156862744	0.050980392156862744
G	C5'_1	149.92	164.015	165.82	0.5647058823529412	0.5647058823529412	0.5647058823529412
G	C4'_1	150.958	164.996	165.313	0.5647058823529412	0.5647058823529412	0.5647058823529412
G	O4'_1	151.525	164.511	164.062	1.0	0.050980392156862744	0.050980392156862744
G	C3'_1	150.463	166.393	164.97	0.5647058823529412	0.5647058823529412	0.5647058823529412
G	O3'_1	150.339	167.227	166.119	1.0	0.050980392156862744	0.050980392156862744
G	C2'_1	151.542	166.89	164.015	0.5647058823529412	0.5647058823529412	0.5647058823529412
G	O2'_1	152.708	167.342	164.677	1.0	0.050980392156862744	0.050980392156862744
G	C1'_1	151.857	165.615	163.229	0.5647058823529412	0.5647058823529412	0.5647058823529412
G	N9_1	151.093	165.519	161.989	0.18823529411764706	0.3137254901960784	0.9725490196078431
G	C8_1	150.116	164.602	161.678	0.5647058823529412	0.5647058823529412	0.5647058823529412
G	N7_1	149.611	164.775	160.487	0.18823529411764706	0.3137254901960784	0.9725490196078431
G	C5_1	150.296	165.872	159.978	0.5647058823529412	0.5647058823529412	0.5647058823529412
G	C6_1	150.18	166.526	158.721	0.5647058823529412	0.5647058823529412	0.5647058823529412
G	O6_1	149.426	166.254	157.777	1.0	0.050980392156862744	0.050980392156862744
G	N1_1	151.063	167.598	158.62	0.18823529411764706	0.3137254901960784	0.9725490196078431
G	C2_1	151.944	167.993	159.601	0.5647058823529412	0.5647058823529412	0.5647058823529412
G	N2_1	152.716	169.052	159.316	0.18823529411764706	0.3137254901960784	0.9725490196078431
G	N3_1	152.062	167.392	160.776	0.18823529411764706	0.3137254901960784	0.9725490196078431
G	C4_1	151.214	166.344	160.894	0.5647058823529412	0.5647058823529412	0.5647058823529412
C	P_2	152.422	173.443	149.138	1.0	0.5019607843137255	0.0
C	OP1_2	153.582	173.443	148.198	1.0	0.050980392156862744	0.050980392156862744
C	OP2_2	151.434	172.333	149.081	1.0	0.050980392156862744	0.050980392156862744
C	O5'_2	152.989	173.536	150.63	1.0	0.050980392156862744	0.050980392156862744
C	C5'_2	153.806	172.473	151.174	0.5647058823529412	0.5647058823529412	0.5647058823529412
C	C4'_2	153.956	172.629	152.672	0.5647058823529412	0.5647058823529412	0.5647058823529412
C	O4'_2	152.646	172.59	153.302	1.0	0.050980392156862744	0.050980392156862744
C	C3'_2	154.73	171.517	153.369	0.5647058823529412	0.5647058823529412	0.5647058823529412
C	O3'_2	156.143	171.696	153.264	1.0	0.050980392156862744	0.050980392156862744
C	C2'_2	154.228	171.624	154.805	0.5647058823529412	0.5647058823529412	0.5647058823529412
C	O2'_2	154.842	172.665	155.538	1.0	0.050980392156862744	0.050980392156862744
C	C1'_2	152.752	171.974	154.581	0.5647058823529412	0.5647058823529412	0.5647058823529412
C	N1_2	151.836	170.812	154.639	0.18823529411764706	0.3137254901960784	0.9725490196078431
C	C2_2	151.592	170.196	155.888	0.5647058823529412	0.5647058823529412	0.5647058823529412
C	O2_2	152.145	170.648	156.908	1.0	0.050980392156862744	0.050980392156862744
C	N3_2	150.759	169.132	155.944	0.18823529411764706	0.3137254901960784	0.9725490196078431
C	C4_2	150.174	168.68	154.83	0.5647058823529412	0.5647058823529412	0.5647058823529412
C	N4_2	149.36	167.629	154.935	0.18823529411764706	0.3137254901960784	0.9725490196078431
C	C5_2	150.399	169.287	153.557	0.5647058823529412	0.5647058823529412	0.5647058823529412
C	C6_2	151.229	170.336	153.508	0.5647058823529412	0.5647058823529412	0.5647058823529412
