C	P_1	242.505	129.052	164.18	1.0	0.5019607843137255	0.0
C	OP1_1	242.321	128.685	165.611	1.0	0.050980392156862744	0.050980392156862744
C	OP2_1	243.614	128.442	163.401	1.0	0.050980392156862744	0.050980392156862744
C	O5'_1	241.141	128.759	163.41	1.0	0.050980392156862744	0.050980392156862744
C	C5'_1	239.888	129.244	163.922	0.5647058823529412	0.5647058823529412	0.5647058823529412
C	C4'_1	238.775	128.962	162.941	0.5647058823529412	0.5647058823529412	0.5647058823529412
C	O4'_1	239.049	129.661	161.697	1.0	0.050980392156862744	0.050980392156862744
C	C3'_1	238.602	127.51	162.517	0.5647058823529412	0.5647058823529412	0.5647058823529412
C	O3'_1	237.858	126.761	163.476	1.0	0.050980392156862744	0.050980392156862744
C	C2'_1	237.872	127.651	161.186	0.5647058823529412	0.5647058823529412	0.5647058823529412
C	O2'_1	236.489	127.908	161.343	1.0	0.050980392156862744	0.050980392156862744
C	C1'_1	238.547	128.9	160.607	0.5647058823529412	0.5647058823529412	0.5647058823529412
C	N1_1	239.653	128.619	159.664	0.18823529411764706	0.3137254901960784	0.9725490196078431
C	C2_1	239.343	128.405	158.308	0.5647058823529412	0.5647058823529412	0.5647058823529412
C	O2_1	238.152	128.451	157.943	1.0	0.050980392156862744	0.050980392156862744
C	N3_1	240.347	128.155	157.435	0.18823529411764706	0.3137254901960784	0.9725490196078431
C	C4_1	241.613	128.112	157.863	0.5647058823529412	0.5647058823529412	0.5647058823529412
C	N4_1	242.566	127.862	156.962	0.18823529411764706	0.3137254901960784	0.9725490196078431
C	C5_1	241.957	128.323	159.233	0.5647058823529412	0.5647058823529412	0.5647058823529412
C	C6_1	240.956	128.569	160.09	0.5647058823529412	0.5647058823529412	0.5647058823529412
G	P_2	239.755	126.378	145.756	1.0	0.5019607843137255	0.0
G	OP1_2	239.188	126.558	144.388	1.0	0.050980392156862744	0.050980392156862744
G	OP2_2	240.897	127.224	146.193	1.0	0.050980392156862744	0.050980392156862744
G	O5'_2	238.576	126.553	146.812	1.0	0.050980392156862744	0.050980392156862744
G	C5'_2	237.366	125.774	146.706	0.5647058823529412	0.5647058823529412	0.5647058823529412
G	C4'_2	236.582	125.86	147.991	0.5647058823529412	0.5647058823529412	0.5647058823529412
G	O4'_2	237.266	125.128	149.044	1.0	0.050980392156862744	0.050980392156862744
G	C3'_2	236.419	127.259	148.564	0.5647058823529412	0.5647058823529412	0.5647058823529412
G	O3'_2	235.389	127.992	147.906	1.0	0.050980392156862744	0.050980392156862744
G	C2'_2	236.112	126.967	150.028	0.5647058823529412	0.5647058823529412	0.5647058823529412
G	O2'_2	234.77	126.579	150.241	1.0	0.050980392156862744	0.050980392156862744
G	C1'_2	237.023	125.762	150.292	0.5647058823529412	0.5647058823529412	0.5647058823529412
G	N9_2	238.303	126.131	150.895	0.18823529411764706	0.3137254901960784	0.9725490196078431
G	C8_2	239.522	126.244	150.265	0.5647058823529412	0.5647058823529412	0.5647058823529412
G	N7_2	240.486	126.603	151.071	0.18823529411764706	0.3137254901960784	0.9725490196078431
G	C5_2	239.869	126.733	152.308	0.5647058823529412	0.5647058823529412	0.5647058823529412
G	C6_2	240.407	127.105	153.566	0.5647058823529412	0.5647058823529412	0.5647058823529412
G	O6_2	241.573	127.405	153.844	1.0	0.050980392156862744	0.050980392156862744
G	N1_2	239.431	127.113	154.56	0.18823529411764706	0.3137254901960784	0.9725490196078431
G	C2_2	238.107	126.807	154.368	0.5647058823529412	0.5647058823529412	0.5647058823529412
G	N2_2	237.317	126.871	155.454	0.18823529411764706	0.3137254901960784	0.9725490196078431
G	N3_2	237.59	126.461	153.197	0.18823529411764706	0.3137254901960784	0.9725490196078431
G	C4_2	238.523	126.444	152.218	0.5647058823529412	0.5647058823529412	0.5647058823529412
