G	P_1	181.278	169.75	192.55	1.0	0.5019607843137255	0.0
G	OP1_1	180.85	168.564	193.351	1.0	0.050980392156862744	0.050980392156862744
G	OP2_1	181.341	169.648	191.065	1.0	0.050980392156862744	0.050980392156862744
G	O5'_1	180.319	170.977	192.913	1.0	0.050980392156862744	0.050980392156862744
G	C5'_1	180.061	171.335	194.29	0.5647058823529412	0.5647058823529412	0.5647058823529412
G	C4'_1	179.377	172.685	194.375	0.5647058823529412	0.5647058823529412	0.5647058823529412
G	O4'_1	180.209	173.692	193.731	1.0	0.050980392156862744	0.050980392156862744
G	C3'_1	178.028	172.836	193.681	0.5647058823529412	0.5647058823529412	0.5647058823529412
G	O3'_1	176.947	172.323	194.464	1.0	0.050980392156862744	0.050980392156862744
G	C2'_1	177.931	174.351	193.51	0.5647058823529412	0.5647058823529412	0.5647058823529412
G	O2'_1	177.555	175.023	194.699	1.0	0.050980392156862744	0.050980392156862744
G	C1'_1	179.382	174.711	193.18	0.5647058823529412	0.5647058823529412	0.5647058823529412
G	N9_1	179.635	174.812	191.743	0.18823529411764706	0.3137254901960784	0.9725490196078431
G	C8_1	180.341	173.934	190.949	0.5647058823529412	0.5647058823529412	0.5647058823529412
G	N7_1	180.402	174.308	189.699	0.18823529411764706	0.3137254901960784	0.9725490196078431
G	C5_1	179.692	175.503	189.661	0.5647058823529412	0.5647058823529412	0.5647058823529412
G	C6_1	179.42	176.378	188.572	0.5647058823529412	0.5647058823529412	0.5647058823529412
G	O6_1	179.767	176.267	187.391	1.0	0.050980392156862744	0.050980392156862744
G	N1_1	178.662	177.476	188.972	0.18823529411764706	0.3137254901960784	0.9725490196078431
G	C2_1	178.22	177.705	190.254	0.5647058823529412	0.5647058823529412	0.5647058823529412
G	N2_1	177.493	178.819	190.44	0.18823529411764706	0.3137254901960784	0.9725490196078431
G	N3_1	178.47	176.901	191.28	0.18823529411764706	0.3137254901960784	0.9725490196078431
G	C4_1	179.208	175.827	190.912	0.5647058823529412	0.5647058823529412	0.5647058823529412
C	P_2	177.523	184.85	181.384	1.0	0.5019607843137255	0.0
C	OP1_2	177.579	186.334	181.254	1.0	0.050980392156862744	0.050980392156862744
C	OP2_2	178.659	184.028	180.888	1.0	0.050980392156862744	0.050980392156862744
C	O5'_2	177.28	184.478	182.919	1.0	0.050980392156862744	0.050980392156862744
C	C5'_2	176.141	185.006	183.633	0.5647058823529412	0.5647058823529412	0.5647058823529412
C	C4'_2	176.074	184.437	185.035	0.5647058823529412	0.5647058823529412	0.5647058823529412
C	O4'_2	175.804	183.014	184.989	1.0	0.050980392156862744	0.050980392156862744
C	C3'_2	177.335	184.523	185.88	0.5647058823529412	0.5647058823529412	0.5647058823529412
C	O3'_2	177.496	185.826	186.432	1.0	0.050980392156862744	0.050980392156862744
C	C2'_2	177.063	183.484	186.963	0.5647058823529412	0.5647058823529412	0.5647058823529412
C	O2'_2	176.223	183.968	187.992	1.0	0.050980392156862744	0.050980392156862744
C	C1'_2	176.305	182.409	186.173	0.5647058823529412	0.5647058823529412	0.5647058823529412
C	N1_2	177.108	181.225	185.811	0.18823529411764706	0.3137254901960784	0.9725490196078431
C	C2_2	177.319	180.221	186.782	0.5647058823529412	0.5647058823529412	0.5647058823529412
C	O2_2	176.818	180.354	187.915	1.0	0.050980392156862744	0.050980392156862744
C	N3_2	178.059	179.138	186.455	0.18823529411764706	0.3137254901960784	0.9725490196078431
C	C4_2	178.574	179.028	185.226	0.5647058823529412	0.5647058823529412	0.5647058823529412
C	N4_2	179.3	177.947	184.948	0.18823529411764706	0.3137254901960784	0.9725490196078431
C	C5_2	178.369	180.025	184.225	0.5647058823529412	0.5647058823529412	0.5647058823529412
C	C6_2	177.639	181.093	184.557	0.5647058823529412	0.5647058823529412	0.5647058823529412
