C	P_1	221.765	190.282	264.219	1.0	0.5019607843137255	0.0
C	OP1_1	222.121	191.69	264.563	1.0	0.050980392156862744	0.050980392156862744
C	OP2_1	222.248	189.695	262.941	1.0	0.050980392156862744	0.050980392156862744
C	O5'_1	222.234	189.332	265.412	1.0	0.050980392156862744	0.050980392156862744
C	C5'_1	221.992	189.69	266.791	0.5647058823529412	0.5647058823529412	0.5647058823529412
C	C4'_1	222.451	188.58	267.715	0.5647058823529412	0.5647058823529412	0.5647058823529412
C	O4'_1	221.638	187.398	267.491	1.0	0.050980392156862744	0.050980392156862744
C	C3'_1	223.878	188.081	267.533	0.5647058823529412	0.5647058823529412	0.5647058823529412
C	O3'_1	224.832	188.925	268.176	1.0	0.050980392156862744	0.050980392156862744
C	C2'_1	223.813	186.698	268.167	0.5647058823529412	0.5647058823529412	0.5647058823529412
C	O2'_1	223.858	186.738	269.577	1.0	0.050980392156862744	0.050980392156862744
C	C1'_1	222.421	186.234	267.731	0.5647058823529412	0.5647058823529412	0.5647058823529412
C	N1_1	222.437	185.403	266.508	0.18823529411764706	0.3137254901960784	0.9725490196078431
C	C2_1	222.529	183.997	266.641	0.5647058823529412	0.5647058823529412	0.5647058823529412
C	O2_1	222.583	183.493	267.78	1.0	0.050980392156862744	0.050980392156862744
C	N3_1	222.558	183.234	265.524	0.18823529411764706	0.3137254901960784	0.9725490196078431
C	C4_1	222.502	183.812	264.318	0.5647058823529412	0.5647058823529412	0.5647058823529412
C	N4_1	222.546	183.02	263.247	0.18823529411764706	0.3137254901960784	0.9725490196078431
C	C5_1	222.402	185.227	264.158	0.5647058823529412	0.5647058823529412	0.5647058823529412
C	C6_1	222.372	185.975	265.265	0.5647058823529412	0.5647058823529412	0.5647058823529412
G	P_2	225.156	171.641	265.715	1.0	0.5019607843137255	0.0
G	OP1_2	224.89	170.342	266.391	1.0	0.050980392156862744	0.050980392156862744
G	OP2_2	224.271	172.083	264.605	1.0	0.050980392156862744	0.050980392156862744
G	O5'_2	225.187	172.787	266.826	1.0	0.050980392156862744	0.050980392156862744
G	C5'_2	226.096	172.701	267.949	0.5647058823529412	0.5647058823529412	0.5647058823529412
G	C4'_2	226.044	173.967	268.778	0.5647058823529412	0.5647058823529412	0.5647058823529412
G	O4'_2	226.53	175.098	268.006	1.0	0.050980392156862744	0.050980392156862744
G	C3'_2	224.671	174.407	269.256	0.5647058823529412	0.5647058823529412	0.5647058823529412
G	O3'_2	224.276	173.665	270.409	1.0	0.050980392156862744	0.050980392156862744
G	C2'_2	224.89	175.889	269.552	0.5647058823529412	0.5647058823529412	0.5647058823529412
G	O2'_2	225.515	176.112	270.802	1.0	0.050980392156862744	0.050980392156862744
G	C1'_2	225.87	176.281	268.437	0.5647058823529412	0.5647058823529412	0.5647058823529412
G	N9_2	225.279	176.946	267.274	0.18823529411764706	0.3137254901960784	0.9725490196078431
G	C8_2	225.095	176.416	266.014	0.5647058823529412	0.5647058823529412	0.5647058823529412
G	N7_2	224.581	177.267	265.165	0.18823529411764706	0.3137254901960784	0.9725490196078431
G	C5_2	224.403	178.431	265.906	0.5647058823529412	0.5647058823529412	0.5647058823529412
G	C6_2	223.882	179.707	265.517	0.5647058823529412	0.5647058823529412	0.5647058823529412
G	O6_2	223.469	180.069	264.403	1.0	0.050980392156862744	0.050980392156862744
G	N1_2	223.873	180.603	266.584	0.18823529411764706	0.3137254901960784	0.9725490196078431
G	C2_2	224.31	180.32	267.856	0.5647058823529412	0.5647058823529412	0.5647058823529412
G	N2_2	224.222	181.32	268.742	0.18823529411764706	0.3137254901960784	0.9725490196078431
G	N3_2	224.8	179.141	268.232	0.18823529411764706	0.3137254901960784	0.9725490196078431
G	C4_2	224.817	178.25	267.213	0.5647058823529412	0.5647058823529412	0.5647058823529412
