G	P_1	271.939	157.6	208.774	1.0	0.5019607843137255	0.0
G	OP1_1	272.623	158.377	209.845	1.0	0.050980392156862744	0.050980392156862744
G	OP2_1	270.806	156.701	209.126	1.0	0.050980392156862744	0.050980392156862744
G	O5'_1	271.43	158.612	207.651	1.0	0.050980392156862744	0.050980392156862744
G	C5'_1	270.908	159.912	207.998	0.5647058823529412	0.5647058823529412	0.5647058823529412
G	C4'_1	269.602	160.16	207.284	0.5647058823529412	0.5647058823529412	0.5647058823529412
G	O4'_1	269.811	160.007	205.851	1.0	0.050980392156862744	0.050980392156862744
G	C3'_1	268.484	159.176	207.598	0.5647058823529412	0.5647058823529412	0.5647058823529412
G	O3'_1	267.793	159.53	208.802	1.0	0.050980392156862744	0.050980392156862744
G	C2'_1	267.603	159.287	206.357	0.5647058823529412	0.5647058823529412	0.5647058823529412
G	O2'_1	266.78	160.439	206.362	1.0	0.050980392156862744	0.050980392156862744
G	C1'_1	268.654	159.437	205.254	0.5647058823529412	0.5647058823529412	0.5647058823529412
G	N9_1	269.015	158.163	204.637	0.18823529411764706	0.3137254901960784	0.9725490196078431
G	C8_1	270.174	157.441	204.823	0.5647058823529412	0.5647058823529412	0.5647058823529412
G	N7_1	270.195	156.322	204.148	0.18823529411764706	0.3137254901960784	0.9725490196078431
G	C5_1	268.977	156.302	203.472	0.5647058823529412	0.5647058823529412	0.5647058823529412
G	C6_1	268.421	155.322	202.589	0.5647058823529412	0.5647058823529412	0.5647058823529412
G	O6_1	268.912	154.246	202.223	1.0	0.050980392156862744	0.050980392156862744
G	N1_1	267.163	155.699	202.131	0.18823529411764706	0.3137254901960784	0.9725490196078431
G	C2_1	266.513	156.859	202.476	0.5647058823529412	0.5647058823529412	0.5647058823529412
G	N2_1	265.298	157.039	201.932	0.18823529411764706	0.3137254901960784	0.9725490196078431
G	N3_1	267.015	157.778	203.297	0.18823529411764706	0.3137254901960784	0.9725490196078431
G	C4_1	268.241	157.435	203.755	0.5647058823529412	0.5647058823529412	0.5647058823529412
C	P_2	262.29	148.838	195.652	1.0	0.5019607843137255	0.0
C	OP1_2	261.703	148.903	194.283	1.0	0.050980392156862744	0.050980392156862744
C	OP2_2	263.674	148.32	195.835	1.0	0.050980392156862744	0.050980392156862744
C	O5'_2	262.244	150.297	196.289	1.0	0.050980392156862744	0.050980392156862744
C	C5'_2	261.033	151.08	196.273	0.5647058823529412	0.5647058823529412	0.5647058823529412
C	C4'_2	261.333	152.504	196.673	0.5647058823529412	0.5647058823529412	0.5647058823529412
C	O4'_2	261.668	152.557	198.084	1.0	0.050980392156862744	0.050980392156862744
C	C3'_2	262.529	153.134	195.978	0.5647058823529412	0.5647058823529412	0.5647058823529412
C	O3'_2	262.185	153.627	194.686	1.0	0.050980392156862744	0.050980392156862744
C	C2'_2	262.922	154.241	196.947	0.5647058823529412	0.5647058823529412	0.5647058823529412
C	O2'_2	262.106	155.387	196.809	1.0	0.050980392156862744	0.050980392156862744
C	C1'_2	262.63	153.58	198.3	0.5647058823529412	0.5647058823529412	0.5647058823529412
C	N1_2	263.801	153.004	198.998	0.18823529411764706	0.3137254901960784	0.9725490196078431
C	C2_2	264.422	153.76	200.011	0.5647058823529412	0.5647058823529412	0.5647058823529412
C	O2_2	263.987	154.898	200.269	1.0	0.050980392156862744	0.050980392156862744
C	N3_2	265.474	153.232	200.679	0.18823529411764706	0.3137254901960784	0.9725490196078431
C	C4_2	265.911	152.004	200.374	0.5647058823529412	0.5647058823529412	0.5647058823529412
C	N4_2	266.935	151.515	201.073	0.18823529411764706	0.3137254901960784	0.9725490196078431
C	C5_2	265.312	151.222	199.34	0.5647058823529412	0.5647058823529412	0.5647058823529412
C	C6_2	264.272	151.757	198.683	0.5647058823529412	0.5647058823529412	0.5647058823529412
