C	P_1	277.578	169.421	165.858	1.0	0.5019607843137255	0.0
C	OP1_1	278.785	168.624	166.212	1.0	0.050980392156862744	0.050980392156862744
C	OP2_1	276.238	168.96	166.301	1.0	0.050980392156862744	0.050980392156862744
C	O5'_1	277.79	170.91	166.38	1.0	0.050980392156862744	0.050980392156862744
C	C5'_1	278.96	171.664	165.996	0.5647058823529412	0.5647058823529412	0.5647058823529412
C	C4'_1	278.86	173.081	166.507	0.5647058823529412	0.5647058823529412	0.5647058823529412
C	O4'_1	277.814	173.795	165.798	1.0	0.050980392156862744	0.050980392156862744
C	C3'_1	278.477	173.227	167.97	0.5647058823529412	0.5647058823529412	0.5647058823529412
C	O3'_1	279.592	173.011	168.826	1.0	0.050980392156862744	0.050980392156862744
C	C2'_1	277.943	174.652	168.016	0.5647058823529412	0.5647058823529412	0.5647058823529412
C	O2'_1	278.967	175.627	168.027	1.0	0.050980392156862744	0.050980392156862744
C	C1'_1	277.201	174.726	166.679	0.5647058823529412	0.5647058823529412	0.5647058823529412
C	N1_1	275.766	174.4	166.799	0.18823529411764706	0.3137254901960784	0.9725490196078431
C	C2_1	274.858	175.441	167.088	0.5647058823529412	0.5647058823529412	0.5647058823529412
C	O2_1	275.291	176.605	167.225	1.0	0.050980392156862744	0.050980392156862744
C	N3_1	273.537	175.147	167.207	0.18823529411764706	0.3137254901960784	0.9725490196078431
C	C4_1	273.115	173.886	167.047	0.5647058823529412	0.5647058823529412	0.5647058823529412
C	N4_1	271.811	173.645	167.175	0.18823529411764706	0.3137254901960784	0.9725490196078431
C	C5_1	274.014	172.816	166.75	0.5647058823529412	0.5647058823529412	0.5647058823529412
C	C6_1	275.316	173.115	166.637	0.5647058823529412	0.5647058823529412	0.5647058823529412
G	P_2	264.716	184.328	168.883	1.0	0.5019607843137255	0.0
G	OP1_2	264.945	185.769	168.576	1.0	0.050980392156862744	0.050980392156862744
G	OP2_2	263.526	183.636	168.322	1.0	0.050980392156862744	0.050980392156862744
G	O5'_2	266.013	183.503	168.462	1.0	0.050980392156862744	0.050980392156862744
G	C5'_2	267.112	184.121	167.762	0.5647058823529412	0.5647058823529412	0.5647058823529412
G	C4'_2	268.391	183.965	168.557	0.5647058823529412	0.5647058823529412	0.5647058823529412
G	O4'_2	268.346	182.746	169.342	1.0	0.050980392156862744	0.050980392156862744
G	C3'_2	269.656	183.853	167.721	0.5647058823529412	0.5647058823529412	0.5647058823529412
G	O3'_2	270.152	185.149	167.373	1.0	0.050980392156862744	0.050980392156862744
G	C2'_2	270.602	183.085	168.644	0.5647058823529412	0.5647058823529412	0.5647058823529412
G	O2'_2	271.236	183.915	169.593	1.0	0.050980392156862744	0.050980392156862744
G	C1'_2	269.633	182.151	169.381	0.5647058823529412	0.5647058823529412	0.5647058823529412
G	N9_2	269.511	180.775	168.897	0.18823529411764706	0.3137254901960784	0.9725490196078431
G	C8_2	268.331	180.085	168.709	0.5647058823529412	0.5647058823529412	0.5647058823529412
G	N7_2	268.509	178.855	168.307	0.18823529411764706	0.3137254901960784	0.9725490196078431
G	C5_2	269.888	178.717	168.216	0.5647058823529412	0.5647058823529412	0.5647058823529412
G	C6_2	270.663	177.599	167.837	0.5647058823529412	0.5647058823529412	0.5647058823529412
G	O6_2	270.273	176.474	167.497	1.0	0.050980392156862744	0.050980392156862744
G	N1_2	272.025	177.884	167.879	0.18823529411764706	0.3137254901960784	0.9725490196078431
G	C2_2	272.568	179.093	168.24	0.5647058823529412	0.5647058823529412	0.5647058823529412
G	N2_2	273.908	179.163	168.216	0.18823529411764706	0.3137254901960784	0.9725490196078431
G	N3_2	271.853	180.153	168.598	0.18823529411764706	0.3137254901960784	0.9725490196078431
G	C4_2	270.527	179.896	168.566	0.5647058823529412	0.5647058823529412	0.5647058823529412
