G	P_1	155.552	226.442	198.415	1.0	0.5019607843137255	0.0
G	OP1_1	154.292	227.238	198.486	1.0	0.050980392156862744	0.050980392156862744
G	OP2_1	155.918	225.543	199.548	1.0	0.050980392156862744	0.050980392156862744
G	O5'_1	155.526	225.573	197.075	1.0	0.050980392156862744	0.050980392156862744
G	C5'_1	155.353	226.205	195.782	0.5647058823529412	0.5647058823529412	0.5647058823529412
G	C4'_1	155.728	225.252	194.659	0.5647058823529412	0.5647058823529412	0.5647058823529412
G	O4'_1	157.122	224.861	194.779	1.0	0.050980392156862744	0.050980392156862744
G	C3'_1	154.99	223.92	194.611	0.5647058823529412	0.5647058823529412	0.5647058823529412
G	O3'_1	153.697	224.079	194.008	1.0	0.050980392156862744	0.050980392156862744
G	C2'_1	155.925	223.063	193.75	0.5647058823529412	0.5647058823529412	0.5647058823529412
G	O2'_1	155.756	223.279	192.361	1.0	0.050980392156862744	0.050980392156862744
G	C1'_1	157.307	223.601	194.151	0.5647058823529412	0.5647058823529412	0.5647058823529412
G	N9_1	158.126	222.745	195.013	0.18823529411764706	0.3137254901960784	0.9725490196078431
G	C8_1	158.282	222.836	196.381	0.5647058823529412	0.5647058823529412	0.5647058823529412
G	N7_1	159.102	221.94	196.866	0.18823529411764706	0.3137254901960784	0.9725490196078431
G	C5_1	159.511	221.207	195.756	0.5647058823529412	0.5647058823529412	0.5647058823529412
G	C6_1	160.412	220.098	195.658	0.5647058823529412	0.5647058823529412	0.5647058823529412
G	O6_1	161.041	219.524	196.564	1.0	0.050980392156862744	0.050980392156862744
G	N1_1	160.547	219.665	194.339	0.18823529411764706	0.3137254901960784	0.9725490196078431
G	C2_1	159.902	220.217	193.254	0.5647058823529412	0.5647058823529412	0.5647058823529412
G	N2_1	160.167	219.656	192.059	0.18823529411764706	0.3137254901960784	0.9725490196078431
G	N3_1	159.06	221.245	193.332	0.18823529411764706	0.3137254901960784	0.9725490196078431
G	C4_1	158.915	221.687	194.604	0.5647058823529412	0.5647058823529412	0.5647058823529412
C	P_2	167.902	212.217	192.408	1.0	0.5019607843137255	0.0
C	OP1_2	168.686	211.626	191.282	1.0	0.050980392156862744	0.050980392156862744
C	OP2_2	168.604	212.998	193.467	1.0	0.050980392156862744	0.050980392156862744
C	O5'_2	166.741	213.129	191.805	1.0	0.050980392156862744	0.050980392156862744
C	C5'_2	165.881	212.626	190.763	0.5647058823529412	0.5647058823529412	0.5647058823529412
C	C4'_2	164.905	213.693	190.316	0.5647058823529412	0.5647058823529412	0.5647058823529412
C	O4'_2	163.877	213.889	191.322	1.0	0.050980392156862744	0.050980392156862744
C	C3'_2	165.448	215.098	190.085	0.5647058823529412	0.5647058823529412	0.5647058823529412
C	O3'_2	166.163	215.233	188.854	1.0	0.050980392156862744	0.050980392156862744
C	C2'_2	164.17	215.931	190.123	0.5647058823529412	0.5647058823529412	0.5647058823529412
C	O2'_2	163.419	215.858	188.927	1.0	0.050980392156862744	0.050980392156862744
C	C1'_2	163.39	215.223	191.236	0.5647058823529412	0.5647058823529412	0.5647058823529412
C	N1_2	163.525	215.875	192.556	0.18823529411764706	0.3137254901960784	0.9725490196078431
C	C2_2	162.617	216.902	192.901	0.5647058823529412	0.5647058823529412	0.5647058823529412
C	O2_2	161.748	217.245	192.076	1.0	0.050980392156862744	0.050980392156862744
C	N3_2	162.718	217.491	194.119	0.18823529411764706	0.3137254901960784	0.9725490196078431
C	C4_2	163.674	217.103	194.972	0.5647058823529412	0.5647058823529412	0.5647058823529412
C	N4_2	163.728	217.706	196.163	0.18823529411764706	0.3137254901960784	0.9725490196078431
C	C5_2	164.615	216.074	194.641	0.5647058823529412	0.5647058823529412	0.5647058823529412
C	C6_2	164.504	215.495	193.436	0.5647058823529412	0.5647058823529412	0.5647058823529412
