G	P_1	87.742	195.299	195.786	1.0	0.5019607843137255	0.0
G	OP1_1	88.464	196.235	194.879	1.0	0.050980392156862744	0.050980392156862744
G	OP2_1	86.98	195.842	196.943	1.0	0.050980392156862744	0.050980392156862744
G	O5'_1	86.759	194.409	194.905	1.0	0.050980392156862744	0.050980392156862744
G	C5'_1	87.236	193.737	193.721	0.5647058823529412	0.5647058823529412	0.5647058823529412
G	C4'_1	86.225	192.72	193.25	0.5647058823529412	0.5647058823529412	0.5647058823529412
G	O4'_1	86.141	191.629	194.204	1.0	0.050980392156862744	0.050980392156862744
G	C3'_1	84.793	193.216	193.123	0.5647058823529412	0.5647058823529412	0.5647058823529412
G	O3'_1	84.594	193.904	191.885	1.0	0.050980392156862744	0.050980392156862744
G	C2'_1	83.997	191.915	193.201	0.5647058823529412	0.5647058823529412	0.5647058823529412
G	O2'_1	83.989	191.21	191.977	1.0	0.050980392156862744	0.050980392156862744
G	C1'_1	84.821	191.109	194.214	0.5647058823529412	0.5647058823529412	0.5647058823529412
G	N9_1	84.314	191.14	195.583	0.18823529411764706	0.3137254901960784	0.9725490196078431
G	C8_1	84.764	191.923	196.619	0.5647058823529412	0.5647058823529412	0.5647058823529412
G	N7_1	84.103	191.74	197.729	0.18823529411764706	0.3137254901960784	0.9725490196078431
G	C5_1	83.16	190.775	197.412	0.5647058823529412	0.5647058823529412	0.5647058823529412
G	C6_1	82.148	190.183	198.214	0.5647058823529412	0.5647058823529412	0.5647058823529412
G	O6_1	81.876	190.406	199.4	1.0	0.050980392156862744	0.050980392156862744
G	N1_1	81.409	189.246	197.496	0.18823529411764706	0.3137254901960784	0.9725490196078431
G	C2_1	81.614	188.92	196.174	0.5647058823529412	0.5647058823529412	0.5647058823529412
G	N2_1	80.794	187.983	195.661	0.18823529411764706	0.3137254901960784	0.9725490196078431
G	N3_1	82.552	189.472	195.412	0.18823529411764706	0.3137254901960784	0.9725490196078431
G	C4_1	83.281	190.386	196.092	0.5647058823529412	0.5647058823529412	0.5647058823529412
C	P_2	76.034	183.212	202.813	1.0	0.5019607843137255	0.0
C	OP1_2	74.871	182.512	203.43	1.0	0.050980392156862744	0.050980392156862744
C	OP2_2	77.295	182.458	202.574	1.0	0.050980392156862744	0.050980392156862744
C	O5'_2	75.568	183.816	201.413	1.0	0.050980392156862744	0.050980392156862744
C	C5'_2	74.864	182.99	200.452	0.5647058823529412	0.5647058823529412	0.5647058823529412
C	C4'_2	75.497	183.104	199.083	0.5647058823529412	0.5647058823529412	0.5647058823529412
C	O4'_2	75.513	184.502	198.695	1.0	0.050980392156862744	0.050980392156862744
C	C3'_2	76.948	182.657	198.959	0.5647058823529412	0.5647058823529412	0.5647058823529412
C	O3'_2	77.045	181.248	198.744	1.0	0.050980392156862744	0.050980392156862744
C	C2'_2	77.431	183.451	197.752	0.5647058823529412	0.5647058823529412	0.5647058823529412
C	O2'_2	77.035	182.879	196.52	1.0	0.050980392156862744	0.050980392156862744
C	C1'_2	76.687	184.777	197.946	0.5647058823529412	0.5647058823529412	0.5647058823529412
C	N1_2	77.466	185.82	198.649	0.18823529411764706	0.3137254901960784	0.9725490196078431
C	C2_2	78.33	186.65	197.902	0.5647058823529412	0.5647058823529412	0.5647058823529412
C	O2_2	78.416	186.489	196.671	1.0	0.050980392156862744	0.050980392156862744
C	N3_2	79.041	187.605	198.546	0.18823529411764706	0.3137254901960784	0.9725490196078431
C	C4_2	78.913	187.759	199.87	0.5647058823529412	0.5647058823529412	0.5647058823529412
C	N4_2	79.626	188.721	200.458	0.18823529411764706	0.3137254901960784	0.9725490196078431
C	C5_2	78.046	186.934	200.647	0.5647058823529412	0.5647058823529412	0.5647058823529412
C	C6_2	77.352	185.987	200.005	0.5647058823529412	0.5647058823529412	0.5647058823529412
