G	P_1	275.001	194.226	118.373	1.0	0.5019607843137255	0.0
G	OP1_1	275.267	194.538	119.806	1.0	0.050980392156862744	0.050980392156862744
G	OP2_1	274.061	193.122	118.024	1.0	0.050980392156862744	0.050980392156862744
G	O5'_1	274.49	195.564	117.669	1.0	0.050980392156862744	0.050980392156862744
G	C5'_1	275.236	196.8	117.781	0.5647058823529412	0.5647058823529412	0.5647058823529412
G	C4'_1	274.533	197.917	117.034	0.5647058823529412	0.5647058823529412	0.5647058823529412
G	O4'_1	274.426	197.569	115.628	1.0	0.050980392156862744	0.050980392156862744
G	C3'_1	273.102	198.219	117.458	0.5647058823529412	0.5647058823529412	0.5647058823529412
G	O3'_1	273.076	199.086	118.593	1.0	0.050980392156862744	0.050980392156862744
G	C2'_1	272.527	198.892	116.214	0.5647058823529412	0.5647058823529412	0.5647058823529412
G	O2'_1	272.89	200.255	116.101	1.0	0.050980392156862744	0.050980392156862744
G	C1'_1	273.221	198.106	115.096	0.5647058823529412	0.5647058823529412	0.5647058823529412
G	N9_1	272.426	197.01	114.543	0.18823529411764706	0.3137254901960784	0.9725490196078431
G	C8_1	272.619	195.66	114.736	0.5647058823529412	0.5647058823529412	0.5647058823529412
G	N7_1	271.758	194.92	114.091	0.18823529411764706	0.3137254901960784	0.9725490196078431
G	C5_1	270.942	195.833	113.434	0.5647058823529412	0.5647058823529412	0.5647058823529412
G	C6_1	269.829	195.621	112.576	0.5647058823529412	0.5647058823529412	0.5647058823529412
G	O6_1	269.33	194.545	112.214	1.0	0.050980392156862744	0.050980392156862744
G	N1_1	269.288	196.825	112.129	0.18823529411764706	0.3137254901960784	0.9725490196078431
G	C2_1	269.756	198.073	112.461	0.5647058823529412	0.5647058823529412	0.5647058823529412
G	N2_1	269.098	199.113	111.926	0.18823529411764706	0.3137254901960784	0.9725490196078431
G	N3_1	270.794	198.286	113.26	0.18823529411764706	0.3137254901960784	0.9725490196078431
G	C4_1	271.336	197.129	113.706	0.5647058823529412	0.5647058823529412	0.5647058823529412
C	P_2	261.543	195.179	105.989	1.0	0.5019607843137255	0.0
C	OP1_2	261.126	194.981	104.572	1.0	0.050980392156862744	0.050980392156862744
C	OP2_2	262.848	194.632	106.454	1.0	0.050980392156862744	0.050980392156862744
C	O5'_2	261.488	196.738	106.327	1.0	0.050980392156862744	0.050980392156862744
C	C5'_2	262.658	197.58	106.22	0.5647058823529412	0.5647058823529412	0.5647058823529412
C	C4'_2	262.923	198.267	107.541	0.5647058823529412	0.5647058823529412	0.5647058823529412
C	O4'_2	263.103	197.253	108.564	1.0	0.050980392156862744	0.050980392156862744
C	C3'_2	264.184	199.118	107.607	0.5647058823529412	0.5647058823529412	0.5647058823529412
C	O3'_2	263.935	200.45	107.149	1.0	0.050980392156862744	0.050980392156862744
C	C2'_2	264.528	199.087	109.093	0.5647058823529412	0.5647058823529412	0.5647058823529412
C	O2'_2	263.749	199.993	109.854	1.0	0.050980392156862744	0.050980392156862744
C	C1'_2	264.118	197.659	109.467	0.5647058823529412	0.5647058823529412	0.5647058823529412
C	N1_2	265.198	196.65	109.438	0.18823529411764706	0.3137254901960784	0.9725490196078431
C	C2_2	266.099	196.582	110.519	0.5647058823529412	0.5647058823529412	0.5647058823529412
C	O2_2	266.007	197.414	111.44	1.0	0.050980392156862744	0.050980392156862744
C	N3_2	267.044	195.615	110.525	0.18823529411764706	0.3137254901960784	0.9725490196078431
C	C4_2	267.123	194.749	109.509	0.5647058823529412	0.5647058823529412	0.5647058823529412
C	N4_2	268.055	193.797	109.57	0.18823529411764706	0.3137254901960784	0.9725490196078431
C	C5_2	266.246	194.817	108.387	0.5647058823529412	0.5647058823529412	0.5647058823529412
C	C6_2	265.311	195.773	108.391	0.5647058823529412	0.5647058823529412	0.5647058823529412
