G	P_1	161.166	233.219	213.563	1.0	0.5019607843137255	0.0
G	OP1_1	161.188	232.272	214.716	1.0	0.050980392156862744	0.050980392156862744
G	OP2_1	162.051	234.418	213.58	1.0	0.050980392156862744	0.050980392156862744
G	O5'_1	161.478	232.391	212.236	1.0	0.050980392156862744	0.050980392156862744
G	C5'_1	160.733	231.198	211.915	0.5647058823529412	0.5647058823529412	0.5647058823529412
G	C4'_1	160.916	230.835	210.456	0.5647058823529412	0.5647058823529412	0.5647058823529412
G	O4'_1	160.459	231.939	209.62	1.0	0.050980392156862744	0.050980392156862744
G	C3'_1	162.34	230.612	209.968	0.5647058823529412	0.5647058823529412	0.5647058823529412
G	O3'_1	162.867	229.332	210.296	1.0	0.050980392156862744	0.050980392156862744
G	C2'_1	162.178	230.775	208.464	0.5647058823529412	0.5647058823529412	0.5647058823529412
G	O2'_1	161.594	229.642	207.853	1.0	0.050980392156862744	0.050980392156862744
G	C1'_1	161.202	231.952	208.403	0.5647058823529412	0.5647058823529412	0.5647058823529412
G	N9_1	161.914	233.225	208.28	0.18823529411764706	0.3137254901960784	0.9725490196078431
G	C8_1	162.025	234.23	209.216	0.5647058823529412	0.5647058823529412	0.5647058823529412
G	N7_1	162.769	235.228	208.812	0.18823529411764706	0.3137254901960784	0.9725490196078431
G	C5_1	163.17	234.865	207.532	0.5647058823529412	0.5647058823529412	0.5647058823529412
G	C6_1	164.005	235.548	206.594	0.5647058823529412	0.5647058823529412	0.5647058823529412
G	O6_1	164.576	236.639	206.721	1.0	0.050980392156862744	0.050980392156862744
G	N1_1	164.145	234.823	205.41	0.18823529411764706	0.3137254901960784	0.9725490196078431
G	C2_1	163.557	233.601	205.157	0.5647058823529412	0.5647058823529412	0.5647058823529412
G	N2_1	163.795	233.067	203.946	0.18823529411764706	0.3137254901960784	0.9725490196078431
G	N3_1	162.787	232.951	206.026	0.18823529411764706	0.3137254901960784	0.9725490196078431
G	C4_1	162.638	233.638	207.182	0.5647058823529412	0.5647058823529412	0.5647058823529412
C	P_2	167.588	239.684	197.409	1.0	0.5019607843137255	0.0
C	OP1_2	167.461	240.208	196.02	1.0	0.050980392156862744	0.050980392156862744
C	OP2_2	167.15	240.526	198.556	1.0	0.050980392156862744	0.050980392156862744
C	O5'_2	166.816	238.293	197.487	1.0	0.050980392156862744	0.050980392156862744
C	C5'_2	167.203	237.192	196.646	0.5647058823529412	0.5647058823529412	0.5647058823529412
C	C4'_2	166.656	235.897	197.199	0.5647058823529412	0.5647058823529412	0.5647058823529412
C	O4'_2	167.258	235.62	198.493	1.0	0.050980392156862744	0.050980392156862744
C	C3'_2	165.16	235.87	197.469	0.5647058823529412	0.5647058823529412	0.5647058823529412
C	O3'_2	164.432	235.623	196.265	1.0	0.050980392156862744	0.050980392156862744
C	C2'_2	165.041	234.743	198.493	0.5647058823529412	0.5647058823529412	0.5647058823529412
C	O2'_2	165.104	233.453	197.912	1.0	0.050980392156862744	0.050980392156862744
C	C1'_2	166.313	234.958	199.325	0.5647058823529412	0.5647058823529412	0.5647058823529412
C	N1_2	166.112	235.762	200.551	0.18823529411764706	0.3137254901960784	0.9725490196078431
C	C2_2	165.478	235.165	201.662	0.5647058823529412	0.5647058823529412	0.5647058823529412
C	O2_2	165.119	233.976	201.59	1.0	0.050980392156862744	0.050980392156862744
C	N3_2	165.281	235.9	202.78	0.18823529411764706	0.3137254901960784	0.9725490196078431
C	C4_2	165.698	237.173	202.825	0.5647058823529412	0.5647058823529412	0.5647058823529412
C	N4_2	165.486	237.86	203.949	0.18823529411764706	0.3137254901960784	0.9725490196078431
C	C5_2	166.351	237.797	201.718	0.5647058823529412	0.5647058823529412	0.5647058823529412
C	C6_2	166.532	237.064	200.614	0.5647058823529412	0.5647058823529412	0.5647058823529412
