C	P_1	147.107	240.75	181.813	1.0	0.5019607843137255	0.0
C	OP1_1	147.808	241.925	181.216	1.0	0.050980392156862744	0.050980392156862744
C	OP2_1	147.905	239.654	182.439	1.0	0.050980392156862744	0.050980392156862744
C	O5'_1	146.089	241.285	182.915	1.0	0.050980392156862744	0.050980392156862744
C	C5'_1	145.05	242.228	182.582	0.5647058823529412	0.5647058823529412	0.5647058823529412
C	C4'_1	144.155	242.434	183.781	0.5647058823529412	0.5647058823529412	0.5647058823529412
C	O4'_1	143.59	241.151	184.17	1.0	0.050980392156862744	0.050980392156862744
C	C3'_1	144.859	242.928	185.038	0.5647058823529412	0.5647058823529412	0.5647058823529412
C	O3'_1	144.989	244.345	185.022	1.0	0.050980392156862744	0.050980392156862744
C	C2'_1	143.932	242.446	186.147	0.5647058823529412	0.5647058823529412	0.5647058823529412
C	O2'_1	142.808	243.289	186.32	1.0	0.050980392156862744	0.050980392156862744
C	C1'_1	143.464	241.099	185.582	0.5647058823529412	0.5647058823529412	0.5647058823529412
C	N1_1	144.201	239.923	186.091	0.18823529411764706	0.3137254901960784	0.9725490196078431
C	C2_1	143.652	239.205	187.176	0.5647058823529412	0.5647058823529412	0.5647058823529412
C	O2_1	142.56	239.574	187.654	1.0	0.050980392156862744	0.050980392156862744
C	N3_1	144.323	238.135	187.669	0.18823529411764706	0.3137254901960784	0.9725490196078431
C	C4_1	145.489	237.771	187.127	0.5647058823529412	0.5647058823529412	0.5647058823529412
C	N4_1	146.118	236.72	187.661	0.18823529411764706	0.3137254901960784	0.9725490196078431
C	C5_1	146.063	238.474	186.017	0.5647058823529412	0.5647058823529412	0.5647058823529412
C	C6_1	145.392	239.531	185.536	0.5647058823529412	0.5647058823529412	0.5647058823529412
G	P_2	143.024	236.448	201.028	1.0	0.5019607843137255	0.0
G	OP1_2	142.456	235.607	202.123	1.0	0.050980392156862744	0.050980392156862744
G	OP2_2	144.467	236.31	200.671	1.0	0.050980392156862744	0.050980392156862744
G	O5'_2	142.148	236.205	199.716	1.0	0.050980392156862744	0.050980392156862744
G	C5'_2	142.736	236.327	198.403	0.5647058823529412	0.5647058823529412	0.5647058823529412
G	C4'_2	141.995	237.364	197.589	0.5647058823529412	0.5647058823529412	0.5647058823529412
G	O4'_2	142.959	238.133	196.823	1.0	0.050980392156862744	0.050980392156862744
G	C3'_2	140.997	236.871	196.545	0.5647058823529412	0.5647058823529412	0.5647058823529412
G	O3'_2	139.712	236.528	197.058	1.0	0.050980392156862744	0.050980392156862744
G	C2'_2	140.923	238.063	195.6	0.5647058823529412	0.5647058823529412	0.5647058823529412
G	O2'_2	140.11	239.115	196.092	1.0	0.050980392156862744	0.050980392156862744
G	C1'_2	142.386	238.509	195.58	0.5647058823529412	0.5647058823529412	0.5647058823529412
G	N9_2	143.129	237.843	194.517	0.18823529411764706	0.3137254901960784	0.9725490196078431
G	C8_2	143.96	236.748	194.632	0.5647058823529412	0.5647058823529412	0.5647058823529412
G	N7_2	144.476	236.375	193.49	0.18823529411764706	0.3137254901960784	0.9725490196078431
G	C5_2	143.952	237.274	192.565	0.5647058823529412	0.5647058823529412	0.5647058823529412
G	C6_2	144.143	237.368	191.152	0.5647058823529412	0.5647058823529412	0.5647058823529412
G	O6_2	144.844	236.655	190.416	1.0	0.050980392156862744	0.050980392156862744
G	N1_2	143.414	238.425	190.607	0.18823529411764706	0.3137254901960784	0.9725490196078431
G	C2_2	142.607	239.282	191.319	0.5647058823529412	0.5647058823529412	0.5647058823529412
G	N2_2	141.983	240.233	190.609	0.18823529411764706	0.3137254901960784	0.9725490196078431
G	N3_2	142.424	239.208	192.632	0.18823529411764706	0.3137254901960784	0.9725490196078431
G	C4_2	143.122	238.188	193.186	0.5647058823529412	0.5647058823529412	0.5647058823529412
