C	P_1	253.612	169.076	175.291	1.0	0.5019607843137255	0.0
C	OP1_1	253.611	168.006	174.253	1.0	0.050980392156862744	0.050980392156862744
C	OP2_1	252.601	169.044	176.382	1.0	0.050980392156862744	0.050980392156862744
C	O5'_1	255.062	169.106	175.937	1.0	0.050980392156862744	0.050980392156862744
C	C5'_1	256.222	169.287	175.108	0.5647058823529412	0.5647058823529412	0.5647058823529412
C	C4'_1	257.45	169.411	175.968	0.5647058823529412	0.5647058823529412	0.5647058823529412
C	O4'_1	257.371	170.628	176.75	1.0	0.050980392156862744	0.050980392156862744
C	C3'_1	257.6	168.296	176.989	0.5647058823529412	0.5647058823529412	0.5647058823529412
C	O3'_1	258.237	167.173	176.392	1.0	0.050980392156862744	0.050980392156862744
C	C2'_1	258.432	168.954	178.08	0.5647058823529412	0.5647058823529412	0.5647058823529412
C	O2'_1	259.802	168.991	177.743	1.0	0.050980392156862744	0.050980392156862744
C	C1'_1	257.876	170.383	178.054	0.5647058823529412	0.5647058823529412	0.5647058823529412
C	N1_1	256.797	170.659	179.024	0.18823529411764706	0.3137254901960784	0.9725490196078431
C	C2_1	257.134	171.166	180.296	0.5647058823529412	0.5647058823529412	0.5647058823529412
C	O2_1	258.337	171.314	180.593	1.0	0.050980392156862744	0.050980392156862744
C	N3_1	256.134	171.478	181.163	0.18823529411764706	0.3137254901960784	0.9725490196078431
C	C4_1	254.853	171.292	180.807	0.5647058823529412	0.5647058823529412	0.5647058823529412
C	N4_1	253.903	171.64	181.678	0.18823529411764706	0.3137254901960784	0.9725490196078431
C	C5_1	254.491	170.749	179.539	0.5647058823529412	0.5647058823529412	0.5647058823529412
C	C6_1	255.484	170.449	178.688	0.5647058823529412	0.5647058823529412	0.5647058823529412
G	P_2	256.612	174.605	192.178	1.0	0.5019607843137255	0.0
G	OP1_2	257.238	175.386	193.284	1.0	0.050980392156862744	0.050980392156862744
G	OP2_2	255.445	175.171	191.444	1.0	0.050980392156862744	0.050980392156862744
G	O5'_2	257.747	174.258	191.115	1.0	0.050980392156862744	0.050980392156862744
G	C5'_2	259.073	173.894	191.553	0.5647058823529412	0.5647058823529412	0.5647058823529412
G	C4'_2	259.952	173.549	190.365	0.5647058823529412	0.5647058823529412	0.5647058823529412
G	O4'_2	259.454	172.35	189.711	1.0	0.050980392156862744	0.050980392156862744
G	C3'_2	260.039	174.577	189.245	0.5647058823529412	0.5647058823529412	0.5647058823529412
G	O3'_2	260.964	175.621	189.547	1.0	0.050980392156862744	0.050980392156862744
G	C2'_2	260.499	173.72	188.072	0.5647058823529412	0.5647058823529412	0.5647058823529412
G	O2'_2	261.883	173.422	188.118	1.0	0.050980392156862744	0.050980392156862744
G	C1'_2	259.698	172.435	188.315	0.5647058823529412	0.5647058823529412	0.5647058823529412
G	N9_2	258.41	172.465	187.626	0.18823529411764706	0.3137254901960784	0.9725490196078431
G	C8_2	257.174	172.733	188.177	0.5647058823529412	0.5647058823529412	0.5647058823529412
G	N7_2	256.204	172.704	187.303	0.18823529411764706	0.3137254901960784	0.9725490196078431
G	C5_2	256.832	172.402	186.1	0.5647058823529412	0.5647058823529412	0.5647058823529412
G	C6_2	256.292	172.252	184.793	0.5647058823529412	0.5647058823529412	0.5647058823529412
G	O6_2	255.111	172.356	184.432	1.0	0.050980392156862744	0.050980392156862744
G	N1_2	257.283	171.949	183.858	0.18823529411764706	0.3137254901960784	0.9725490196078431
G	C2_2	258.621	171.806	184.141	0.5647058823529412	0.5647058823529412	0.5647058823529412
G	N2_2	259.419	171.501	183.101	0.18823529411764706	0.3137254901960784	0.9725490196078431
G	N3_2	259.141	171.947	185.358	0.18823529411764706	0.3137254901960784	0.9725490196078431
G	C4_2	258.194	172.243	186.282	0.5647058823529412	0.5647058823529412	0.5647058823529412
