G	P_1	197.369	194.108	149.465	1.0	0.5019607843137255	0.0
G	OP1_1	197.305	195.397	148.709	1.0	0.050980392156862744	0.050980392156862744
G	OP2_1	196.269	193.754	150.405	1.0	0.050980392156862744	0.050980392156862744
G	O5'_1	197.53	192.912	148.416	1.0	0.050980392156862744	0.050980392156862744
G	C5'_1	198.539	192.969	147.386	0.5647058823529412	0.5647058823529412	0.5647058823529412
G	C4'_1	198.619	191.656	146.626	0.5647058823529412	0.5647058823529412	0.5647058823529412
G	O4'_1	198.963	190.562	147.524	1.0	0.050980392156862744	0.050980392156862744
G	C3'_1	197.364	191.151	145.933	0.5647058823529412	0.5647058823529412	0.5647058823529412
G	O3'_1	197.112	191.843	144.706	1.0	0.050980392156862744	0.050980392156862744
G	C2'_1	197.716	189.682	145.698	0.5647058823529412	0.5647058823529412	0.5647058823529412
G	O2'_1	198.594	189.498	144.602	1.0	0.050980392156862744	0.050980392156862744
G	C1'_1	198.468	189.338	146.99	0.5647058823529412	0.5647058823529412	0.5647058823529412
G	N9_1	197.621	188.679	147.986	0.18823529411764706	0.3137254901960784	0.9725490196078431
G	C8_1	197.109	189.226	149.142	0.5647058823529412	0.5647058823529412	0.5647058823529412
G	N7_1	196.353	188.395	149.813	0.18823529411764706	0.3137254901960784	0.9725490196078431
G	C5_1	196.37	187.225	149.061	0.5647058823529412	0.5647058823529412	0.5647058823529412
G	C6_1	195.725	185.975	149.285	0.5647058823529412	0.5647058823529412	0.5647058823529412
G	O6_1	194.978	185.65	150.218	1.0	0.050980392156862744	0.050980392156862744
G	N1_1	196.022	185.057	148.282	0.18823529411764706	0.3137254901960784	0.9725490196078431
G	C2_1	196.83	185.307	147.198	0.5647058823529412	0.5647058823529412	0.5647058823529412
G	N2_1	197.001	184.288	146.342	0.18823529411764706	0.3137254901960784	0.9725490196078431
G	N3_1	197.429	186.47	146.97	0.18823529411764706	0.3137254901960784	0.9725490196078431
G	C4_1	197.159	187.376	147.937	0.5647058823529412	0.5647058823529412	0.5647058823529412
C	P_2	191.657	175.739	149.442	1.0	0.5019607843137255	0.0
C	OP1_2	191.919	174.273	149.39	1.0	0.050980392156862744	0.050980392156862744
C	OP2_2	191.668	176.441	150.753	1.0	0.050980392156862744	0.050980392156862744
C	O5'_2	192.708	176.451	148.489	1.0	0.050980392156862744	0.050980392156862744
C	C5'_2	192.76	176.127	147.092	0.5647058823529412	0.5647058823529412	0.5647058823529412
C	C4'_2	193.739	177.032	146.392	0.5647058823529412	0.5647058823529412	0.5647058823529412
C	O4'_2	193.247	178.398	146.399	1.0	0.050980392156862744	0.050980392156862744
C	C3'_2	195.108	177.121	147.044	0.5647058823529412	0.5647058823529412	0.5647058823529412
C	O3'_2	195.893	175.989	146.668	1.0	0.050980392156862744	0.050980392156862744
C	C2'_2	195.63	178.456	146.519	0.5647058823529412	0.5647058823529412	0.5647058823529412
C	O2'_2	196.12	178.368	145.197	1.0	0.050980392156862744	0.050980392156862744
C	C1'_2	194.345	179.292	146.489	0.5647058823529412	0.5647058823529412	0.5647058823529412
C	N1_2	194.131	180.193	147.638	0.18823529411764706	0.3137254901960784	0.9725490196078431
C	C2_2	194.692	181.484	147.598	0.5647058823529412	0.5647058823529412	0.5647058823529412
C	O2_2	195.402	181.804	146.627	1.0	0.050980392156862744	0.050980392156862744
C	N3_2	194.448	182.342	148.62	0.18823529411764706	0.3137254901960784	0.9725490196078431
C	C4_2	193.698	181.948	149.66	0.5647058823529412	0.5647058823529412	0.5647058823529412
C	N4_2	193.474	182.829	150.641	0.18823529411764706	0.3137254901960784	0.9725490196078431
C	C5_2	193.144	180.633	149.738	0.5647058823529412	0.5647058823529412	0.5647058823529412
C	C6_2	193.383	179.798	148.716	0.5647058823529412	0.5647058823529412	0.5647058823529412
