C	P_1	151.961	231.549	246.808	1.0	0.5019607843137255	0.0
C	OP1_1	151.978	230.739	245.557	1.0	0.050980392156862744	0.050980392156862744
C	OP2_1	152.4	232.969	246.768	1.0	0.050980392156862744	0.050980392156862744
C	O5'_1	150.489	231.496	247.426	1.0	0.050980392156862744	0.050980392156862744
C	C5'_1	149.787	230.24	247.572	0.5647058823529412	0.5647058823529412	0.5647058823529412
C	C4'_1	148.471	230.445	248.298	0.5647058823529412	0.5647058823529412	0.5647058823529412
C	O4'_1	148.726	230.986	249.62	1.0	0.050980392156862744	0.050980392156862744
C	C3'_1	147.483	231.427	247.678	0.5647058823529412	0.5647058823529412	0.5647058823529412
C	O3'_1	146.721	230.809	246.643	1.0	0.050980392156862744	0.050980392156862744
C	C2'_1	146.616	231.815	248.87	0.5647058823529412	0.5647058823529412	0.5647058823529412
C	O2'_1	145.628	230.854	249.181	1.0	0.050980392156862744	0.050980392156862744
C	C1'_1	147.648	231.828	250.002	0.5647058823529412	0.5647058823529412	0.5647058823529412
C	N1_1	148.172	233.169	250.341	0.18823529411764706	0.3137254901960784	0.9725490196078431
C	C2_1	147.394	234.008	251.165	0.5647058823529412	0.5647058823529412	0.5647058823529412
C	O2_1	146.288	233.599	251.574	1.0	0.050980392156862744	0.050980392156862744
C	N3_1	147.869	235.234	251.495	0.18823529411764706	0.3137254901960784	0.9725490196078431
C	C4_1	149.064	235.631	251.045	0.5647058823529412	0.5647058823529412	0.5647058823529412
C	N4_1	149.496	236.842	251.403	0.18823529411764706	0.3137254901960784	0.9725490196078431
C	C5_1	149.87	234.802	250.207	0.5647058823529412	0.5647058823529412	0.5647058823529412
C	C6_1	149.389	233.594	249.88	0.5647058823529412	0.5647058823529412	0.5647058823529412
G	P_2	143.588	243.441	259.096	1.0	0.5019607843137255	0.0
G	OP1_2	142.907	243.657	260.404	1.0	0.050980392156862744	0.050980392156862744
G	OP2_2	145.071	243.523	259.015	1.0	0.050980392156862744	0.050980392156862744
G	O5'_2	143.122	242.033	258.527	1.0	0.050980392156862744	0.050980392156862744
G	C5'_2	141.723	241.736	258.386	0.5647058823529412	0.5647058823529412	0.5647058823529412
G	C4'_2	141.541	240.426	257.667	0.5647058823529412	0.5647058823529412	0.5647058823529412
G	O4'_2	141.958	240.558	256.281	1.0	0.050980392156862744	0.050980392156862744
G	C3'_2	142.381	239.266	258.173	0.5647058823529412	0.5647058823529412	0.5647058823529412
G	O3'_2	141.86	238.676	259.354	1.0	0.050980392156862744	0.050980392156862744
G	C2'_2	142.347	238.319	256.985	0.5647058823529412	0.5647058823529412	0.5647058823529412
G	O2'_2	141.133	237.603	256.895	1.0	0.050980392156862744	0.050980392156862744
G	C1'_2	142.45	239.307	255.818	0.5647058823529412	0.5647058823529412	0.5647058823529412
G	N9_2	143.827	239.472	255.349	0.18823529411764706	0.3137254901960784	0.9725490196078431
G	C8_2	144.678	240.532	255.576	0.5647058823529412	0.5647058823529412	0.5647058823529412
G	N7_2	145.853	240.375	255.024	0.18823529411764706	0.3137254901960784	0.9725490196078431
G	C5_2	145.774	239.14	254.391	0.5647058823529412	0.5647058823529412	0.5647058823529412
G	C6_2	146.739	238.439	253.626	0.5647058823529412	0.5647058823529412	0.5647058823529412
G	O6_2	147.891	238.786	253.337	1.0	0.050980392156862744	0.050980392156862744
G	N1_2	146.246	237.214	253.176	0.18823529411764706	0.3137254901960784	0.9725490196078431
G	C2_2	144.982	236.731	253.426	0.5647058823529412	0.5647058823529412	0.5647058823529412
G	N2_2	144.691	235.531	252.902	0.18823529411764706	0.3137254901960784	0.9725490196078431
G	N3_2	144.071	237.38	254.134	0.18823529411764706	0.3137254901960784	0.9725490196078431
G	C4_2	144.532	238.568	254.583	0.5647058823529412	0.5647058823529412	0.5647058823529412
