C	P_1	198.974	131.505	191.379	1.0	0.5019607843137255	0.0
C	OP1_1	197.941	131.439	192.457	1.0	0.050980392156862744	0.050980392156862744
C	OP2_1	199.762	130.286	191.038	1.0	0.050980392156862744	0.050980392156862744
C	O5'_1	198.275	132.029	190.046	1.0	0.050980392156862744	0.050980392156862744
C	C5'_1	197.541	133.27	190.032	0.5647058823529412	0.5647058823529412	0.5647058823529412
C	C4'_1	197.073	133.582	188.632	0.5647058823529412	0.5647058823529412	0.5647058823529412
C	O4'_1	198.23	133.701	187.76	1.0	0.050980392156862744	0.050980392156862744
C	C3'_1	196.212	132.52	187.96	0.5647058823529412	0.5647058823529412	0.5647058823529412
C	O3'_1	194.844	132.6	188.367	1.0	0.050980392156862744	0.050980392156862744
C	C2'_1	196.414	132.841	186.484	0.5647058823529412	0.5647058823529412	0.5647058823529412
C	O2'_1	195.67	133.964	186.055	1.0	0.050980392156862744	0.050980392156862744
C	C1'_1	197.901	133.207	186.466	0.5647058823529412	0.5647058823529412	0.5647058823529412
C	N1_1	198.776	132.054	186.154	0.18823529411764706	0.3137254901960784	0.9725490196078431
C	C2_1	198.985	131.707	184.807	0.5647058823529412	0.5647058823529412	0.5647058823529412
C	O2_1	198.433	132.381	183.916	1.0	0.050980392156862744	0.050980392156862744
C	N3_1	199.783	130.65	184.516	0.18823529411764706	0.3137254901960784	0.9725490196078431
C	C4_1	200.361	129.955	185.501	0.5647058823529412	0.5647058823529412	0.5647058823529412
C	N4_1	201.135	128.923	185.168	0.18823529411764706	0.3137254901960784	0.9725490196078431
C	C5_1	200.169	130.288	186.873	0.5647058823529412	0.5647058823529412	0.5647058823529412
C	C6_1	199.377	131.331	187.152	0.5647058823529412	0.5647058823529412	0.5647058823529412
G	P_2	202.039	125.018	174.713	1.0	0.5019607843137255	0.0
G	OP1_2	202.429	125.246	173.293	1.0	0.050980392156862744	0.050980392156862744
G	OP2_2	203.092	124.947	175.765	1.0	0.050980392156862744	0.050980392156862744
G	O5'_2	201.009	126.151	175.138	1.0	0.050980392156862744	0.050980392156862744
G	C5'_2	199.89	126.477	174.299	0.5647058823529412	0.5647058823529412	0.5647058823529412
G	C4'_2	199.097	127.596	174.919	0.5647058823529412	0.5647058823529412	0.5647058823529412
G	O4'_2	198.519	127.135	176.172	1.0	0.050980392156862744	0.050980392156862744
G	C3'_2	199.92	128.809	175.324	0.5647058823529412	0.5647058823529412	0.5647058823529412
G	O3'_2	200.177	129.68	174.231	1.0	0.050980392156862744	0.050980392156862744
G	C2'_2	199.051	129.438	176.403	0.5647058823529412	0.5647058823529412	0.5647058823529412
G	O2'_2	197.955	130.153	175.864	1.0	0.050980392156862744	0.050980392156862744
G	C1'_2	198.537	128.191	177.124	0.5647058823529412	0.5647058823529412	0.5647058823529412
G	N9_2	199.377	127.786	178.251	0.18823529411764706	0.3137254901960784	0.9725490196078431
G	C8_2	200.341	126.801	178.263	0.5647058823529412	0.5647058823529412	0.5647058823529412
G	N7_2	200.91	126.653	179.432	0.18823529411764706	0.3137254901960784	0.9725490196078431
G	C5_2	200.291	127.598	180.24	0.5647058823529412	0.5647058823529412	0.5647058823529412
G	C6_2	200.49	127.905	181.613	0.5647058823529412	0.5647058823529412	0.5647058823529412
G	O6_2	201.275	127.382	182.412	1.0	0.050980392156862744	0.050980392156862744
G	N1_2	199.656	128.936	182.033	0.18823529411764706	0.3137254901960784	0.9725490196078431
G	C2_2	198.748	129.59	181.238	0.5647058823529412	0.5647058823529412	0.5647058823529412
G	N2_2	198.034	130.562	181.828	0.18823529411764706	0.3137254901960784	0.9725490196078431
G	N3_2	198.549	129.315	179.956	0.18823529411764706	0.3137254901960784	0.9725490196078431
G	C4_2	199.349	128.314	179.526	0.5647058823529412	0.5647058823529412	0.5647058823529412
