C	P_1	213.133	296.205	210.113	1.0	0.5019607843137255	0.0
C	OP1_1	212.75	294.776	210.267	1.0	0.050980392156862744	0.050980392156862744
C	OP2_1	212.492	297.234	210.973	1.0	0.050980392156862744	0.050980392156862744
C	O5'_1	214.71	296.326	210.289	1.0	0.050980392156862744	0.050980392156862744
C	C5'_1	215.59	295.355	209.693	0.5647058823529412	0.5647058823529412	0.5647058823529412
C	C4'_1	217.023	295.626	210.091	0.5647058823529412	0.5647058823529412	0.5647058823529412
C	O4'_1	217.5	296.833	209.442	1.0	0.050980392156862744	0.050980392156862744
C	C3'_1	217.275	295.87	211.571	0.5647058823529412	0.5647058823529412	0.5647058823529412
C	O3'_1	217.353	294.638	212.287	1.0	0.050980392156862744	0.050980392156862744
C	C2'_1	218.6	296.627	211.552	0.5647058823529412	0.5647058823529412	0.5647058823529412
C	O2'_1	219.718	295.776	211.392	1.0	0.050980392156862744	0.050980392156862744
C	C1'_1	218.445	297.477	210.284	0.5647058823529412	0.5647058823529412	0.5647058823529412
C	N1_1	218.018	298.875	210.499	0.18823529411764706	0.3137254901960784	0.9725490196078431
C	C2_1	219.005	299.87	210.66	0.5647058823529412	0.5647058823529412	0.5647058823529412
C	O2_1	220.208	299.54	210.65	1.0	0.050980392156862744	0.050980392156862744
C	N3_1	218.621	301.158	210.82	0.18823529411764706	0.3137254901960784	0.9725490196078431
C	C4_1	217.321	301.473	210.825	0.5647058823529412	0.5647058823529412	0.5647058823529412
C	N4_1	216.991	302.757	210.962	0.18823529411764706	0.3137254901960784	0.9725490196078431
C	C5_1	216.303	300.485	210.683	0.5647058823529412	0.5647058823529412	0.5647058823529412
C	C6_1	216.69	299.212	210.528	0.5647058823529412	0.5647058823529412	0.5647058823529412
G	P_2	224.478	310.261	213.979	1.0	0.5019607843137255	0.0
G	OP1_2	224.772	311.723	213.957	1.0	0.050980392156862744	0.050980392156862744
G	OP2_2	223.306	309.736	213.225	1.0	0.050980392156862744	0.050980392156862744
G	O5'_2	225.79	309.479	213.507	1.0	0.050980392156862744	0.050980392156862744
G	C5'_2	225.945	309.042	212.139	0.5647058823529412	0.5647058823529412	0.5647058823529412
G	C4'_2	226.406	307.599	212.095	0.5647058823529412	0.5647058823529412	0.5647058823529412
G	O4'_2	225.625	306.811	213.035	1.0	0.050980392156862744	0.050980392156862744
G	C3'_2	226.203	306.906	210.753	0.5647058823529412	0.5647058823529412	0.5647058823529412
G	O3'_2	227.265	307.161	209.832	1.0	0.050980392156862744	0.050980392156862744
G	C2'_2	226.087	305.439	211.151	0.5647058823529412	0.5647058823529412	0.5647058823529412
G	O2'_2	227.337	304.824	211.398	1.0	0.050980392156862744	0.050980392156862744
G	C1'_2	225.301	305.552	212.461	0.5647058823529412	0.5647058823529412	0.5647058823529412
G	N9_2	223.851	305.501	212.277	0.18823529411764706	0.3137254901960784	0.9725490196078431
G	C8_2	222.978	306.566	212.282	0.5647058823529412	0.5647058823529412	0.5647058823529412
G	N7_2	221.736	306.215	212.088	0.18823529411764706	0.3137254901960784	0.9725490196078431
G	C5_2	221.786	304.836	211.946	0.5647058823529412	0.5647058823529412	0.5647058823529412
G	C6_2	220.748	303.905	211.711	0.5647058823529412	0.5647058823529412	0.5647058823529412
G	O6_2	219.538	304.121	211.576	1.0	0.050980392156862744	0.050980392156862744
G	N1_2	221.236	302.603	211.634	0.18823529411764706	0.3137254901960784	0.9725490196078431
G	C2_2	222.556	302.244	211.764	0.5647058823529412	0.5647058823529412	0.5647058823529412
G	N2_2	222.829	300.936	211.656	0.18823529411764706	0.3137254901960784	0.9725490196078431
G	N3_2	223.538	303.106	211.983	0.18823529411764706	0.3137254901960784	0.9725490196078431
G	C4_2	223.084	304.376	212.062	0.5647058823529412	0.5647058823529412	0.5647058823529412
