C	P_1	217.064	177.133	212.196	1.0	0.5019607843137255	0.0
C	OP1_1	217.367	177.961	213.403	1.0	0.050980392156862744	0.050980392156862744
C	OP2_1	216.89	175.658	212.341	1.0	0.050980392156862744	0.050980392156862744
C	O5'_1	215.748	177.692	211.494	1.0	0.050980392156862744	0.050980392156862744
C	C5'_1	215.577	179.105	211.279	0.5647058823529412	0.5647058823529412	0.5647058823529412
C	C4'_1	214.271	179.375	210.575	0.5647058823529412	0.5647058823529412	0.5647058823529412
C	O4'_1	214.353	178.918	209.201	1.0	0.050980392156862744	0.050980392156862744
C	C3'_1	213.045	178.676	211.145	0.5647058823529412	0.5647058823529412	0.5647058823529412
C	O3'_1	212.518	179.381	212.279	1.0	0.050980392156862744	0.050980392156862744
C	C2'_1	212.101	178.696	209.949	0.5647058823529412	0.5647058823529412	0.5647058823529412
C	O2'_1	211.493	179.957	209.761	1.0	0.050980392156862744	0.050980392156862744
C	C1'_1	213.075	178.46	208.787	0.5647058823529412	0.5647058823529412	0.5647058823529412
C	N1_1	213.175	177.042	208.367	0.18823529411764706	0.3137254901960784	0.9725490196078431
C	C2_1	212.233	176.54	207.437	0.5647058823529412	0.5647058823529412	0.5647058823529412
C	O2_1	211.366	177.306	206.979	1.0	0.050980392156862744	0.050980392156862744
C	N3_1	212.3	175.236	207.065	0.18823529411764706	0.3137254901960784	0.9725490196078431
C	C4_1	213.257	174.444	207.569	0.5647058823529412	0.5647058823529412	0.5647058823529412
C	N4_1	213.277	173.166	207.182	0.18823529411764706	0.3137254901960784	0.9725490196078431
C	C5_1	214.235	174.93	208.499	0.5647058823529412	0.5647058823529412	0.5647058823529412
C	C6_1	214.153	176.222	208.868	0.5647058823529412	0.5647058823529412	0.5647058823529412
G	P_2	202.922	168.677	200.991	1.0	0.5019607843137255	0.0
G	OP1_2	201.944	168.594	199.871	1.0	0.050980392156862744	0.050980392156862744
G	OP2_2	204.312	168.186	200.788	1.0	0.050980392156862744	0.050980392156862744
G	O5'_2	202.985	170.195	201.47	1.0	0.050980392156862744	0.050980392156862744
G	C5'_2	203.958	171.106	200.924	0.5647058823529412	0.5647058823529412	0.5647058823529412
G	C4'_2	204.129	172.296	201.842	0.5647058823529412	0.5647058823529412	0.5647058823529412
G	O4'_2	204.562	171.844	203.156	1.0	0.050980392156862744	0.050980392156862744
G	C3'_2	205.196	173.306	201.445	0.5647058823529412	0.5647058823529412	0.5647058823529412
G	O3'_2	204.739	174.206	200.434	1.0	0.050980392156862744	0.050980392156862744
G	C2'_2	205.47	174.008	202.77	0.5647058823529412	0.5647058823529412	0.5647058823529412
G	O2'_2	204.469	174.947	203.114	1.0	0.050980392156862744	0.050980392156862744
G	C1'_2	205.394	172.833	203.749	0.5647058823529412	0.5647058823529412	0.5647058823529412
G	N9_2	206.697	172.242	204.062	0.18823529411764706	0.3137254901960784	0.9725490196078431
G	C8_2	207.108	170.946	203.831	0.5647058823529412	0.5647058823529412	0.5647058823529412
G	N7_2	208.325	170.71	204.247	0.18823529411764706	0.3137254901960784	0.9725490196078431
G	C5_2	208.751	171.923	204.776	0.5647058823529412	0.5647058823529412	0.5647058823529412
G	C6_2	209.995	172.284	205.373	0.5647058823529412	0.5647058823529412	0.5647058823529412
G	O6_2	210.995	171.578	205.553	1.0	0.050980392156862744	0.050980392156862744
G	N1_2	210.007	173.619	205.775	0.18823529411764706	0.3137254901960784	0.9725490196078431
G	C2_2	208.958	174.496	205.624	0.5647058823529412	0.5647058823529412	0.5647058823529412
G	N2_2	209.16	175.744	206.091	0.18823529411764706	0.3137254901960784	0.9725490196078431
G	N3_2	207.795	174.174	205.063	0.18823529411764706	0.3137254901960784	0.9725490196078431
G	C4_2	207.762	172.881	204.667	0.5647058823529412	0.5647058823529412	0.5647058823529412
