C	P_1	253.695	237.184	177.775	1.0	0.5019607843137255	0.0
C	OP1_1	255.109	237.604	177.535	1.0	0.050980392156862744	0.050980392156862744
C	OP2_1	253.2	237.054	179.176	1.0	0.050980392156862744	0.050980392156862744
C	O5'_1	252.726	238.195	177.004	1.0	0.050980392156862744	0.050980392156862744
C	C5'_1	253.22	239.019	175.927	0.5647058823529412	0.5647058823529412	0.5647058823529412
C	C4'_1	252.313	240.214	175.7	0.5647058823529412	0.5647058823529412	0.5647058823529412
C	O4'_1	251.035	239.788	175.148	1.0	0.050980392156862744	0.050980392156862744
C	C3'_1	251.921	241.037	176.917	0.5647058823529412	0.5647058823529412	0.5647058823529412
C	O3'_1	252.954	241.915	177.349	1.0	0.050980392156862744	0.050980392156862744
C	C2'_1	250.685	241.776	176.414	0.5647058823529412	0.5647058823529412	0.5647058823529412
C	O2'_1	251.003	242.871	175.582	1.0	0.050980392156862744	0.050980392156862744
C	C1'_1	250.011	240.686	175.574	0.5647058823529412	0.5647058823529412	0.5647058823529412
C	N1_1	248.992	239.929	176.334	0.18823529411764706	0.3137254901960784	0.9725490196078431
C	C2_1	247.637	240.307	176.221	0.5647058823529412	0.5647058823529412	0.5647058823529412
C	O2_1	247.334	241.261	175.478	1.0	0.050980392156862744	0.050980392156862744
C	N3_1	246.703	239.622	176.926	0.18823529411764706	0.3137254901960784	0.9725490196078431
C	C4_1	247.073	238.605	177.717	0.5647058823529412	0.5647058823529412	0.5647058823529412
C	N4_1	246.123	237.96	178.392	0.18823529411764706	0.3137254901960784	0.9725490196078431
C	C5_1	248.436	238.203	177.848	0.5647058823529412	0.5647058823529412	0.5647058823529412
C	C6_1	249.351	238.883	177.144	0.5647058823529412	0.5647058823529412	0.5647058823529412
G	P_2	234.653	242.704	178.81	1.0	0.5019607843137255	0.0
G	OP1_2	234.078	243.522	177.708	1.0	0.050980392156862744	0.050980392156862744
G	OP2_2	233.867	241.567	179.37	1.0	0.050980392156862744	0.050980392156862744
G	O5'_2	236.065	242.146	178.331	1.0	0.050980392156862744	0.050980392156862744
G	C5'_2	236.502	242.299	176.973	0.5647058823529412	0.5647058823529412	0.5647058823529412
G	C4'_2	237.454	243.472	176.855	0.5647058823529412	0.5647058823529412	0.5647058823529412
G	O4'_2	238.357	243.52	177.995	1.0	0.050980392156862744	0.050980392156862744
G	C3'_2	238.354	243.408	175.632	0.5647058823529412	0.5647058823529412	0.5647058823529412
G	O3'_2	237.696	243.934	174.481	1.0	0.050980392156862744	0.050980392156862744
G	C2'_2	239.585	244.19	176.082	0.5647058823529412	0.5647058823529412	0.5647058823529412
G	O2'_2	239.397	245.591	176.034	1.0	0.050980392156862744	0.050980392156862744
G	C1'_2	239.689	243.76	177.553	0.5647058823529412	0.5647058823529412	0.5647058823529412
G	N9_2	240.454	242.531	177.779	0.18823529411764706	0.3137254901960784	0.9725490196078431
G	C8_2	239.949	241.342	178.264	0.5647058823529412	0.5647058823529412	0.5647058823529412
G	N7_2	240.843	240.397	178.351	0.18823529411764706	0.3137254901960784	0.9725490196078431
G	C5_2	242.015	240.99	177.902	0.5647058823529412	0.5647058823529412	0.5647058823529412
G	C6_2	243.317	240.444	177.769	0.5647058823529412	0.5647058823529412	0.5647058823529412
G	O6_2	243.695	239.292	178.015	1.0	0.050980392156862744	0.050980392156862744
G	N1_2	244.222	241.387	177.294	0.18823529411764706	0.3137254901960784	0.9725490196078431
G	C2_2	243.914	242.688	176.979	0.5647058823529412	0.5647058823529412	0.5647058823529412
G	N2_2	244.942	243.442	176.544	0.18823529411764706	0.3137254901960784	0.9725490196078431
G	N3_2	242.694	243.212	177.085	0.18823529411764706	0.3137254901960784	0.9725490196078431
G	C4_2	241.799	242.311	177.552	0.5647058823529412	0.5647058823529412	0.5647058823529412
