C	P_1	191.689	297.261	182.986	1.0	0.5019607843137255	0.0
C	OP1_1	192.786	297.043	183.968	1.0	0.050980392156862744	0.050980392156862744
C	OP2_1	190.478	298.021	183.393	1.0	0.050980392156862744	0.050980392156862744
C	O5'_1	192.309	297.963	181.701	1.0	0.050980392156862744	0.050980392156862744
C	C5'_1	193.427	297.373	181.01	0.5647058823529412	0.5647058823529412	0.5647058823529412
C	C4'_1	193.52	297.927	179.612	0.5647058823529412	0.5647058823529412	0.5647058823529412
C	O4'_1	192.361	297.509	178.85	1.0	0.050980392156862744	0.050980392156862744
C	C3'_1	193.515	299.446	179.529	0.5647058823529412	0.5647058823529412	0.5647058823529412
C	O3'_1	194.839	299.94	179.723	1.0	0.050980392156862744	0.050980392156862744
C	C2'_1	192.985	299.697	178.122	0.5647058823529412	0.5647058823529412	0.5647058823529412
C	O2'_1	193.993	299.557	177.139	1.0	0.050980392156862744	0.050980392156862744
C	C1'_1	191.98	298.548	177.966	0.5647058823529412	0.5647058823529412	0.5647058823529412
C	N1_1	190.566	298.883	178.221	0.18823529411764706	0.3137254901960784	0.9725490196078431
C	C2_1	189.705	299.068	177.124	0.5647058823529412	0.5647058823529412	0.5647058823529412
C	O2_1	190.16	298.966	175.971	1.0	0.050980392156862744	0.050980392156862744
C	N3_1	188.402	299.352	177.351	0.18823529411764706	0.3137254901960784	0.9725490196078431
C	C4_1	187.949	299.457	178.605	0.5647058823529412	0.5647058823529412	0.5647058823529412
C	N4_1	186.656	299.731	178.777	0.18823529411764706	0.3137254901960784	0.9725490196078431
C	C5_1	188.801	299.282	179.734	0.5647058823529412	0.5647058823529412	0.5647058823529412
C	C6_1	190.09	299.0	179.499	0.5647058823529412	0.5647058823529412	0.5647058823529412
G	P_2	181.032	305.984	170.8	1.0	0.5019607843137255	0.0
G	OP1_2	179.616	306.242	170.419	1.0	0.050980392156862744	0.050980392156862744
G	OP2_2	181.332	305.114	171.971	1.0	0.050980392156862744	0.050980392156862744
G	O5'_2	181.794	305.413	169.521	1.0	0.050980392156862744	0.050980392156862744
G	C5'_2	182.048	304.005	169.375	0.5647058823529412	0.5647058823529412	0.5647058823529412
G	C4'_2	183.534	303.755	169.25	0.5647058823529412	0.5647058823529412	0.5647058823529412
G	O4'_2	184.222	304.248	170.433	1.0	0.050980392156862744	0.050980392156862744
G	C3'_2	183.929	302.29	169.168	0.5647058823529412	0.5647058823529412	0.5647058823529412
G	O3'_2	183.799	301.817	167.826	1.0	0.050980392156862744	0.050980392156862744
G	C2'_2	185.372	302.312	169.664	0.5647058823529412	0.5647058823529412	0.5647058823529412
G	O2'_2	186.297	302.741	168.682	1.0	0.050980392156862744	0.050980392156862744
G	C1'_2	185.297	303.378	170.76	0.5647058823529412	0.5647058823529412	0.5647058823529412
G	N9_2	185.068	302.85	172.105	0.18823529411764706	0.3137254901960784	0.9725490196078431
G	C8_2	183.882	302.861	172.805	0.5647058823529412	0.5647058823529412	0.5647058823529412
G	N7_2	183.984	302.348	174.002	0.18823529411764706	0.3137254901960784	0.9725490196078431
G	C5_2	185.317	301.969	174.102	0.5647058823529412	0.5647058823529412	0.5647058823529412
G	C6_2	186.018	301.355	175.175	0.5647058823529412	0.5647058823529412	0.5647058823529412
G	O6_2	185.589	301.023	176.287	1.0	0.050980392156862744	0.050980392156862744
G	N1_2	187.353	301.136	174.854	0.18823529411764706	0.3137254901960784	0.9725490196078431
G	C2_2	187.939	301.462	173.659	0.5647058823529412	0.5647058823529412	0.5647058823529412
G	N2_2	189.241	301.163	173.545	0.18823529411764706	0.3137254901960784	0.9725490196078431
G	N3_2	187.299	302.036	172.648	0.18823529411764706	0.3137254901960784	0.9725490196078431
G	C4_2	185.999	302.26	172.936	0.5647058823529412	0.5647058823529412	0.5647058823529412
