G	P_1	183.228	177.772	251.256	1.0	0.5019607843137255	0.0
G	OP1_1	184.071	176.569	250.997	1.0	0.050980392156862744	0.050980392156862744
G	OP2_1	182.307	178.264	250.197	1.0	0.050980392156862744	0.050980392156862744
G	O5'_1	182.379	177.525	252.585	1.0	0.050980392156862744	0.050980392156862744
G	C5'_1	183.01	177.002	253.771	0.5647058823529412	0.5647058823529412	0.5647058823529412
G	C4'_1	182.072	177.063	254.959	0.5647058823529412	0.5647058823529412	0.5647058823529412
G	O4'_1	181.716	178.443	255.256	1.0	0.050980392156862744	0.050980392156862744
G	C3'_1	180.715	176.387	254.84	0.5647058823529412	0.5647058823529412	0.5647058823529412
G	O3'_1	180.78	174.966	254.957	1.0	0.050980392156862744	0.050980392156862744
G	C2'_1	179.968	177.018	256.009	0.5647058823529412	0.5647058823529412	0.5647058823529412
G	O2'_1	180.34	176.479	257.262	1.0	0.050980392156862744	0.050980392156862744
G	C1'_1	180.458	178.466	255.925	0.5647058823529412	0.5647058823529412	0.5647058823529412
G	N9_1	179.515	179.287	255.169	0.18823529411764706	0.3137254901960784	0.9725490196078431
G	C8_1	179.595	179.67	253.848	0.5647058823529412	0.5647058823529412	0.5647058823529412
G	N7_1	178.561	180.366	253.452	0.18823529411764706	0.3137254901960784	0.9725490196078431
G	C5_1	177.755	180.459	254.581	0.5647058823529412	0.5647058823529412	0.5647058823529412
G	C6_1	176.493	181.088	254.764	0.5647058823529412	0.5647058823529412	0.5647058823529412
G	O6_1	175.812	181.702	253.931	1.0	0.050980392156862744	0.050980392156862744
G	N1_1	176.033	180.944	256.076	0.18823529411764706	0.3137254901960784	0.9725490196078431
G	C2_1	176.699	180.278	257.08	0.5647058823529412	0.5647058823529412	0.5647058823529412
G	N2_1	176.101	180.256	258.279	0.18823529411764706	0.3137254901960784	0.9725490196078431
G	N3_1	177.87	179.68	256.918	0.18823529411764706	0.3137254901960784	0.9725490196078431
G	C4_1	178.336	179.809	255.653	0.5647058823529412	0.5647058823529412	0.5647058823529412
C	P_2	167.257	185.68	258.514	1.0	0.5019607843137255	0.0
C	OP1_2	166.46	186.436	259.523	1.0	0.050980392156862744	0.050980392156862744
C	OP2_2	167.724	186.369	257.281	1.0	0.050980392156862744	0.050980392156862744
C	O5'_2	168.527	185.059	259.247	1.0	0.050980392156862744	0.050980392156862744
C	C5'_2	168.37	184.336	260.476	0.5647058823529412	0.5647058823529412	0.5647058823529412
C	C4'_2	169.618	183.549	260.795	0.5647058823529412	0.5647058823529412	0.5647058823529412
C	O4'_2	169.871	182.571	259.75	1.0	0.050980392156862744	0.050980392156862744
C	C3'_2	170.924	184.324	260.866	0.5647058823529412	0.5647058823529412	0.5647058823529412
C	O3'_2	171.061	185.039	262.091	1.0	0.050980392156862744	0.050980392156862744
C	C2'_2	171.949	183.204	260.725	0.5647058823529412	0.5647058823529412	0.5647058823529412
C	O2'_2	172.123	182.451	261.91	1.0	0.050980392156862744	0.050980392156862744
C	C1'_2	171.269	182.315	259.678	0.5647058823529412	0.5647058823529412	0.5647058823529412
C	N1_2	171.753	182.606	258.314	0.18823529411764706	0.3137254901960784	0.9725490196078431
C	C2_2	172.945	181.992	257.876	0.5647058823529412	0.5647058823529412	0.5647058823529412
C	O2_2	173.528	181.194	258.633	1.0	0.050980392156862744	0.050980392156862744
C	N3_2	173.421	182.281	256.645	0.18823529411764706	0.3137254901960784	0.9725490196078431
C	C4_2	172.755	183.127	255.853	0.5647058823529412	0.5647058823529412	0.5647058823529412
C	N4_2	173.262	183.378	254.646	0.18823529411764706	0.3137254901960784	0.9725490196078431
C	C5_2	171.536	183.751	256.264	0.5647058823529412	0.5647058823529412	0.5647058823529412
C	C6_2	171.076	183.464	257.489	0.5647058823529412	0.5647058823529412	0.5647058823529412
