C	P_1	162.357	258.564	203.203	1.0	0.5019607843137255	0.0
C	OP1_1	163.271	258.261	204.341	1.0	0.050980392156862744	0.050980392156862744
C	OP2_1	161.657	257.452	202.508	1.0	0.050980392156862744	0.050980392156862744
C	O5'_1	161.259	259.605	203.707	1.0	0.050980392156862744	0.050980392156862744
C	C5'_1	161.653	260.836	204.343	0.5647058823529412	0.5647058823529412	0.5647058823529412
C	C4'_1	160.492	261.802	204.401	0.5647058823529412	0.5647058823529412	0.5647058823529412
C	O4'_1	160.067	262.155	203.055	1.0	0.050980392156862744	0.050980392156862744
C	C3'_1	159.219	261.301	205.066	0.5647058823529412	0.5647058823529412	0.5647058823529412
C	O3'_1	159.311	261.356	206.49	1.0	0.050980392156862744	0.050980392156862744
C	C2'_1	158.176	262.258	204.493	0.5647058823529412	0.5647058823529412	0.5647058823529412
C	O2'_1	158.198	263.532	205.102	1.0	0.050980392156862744	0.050980392156862744
C	C1'_1	158.667	262.404	203.051	0.5647058823529412	0.5647058823529412	0.5647058823529412
C	N1_1	158.006	261.458	202.123	0.18823529411764706	0.3137254901960784	0.9725490196078431
C	C2_1	156.737	261.798	201.587	0.5647058823529412	0.5647058823529412	0.5647058823529412
C	O2_1	156.226	262.901	201.886	1.0	0.050980392156862744	0.050980392156862744
C	N3_1	156.114	260.92	200.756	0.18823529411764706	0.3137254901960784	0.9725490196078431
C	C4_1	156.704	259.761	200.443	0.5647058823529412	0.5647058823529412	0.5647058823529412
C	N4_1	156.055	258.93	199.625	0.18823529411764706	0.3137254901960784	0.9725490196078431
C	C5_1	157.989	259.401	200.958	0.5647058823529412	0.5647058823529412	0.5647058823529412
C	C6_1	158.596	260.268	201.786	0.5647058823529412	0.5647058823529412	0.5647058823529412
G	P_2	145.577	259.828	196.441	1.0	0.5019607843137255	0.0
G	OP1_2	144.802	260.595	195.419	1.0	0.050980392156862744	0.050980392156862744
G	OP2_2	146.707	258.964	196.004	1.0	0.050980392156862744	0.050980392156862744
G	O5'_2	146.151	260.866	197.501	1.0	0.050980392156862744	0.050980392156862744
G	C5'_2	145.314	261.892	198.058	0.5647058823529412	0.5647058823529412	0.5647058823529412
G	C4'_2	146.163	262.938	198.736	0.5647058823529412	0.5647058823529412	0.5647058823529412
G	O4'_2	146.933	262.303	199.795	1.0	0.050980392156862744	0.050980392156862744
G	C3'_2	147.224	263.601	197.868	0.5647058823529412	0.5647058823529412	0.5647058823529412
G	O3'_2	146.709	264.656	197.055	1.0	0.050980392156862744	0.050980392156862744
G	C2'_2	148.207	264.105	198.914	0.5647058823529412	0.5647058823529412	0.5647058823529412
G	O2'_2	147.759	265.283	199.559	1.0	0.050980392156862744	0.050980392156862744
G	C1'_2	148.2	262.938	199.906	0.5647058823529412	0.5647058823529412	0.5647058823529412
G	N9_2	149.246	261.956	199.617	0.18823529411764706	0.3137254901960784	0.9725490196078431
G	C8_2	149.124	260.778	198.913	0.5647058823529412	0.5647058823529412	0.5647058823529412
G	N7_2	150.25	260.119	198.815	0.18823529411764706	0.3137254901960784	0.9725490196078431
G	C5_2	151.17	260.903	199.502	0.5647058823529412	0.5647058823529412	0.5647058823529412
G	C6_2	152.557	260.696	199.742	0.5647058823529412	0.5647058823529412	0.5647058823529412
G	O6_2	153.266	259.744	199.391	1.0	0.050980392156862744	0.050980392156862744
G	N1_2	153.113	261.746	200.474	0.18823529411764706	0.3137254901960784	0.9725490196078431
G	C2_2	152.422	262.853	200.922	0.5647058823529412	0.5647058823529412	0.5647058823529412
G	N2_2	153.137	263.768	201.603	0.18823529411764706	0.3137254901960784	0.9725490196078431
G	N3_2	151.126	263.049	200.713	0.18823529411764706	0.3137254901960784	0.9725490196078431
G	C4_2	150.569	262.043	200.0	0.5647058823529412	0.5647058823529412	0.5647058823529412
