C	P_1	123.028	242.15	184.199	1.0	0.5019607843137255	0.0
C	OP1_1	121.8	241.351	184.49	1.0	0.050980392156862744	0.050980392156862744
C	OP2_1	124.319	241.765	184.828	1.0	0.050980392156862744	0.050980392156862744
C	O5'_1	123.238	242.189	182.618	1.0	0.050980392156862744	0.050980392156862744
C	C5'_1	122.14	242.473	181.729	0.5647058823529412	0.5647058823529412	0.5647058823529412
C	C4'_1	122.631	242.561	180.302	0.5647058823529412	0.5647058823529412	0.5647058823529412
C	O4'_1	123.552	243.679	180.178	1.0	0.050980392156862744	0.050980392156862744
C	C3'_1	123.418	241.363	179.791	0.5647058823529412	0.5647058823529412	0.5647058823529412
C	O3'_1	122.544	240.322	179.348	1.0	0.050980392156862744	0.050980392156862744
C	C2'_1	124.241	241.974	178.661	0.5647058823529412	0.5647058823529412	0.5647058823529412
C	O2'_1	123.498	242.144	177.471	1.0	0.050980392156862744	0.050980392156862744
C	C1'_1	124.565	243.359	179.233	0.5647058823529412	0.5647058823529412	0.5647058823529412
C	N1_1	125.891	243.499	179.883	0.18823529411764706	0.3137254901960784	0.9725490196078431
C	C2_1	127.017	243.807	179.089	0.5647058823529412	0.5647058823529412	0.5647058823529412
C	O2_1	126.879	243.93	177.859	1.0	0.050980392156862744	0.050980392156862744
C	N3_1	128.221	243.966	179.69	0.18823529411764706	0.3137254901960784	0.9725490196078431
C	C4_1	128.331	243.831	181.018	0.5647058823529412	0.5647058823529412	0.5647058823529412
C	N4_1	129.529	244.016	181.57	0.18823529411764706	0.3137254901960784	0.9725490196078431
C	C5_1	127.213	243.507	181.84	0.5647058823529412	0.5647058823529412	0.5647058823529412
C	C6_1	126.025	243.35	181.238	0.5647058823529412	0.5647058823529412	0.5647058823529412
G	P_2	138.972	245.862	176.054	1.0	0.5019607843137255	0.0
G	OP1_2	139.934	246.755	175.346	1.0	0.050980392156862744	0.050980392156862744
G	OP2_2	138.659	246.112	177.49	1.0	0.050980392156862744	0.050980392156862744
G	O5'_2	137.597	245.85	175.239	1.0	0.050980392156862744	0.050980392156862744
G	C5'_2	137.573	245.583	173.817	0.5647058823529412	0.5647058823529412	0.5647058823529412
G	C4'_2	136.157	245.315	173.344	0.5647058823529412	0.5647058823529412	0.5647058823529412
G	O4'_2	135.617	244.16	174.046	1.0	0.050980392156862744	0.050980392156862744
G	C3'_2	135.124	246.407	173.593	0.5647058823529412	0.5647058823529412	0.5647058823529412
G	O3'_2	135.18	247.438	172.605	1.0	0.050980392156862744	0.050980392156862744
G	C2'_2	133.816	245.626	173.526	0.5647058823529412	0.5647058823529412	0.5647058823529412
G	O2'_2	133.407	245.34	172.202	1.0	0.050980392156862744	0.050980392156862744
G	C1'_2	134.213	244.318	174.217	0.5647058823529412	0.5647058823529412	0.5647058823529412
G	N9_2	133.901	244.305	175.648	0.18823529411764706	0.3137254901960784	0.9725490196078431
G	C8_2	134.792	244.341	176.702	0.5647058823529412	0.5647058823529412	0.5647058823529412
G	N7_2	134.207	244.326	177.873	0.18823529411764706	0.3137254901960784	0.9725490196078431
G	C5_2	132.847	244.278	177.581	0.5647058823529412	0.5647058823529412	0.5647058823529412
G	C6_2	131.717	244.246	178.448	0.5647058823529412	0.5647058823529412	0.5647058823529412
G	O6_2	131.696	244.257	179.686	1.0	0.050980392156862744	0.050980392156862744
G	N1_2	130.52	244.196	177.731	0.18823529411764706	0.3137254901960784	0.9725490196078431
G	C2_2	130.42	244.18	176.359	0.5647058823529412	0.5647058823529412	0.5647058823529412
G	N2_2	129.172	244.124	175.858	0.18823529411764706	0.3137254901960784	0.9725490196078431
G	N3_2	131.463	244.213	175.538	0.18823529411764706	0.3137254901960784	0.9725490196078431
G	C4_2	132.638	244.259	176.212	0.5647058823529412	0.5647058823529412	0.5647058823529412
