C	P_1	213.685	337.774	172.374	1.0	0.5019607843137255	0.0
C	OP1_1	214.927	338.557	172.641	1.0	0.050980392156862744	0.050980392156862744
C	OP2_1	212.897	338.044	171.142	1.0	0.050980392156862744	0.050980392156862744
C	O5'_1	214.064	336.225	172.404	1.0	0.050980392156862744	0.050980392156862744
C	C5'_1	214.804	335.649	173.507	0.5647058823529412	0.5647058823529412	0.5647058823529412
C	C4'_1	214.689	334.14	173.477	0.5647058823529412	0.5647058823529412	0.5647058823529412
C	O4'_1	213.291	333.773	173.622	1.0	0.050980392156862744	0.050980392156862744
C	C3'_1	215.132	333.475	172.18	0.5647058823529412	0.5647058823529412	0.5647058823529412
C	O3'_1	216.542	333.244	172.168	1.0	0.050980392156862744	0.050980392156862744
C	C2'_1	214.313	332.188	172.168	0.5647058823529412	0.5647058823529412	0.5647058823529412
C	O2'_1	214.858	331.173	172.988	1.0	0.050980392156862744	0.050980392156862744
C	C1'_1	212.994	332.668	172.781	0.5647058823529412	0.5647058823529412	0.5647058823529412
C	N1_1	211.972	333.09	171.8	0.18823529411764706	0.3137254901960784	0.9725490196078431
C	C2_1	211.094	332.128	171.273	0.5647058823529412	0.5647058823529412	0.5647058823529412
C	O2_1	211.21	330.941	171.625	1.0	0.050980392156862744	0.050980392156862744
C	N3_1	210.141	332.522	170.391	0.18823529411764706	0.3137254901960784	0.9725490196078431
C	C4_1	210.049	333.811	170.034	0.5647058823529412	0.5647058823529412	0.5647058823529412
C	N4_1	209.089	334.159	169.175	0.18823529411764706	0.3137254901960784	0.9725490196078431
C	C5_1	210.936	334.801	170.546	0.5647058823529412	0.5647058823529412	0.5647058823529412
C	C6_1	211.872	334.401	171.415	0.5647058823529412	0.5647058823529412	0.5647058823529412
G	P_2	208.924	321.04	167.553	1.0	0.5019607843137255	0.0
G	OP1_2	207.696	320.27	167.913	1.0	0.050980392156862744	0.050980392156862744
G	OP2_2	208.808	322.229	166.667	1.0	0.050980392156862744	0.050980392156862744
G	O5'_2	209.634	321.49	168.914	1.0	0.050980392156862744	0.050980392156862744
G	C5'_2	210.387	320.549	169.725	0.5647058823529412	0.5647058823529412	0.5647058823529412
G	C4'_2	211.456	321.276	170.521	0.5647058823529412	0.5647058823529412	0.5647058823529412
G	O4'_2	211.967	322.368	169.706	1.0	0.050980392156862744	0.050980392156862744
G	C3'_2	211.02	321.951	171.818	0.5647058823529412	0.5647058823529412	0.5647058823529412
G	O3'_2	211.032	321.035	172.919	1.0	0.050980392156862744	0.050980392156862744
G	C2'_2	212.071	323.042	171.985	0.5647058823529412	0.5647058823529412	0.5647058823529412
G	O2'_2	213.3	322.555	172.481	1.0	0.050980392156862744	0.050980392156862744
G	C1'_2	212.277	323.482	170.534	0.5647058823529412	0.5647058823529412	0.5647058823529412
G	N9_2	211.424	324.605	170.146	0.18823529411764706	0.3137254901960784	0.9725490196078431
G	C8_2	210.132	324.543	169.675	0.5647058823529412	0.5647058823529412	0.5647058823529412
G	N7_2	209.621	325.717	169.423	0.18823529411764706	0.3137254901960784	0.9725490196078431
G	C5_2	210.635	326.61	169.741	0.5647058823529412	0.5647058823529412	0.5647058823529412
G	C6_2	210.661	328.027	169.673	0.5647058823529412	0.5647058823529412	0.5647058823529412
G	O6_2	209.764	328.796	169.311	1.0	0.050980392156862744	0.050980392156862744
G	N1_2	211.889	328.538	170.089	0.18823529411764706	0.3137254901960784	0.9725490196078431
G	C2_2	212.955	327.783	170.52	0.5647058823529412	0.5647058823529412	0.5647058823529412
G	N2_2	214.055	328.464	170.885	0.18823529411764706	0.3137254901960784	0.9725490196078431
G	N3_2	212.942	326.456	170.589	0.18823529411764706	0.3137254901960784	0.9725490196078431
G	C4_2	211.757	325.941	170.186	0.5647058823529412	0.5647058823529412	0.5647058823529412
