G	P_1	280.381	241.068	212.441	1.0	0.5019607843137255	0.0
G	OP1_1	280.352	241.52	211.02	1.0	0.050980392156862744	0.050980392156862744
G	OP2_1	280.744	239.658	212.758	1.0	0.050980392156862744	0.050980392156862744
G	O5'_1	281.365	242.032	213.245	1.0	0.050980392156862744	0.050980392156862744
G	C5'_1	282.782	241.778	213.298	0.5647058823529412	0.5647058823529412	0.5647058823529412
G	C4'_1	283.379	242.435	214.521	0.5647058823529412	0.5647058823529412	0.5647058823529412
G	O4'_1	282.672	241.987	215.709	1.0	0.050980392156862744	0.050980392156862744
G	C3'_1	284.836	242.102	214.805	0.5647058823529412	0.5647058823529412	0.5647058823529412
G	O3'_1	285.714	242.919	214.031	1.0	0.050980392156862744	0.050980392156862744
G	C2'_1	284.947	242.376	216.302	0.5647058823529412	0.5647058823529412	0.5647058823529412
G	O2'_1	285.087	243.751	216.609	1.0	0.050980392156862744	0.050980392156862744
G	C1'_1	283.578	241.897	216.799	0.5647058823529412	0.5647058823529412	0.5647058823529412
G	N9_1	283.555	240.526	217.312	0.18823529411764706	0.3137254901960784	0.9725490196078431
G	C8_1	282.811	239.471	216.828	0.5647058823529412	0.5647058823529412	0.5647058823529412
G	N7_1	282.975	238.369	217.512	0.18823529411764706	0.3137254901960784	0.9725490196078431
G	C5_1	283.887	238.71	218.504	0.5647058823529412	0.5647058823529412	0.5647058823529412
G	C6_1	284.444	237.926	219.547	0.5647058823529412	0.5647058823529412	0.5647058823529412
G	O6_1	284.235	236.734	219.807	1.0	0.050980392156862744	0.050980392156862744
G	N1_1	285.327	238.666	220.329	0.18823529411764706	0.3137254901960784	0.9725490196078431
G	C2_1	285.638	239.987	220.133	0.5647058823529412	0.5647058823529412	0.5647058823529412
G	N2_1	286.519	240.524	220.993	0.18823529411764706	0.3137254901960784	0.9725490196078431
G	N3_1	285.126	240.733	219.164	0.18823529411764706	0.3137254901960784	0.9725490196078431
G	C4_1	284.262	240.036	218.393	0.5647058823529412	0.5647058823529412	0.5647058823529412
C	P_2	288.678	229.235	224.865	1.0	0.5019607843137255	0.0
C	OP1_2	289.445	229.056	226.131	1.0	0.050980392156862744	0.050980392156862744
C	OP2_2	287.242	228.853	224.817	1.0	0.050980392156862744	0.050980392156862744
C	O5'_2	288.793	230.76	224.415	1.0	0.050980392156862744	0.050980392156862744
C	C5'_2	290.064	231.44	224.405	0.5647058823529412	0.5647058823529412	0.5647058823529412
C	C4'_2	289.903	232.852	223.891	0.5647058823529412	0.5647058823529412	0.5647058823529412
C	O4'_2	289.469	232.81	222.505	1.0	0.050980392156862744	0.050980392156862744
C	C3'_2	288.849	233.705	224.586	0.5647058823529412	0.5647058823529412	0.5647058823529412
C	O3'_2	289.334	234.279	225.798	1.0	0.050980392156862744	0.050980392156862744
C	C2'_2	288.528	234.748	223.523	0.5647058823529412	0.5647058823529412	0.5647058823529412
C	O2'_2	289.49	235.778	223.44	1.0	0.050980392156862744	0.050980392156862744
C	C1'_2	288.596	233.901	222.249	0.5647058823529412	0.5647058823529412	0.5647058823529412
C	N1_2	287.285	233.372	221.831	0.18823529411764706	0.3137254901960784	0.9725490196078431
C	C2_2	286.474	234.155	220.99	0.5647058823529412	0.5647058823529412	0.5647058823529412
C	O2_2	286.884	235.268	220.615	1.0	0.050980392156862744	0.050980392156862744
C	N3_2	285.267	233.674	220.61	0.18823529411764706	0.3137254901960784	0.9725490196078431
C	C4_2	284.863	232.472	221.032	0.5647058823529412	0.5647058823529412	0.5647058823529412
C	N4_2	283.667	232.039	220.63	0.18823529411764706	0.3137254901960784	0.9725490196078431
C	C5_2	285.668	231.659	221.885	0.5647058823529412	0.5647058823529412	0.5647058823529412
C	C6_2	286.857	232.142	222.254	0.5647058823529412	0.5647058823529412	0.5647058823529412
