G	P_1	126.192	235.763	175.183	1.0	0.5019607843137255	0.0
G	OP1_1	125.509	234.81	174.262	1.0	0.050980392156862744	0.050980392156862744
G	OP2_1	126.121	235.538	176.654	1.0	0.050980392156862744	0.050980392156862744
G	O5'_1	127.735	235.85	174.777	1.0	0.050980392156862744	0.050980392156862744
G	C5'_1	128.156	235.803	173.393	0.5647058823529412	0.5647058823529412	0.5647058823529412
G	C4'_1	129.659	235.968	173.291	0.5647058823529412	0.5647058823529412	0.5647058823529412
G	O4'_1	130.023	237.26	173.84	1.0	0.050980392156862744	0.050980392156862744
G	C3'_1	130.499	234.965	174.075	0.5647058823529412	0.5647058823529412	0.5647058823529412
G	O3'_1	130.709	233.749	173.345	1.0	0.050980392156862744	0.050980392156862744
G	C2'_1	131.789	235.74	174.315	0.5647058823529412	0.5647058823529412	0.5647058823529412
G	O2'_1	132.656	235.745	173.197	1.0	0.050980392156862744	0.050980392156862744
G	C1'_1	131.25	237.156	174.54	0.5647058823529412	0.5647058823529412	0.5647058823529412
G	N9_1	131.008	237.5	175.941	0.18823529411764706	0.3137254901960784	0.9725490196078431
G	C8_1	129.789	237.702	176.547	0.5647058823529412	0.5647058823529412	0.5647058823529412
G	N7_1	129.888	238.007	177.813	0.18823529411764706	0.3137254901960784	0.9725490196078431
G	C5_1	131.256	238.005	178.061	0.5647058823529412	0.5647058823529412	0.5647058823529412
G	C6_1	131.977	238.266	179.262	0.5647058823529412	0.5647058823529412	0.5647058823529412
G	O6_1	131.537	238.564	180.382	1.0	0.050980392156862744	0.050980392156862744
G	N1_1	133.352	238.154	179.066	0.18823529411764706	0.3137254901960784	0.9725490196078431
G	C2_1	133.959	237.831	177.876	0.5647058823529412	0.5647058823529412	0.5647058823529412
G	N2_1	135.3	237.768	177.892	0.18823529411764706	0.3137254901960784	0.9725490196078431
G	N3_1	133.3	237.587	176.752	0.18823529411764706	0.3137254901960784	0.9725490196078431
G	C4_1	131.961	237.692	176.917	0.5647058823529412	0.5647058823529412	0.5647058823529412
C	P_2	138.786	243.46	185.218	1.0	0.5019607843137255	0.0
C	OP1_2	140.109	244.155	185.202	1.0	0.050980392156862744	0.050980392156862744
C	OP2_2	137.59	244.144	184.632	1.0	0.050980392156862744	0.050980392156862744
C	O5'_2	138.931	242.043	184.495	1.0	0.050980392156862744	0.050980392156862744
C	C5'_2	140.197	241.337	184.474	0.5647058823529412	0.5647058823529412	0.5647058823529412
C	C4'_2	140.264	240.42	183.274	0.5647058823529412	0.5647058823529412	0.5647058823529412
C	O4'_2	139.34	239.314	183.446	1.0	0.050980392156862744	0.050980392156862744
C	C3'_2	139.872	241.057	181.949	0.5647058823529412	0.5647058823529412	0.5647058823529412
C	O3'_2	140.977	241.76	181.381	1.0	0.050980392156862744	0.050980392156862744
C	C2'_2	139.432	239.853	181.123	0.5647058823529412	0.5647058823529412	0.5647058823529412
C	O2'_2	140.512	239.139	180.553	1.0	0.050980392156862744	0.050980392156862744
C	C1'_2	138.763	238.978	182.192	0.5647058823529412	0.5647058823529412	0.5647058823529412
C	N1_2	137.299	239.153	182.294	0.18823529411764706	0.3137254901960784	0.9725490196078431
C	C2_2	136.469	238.712	181.231	0.5647058823529412	0.5647058823529412	0.5647058823529412
C	O2_2	136.993	238.222	180.207	1.0	0.050980392156862744	0.050980392156862744
C	N3_2	135.121	238.84	181.354	0.18823529411764706	0.3137254901960784	0.9725490196078431
C	C4_2	134.597	239.387	182.464	0.5647058823529412	0.5647058823529412	0.5647058823529412
C	N4_2	133.261	239.48	182.553	0.18823529411764706	0.3137254901960784	0.9725490196078431
C	C5_2	135.418	239.86	183.536	0.5647058823529412	0.5647058823529412	0.5647058823529412
C	C6_2	136.746	239.723	183.41	0.5647058823529412	0.5647058823529412	0.5647058823529412
