C	P_1	173.904	245.525	148.694	1.0	0.5019607843137255	0.0
C	OP1_1	173.464	244.909	147.411	1.0	0.050980392156862744	0.050980392156862744
C	OP2_1	172.98	245.532	149.861	1.0	0.050980392156862744	0.050980392156862744
C	O5'_1	175.259	244.816	149.143	1.0	0.050980392156862744	0.050980392156862744
C	C5'_1	176.362	244.674	148.223	0.5647058823529412	0.5647058823529412	0.5647058823529412
C	C4'_1	177.564	244.085	148.932	0.5647058823529412	0.5647058823529412	0.5647058823529412
C	O4'_1	177.945	244.957	150.031	1.0	0.050980392156862744	0.050980392156862744
C	C3'_1	177.377	242.717	149.582	0.5647058823529412	0.5647058823529412	0.5647058823529412
C	O3'_1	177.53	241.656	148.625	1.0	0.050980392156862744	0.050980392156862744
C	C2'_1	178.477	242.71	150.642	0.5647058823529412	0.5647058823529412	0.5647058823529412
C	O2'_1	179.754	242.376	150.128	1.0	0.050980392156862744	0.050980392156862744
C	C1'_1	178.479	244.178	151.092	0.5647058823529412	0.5647058823529412	0.5647058823529412
C	N1_1	177.705	244.443	152.324	0.18823529411764706	0.3137254901960784	0.9725490196078431
C	C2_1	178.317	244.201	153.579	0.5647058823529412	0.5647058823529412	0.5647058823529412
C	O2_1	179.493	243.792	153.615	1.0	0.050980392156862744	0.050980392156862744
C	N3_1	177.608	244.426	154.711	0.18823529411764706	0.3137254901960784	0.9725490196078431
C	C4_1	176.349	244.874	154.633	0.5647058823529412	0.5647058823529412	0.5647058823529412
C	N4_1	175.687	245.072	155.772	0.18823529411764706	0.3137254901960784	0.9725490196078431
C	C5_1	175.712	245.137	153.379	0.5647058823529412	0.5647058823529412	0.5647058823529412
C	C6_1	176.419	244.91	152.264	0.5647058823529412	0.5647058823529412	0.5647058823529412
G	P_2	180.36	240.677	166.321	1.0	0.5019607843137255	0.0
G	OP1_2	181.3	240.527	167.469	1.0	0.050980392156862744	0.050980392156862744
G	OP2_2	179.588	241.94	166.168	1.0	0.050980392156862744	0.050980392156862744
G	O5'_2	181.179	240.424	164.975	1.0	0.050980392156862744	0.050980392156862744
G	C5'_2	181.83	241.509	164.28	0.5647058823529412	0.5647058823529412	0.5647058823529412
G	C4'_2	182.389	241.024	162.96	0.5647058823529412	0.5647058823529412	0.5647058823529412
G	O4'_2	181.343	240.373	162.188	1.0	0.050980392156862744	0.050980392156862744
G	C3'_2	182.924	242.112	162.043	0.5647058823529412	0.5647058823529412	0.5647058823529412
G	O3'_2	184.256	242.474	162.414	1.0	0.050980392156862744	0.050980392156862744
G	C2'_2	182.818	241.457	160.666	0.5647058823529412	0.5647058823529412	0.5647058823529412
G	O2'_2	183.87	240.555	160.384	1.0	0.050980392156862744	0.050980392156862744
G	C1'_2	181.514	240.662	160.808	0.5647058823529412	0.5647058823529412	0.5647058823529412
G	N9_2	180.318	241.357	160.335	0.18823529411764706	0.3137254901960784	0.9725490196078431
G	C8_2	179.21	241.697	161.082	0.5647058823529412	0.5647058823529412	0.5647058823529412
G	N7_2	178.29	242.314	160.39	0.18823529411764706	0.3137254901960784	0.9725490196078431
G	C5_2	178.817	242.389	159.105	0.5647058823529412	0.5647058823529412	0.5647058823529412
G	C6_2	178.272	242.961	157.917	0.5647058823529412	0.5647058823529412	0.5647058823529412
G	O6_2	177.182	243.527	157.765	1.0	0.050980392156862744	0.050980392156862744
G	N1_2	179.14	242.822	156.837	0.18823529411764706	0.3137254901960784	0.9725490196078431
G	C2_2	180.373	242.216	156.888	0.5647058823529412	0.5647058823529412	0.5647058823529412
G	N2_2	181.063	242.185	155.738	0.18823529411764706	0.3137254901960784	0.9725490196078431
G	N3_2	180.894	241.679	157.986	0.18823529411764706	0.3137254901960784	0.9725490196078431
G	C4_2	180.067	241.802	159.051	0.5647058823529412	0.5647058823529412	0.5647058823529412
