C	P_1	179.841	241.26	273.127	1.0	0.5019607843137255	0.0
C	OP1_1	180.764	240.461	273.986	1.0	0.050980392156862744	0.050980392156862744
C	OP2_1	179.851	241.057	271.655	1.0	0.050980392156862744	0.050980392156862744
C	O5'_1	178.351	241.038	273.644	1.0	0.050980392156862744	0.050980392156862744
C	C5'_1	177.989	241.319	275.012	0.5647058823529412	0.5647058823529412	0.5647058823529412
C	C4'_1	176.511	241.1	275.204	0.5647058823529412	0.5647058823529412	0.5647058823529412
C	O4'_1	175.779	242.048	274.385	1.0	0.050980392156862744	0.050980392156862744
C	C3'_1	176.007	239.738	274.757	0.5647058823529412	0.5647058823529412	0.5647058823529412
C	O3'_1	176.206	238.758	275.775	1.0	0.050980392156862744	0.050980392156862744
C	C2'_1	174.54	240.014	274.449	0.5647058823529412	0.5647058823529412	0.5647058823529412
C	O2'_1	173.724	240.069	275.602	1.0	0.050980392156862744	0.050980392156862744
C	C1'_1	174.626	241.419	273.845	0.5647058823529412	0.5647058823529412	0.5647058823529412
C	N1_1	174.726	241.447	272.372	0.18823529411764706	0.3137254901960784	0.9725490196078431
C	C2_1	173.546	241.376	271.606	0.5647058823529412	0.5647058823529412	0.5647058823529412
C	O2_1	172.453	241.257	272.186	1.0	0.050980392156862744	0.050980392156862744
C	N3_1	173.634	241.437	270.258	0.18823529411764706	0.3137254901960784	0.9725490196078431
C	C4_1	174.83	241.557	269.671	0.5647058823529412	0.5647058823529412	0.5647058823529412
C	N4_1	174.869	241.623	268.341	0.18823529411764706	0.3137254901960784	0.9725490196078431
C	C5_1	176.042	241.616	270.424	0.5647058823529412	0.5647058823529412	0.5647058823529412
C	C6_1	175.944	241.555	271.754	0.5647058823529412	0.5647058823529412	0.5647058823529412
G	P_2	166.302	244.163	262.018	1.0	0.5019607843137255	0.0
G	OP1_2	165.198	245.006	261.467	1.0	0.050980392156862744	0.050980392156862744
G	OP2_2	167.707	244.649	261.937	1.0	0.050980392156862744	0.050980392156862744
G	O5'_2	165.967	243.852	263.545	1.0	0.050980392156862744	0.050980392156862744
G	C5'_2	164.703	243.263	263.919	0.5647058823529412	0.5647058823529412	0.5647058823529412
G	C4'_2	164.72	242.873	265.38	0.5647058823529412	0.5647058823529412	0.5647058823529412
G	O4'_2	165.665	241.79	265.592	1.0	0.050980392156862744	0.050980392156862744
G	C3'_2	165.165	243.963	266.346	0.5647058823529412	0.5647058823529412	0.5647058823529412
G	O3'_2	164.08	244.841	266.659	1.0	0.050980392156862744	0.050980392156862744
G	C2'_2	165.641	243.154	267.549	0.5647058823529412	0.5647058823529412	0.5647058823529412
G	O2'_2	164.571	242.709	268.36	1.0	0.050980392156862744	0.050980392156862744
G	C1'_2	166.283	241.942	266.861	0.5647058823529412	0.5647058823529412	0.5647058823529412
G	N9_2	167.725	242.067	266.652	0.18823529411764706	0.3137254901960784	0.9725490196078431
G	C8_2	168.365	242.437	265.493	0.5647058823529412	0.5647058823529412	0.5647058823529412
G	N7_2	169.667	242.453	265.607	0.18823529411764706	0.3137254901960784	0.9725490196078431
G	C5_2	169.903	242.073	266.92	0.5647058823529412	0.5647058823529412	0.5647058823529412
G	C6_2	171.126	241.915	267.624	0.5647058823529412	0.5647058823529412	0.5647058823529412
G	O6_2	172.279	242.082	267.208	1.0	0.050980392156862744	0.050980392156862744
G	N1_2	170.91	241.521	268.943	0.18823529411764706	0.3137254901960784	0.9725490196078431
G	C2_2	169.677	241.307	269.512	0.5647058823529412	0.5647058823529412	0.5647058823529412
G	N2_2	169.676	240.932	270.804	0.18823529411764706	0.3137254901960784	0.9725490196078431
G	N3_2	168.528	241.449	268.864	0.18823529411764706	0.3137254901960784	0.9725490196078431
G	C4_2	168.715	241.831	267.582	0.5647058823529412	0.5647058823529412	0.5647058823529412
