G	P_1	156.846	257.832	225.231	1.0	0.5019607843137255	0.0
G	OP1_1	155.835	258.443	226.139	1.0	0.050980392156862744	0.050980392156862744
G	OP2_1	158.266	257.742	225.667	1.0	0.050980392156862744	0.050980392156862744
G	O5'_1	156.343	256.359	224.873	1.0	0.050980392156862744	0.050980392156862744
G	C5'_1	155.138	256.166	224.094	0.5647058823529412	0.5647058823529412	0.5647058823529412
G	C4'_1	155.131	254.797	223.44	0.5647058823529412	0.5647058823529412	0.5647058823529412
G	O4'_1	156.281	254.641	222.556	1.0	0.050980392156862744	0.050980392156862744
G	C3'_1	155.224	253.595	224.369	0.5647058823529412	0.5647058823529412	0.5647058823529412
G	O3'_1	153.964	253.302	224.984	1.0	0.050980392156862744	0.050980392156862744
G	C2'_1	155.69	252.491	223.417	0.5647058823529412	0.5647058823529412	0.5647058823529412
G	O2'_1	154.646	251.928	222.642	1.0	0.050980392156862744	0.050980392156862744
G	C1'_1	156.647	253.265	222.5	0.5647058823529412	0.5647058823529412	0.5647058823529412
G	N9_1	158.05	253.126	222.886	0.18823529411764706	0.3137254901960784	0.9725490196078431
G	C8_1	158.86	254.07	223.482	0.5647058823529412	0.5647058823529412	0.5647058823529412
G	N7_1	160.078	253.639	223.701	0.18823529411764706	0.3137254901960784	0.9725490196078431
G	C5_1	160.075	252.333	223.222	0.5647058823529412	0.5647058823529412	0.5647058823529412
G	C6_1	161.115	251.36	223.19	0.5647058823529412	0.5647058823529412	0.5647058823529412
G	O6_1	162.284	251.467	223.577	1.0	0.050980392156862744	0.050980392156862744
G	N1_1	160.677	250.161	222.633	0.18823529411764706	0.3137254901960784	0.9725490196078431
G	C2_1	159.404	249.925	222.155	0.5647058823529412	0.5647058823529412	0.5647058823529412
G	N2_1	159.177	248.696	221.648	0.18823529411764706	0.3137254901960784	0.9725490196078431
G	N3_1	158.427	250.825	222.172	0.18823529411764706	0.3137254901960784	0.9725490196078431
G	C4_1	158.83	251.998	222.717	0.5647058823529412	0.5647058823529412	0.5647058823529412
C	P_2	168.997	243.382	221.274	1.0	0.5019607843137255	0.0
C	OP1_2	169.518	242.326	220.354	1.0	0.050980392156862744	0.050980392156862744
C	OP2_2	169.492	244.782	221.142	1.0	0.050980392156862744	0.050980392156862744
C	O5'_2	167.402	243.405	221.178	1.0	0.050980392156862744	0.050980392156862744
C	C5'_2	166.625	242.186	221.286	0.5647058823529412	0.5647058823529412	0.5647058823529412
C	C4'_2	165.167	242.456	220.967	0.5647058823529412	0.5647058823529412	0.5647058823529412
C	O4'_2	164.594	243.334	221.968	1.0	0.050980392156862744	0.050980392156862744
C	C3'_2	164.897	243.159	219.646	0.5647058823529412	0.5647058823529412	0.5647058823529412
C	O3'_2	164.891	242.21	218.585	1.0	0.050980392156862744	0.050980392156862744
C	C2'_2	163.529	243.799	219.875	0.5647058823529412	0.5647058823529412	0.5647058823529412
C	O2'_2	162.461	242.894	219.681	1.0	0.050980392156862744	0.050980392156862744
C	C1'_2	163.597	244.149	221.367	0.5647058823529412	0.5647058823529412	0.5647058823529412
C	N1_2	163.838	245.563	221.736	0.18823529411764706	0.3137254901960784	0.9725490196078431
C	C2_2	162.765	246.485	221.672	0.5647058823529412	0.5647058823529412	0.5647058823529412
C	O2_2	161.662	246.109	221.232	1.0	0.050980392156862744	0.050980392156862744
C	N3_2	162.967	247.759	222.093	0.18823529411764706	0.3137254901960784	0.9725490196078431
C	C4_2	164.173	248.132	222.548	0.5647058823529412	0.5647058823529412	0.5647058823529412
C	N4_2	164.322	249.385	222.981	0.18823529411764706	0.3137254901960784	0.9725490196078431
C	C5_2	165.282	247.231	222.585	0.5647058823529412	0.5647058823529412	0.5647058823529412
C	C6_2	165.073	245.973	222.17	0.5647058823529412	0.5647058823529412	0.5647058823529412
