C	P_1	271.666	208.819	211.122	1.0	0.5019607843137255	0.0
C	OP1_1	271.445	210.237	210.726	1.0	0.050980392156862744	0.050980392156862744
C	OP2_1	271.61	207.751	210.089	1.0	0.050980392156862744	0.050980392156862744
C	O5'_1	273.067	208.73	211.87	1.0	0.050980392156862744	0.050980392156862744
C	C5'_1	273.452	209.725	212.838	0.5647058823529412	0.5647058823529412	0.5647058823529412
C	C4'_1	274.861	209.465	213.32	0.5647058823529412	0.5647058823529412	0.5647058823529412
C	O4'_1	274.888	208.248	214.112	1.0	0.050980392156862744	0.050980392156862744
C	C3'_1	275.901	209.221	212.234	0.5647058823529412	0.5647058823529412	0.5647058823529412
C	O3'_1	276.373	210.431	211.639	1.0	0.050980392156862744	0.050980392156862744
C	C2'_1	276.985	208.451	212.984	0.5647058823529412	0.5647058823529412	0.5647058823529412
C	O2'_1	277.85	209.272	213.742	1.0	0.050980392156862744	0.050980392156862744
C	C1'_1	276.141	207.596	213.937	0.5647058823529412	0.5647058823529412	0.5647058823529412
C	N1_1	275.91	206.207	213.48	0.18823529411764706	0.3137254901960784	0.9725490196078431
C	C2_1	276.892	205.23	213.749	0.5647058823529412	0.5647058823529412	0.5647058823529412
C	O2_1	277.923	205.56	214.367	1.0	0.050980392156862744	0.050980392156862744
C	N3_1	276.687	203.959	213.334	0.18823529411764706	0.3137254901960784	0.9725490196078431
C	C4_1	275.567	203.642	212.682	0.5647058823529412	0.5647058823529412	0.5647058823529412
C	N4_1	275.408	202.375	212.296	0.18823529411764706	0.3137254901960784	0.9725490196078431
C	C5_1	274.558	204.61	212.397	0.5647058823529412	0.5647058823529412	0.5647058823529412
C	C6_1	274.768	205.866	212.809	0.5647058823529412	0.5647058823529412	0.5647058823529412
G	P_2	282.776	194.286	214.287	1.0	0.5019607843137255	0.0
G	OP1_2	283.411	193.299	215.207	1.0	0.050980392156862744	0.050980392156862744
G	OP2_2	281.321	194.185	213.994	1.0	0.050980392156862744	0.050980392156862744
G	O5'_2	283.063	195.762	214.83	1.0	0.050980392156862744	0.050980392156862744
G	C5'_2	284.389	196.161	215.246	0.5647058823529412	0.5647058823529412	0.5647058823529412
G	C4'_2	284.489	197.673	215.347	0.5647058823529412	0.5647058823529412	0.5647058823529412
G	O4'_2	284.041	198.264	214.094	1.0	0.050980392156862744	0.050980392156862744
G	C3'_2	283.632	198.371	216.396	0.5647058823529412	0.5647058823529412	0.5647058823529412
G	O3'_2	284.208	198.34	217.702	1.0	0.050980392156862744	0.050980392156862744
G	C2'_2	283.565	199.791	215.851	0.5647058823529412	0.5647058823529412	0.5647058823529412
G	O2'_2	284.749	200.528	216.09	1.0	0.050980392156862744	0.050980392156862744
G	C1'_2	283.429	199.522	214.35	0.5647058823529412	0.5647058823529412	0.5647058823529412
G	N9_2	282.029	199.46	213.931	0.18823529411764706	0.3137254901960784	0.9725490196078431
G	C8_2	281.329	198.355	213.501	0.5647058823529412	0.5647058823529412	0.5647058823529412
G	N7_2	280.078	198.615	213.223	0.18823529411764706	0.3137254901960784	0.9725490196078431
G	C5_2	279.943	199.974	213.482	0.5647058823529412	0.5647058823529412	0.5647058823529412
G	C6_2	278.81	200.822	213.371	0.5647058823529412	0.5647058823529412	0.5647058823529412
G	O6_2	277.662	200.529	213.011	1.0	0.050980392156862744	0.050980392156862744
G	N1_2	279.114	202.134	213.731	0.18823529411764706	0.3137254901960784	0.9725490196078431
G	C2_2	280.35	202.575	214.145	0.5647058823529412	0.5647058823529412	0.5647058823529412
G	N2_2	280.448	203.882	214.448	0.18823529411764706	0.3137254901960784	0.9725490196078431
G	N3_2	281.413	201.792	214.255	0.18823529411764706	0.3137254901960784	0.9725490196078431
G	C4_2	281.139	200.514	213.909	0.5647058823529412	0.5647058823529412	0.5647058823529412
