C	P_1	260.287	225.781	248.635	1.0	0.5019607843137255	0.0
C	OP1_1	259.821	224.893	249.74	1.0	0.050980392156862744	0.050980392156862744
C	OP2_1	259.286	226.518	247.819	1.0	0.050980392156862744	0.050980392156862744
C	O5'_1	261.302	226.849	249.246	1.0	0.050980392156862744	0.050980392156862744
C	C5'_1	262.377	226.445	250.125	0.5647058823529412	0.5647058823529412	0.5647058823529412
C	C4'_1	263.2	227.649	250.525	0.5647058823529412	0.5647058823529412	0.5647058823529412
C	O4'_1	263.884	228.178	249.354	1.0	0.050980392156862744	0.050980392156862744
C	C3'_1	262.398	228.83	251.054	0.5647058823529412	0.5647058823529412	0.5647058823529412
C	O3'_1	262.065	228.688	252.43	1.0	0.050980392156862744	0.050980392156862744
C	C2'_1	263.319	230.007	250.764	0.5647058823529412	0.5647058823529412	0.5647058823529412
C	O2'_1	264.383	230.125	251.688	1.0	0.050980392156862744	0.050980392156862744
C	C1'_1	263.884	229.601	249.401	0.5647058823529412	0.5647058823529412	0.5647058823529412
C	N1_1	263.085	230.11	248.264	0.18823529411764706	0.3137254901960784	0.9725490196078431
C	C2_1	263.218	231.463	247.881	0.5647058823529412	0.5647058823529412	0.5647058823529412
C	O2_1	263.989	232.203	248.521	1.0	0.050980392156862744	0.050980392156862744
C	N3_1	262.502	231.919	246.826	0.18823529411764706	0.3137254901960784	0.9725490196078431
C	C4_1	261.679	231.092	246.167	0.5647058823529412	0.5647058823529412	0.5647058823529412
C	N4_1	261.0	231.578	245.129	0.18823529411764706	0.3137254901960784	0.9725490196078431
C	C5_1	261.516	229.727	246.543	0.5647058823529412	0.5647058823529412	0.5647058823529412
C	C6_1	262.23	229.283	247.584	0.5647058823529412	0.5647058823529412	0.5647058823529412
G	P_2	261.631	243.107	241.858	1.0	0.5019607843137255	0.0
G	OP1_2	262.271	244.356	241.358	1.0	0.050980392156862744	0.050980392156862744
G	OP2_2	261.759	241.85	241.067	1.0	0.050980392156862744	0.050980392156862744
G	O5'_2	262.175	242.834	243.33	1.0	0.050980392156862744	0.050980392156862744
G	C5'_2	263.381	242.087	243.543	0.5647058823529412	0.5647058823529412	0.5647058823529412
G	C4'_2	263.53	241.747	245.005	0.5647058823529412	0.5647058823529412	0.5647058823529412
G	O4'_2	262.315	241.108	245.489	1.0	0.050980392156862744	0.050980392156862744
G	C3'_2	264.633	240.745	245.299	0.5647058823529412	0.5647058823529412	0.5647058823529412
G	O3'_2	265.906	241.387	245.385	1.0	0.050980392156862744	0.050980392156862744
G	C2'_2	264.158	240.114	246.605	0.5647058823529412	0.5647058823529412	0.5647058823529412
G	O2'_2	264.404	240.925	247.739	1.0	0.050980392156862744	0.050980392156862744
G	C1'_2	262.646	240.04	246.365	0.5647058823529412	0.5647058823529412	0.5647058823529412
G	N9_2	262.196	238.792	245.743	0.18823529411764706	0.3137254901960784	0.9725490196078431
G	C8_2	261.521	238.669	244.546	0.5647058823529412	0.5647058823529412	0.5647058823529412
G	N7_2	261.253	237.43	244.23	0.18823529411764706	0.3137254901960784	0.9725490196078431
G	C5_2	261.776	236.684	245.278	0.5647058823529412	0.5647058823529412	0.5647058823529412
G	C6_2	261.791	235.282	245.484	0.5647058823529412	0.5647058823529412	0.5647058823529412
G	O6_2	261.331	234.396	244.754	1.0	0.050980392156862744	0.050980392156862744
G	N1_2	262.422	234.945	246.679	0.18823529411764706	0.3137254901960784	0.9725490196078431
G	C2_2	262.973	235.843	247.562	0.5647058823529412	0.5647058823529412	0.5647058823529412
G	N2_2	263.536	235.321	248.662	0.18823529411764706	0.3137254901960784	0.9725490196078431
G	N3_2	262.97	237.158	247.381	0.18823529411764706	0.3137254901960784	0.9725490196078431
G	C4_2	262.359	237.507	246.226	0.5647058823529412	0.5647058823529412	0.5647058823529412
