C	P_1	149.929	243.378	195.387	1.0	0.5019607843137255	0.0
C	OP1_1	151.122	242.486	195.538	1.0	0.050980392156862744	0.050980392156862744
C	OP2_1	148.975	243.146	194.268	1.0	0.050980392156862744	0.050980392156862744
C	O5'_1	149.099	243.338	196.749	1.0	0.050980392156862744	0.050980392156862744
C	C5'_1	149.76	243.216	198.031	0.5647058823529412	0.5647058823529412	0.5647058823529412
C	C4'_1	148.74	243.283	199.144	0.5647058823529412	0.5647058823529412	0.5647058823529412
C	O4'_1	148.023	244.544	199.033	1.0	0.050980392156862744	0.050980392156862744
C	C3'_1	147.655	242.21	199.1	0.5647058823529412	0.5647058823529412	0.5647058823529412
C	O3'_1	148.074	241.011	199.767	1.0	0.050980392156862744	0.050980392156862744
C	C2'_1	146.486	242.888	199.806	0.5647058823529412	0.5647058823529412	0.5647058823529412
C	O2'_1	146.579	242.843	201.217	1.0	0.050980392156862744	0.050980392156862744
C	C1'_1	146.649	244.338	199.335	0.5647058823529412	0.5647058823529412	0.5647058823529412
C	N1_1	145.844	244.691	198.147	0.18823529411764706	0.3137254901960784	0.9725490196078431
C	C2_1	144.453	244.889	198.294	0.5647058823529412	0.5647058823529412	0.5647058823529412
C	O2_1	143.935	244.746	199.417	1.0	0.050980392156862744	0.050980392156862744
C	N3_1	143.719	245.233	197.208	0.18823529411764706	0.3137254901960784	0.9725490196078431
C	C4_1	144.315	245.384	196.018	0.5647058823529412	0.5647058823529412	0.5647058823529412
C	N4_1	143.559	245.738	194.978	0.18823529411764706	0.3137254901960784	0.9725490196078431
C	C5_1	145.719	245.18	195.841	0.5647058823529412	0.5647058823529412	0.5647058823529412
C	C6_1	146.436	244.836	196.919	0.5647058823529412	0.5647058823529412	0.5647058823529412
G	P_2	133.176	248.955	194.609	1.0	0.5019607843137255	0.0
G	OP1_2	132.037	249.886	194.847	1.0	0.050980392156862744	0.050980392156862744
G	OP2_2	134.303	249.383	193.737	1.0	0.050980392156862744	0.050980392156862744
G	O5'_2	133.778	248.526	196.025	1.0	0.050980392156862744	0.050980392156862744
G	C5'_2	132.913	248.152	197.122	0.5647058823529412	0.5647058823529412	0.5647058823529412
G	C4'_2	133.734	247.653	198.295	0.5647058823529412	0.5647058823529412	0.5647058823529412
G	O4'_2	134.52	246.505	197.871	1.0	0.050980392156862744	0.050980392156862744
G	C3'_2	134.76	248.628	198.863	0.5647058823529412	0.5647058823529412	0.5647058823529412
G	O3'_2	134.168	249.506	199.822	1.0	0.050980392156862744	0.050980392156862744
G	C2'_2	135.774	247.693	199.513	0.5647058823529412	0.5647058823529412	0.5647058823529412
G	O2'_2	135.361	247.23	200.783	1.0	0.050980392156862744	0.050980392156862744
G	C1'_2	135.781	246.523	198.523	0.5647058823529412	0.5647058823529412	0.5647058823529412
G	N9_2	136.826	246.621	197.505	0.18823529411764706	0.3137254901960784	0.9725490196078431
G	C8_2	136.679	246.991	196.185	0.5647058823529412	0.5647058823529412	0.5647058823529412
G	N7_2	137.801	246.971	195.516	0.18823529411764706	0.3137254901960784	0.9725490196078431
G	C5_2	138.748	246.565	196.447	0.5647058823529412	0.5647058823529412	0.5647058823529412
G	C6_2	140.141	246.359	196.304	0.5647058823529412	0.5647058823529412	0.5647058823529412
G	O6_2	140.841	246.503	195.292	1.0	0.050980392156862744	0.050980392156862744
G	N1_2	140.724	245.945	197.502	0.18823529411764706	0.3137254901960784	0.9725490196078431
G	C2_2	140.049	245.756	198.687	0.5647058823529412	0.5647058823529412	0.5647058823529412
G	N2_2	140.786	245.351	199.733	0.18823529411764706	0.3137254901960784	0.9725490196078431
G	N3_2	138.747	245.948	198.833	0.18823529411764706	0.3137254901960784	0.9725490196078431
G	C4_2	138.164	246.349	197.681	0.5647058823529412	0.5647058823529412	0.5647058823529412
