C	P_1	92.602	175.009	178.701	1.0	0.5019607843137255	0.0
C	OP1_1	91.113	175.021	178.724	1.0	0.050980392156862744	0.050980392156862744
C	OP2_1	93.316	174.963	177.401	1.0	0.050980392156862744	0.050980392156862744
C	O5'_1	93.132	176.281	179.5	1.0	0.050980392156862744	0.050980392156862744
C	C5'_1	92.729	176.516	180.862	0.5647058823529412	0.5647058823529412	0.5647058823529412
C	C4'_1	93.496	177.679	181.446	0.5647058823529412	0.5647058823529412	0.5647058823529412
C	O4'_1	94.896	177.331	181.575	1.0	0.050980392156862744	0.050980392156862744
C	C3'_1	93.514	178.954	180.617	0.5647058823529412	0.5647058823529412	0.5647058823529412
C	O3'_1	92.321	179.7	180.807	1.0	0.050980392156862744	0.050980392156862744
C	C2'_1	94.74	179.677	181.158	0.5647058823529412	0.5647058823529412	0.5647058823529412
C	O2'_1	94.488	180.329	182.385	1.0	0.050980392156862744	0.050980392156862744
C	C1'_1	95.685	178.501	181.422	0.5647058823529412	0.5647058823529412	0.5647058823529412
C	N1_1	96.707	178.26	180.387	0.18823529411764706	0.3137254901960784	0.9725490196078431
C	C2_1	97.935	178.944	180.478	0.5647058823529412	0.5647058823529412	0.5647058823529412
C	O2_1	98.106	179.764	181.4	1.0	0.050980392156862744	0.050980392156862744
C	N3_1	98.898	178.694	179.559	0.18823529411764706	0.3137254901960784	0.9725490196078431
C	C4_1	98.674	177.813	178.579	0.5647058823529412	0.5647058823529412	0.5647058823529412
C	N4_1	99.659	177.586	177.709	0.18823529411764706	0.3137254901960784	0.9725490196078431
C	C5_1	97.429	177.122	178.45	0.5647058823529412	0.5647058823529412	0.5647058823529412
C	C6_1	96.483	177.376	179.365	0.5647058823529412	0.5647058823529412	0.5647058823529412
G	P_2	110.068	181.663	180.265	1.0	0.5019607843137255	0.0
G	OP1_2	110.598	180.856	181.401	1.0	0.050980392156862744	0.050980392156862744
G	OP2_2	109.824	181.008	178.948	1.0	0.050980392156862744	0.050980392156862744
G	O5'_2	108.705	182.33	180.758	1.0	0.050980392156862744	0.050980392156862744
G	C5'_2	108.721	183.542	181.542	0.5647058823529412	0.5647058823529412	0.5647058823529412
G	C4'_2	107.396	183.741	182.238	0.5647058823529412	0.5647058823529412	0.5647058823529412
G	O4'_2	106.341	183.923	181.254	1.0	0.050980392156862744	0.050980392156862744
G	C3'_2	106.909	182.583	183.093	0.5647058823529412	0.5647058823529412	0.5647058823529412
G	O3'_2	107.535	182.584	184.379	1.0	0.050980392156862744	0.050980392156862744
G	C2'_2	105.409	182.852	183.166	0.5647058823529412	0.5647058823529412	0.5647058823529412
G	O2'_2	105.075	183.847	184.111	1.0	0.050980392156862744	0.050980392156862744
G	C1'_2	105.125	183.386	181.757	0.5647058823529412	0.5647058823529412	0.5647058823529412
G	N9_2	104.649	182.36	180.831	0.18823529411764706	0.3137254901960784	0.9725490196078431
G	C8_2	105.384	181.701	179.876	0.5647058823529412	0.5647058823529412	0.5647058823529412
G	N7_2	104.691	180.808	179.221	0.18823529411764706	0.3137254901960784	0.9725490196078431
G	C5_2	103.418	180.884	179.768	0.5647058823529412	0.5647058823529412	0.5647058823529412
G	C6_2	102.241	180.147	179.464	0.5647058823529412	0.5647058823529412	0.5647058823529412
G	O6_2	102.09	179.246	178.631	1.0	0.050980392156862744	0.050980392156862744
G	N1_2	101.168	180.55	180.253	0.18823529411764706	0.3137254901960784	0.9725490196078431
G	C2_2	101.219	181.528	181.216	0.5647058823529412	0.5647058823529412	0.5647058823529412
G	N2_2	100.076	181.766	181.872	0.18823529411764706	0.3137254901960784	0.9725490196078431
G	N3_2	102.313	182.22	181.515	0.18823529411764706	0.3137254901960784	0.9725490196078431
G	C4_2	103.368	181.846	180.756	0.5647058823529412	0.5647058823529412	0.5647058823529412
