G	P_1	229.283	225.232	228.783	1.0	0.5019607843137255	0.0
G	OP1_1	229.23	225.627	227.345	1.0	0.050980392156862744	0.050980392156862744
G	OP2_1	230.566	224.751	229.362	1.0	0.050980392156862744	0.050980392156862744
G	O5'_1	228.781	226.481	229.641	1.0	0.050980392156862744	0.050980392156862744
G	C5'_1	227.445	227.014	229.471	0.5647058823529412	0.5647058823529412	0.5647058823529412
G	C4'_1	227.103	227.947	230.615	0.5647058823529412	0.5647058823529412	0.5647058823529412
G	O4'_1	227.095	227.207	231.864	1.0	0.050980392156862744	0.050980392156862744
G	C3'_1	228.083	229.091	230.84	0.5647058823529412	0.5647058823529412	0.5647058823529412
G	O3'_1	227.717	230.178	229.984	1.0	0.050980392156862744	0.050980392156862744
G	C2'_1	227.898	229.416	232.324	0.5647058823529412	0.5647058823529412	0.5647058823529412
G	O2'_1	226.799	230.268	232.587	1.0	0.050980392156862744	0.050980392156862744
G	C1'_1	227.586	228.031	232.908	0.5647058823529412	0.5647058823529412	0.5647058823529412
G	N9_1	228.693	227.338	233.559	0.18823529411764706	0.3137254901960784	0.9725490196078431
G	C8_1	229.364	226.226	233.099	0.5647058823529412	0.5647058823529412	0.5647058823529412
G	N7_1	230.293	225.811	233.918	0.18823529411764706	0.3137254901960784	0.9725490196078431
G	C5_1	230.239	226.707	234.979	0.5647058823529412	0.5647058823529412	0.5647058823529412
G	C6_1	231.015	226.771	236.171	0.5647058823529412	0.5647058823529412	0.5647058823529412
G	O6_1	231.929	226.017	236.537	1.0	0.050980392156862744	0.050980392156862744
G	N1_1	230.634	227.845	236.977	0.18823529411764706	0.3137254901960784	0.9725490196078431
G	C2_1	229.635	228.741	236.678	0.5647058823529412	0.5647058823529412	0.5647058823529412
G	N2_1	229.414	229.704	237.593	0.18823529411764706	0.3137254901960784	0.9725490196078431
G	N3_1	228.904	228.695	235.567	0.18823529411764706	0.3137254901960784	0.9725490196078431
G	C4_1	229.258	227.658	234.77	0.5647058823529412	0.5647058823529412	0.5647058823529412
C	P_2	233.497	226.486	246.173	1.0	0.5019607843137255	0.0
C	OP1_2	233.467	226.693	247.651	1.0	0.050980392156862744	0.050980392156862744
C	OP2_2	233.128	225.158	245.616	1.0	0.050980392156862744	0.050980392156862744
C	O5'_2	232.566	227.589	245.492	1.0	0.050980392156862744	0.050980392156862744
C	C5'_2	232.568	228.961	245.957	0.5647058823529412	0.5647058823529412	0.5647058823529412
C	C4'_2	231.868	229.86	244.959	0.5647058823529412	0.5647058823529412	0.5647058823529412
C	O4'_2	232.611	229.856	243.711	1.0	0.050980392156862744	0.050980392156862744
C	C3'_2	230.451	229.46	244.564	0.5647058823529412	0.5647058823529412	0.5647058823529412
C	O3'_2	229.485	229.934	245.509	1.0	0.050980392156862744	0.050980392156862744
C	C2'_2	230.3	230.124	243.199	0.5647058823529412	0.5647058823529412	0.5647058823529412
C	O2'_2	230.027	231.509	243.289	1.0	0.050980392156862744	0.050980392156862744
C	C1'_2	231.707	229.943	242.618	0.5647058823529412	0.5647058823529412	0.5647058823529412
C	N1_2	231.854	228.731	241.785	0.18823529411764706	0.3137254901960784	0.9725490196078431
C	C2_2	231.553	228.806	240.401	0.5647058823529412	0.5647058823529412	0.5647058823529412
C	O2_2	231.174	229.891	239.92	1.0	0.050980392156862744	0.050980392156862744
C	N3_2	231.688	227.69	239.636	0.18823529411764706	0.3137254901960784	0.9725490196078431
C	C4_2	232.101	226.541	240.193	0.5647058823529412	0.5647058823529412	0.5647058823529412
C	N4_2	232.22	225.472	239.406	0.18823529411764706	0.3137254901960784	0.9725490196078431
C	C5_2	232.412	226.441	241.587	0.5647058823529412	0.5647058823529412	0.5647058823529412
C	C6_2	232.277	227.548	242.336	0.5647058823529412	0.5647058823529412	0.5647058823529412
