C	P_1	282.667	133.581	183.289	1.0	0.5019607843137255	0.0
C	OP1_1	283.621	132.79	182.458	1.0	0.050980392156862744	0.050980392156862744
C	OP2_1	283.194	134.5	184.336	1.0	0.050980392156862744	0.050980392156862744
C	O5'_1	281.733	134.425	182.309	1.0	0.050980392156862744	0.050980392156862744
C	C5'_1	281.151	133.82	181.133	0.5647058823529412	0.5647058823529412	0.5647058823529412
C	C4'_1	280.206	134.789	180.456	0.5647058823529412	0.5647058823529412	0.5647058823529412
C	O4'_1	279.111	135.102	181.359	1.0	0.050980392156862744	0.050980392156862744
C	C3'_1	280.779	136.153	180.089	0.5647058823529412	0.5647058823529412	0.5647058823529412
C	O3'_1	281.515	136.131	178.87	1.0	0.050980392156862744	0.050980392156862744
C	C2'_1	279.524	137.008	179.996	0.5647058823529412	0.5647058823529412	0.5647058823529412
C	O2'_1	278.81	136.826	178.792	1.0	0.050980392156862744	0.050980392156862744
C	C1'_1	278.704	136.448	181.16	0.5647058823529412	0.5647058823529412	0.5647058823529412
C	N1_1	278.931	137.203	182.406	0.18823529411764706	0.3137254901960784	0.9725490196078431
C	C2_1	278.12	138.317	182.68	0.5647058823529412	0.5647058823529412	0.5647058823529412
C	O2_1	277.218	138.622	181.876	1.0	0.050980392156862744	0.050980392156862744
C	N3_1	278.341	139.029	183.81	0.18823529411764706	0.3137254901960784	0.9725490196078431
C	C4_1	279.322	138.667	184.647	0.5647058823529412	0.5647058823529412	0.5647058823529412
C	N4_1	279.514	139.404	185.744	0.18823529411764706	0.3137254901960784	0.9725490196078431
C	C5_1	280.15	137.535	184.397	0.5647058823529412	0.5647058823529412	0.5647058823529412
C	C6_1	279.921	136.838	183.279	0.5647058823529412	0.5647058823529412	0.5647058823529412
G	P_2	273.913	148.963	187.559	1.0	0.5019607843137255	0.0
G	OP1_2	272.605	149.636	187.81	1.0	0.050980392156862744	0.050980392156862744
G	OP2_2	274.435	147.976	188.55	1.0	0.050980392156862744	0.050980392156862744
G	O5'_2	273.829	148.247	186.135	1.0	0.050980392156862744	0.050980392156862744
G	C5'_2	273.409	148.976	184.959	0.5647058823529412	0.5647058823529412	0.5647058823529412
G	C4'_2	273.609	148.136	183.717	0.5647058823529412	0.5647058823529412	0.5647058823529412
G	O4'_2	275.01	147.757	183.617	1.0	0.050980392156862744	0.050980392156862744
G	C3'_2	272.853	146.815	183.663	0.5647058823529412	0.5647058823529412	0.5647058823529412
G	O3'_2	271.514	147.009	183.193	1.0	0.050980392156862744	0.050980392156862744
G	C2'_2	273.696	145.999	182.685	0.5647058823529412	0.5647058823529412	0.5647058823529412
G	O2'_2	273.437	146.312	181.329	1.0	0.050980392156862744	0.050980392156862744
G	C1'_2	275.113	146.461	183.046	0.5647058823529412	0.5647058823529412	0.5647058823529412
G	N9_2	275.809	145.588	183.993	0.18823529411764706	0.3137254901960784	0.9725490196078431
G	C8_2	276.136	145.869	185.302	0.5647058823529412	0.5647058823529412	0.5647058823529412
G	N7_2	276.751	144.884	185.902	0.18823529411764706	0.3137254901960784	0.9725490196078431
G	C5_2	276.84	143.891	184.934	0.5647058823529412	0.5647058823529412	0.5647058823529412
G	C6_2	277.403	142.589	185.004	0.5647058823529412	0.5647058823529412	0.5647058823529412
G	O6_2	277.948	142.039	185.968	1.0	0.050980392156862744	0.050980392156862744
G	N1_2	277.284	141.912	183.791	0.18823529411764706	0.3137254901960784	0.9725490196078431
G	C2_2	276.697	142.419	182.654	0.5647058823529412	0.5647058823529412	0.5647058823529412
G	N2_2	276.684	141.61	181.578	0.18823529411764706	0.3137254901960784	0.9725490196078431
G	N3_2	276.162	143.633	182.577	0.18823529411764706	0.3137254901960784	0.9725490196078431
G	C4_2	276.268	144.309	183.747	0.5647058823529412	0.5647058823529412	0.5647058823529412
