G	P_1	227.543	198.729	219.66	1.0	0.5019607843137255	0.0
G	OP1_1	226.55	199.836	219.514	1.0	0.050980392156862744	0.050980392156862744
G	OP2_1	229.001	199.028	219.568	1.0	0.050980392156862744	0.050980392156862744
G	O5'_1	227.259	197.99	221.044	1.0	0.050980392156862744	0.050980392156862744
G	C5'_1	225.931	197.537	221.352	0.5647058823529412	0.5647058823529412	0.5647058823529412
G	C4'_1	225.92	196.7	222.611	0.5647058823529412	0.5647058823529412	0.5647058823529412
G	O4'_1	226.597	195.43	222.39	1.0	0.050980392156862744	0.050980392156862744
G	C3'_1	226.608	197.277	223.836	0.5647058823529412	0.5647058823529412	0.5647058823529412
G	O3'_1	225.801	198.279	224.464	1.0	0.050980392156862744	0.050980392156862744
G	C2'_1	226.796	196.02	224.685	0.5647058823529412	0.5647058823529412	0.5647058823529412
G	O2'_1	225.605	195.594	225.32	1.0	0.050980392156862744	0.050980392156862744
G	C1'_1	227.172	194.987	223.613	0.5647058823529412	0.5647058823529412	0.5647058823529412
G	N9_1	228.618	194.869	223.435	0.18823529411764706	0.3137254901960784	0.9725490196078431
G	C8_1	229.397	195.479	222.477	0.5647058823529412	0.5647058823529412	0.5647058823529412
G	N7_1	230.669	195.196	222.594	0.18823529411764706	0.3137254901960784	0.9725490196078431
G	C5_1	230.735	194.348	223.692	0.5647058823529412	0.5647058823529412	0.5647058823529412
G	C6_1	231.856	193.721	224.307	0.5647058823529412	0.5647058823529412	0.5647058823529412
G	O6_1	233.052	193.806	223.999	1.0	0.050980392156862744	0.050980392156862744
G	N1_1	231.473	192.934	225.391	0.18823529411764706	0.3137254901960784	0.9725490196078431
G	C2_1	230.177	192.774	225.836	0.5647058823529412	0.5647058823529412	0.5647058823529412
G	N2_1	230.008	191.965	226.895	0.18823529411764706	0.3137254901960784	0.9725490196078431
G	N3_1	229.124	193.363	225.279	0.18823529411764706	0.3137254901960784	0.9725490196078431
G	C4_1	229.475	194.127	224.219	0.5647058823529412	0.5647058823529412	0.5647058823529412
C	P_2	238.895	188.768	231.054	1.0	0.5019607843137255	0.0
C	OP1_2	239.431	187.738	231.998	1.0	0.050980392156862744	0.050980392156862744
C	OP2_2	239.463	188.868	229.677	1.0	0.050980392156862744	0.050980392156862744
C	O5'_2	237.324	188.547	230.937	1.0	0.050980392156862744	0.050980392156862744
C	C5'_2	236.496	188.572	232.114	0.5647058823529412	0.5647058823529412	0.5647058823529412
C	C4'_2	235.063	188.844	231.733	0.5647058823529412	0.5647058823529412	0.5647058823529412
C	O4'_2	234.915	190.215	231.28	1.0	0.050980392156862744	0.050980392156862744
C	C3'_2	234.54	188.023	230.567	0.5647058823529412	0.5647058823529412	0.5647058823529412
C	O3'_2	234.196	186.709	231.004	1.0	0.050980392156862744	0.050980392156862744
C	C2'_2	233.347	188.853	230.098	0.5647058823529412	0.5647058823529412	0.5647058823529412
C	O2'_2	232.196	188.667	230.896	1.0	0.050980392156862744	0.050980392156862744
C	C1'_2	233.87	190.278	230.319	0.5647058823529412	0.5647058823529412	0.5647058823529412
C	N1_2	234.366	190.96	229.11	0.18823529411764706	0.3137254901960784	0.9725490196078431
C	C2_2	233.456	191.727	228.349	0.5647058823529412	0.5647058823529412	0.5647058823529412
C	O2_2	232.263	191.788	228.712	1.0	0.050980392156862744	0.050980392156862744
C	N3_2	233.906	192.379	227.242	0.18823529411764706	0.3137254901960784	0.9725490196078431
C	C4_2	235.196	192.286	226.886	0.5647058823529412	0.5647058823529412	0.5647058823529412
C	N4_2	235.592	192.948	225.797	0.18823529411764706	0.3137254901960784	0.9725490196078431
C	C5_2	236.135	191.51	227.633	0.5647058823529412	0.5647058823529412	0.5647058823529412
C	C6_2	235.681	190.868	228.726	0.5647058823529412	0.5647058823529412	0.5647058823529412
