C	P_1	133.357	208.392	244.239	1.0	0.5019607843137255	0.0
C	OP1_1	132.058	208.768	244.869	1.0	0.050980392156862744	0.050980392156862744
C	OP2_1	134.581	208.288	245.084	1.0	0.050980392156862744	0.050980392156862744
C	O5'_1	133.149	207.005	243.473	1.0	0.050980392156862744	0.050980392156862744
C	C5'_1	133.074	205.753	244.197	0.5647058823529412	0.5647058823529412	0.5647058823529412
C	C4'_1	133.385	204.587	243.277	0.5647058823529412	0.5647058823529412	0.5647058823529412
C	O4'_1	134.587	204.875	242.52	1.0	0.050980392156862744	0.050980392156862744
C	C3'_1	133.647	203.264	243.988	0.5647058823529412	0.5647058823529412	0.5647058823529412
C	O3'_1	132.43	202.537	244.187	1.0	0.050980392156862744	0.050980392156862744
C	C2'_1	134.612	202.551	243.045	0.5647058823529412	0.5647058823529412	0.5647058823529412
C	O2'_1	133.965	201.9	241.967	1.0	0.050980392156862744	0.050980392156862744
C	C1'_1	135.424	203.729	242.493	0.5647058823529412	0.5647058823529412	0.5647058823529412
C	N1_1	136.682	204.068	243.194	0.18823529411764706	0.3137254901960784	0.9725490196078431
C	C2_1	137.818	203.238	243.038	0.5647058823529412	0.5647058823529412	0.5647058823529412
C	O2_1	137.725	202.189	242.372	1.0	0.050980392156862744	0.050980392156862744
C	N3_1	138.983	203.61	243.624	0.18823529411764706	0.3137254901960784	0.9725490196078431
C	C4_1	139.042	204.738	244.345	0.5647058823529412	0.5647058823529412	0.5647058823529412
C	N4_1	140.212	205.081	244.88	0.18823529411764706	0.3137254901960784	0.9725490196078431
C	C5_1	137.901	205.571	244.544	0.5647058823529412	0.5647058823529412	0.5647058823529412
C	C6_1	136.757	205.201	243.963	0.5647058823529412	0.5647058823529412	0.5647058823529412
G	P_2	150.292	199.728	245.503	1.0	0.5019607843137255	0.0
G	OP1_2	151.627	199.34	244.964	1.0	0.050980392156862744	0.050980392156862744
G	OP2_2	149.731	201.071	245.179	1.0	0.050980392156862744	0.050980392156862744
G	O5'_2	149.245	198.614	245.048	1.0	0.050980392156862744	0.050980392156862744
G	C5'_2	148.61	198.671	243.756	0.5647058823529412	0.5647058823529412	0.5647058823529412
G	C4'_2	147.391	197.775	243.731	0.5647058823529412	0.5647058823529412	0.5647058823529412
G	O4'_2	146.585	197.989	244.923	1.0	0.050980392156862744	0.050980392156862744
G	C3'_2	146.459	197.995	242.547	0.5647058823529412	0.5647058823529412	0.5647058823529412
G	O3'_2	146.847	197.183	241.435	1.0	0.050980392156862744	0.050980392156862744
G	C2'_2	145.087	197.646	243.119	0.5647058823529412	0.5647058823529412	0.5647058823529412
G	O2'_2	144.828	196.256	243.144	1.0	0.050980392156862744	0.050980392156862744
G	C1'_2	145.225	198.158	244.558	0.5647058823529412	0.5647058823529412	0.5647058823529412
G	N9_2	144.885	199.566	244.768	0.18823529411764706	0.3137254901960784	0.9725490196078431
G	C8_2	145.741	200.557	245.2	0.5647058823529412	0.5647058823529412	0.5647058823529412
G	N7_2	145.163	201.721	245.322	0.18823529411764706	0.3137254901960784	0.9725490196078431
G	C5_2	143.846	201.496	244.944	0.5647058823529412	0.5647058823529412	0.5647058823529412
G	C6_2	142.75	202.392	244.874	0.5647058823529412	0.5647058823529412	0.5647058823529412
G	O6_2	142.724	203.6	245.146	1.0	0.050980392156862744	0.050980392156862744
G	N1_2	141.594	201.751	244.437	0.18823529411764706	0.3137254901960784	0.9725490196078431
G	C2_2	141.502	200.42	244.109	0.5647058823529412	0.5647058823529412	0.5647058823529412
G	N2_2	140.293	199.993	243.703	0.18823529411764706	0.3137254901960784	0.9725490196078431
G	N3_2	142.518	199.569	244.173	0.18823529411764706	0.3137254901960784	0.9725490196078431
G	C4_2	143.654	200.171	244.595	0.5647058823529412	0.5647058823529412	0.5647058823529412
