C	P_1	186.935	281.88	164.177	1.0	0.5019607843137255	0.0
C	OP1_1	187.479	283.032	163.405	1.0	0.050980392156862744	0.050980392156862744
C	OP2_1	187.821	280.724	164.488	1.0	0.050980392156862744	0.050980392156862744
C	O5'_1	186.342	282.434	165.551	1.0	0.050980392156862744	0.050980392156862744
C	C5'_1	185.403	283.53	165.569	0.5647058823529412	0.5647058823529412	0.5647058823529412
C	C4'_1	184.45	283.391	166.739	0.5647058823529412	0.5647058823529412	0.5647058823529412
C	O4'_1	183.819	282.082	166.671	1.0	0.050980392156862744	0.050980392156862744
C	C3'_1	185.055	283.431	168.139	0.5647058823529412	0.5647058823529412	0.5647058823529412
C	O3'_1	185.273	284.76	168.616	1.0	0.050980392156862744	0.050980392156862744
C	C2'_1	183.995	282.707	168.953	0.5647058823529412	0.5647058823529412	0.5647058823529412
C	O2'_1	182.871	283.517	169.221	1.0	0.050980392156862744	0.050980392156862744
C	C1'_1	183.598	281.587	167.987	0.5647058823529412	0.5647058823529412	0.5647058823529412
C	N1_1	184.423	280.374	168.19	0.18823529411764706	0.3137254901960784	0.9725490196078431
C	C2_1	184.109	279.5	169.255	0.5647058823529412	0.5647058823529412	0.5647058823529412
C	O2_1	183.114	279.738	169.961	1.0	0.050980392156862744	0.050980392156862744
C	N3_1	184.9	278.423	169.473	0.18823529411764706	0.3137254901960784	0.9725490196078431
C	C4_1	185.955	278.192	168.679	0.5647058823529412	0.5647058823529412	0.5647058823529412
C	N4_1	186.722	277.129	168.941	0.18823529411764706	0.3137254901960784	0.9725490196078431
C	C5_1	186.277	279.045	167.583	0.5647058823529412	0.5647058823529412	0.5647058823529412
C	C6_1	185.491	280.11	167.375	0.5647058823529412	0.5647058823529412	0.5647058823529412
G	P_2	185.069	273.032	179.657	1.0	0.5019607843137255	0.0
G	OP1_2	185.589	272.322	178.461	1.0	0.050980392156862744	0.050980392156862744
G	OP2_2	186.014	273.449	180.734	1.0	0.050980392156862744	0.050980392156862744
G	O5'_2	184.285	274.325	179.145	1.0	0.050980392156862744	0.050980392156862744
G	C5'_2	183.701	275.245	180.088	0.5647058823529412	0.5647058823529412	0.5647058823529412
G	C4'_2	183.066	276.424	179.375	0.5647058823529412	0.5647058823529412	0.5647058823529412
G	O4'_2	184.07	277.178	178.639	1.0	0.050980392156862744	0.050980392156862744
G	C3'_2	181.992	276.121	178.341	0.5647058823529412	0.5647058823529412	0.5647058823529412
G	O3'_2	180.73	275.885	178.974	1.0	0.050980392156862744	0.050980392156862744
G	C2'_2	181.986	277.407	177.519	0.5647058823529412	0.5647058823529412	0.5647058823529412
G	O2'_2	181.314	278.461	178.179	1.0	0.050980392156862744	0.050980392156862744
G	C1'_2	183.478	277.751	177.479	0.5647058823529412	0.5647058823529412	0.5647058823529412
G	N9_2	184.168	277.226	176.303	0.18823529411764706	0.3137254901960784	0.9725490196078431
G	C8_2	185.119	276.232	176.287	0.5647058823529412	0.5647058823529412	0.5647058823529412
G	N7_2	185.568	275.966	175.091	0.18823529411764706	0.3137254901960784	0.9725490196078431
G	C5_2	184.872	276.835	174.263	0.5647058823529412	0.5647058823529412	0.5647058823529412
G	C6_2	184.941	277.003	172.862	0.5647058823529412	0.5647058823529412	0.5647058823529412
G	O6_2	185.653	276.398	172.053	1.0	0.050980392156862744	0.050980392156862744
G	N1_2	184.069	277.994	172.418	0.18823529411764706	0.3137254901960784	0.9725490196078431
G	C2_2	183.236	278.728	173.223	0.5647058823529412	0.5647058823529412	0.5647058823529412
G	N2_2	182.467	279.639	172.599	0.18823529411764706	0.3137254901960784	0.9725490196078431
G	N3_2	183.16	278.58	174.543	0.18823529411764706	0.3137254901960784	0.9725490196078431
G	C4_2	184.003	277.622	174.992	0.5647058823529412	0.5647058823529412	0.5647058823529412
