G	P_1	235.914	236.172	247.028	1.0	0.5019607843137255	0.0
G	OP1_1	234.51	236.408	246.59	1.0	0.050980392156862744	0.050980392156862744
G	OP2_1	236.428	236.862	248.245	1.0	0.050980392156862744	0.050980392156862744
G	O5'_1	236.101	234.603	247.227	1.0	0.050980392156862744	0.050980392156862744
G	C5'_1	235.722	233.681	246.186	0.5647058823529412	0.5647058823529412	0.5647058823529412
G	C4'_1	236.054	232.266	246.596	0.5647058823529412	0.5647058823529412	0.5647058823529412
G	O4'_1	237.492	232.136	246.786	1.0	0.050980392156862744	0.050980392156862744
G	C3'_1	235.466	231.813	247.922	0.5647058823529412	0.5647058823529412	0.5647058823529412
G	O3'_1	234.107	231.399	247.779	1.0	0.050980392156862744	0.050980392156862744
G	C2'_1	236.406	230.68	248.319	0.5647058823529412	0.5647058823529412	0.5647058823529412
G	O2'_1	236.139	229.475	247.63	1.0	0.050980392156862744	0.050980392156862744
G	C1'_1	237.757	231.231	247.85	0.5647058823529412	0.5647058823529412	0.5647058823529412
G	N9_1	238.499	231.941	248.893	0.18823529411764706	0.3137254901960784	0.9725490196078431
G	C8_1	238.652	233.303	249.02	0.5647058823529412	0.5647058823529412	0.5647058823529412
G	N7_1	239.378	233.647	250.051	0.18823529411764706	0.3137254901960784	0.9725490196078431
G	C5_1	239.728	232.441	250.647	0.5647058823529412	0.5647058823529412	0.5647058823529412
G	C6_1	240.513	232.183	251.803	0.5647058823529412	0.5647058823529412	0.5647058823529412
G	O6_1	241.071	232.993	252.553	1.0	0.050980392156862744	0.050980392156862744
G	N1_1	240.617	230.818	252.056	0.18823529411764706	0.3137254901960784	0.9725490196078431
G	C2_1	240.042	229.826	251.297	0.5647058823529412	0.5647058823529412	0.5647058823529412
G	N2_1	240.267	228.568	251.704	0.18823529411764706	0.3137254901960784	0.9725490196078431
G	N3_1	239.303	230.052	250.216	0.18823529411764706	0.3137254901960784	0.9725490196078431
G	C4_1	239.191	231.375	249.949	0.5647058823529412	0.5647058823529412	0.5647058823529412
C	P_2	246.925	228.408	259.548	1.0	0.5019607843137255	0.0
C	OP1_2	248.094	227.533	259.845	1.0	0.050980392156862744	0.050980392156862744
C	OP2_2	247.151	229.797	259.066	1.0	0.050980392156862744	0.050980392156862744
C	O5'_2	245.988	227.67	258.489	1.0	0.050980392156862744	0.050980392156862744
C	C5'_2	245.706	226.256	258.598	0.5647058823529412	0.5647058823529412	0.5647058823529412
C	C4'_2	244.779	225.817	257.485	0.5647058823529412	0.5647058823529412	0.5647058823529412
C	O4'_2	243.539	226.569	257.578	1.0	0.050980392156862744	0.050980392156862744
C	C3'_2	245.259	226.079	256.063	0.5647058823529412	0.5647058823529412	0.5647058823529412
C	O3'_2	246.159	225.082	255.585	1.0	0.050980392156862744	0.050980392156862744
C	C2'_2	243.951	226.096	255.287	0.5647058823529412	0.5647058823529412	0.5647058823529412
C	O2'_2	243.431	224.803	255.047	1.0	0.050980392156862744	0.050980392156862744
C	C1'_2	243.04	226.828	256.272	0.5647058823529412	0.5647058823529412	0.5647058823529412
C	N1_2	243.04	228.288	256.041	0.18823529411764706	0.3137254901960784	0.9725490196078431
C	C2_2	242.132	228.832	255.114	0.5647058823529412	0.5647058823529412	0.5647058823529412
C	O2_2	241.333	228.074	254.531	1.0	0.050980392156862744	0.050980392156862744
C	N3_2	242.152	230.163	254.881	0.18823529411764706	0.3137254901960784	0.9725490196078431
C	C4_2	243.025	230.945	255.531	0.5647058823529412	0.5647058823529412	0.5647058823529412
C	N4_2	243.018	232.25	255.261	0.18823529411764706	0.3137254901960784	0.9725490196078431
C	C5_2	243.945	230.421	256.484	0.5647058823529412	0.5647058823529412	0.5647058823529412
C	C6_2	243.919	229.103	256.707	0.5647058823529412	0.5647058823529412	0.5647058823529412
