G	P_1	172.552	275.019	205.823	1.0	0.5019607843137255	0.0
G	OP1_1	172.09	275.099	207.241	1.0	0.050980392156862744	0.050980392156862744
G	OP2_1	172.037	273.932	204.949	1.0	0.050980392156862744	0.050980392156862744
G	O5'_1	172.244	276.418	205.116	1.0	0.050980392156862744	0.050980392156862744
G	C5'_1	172.519	277.67	205.79	0.5647058823529412	0.5647058823529412	0.5647058823529412
G	C4'_1	172.189	278.851	204.892	0.5647058823529412	0.5647058823529412	0.5647058823529412
G	O4'_1	172.981	278.783	203.675	1.0	0.050980392156862744	0.050980392156862744
G	C3'_1	170.752	278.963	204.4	0.5647058823529412	0.5647058823529412	0.5647058823529412
G	O3'_1	169.916	279.576	205.387	1.0	0.050980392156862744	0.050980392156862744
G	C2'_1	170.897	279.822	203.143	0.5647058823529412	0.5647058823529412	0.5647058823529412
G	O2'_1	170.986	281.207	203.421	1.0	0.050980392156862744	0.050980392156862744
G	C1'_1	172.243	279.335	202.591	0.5647058823529412	0.5647058823529412	0.5647058823529412
G	N9_1	172.141	278.326	201.539	0.18823529411764706	0.3137254901960784	0.9725490196078431
G	C8_1	172.35	276.97	201.668	0.5647058823529412	0.5647058823529412	0.5647058823529412
G	N7_1	172.187	276.316	200.55	0.18823529411764706	0.3137254901960784	0.9725490196078431
G	C5_1	171.849	277.294	199.623	0.5647058823529412	0.5647058823529412	0.5647058823529412
G	C6_1	171.547	277.181	198.237	0.5647058823529412	0.5647058823529412	0.5647058823529412
G	O6_1	171.509	276.159	197.538	1.0	0.050980392156862744	0.050980392156862744
G	N1_1	171.265	278.422	197.672	0.18823529411764706	0.3137254901960784	0.9725490196078431
G	C2_1	171.267	279.62	198.354	0.5647058823529412	0.5647058823529412	0.5647058823529412
G	N2_1	170.972	280.713	197.627	0.18823529411764706	0.3137254901960784	0.9725490196078431
G	N3_1	171.539	279.737	199.65	0.18823529411764706	0.3137254901960784	0.9725490196078431
G	C4_1	171.82	278.543	200.216	0.5647058823529412	0.5647058823529412	0.5647058823529412
C	P_2	171.918	278.131	187.837	1.0	0.5019607843137255	0.0
C	OP1_2	172.178	278.931	186.602	1.0	0.050980392156862744	0.050980392156862744
C	OP2_2	173.021	277.333	188.438	1.0	0.050980392156862744	0.050980392156862744
C	O5'_2	171.342	279.101	188.968	1.0	0.050980392156862744	0.050980392156862744
C	C5'_2	170.386	280.137	188.653	0.5647058823529412	0.5647058823529412	0.5647058823529412
C	C4'_2	170.07	280.952	189.888	0.5647058823529412	0.5647058823529412	0.5647058823529412
C	O4'_2	169.309	280.145	190.825	1.0	0.050980392156862744	0.050980392156862744
C	C3'_2	171.274	281.427	190.687	0.5647058823529412	0.5647058823529412	0.5647058823529412
C	O3'_2	171.844	282.612	190.143	1.0	0.050980392156862744	0.050980392156862744
C	C2'_2	170.684	281.638	192.074	0.5647058823529412	0.5647058823529412	0.5647058823529412
C	O2'_2	169.971	282.855	192.177	1.0	0.050980392156862744	0.050980392156862744
C	C1'_2	169.699	280.464	192.155	0.5647058823529412	0.5647058823529412	0.5647058823529412
C	N1_2	170.265	279.248	192.784	0.18823529411764706	0.3137254901960784	0.9725490196078431
C	C2_2	170.194	279.101	194.186	0.5647058823529412	0.5647058823529412	0.5647058823529412
C	O2_2	169.666	279.999	194.863	1.0	0.050980392156862744	0.050980392156862744
C	N3_2	170.704	277.983	194.756	0.18823529411764706	0.3137254901960784	0.9725490196078431
C	C4_2	171.261	277.037	193.991	0.5647058823529412	0.5647058823529412	0.5647058823529412
C	N4_2	171.73	275.944	194.59	0.18823529411764706	0.3137254901960784	0.9725490196078431
C	C5_2	171.355	277.166	192.574	0.5647058823529412	0.5647058823529412	0.5647058823529412
C	C6_2	170.85	278.273	192.019	0.5647058823529412	0.5647058823529412	0.5647058823529412
