C	P_1	185.296	259.27	183.318	1.0	0.5019607843137255	0.0
C	OP1_1	184.345	258.573	184.232	1.0	0.050980392156862744	0.050980392156862744
C	OP2_1	186.663	258.713	183.116	1.0	0.050980392156862744	0.050980392156862744
C	O5'_1	184.615	259.4	181.883	1.0	0.050980392156862744	0.050980392156862744
C	C5'_1	185.191	260.255	180.874	0.5647058823529412	0.5647058823529412	0.5647058823529412
C	C4'_1	185.361	259.496	179.581	0.5647058823529412	0.5647058823529412	0.5647058823529412
C	O4'_1	184.057	259.102	179.074	1.0	0.050980392156862744	0.050980392156862744
C	C3'_1	185.984	260.296	178.448	0.5647058823529412	0.5647058823529412	0.5647058823529412
C	O3'_1	187.41	260.303	178.553	1.0	0.050980392156862744	0.050980392156862744
C	C2'_1	185.475	259.554	177.217	0.5647058823529412	0.5647058823529412	0.5647058823529412
C	O2'_1	186.194	258.366	176.945	1.0	0.050980392156862744	0.050980392156862744
C	C1'_1	184.052	259.188	177.656	0.5647058823529412	0.5647058823529412	0.5647058823529412
C	N1_1	183.033	260.177	177.249	0.18823529411764706	0.3137254901960784	0.9725490196078431
C	C2_1	182.48	260.092	175.959	0.5647058823529412	0.5647058823529412	0.5647058823529412
C	O2_1	182.867	259.19	175.194	1.0	0.050980392156862744	0.050980392156862744
C	N3_1	181.539	260.996	175.582	0.18823529411764706	0.3137254901960784	0.9725490196078431
C	C4_1	181.148	261.95	176.434	0.5647058823529412	0.5647058823529412	0.5647058823529412
C	N4_1	180.214	262.808	176.022	0.18823529411764706	0.3137254901960784	0.9725490196078431
C	C5_1	181.697	262.062	177.748	0.5647058823529412	0.5647058823529412	0.5647058823529412
C	C6_1	182.627	261.165	178.11	0.5647058823529412	0.5647058823529412	0.5647058823529412
G	P_2	175.56	262.666	165.793	1.0	0.5019607843137255	0.0
G	OP1_2	174.737	262.139	164.662	1.0	0.050980392156862744	0.050980392156862744
G	OP2_2	174.884	263.188	167.016	1.0	0.050980392156862744	0.050980392156862744
G	O5'_2	176.578	261.521	166.23	1.0	0.050980392156862744	0.050980392156862744
G	C5'_2	177.34	260.801	165.243	0.5647058823529412	0.5647058823529412	0.5647058823529412
G	C4'_2	178.392	259.946	165.911	0.5647058823529412	0.5647058823529412	0.5647058823529412
G	O4'_2	179.379	260.787	166.574	1.0	0.050980392156862744	0.050980392156862744
G	C3'_2	177.915	259.02	167.018	0.5647058823529412	0.5647058823529412	0.5647058823529412
G	O3'_2	177.299	257.842	166.504	1.0	0.050980392156862744	0.050980392156862744
G	C2'_2	179.213	258.734	167.767	0.5647058823529412	0.5647058823529412	0.5647058823529412
G	O2'_2	180.034	257.781	167.121	1.0	0.050980392156862744	0.050980392156862744
G	C1'_2	179.898	260.104	167.71	0.5647058823529412	0.5647058823529412	0.5647058823529412
G	N9_2	179.64	260.902	168.908	0.18823529411764706	0.3137254901960784	0.9725490196078431
G	C8_2	178.745	261.94	169.048	0.5647058823529412	0.5647058823529412	0.5647058823529412
G	N7_2	178.718	262.438	170.257	0.18823529411764706	0.3137254901960784	0.9725490196078431
G	C5_2	179.654	261.69	170.959	0.5647058823529412	0.5647058823529412	0.5647058823529412
G	C6_2	180.058	261.767	172.319	0.5647058823529412	0.5647058823529412	0.5647058823529412
G	O6_2	179.651	262.534	173.199	1.0	0.050980392156862744	0.050980392156862744
G	N1_2	181.039	260.823	172.617	0.18823529411764706	0.3137254901960784	0.9725490196078431
G	C2_2	181.565	259.918	171.722	0.5647058823529412	0.5647058823529412	0.5647058823529412
G	N2_2	182.508	259.086	172.201	0.18823529411764706	0.3137254901960784	0.9725490196078431
G	N3_2	181.195	259.835	170.449	0.18823529411764706	0.3137254901960784	0.9725490196078431
G	C4_2	180.242	260.744	170.139	0.5647058823529412	0.5647058823529412	0.5647058823529412
