G	P_1	233.375	238.279	171.12	1.0	0.5019607843137255	0.0
G	OP1_1	232.992	238.943	172.406	1.0	0.050980392156862744	0.050980392156862744
G	OP2_1	234.687	238.604	170.489	1.0	0.050980392156862744	0.050980392156862744
G	O5'_1	233.29	236.699	171.32	1.0	0.050980392156862744	0.050980392156862744
G	C5'_1	232.235	236.1	172.108	0.5647058823529412	0.5647058823529412	0.5647058823529412
G	C4'_1	232.526	234.631	172.33	0.5647058823529412	0.5647058823529412	0.5647058823529412
G	O4'_1	232.452	233.939	171.057	1.0	0.050980392156862744	0.050980392156862744
G	C3'_1	233.922	234.326	172.863	0.5647058823529412	0.5647058823529412	0.5647058823529412
G	O3'_1	233.969	234.388	174.284	1.0	0.050980392156862744	0.050980392156862744
G	C2'_1	234.186	232.924	172.339	0.5647058823529412	0.5647058823529412	0.5647058823529412
G	O2'_1	233.577	231.928	173.138	1.0	0.050980392156862744	0.050980392156862744
G	C1'_1	233.503	232.989	170.967	0.5647058823529412	0.5647058823529412	0.5647058823529412
G	N9_1	234.401	233.416	169.898	0.18823529411764706	0.3137254901960784	0.9725490196078431
G	C8_1	234.433	234.645	169.282	0.5647058823529412	0.5647058823529412	0.5647058823529412
G	N7_1	235.352	234.733	168.361	0.18823529411764706	0.3137254901960784	0.9725490196078431
G	C5_1	235.962	233.489	168.369	0.5647058823529412	0.5647058823529412	0.5647058823529412
G	C6_1	237.031	232.993	167.59	0.5647058823529412	0.5647058823529412	0.5647058823529412
G	O6_1	237.673	233.576	166.706	1.0	0.050980392156862744	0.050980392156862744
G	N1_1	237.338	231.677	167.92	0.18823529411764706	0.3137254901960784	0.9725490196078431
G	C2_1	236.697	230.937	168.881	0.5647058823529412	0.5647058823529412	0.5647058823529412
G	N2_1	237.141	229.682	169.051	0.18823529411764706	0.3137254901960784	0.9725490196078431
G	N3_1	235.696	231.391	169.62	0.18823529411764706	0.3137254901960784	0.9725490196078431
G	C4_1	235.385	232.665	169.311	0.5647058823529412	0.5647058823529412	0.5647058823529412
C	P_2	244.111	228.127	161.186	1.0	0.5019607843137255	0.0
C	OP1_2	244.609	226.975	160.373	1.0	0.050980392156862744	0.050980392156862744
C	OP2_2	243.471	229.285	160.507	1.0	0.050980392156862744	0.050980392156862744
C	O5'_2	243.113	227.568	162.292	1.0	0.050980392156862744	0.050980392156862744
C	C5'_2	243.522	226.483	163.14	0.5647058823529412	0.5647058823529412	0.5647058823529412
C	C4'_2	242.53	226.284	164.251	0.5647058823529412	0.5647058823529412	0.5647058823529412
C	O4'_2	242.579	227.408	165.167	1.0	0.050980392156862744	0.050980392156862744
C	C3'_2	241.074	226.207	163.82	0.5647058823529412	0.5647058823529412	0.5647058823529412
C	O3'_2	240.737	224.9	163.353	1.0	0.050980392156862744	0.050980392156862744
C	C2'_2	240.349	226.555	165.114	0.5647058823529412	0.5647058823529412	0.5647058823529412
C	O2'_2	240.265	225.45	165.995	1.0	0.050980392156862744	0.050980392156862744
C	C1'_2	241.282	227.62	165.71	0.5647058823529412	0.5647058823529412	0.5647058823529412
C	N1_2	240.853	229.009	165.422	0.18823529411764706	0.3137254901960784	0.9725490196078431
C	C2_2	239.935	229.637	166.294	0.5647058823529412	0.5647058823529412	0.5647058823529412
C	O2_2	239.519	229.013	167.289	1.0	0.050980392156862744	0.050980392156862744
C	N3_2	239.533	230.904	166.025	0.18823529411764706	0.3137254901960784	0.9725490196078431
C	C4_2	240.01	231.545	164.95	0.5647058823529412	0.5647058823529412	0.5647058823529412
C	N4_2	239.593	232.793	164.729	0.18823529411764706	0.3137254901960784	0.9725490196078431
C	C5_2	240.938	230.935	164.054	0.5647058823529412	0.5647058823529412	0.5647058823529412
C	C6_2	241.33	229.679	164.326	0.5647058823529412	0.5647058823529412	0.5647058823529412
