G	P_1	178.682	212.446	231.124	1.0	0.5019607843137255	0.0
G	OP1_1	178.687	211.075	230.533	1.0	0.050980392156862744	0.050980392156862744
G	OP2_1	179.064	212.63	232.551	1.0	0.050980392156862744	0.050980392156862744
G	O5'_1	179.635	213.358	230.231	1.0	0.050980392156862744	0.050980392156862744
G	C5'_1	179.336	213.601	228.839	0.5647058823529412	0.5647058823529412	0.5647058823529412
G	C4'_1	180.27	214.652	228.281	0.5647058823529412	0.5647058823529412	0.5647058823529412
G	O4'_1	179.984	215.95	228.877	1.0	0.050980392156862744	0.050980392156862744
G	C3'_1	181.745	214.417	228.57	0.5647058823529412	0.5647058823529412	0.5647058823529412
G	O3'_1	182.301	213.478	227.644	1.0	0.050980392156862744	0.050980392156862744
G	C2'_1	182.327	215.822	228.442	0.5647058823529412	0.5647058823529412	0.5647058823529412
G	O2'_1	182.542	216.19	227.093	1.0	0.050980392156862744	0.050980392156862744
G	C1'_1	181.195	216.68	229.028	0.5647058823529412	0.5647058823529412	0.5647058823529412
G	N9_1	181.36	217.042	230.438	0.18823529411764706	0.3137254901960784	0.9725490196078431
G	C8_1	180.588	216.628	231.504	0.5647058823529412	0.5647058823529412	0.5647058823529412
G	N7_1	180.992	217.111	232.652	0.18823529411764706	0.3137254901960784	0.9725490196078431
G	C5_1	182.098	217.894	232.331	0.5647058823529412	0.5647058823529412	0.5647058823529412
G	C6_1	182.967	218.654	233.169	0.5647058823529412	0.5647058823529412	0.5647058823529412
G	O6_1	182.931	218.784	234.4	1.0	0.050980392156862744	0.050980392156862744
G	N1_1	183.96	219.297	232.429	0.18823529411764706	0.3137254901960784	0.9725490196078431
G	C2_1	184.102	219.22	231.061	0.5647058823529412	0.5647058823529412	0.5647058823529412
G	N2_1	185.114	219.925	230.528	0.18823529411764706	0.3137254901960784	0.9725490196078431
G	N3_1	183.308	218.507	230.271	0.18823529411764706	0.3137254901960784	0.9725490196078431
G	C4_1	182.335	217.874	230.968	0.5647058823529412	0.5647058823529412	0.5647058823529412
C	P_2	190.681	226.587	236.697	1.0	0.5019607843137255	0.0
C	OP1_2	191.187	227.978	236.5	1.0	0.050980392156862744	0.050980392156862744
C	OP2_2	189.664	226.318	237.745	1.0	0.050980392156862744	0.050980392156862744
C	O5'_2	190.124	226.046	235.304	1.0	0.050980392156862744	0.050980392156862744
C	C5'_2	190.963	226.066	234.137	0.5647058823529412	0.5647058823529412	0.5647058823529412
C	C4'_2	190.312	225.336	232.978	0.5647058823529412	0.5647058823529412	0.5647058823529412
C	O4'_2	190.106	223.939	233.313	1.0	0.050980392156862744	0.050980392156862744
C	C3'_2	188.94	225.783	232.489	0.5647058823529412	0.5647058823529412	0.5647058823529412
C	O3'_2	189.004	226.974	231.695	1.0	0.050980392156862744	0.050980392156862744
C	C2'_2	188.53	224.579	231.647	0.5647058823529412	0.5647058823529412	0.5647058823529412
C	O2'_2	189.168	224.55	230.386	1.0	0.050980392156862744	0.050980392156862744
C	C1'_2	189.067	223.42	232.494	0.5647058823529412	0.5647058823529412	0.5647058823529412
C	N1_2	188.024	222.819	233.348	0.18823529411764706	0.3137254901960784	0.9725490196078431
C	C2_2	187.11	221.908	232.763	0.5647058823529412	0.5647058823529412	0.5647058823529412
C	O2_2	187.227	221.619	231.553	1.0	0.050980392156862744	0.050980392156862744
C	N3_2	186.132	221.371	233.529	0.18823529411764706	0.3137254901960784	0.9725490196078431
C	C4_2	186.043	221.697	234.821	0.5647058823529412	0.5647058823529412	0.5647058823529412
C	N4_2	185.058	221.147	235.536	0.18823529411764706	0.3137254901960784	0.9725490196078431
C	C5_2	186.961	222.603	235.442	0.5647058823529412	0.5647058823529412	0.5647058823529412
C	C6_2	187.925	223.135	234.676	0.5647058823529412	0.5647058823529412	0.5647058823529412
