C	P_1	217.606	262.662	197.926	1.0	0.5019607843137255	0.0
C	OP1_1	217.272	261.754	199.06	1.0	0.050980392156862744	0.050980392156862744
C	OP2_1	217.947	262.082	196.599	1.0	0.050980392156862744	0.050980392156862744
C	O5'_1	216.393	263.679	197.723	1.0	0.050980392156862744	0.050980392156862744
C	C5'_1	215.757	264.327	198.849	0.5647058823529412	0.5647058823529412	0.5647058823529412
C	C4'_1	214.703	265.3	198.365	0.5647058823529412	0.5647058823529412	0.5647058823529412
C	O4'_1	215.344	266.313	197.544	1.0	0.050980392156862744	0.050980392156862744
C	C3'_1	213.61	264.717	197.47	0.5647058823529412	0.5647058823529412	0.5647058823529412
C	O3'_1	212.543	264.14	198.239	1.0	0.050980392156862744	0.050980392156862744
C	C2'_1	213.151	265.938	196.677	0.5647058823529412	0.5647058823529412	0.5647058823529412
C	O2'_1	212.251	266.762	197.394	1.0	0.050980392156862744	0.050980392156862744
C	C1'_1	214.473	266.692	196.487	0.5647058823529412	0.5647058823529412	0.5647058823529412
C	N1_1	215.149	266.431	195.197	0.18823529411764706	0.3137254901960784	0.9725490196078431
C	C2_1	214.855	267.262	194.099	0.5647058823529412	0.5647058823529412	0.5647058823529412
C	O2_1	214.018	268.174	194.236	1.0	0.050980392156862744	0.050980392156862744
C	N3_1	215.489	267.048	192.922	0.18823529411764706	0.3137254901960784	0.9725490196078431
C	C4_1	216.379	266.056	192.813	0.5647058823529412	0.5647058823529412	0.5647058823529412
C	N4_1	216.99	265.892	191.634	0.18823529411764706	0.3137254901960784	0.9725490196078431
C	C5_1	216.685	265.19	193.906	0.5647058823529412	0.5647058823529412	0.5647058823529412
C	C6_1	216.054	265.41	195.065	0.5647058823529412	0.5647058823529412	0.5647058823529412
G	P_2	214.667	272.192	182.324	1.0	0.5019607843137255	0.0
G	OP1_2	214.604	273.354	181.394	1.0	0.050980392156862744	0.050980392156862744
G	OP2_2	215.956	271.473	182.51	1.0	0.050980392156862744	0.050980392156862744
G	O5'_2	214.146	272.663	183.757	1.0	0.050980392156862744	0.050980392156862744
G	C5'_2	212.898	273.377	183.898	0.5647058823529412	0.5647058823529412	0.5647058823529412
G	C4'_2	212.47	273.423	185.353	0.5647058823529412	0.5647058823529412	0.5647058823529412
G	O4'_2	212.294	272.07	185.856	1.0	0.050980392156862744	0.050980392156862744
G	C3'_2	213.441	274.054	186.342	0.5647058823529412	0.5647058823529412	0.5647058823529412
G	O3'_2	213.336	275.48	186.335	1.0	0.050980392156862744	0.050980392156862744
G	C2'_2	212.981	273.456	187.669	0.5647058823529412	0.5647058823529412	0.5647058823529412
G	O2'_2	211.828	274.094	188.179	1.0	0.050980392156862744	0.050980392156862744
G	C1'_2	212.596	272.036	187.245	0.5647058823529412	0.5647058823529412	0.5647058823529412
G	N9_2	213.638	271.037	187.481	0.18823529411764706	0.3137254901960784	0.9725490196078431
G	C8_2	214.626	270.637	186.608	0.5647058823529412	0.5647058823529412	0.5647058823529412
G	N7_2	215.405	269.709	187.102	0.18823529411764706	0.3137254901960784	0.9725490196078431
G	C5_2	214.907	269.482	188.382	0.5647058823529412	0.5647058823529412	0.5647058823529412
G	C6_2	215.343	268.575	189.403	0.5647058823529412	0.5647058823529412	0.5647058823529412
G	O6_2	216.288	267.771	189.373	1.0	0.050980392156862744	0.050980392156862744
G	N1_2	214.549	268.672	190.546	0.18823529411764706	0.3137254901960784	0.9725490196078431
G	C2_2	213.478	269.524	190.696	0.5647058823529412	0.5647058823529412	0.5647058823529412
G	N2_2	212.833	269.466	191.875	0.18823529411764706	0.3137254901960784	0.9725490196078431
G	N3_2	213.066	270.372	189.759	0.18823529411764706	0.3137254901960784	0.9725490196078431
G	C4_2	213.818	270.297	188.635	0.5647058823529412	0.5647058823529412	0.5647058823529412
