G	P_1	255.918	146.495	210.576	1.0	0.5019607843137255	0.0
G	OP1_1	254.463	146.337	210.845	1.0	0.050980392156862744	0.050980392156862744
G	OP2_1	256.769	147.228	211.552	1.0	0.050980392156862744	0.050980392156862744
G	O5'_1	256.54	145.049	210.338	1.0	0.050980392156862744	0.050980392156862744
G	C5'_1	257.218	144.334	211.388	0.5647058823529412	0.5647058823529412	0.5647058823529412
G	C4'_1	258.242	143.399	210.786	0.5647058823529412	0.5647058823529412	0.5647058823529412
G	O4'_1	259.285	144.185	210.15	1.0	0.050980392156862744	0.050980392156862744
G	C3'_1	259.0	142.494	211.747	0.5647058823529412	0.5647058823529412	0.5647058823529412
G	O3'_1	258.229	141.324	212.039	1.0	0.050980392156862744	0.050980392156862744
G	C2'_1	260.257	142.157	210.947	0.5647058823529412	0.5647058823529412	0.5647058823529412
G	O2'_1	260.034	141.14	209.99	1.0	0.050980392156862744	0.050980392156862744
G	C1'_1	260.511	143.474	210.202	0.5647058823529412	0.5647058823529412	0.5647058823529412
G	N9_1	261.555	144.355	210.734	0.18823529411764706	0.3137254901960784	0.9725490196078431
G	C8_1	261.413	145.675	211.111	0.5647058823529412	0.5647058823529412	0.5647058823529412
G	N7_1	262.536	146.225	211.498	0.18823529411764706	0.3137254901960784	0.9725490196078431
G	C5_1	263.48	145.209	211.38	0.5647058823529412	0.5647058823529412	0.5647058823529412
G	C6_1	264.884	145.214	211.652	0.5647058823529412	0.5647058823529412	0.5647058823529412
G	O6_1	265.588	146.151	212.055	1.0	0.050980392156862744	0.050980392156862744
G	N1_1	265.46	143.969	211.404	0.18823529411764706	0.3137254901960784	0.9725490196078431
G	C2_1	264.781	142.863	210.95	0.5647058823529412	0.5647058823529412	0.5647058823529412
G	N2_1	265.517	141.753	210.769	0.18823529411764706	0.3137254901960784	0.9725490196078431
G	N3_1	263.476	142.843	210.689	0.18823529411764706	0.3137254901960784	0.9725490196078431
G	C4_1	262.892	144.042	210.923	0.5647058823529412	0.5647058823529412	0.5647058823529412
C	P_2	275.148	144.192	212.403	1.0	0.5019607843137255	0.0
C	OP1_2	276.493	143.869	211.845	1.0	0.050980392156862744	0.050980392156862744
C	OP2_2	274.619	145.578	212.289	1.0	0.050980392156862744	0.050980392156862744
C	O5'_2	274.09	143.203	211.736	1.0	0.050980392156862744	0.050980392156862744
C	C5'_2	274.287	141.776	211.759	0.5647058823529412	0.5647058823529412	0.5647058823529412
C	C4'_2	272.979	141.067	211.497	0.5647058823529412	0.5647058823529412	0.5647058823529412
C	O4'_2	272.015	141.492	212.495	1.0	0.050980392156862744	0.050980392156862744
C	C3'_2	272.301	141.378	210.168	0.5647058823529412	0.5647058823529412	0.5647058823529412
C	O3'_2	272.824	140.576	209.11	1.0	0.050980392156862744	0.050980392156862744
C	C2'_2	270.843	141.061	210.468	0.5647058823529412	0.5647058823529412	0.5647058823529412
C	O2'_2	270.564	139.677	210.452	1.0	0.050980392156862744	0.050980392156862744
C	C1'_2	270.724	141.562	211.909	0.5647058823529412	0.5647058823529412	0.5647058823529412
C	N1_2	270.221	142.947	212.03	0.18823529411764706	0.3137254901960784	0.9725490196078431
C	C2_2	268.828	143.159	212.111	0.5647058823529412	0.5647058823529412	0.5647058823529412
C	O2_2	268.06	142.178	212.064	1.0	0.050980392156862744	0.050980392156862744
C	N3_2	268.362	144.421	212.239	0.18823529411764706	0.3137254901960784	0.9725490196078431
C	C4_2	269.217	145.448	212.285	0.5647058823529412	0.5647058823529412	0.5647058823529412
C	N4_2	268.709	146.674	212.418	0.18823529411764706	0.3137254901960784	0.9725490196078431
C	C5_2	270.631	145.263	212.197	0.5647058823529412	0.5647058823529412	0.5647058823529412
C	C6_2	271.083	144.01	212.069	0.5647058823529412	0.5647058823529412	0.5647058823529412
