G	P_1	277.081	176.127	175.961	1.0	0.5019607843137255	0.0
G	OP1_1	278.212	176.401	176.896	1.0	0.050980392156862744	0.050980392156862744
G	OP2_1	276.481	174.767	175.915	1.0	0.050980392156862744	0.050980392156862744
G	O5'_1	275.915	177.174	176.259	1.0	0.050980392156862744	0.050980392156862744
G	C5'_1	276.19	178.591	176.343	0.5647058823529412	0.5647058823529412	0.5647058823529412
G	C4'_1	274.896	179.373	176.414	0.5647058823529412	0.5647058823529412	0.5647058823529412
G	O4'_1	274.149	179.213	175.176	1.0	0.050980392156862744	0.050980392156862744
G	C3'_1	273.92	178.94	177.499	0.5647058823529412	0.5647058823529412	0.5647058823529412
G	O3'_1	274.267	179.519	178.759	1.0	0.050980392156862744	0.050980392156862744
G	C2'_1	272.588	179.462	176.966	0.5647058823529412	0.5647058823529412	0.5647058823529412
G	O2'_1	272.398	180.841	177.211	1.0	0.050980392156862744	0.050980392156862744
G	C1'_1	272.756	179.242	175.457	0.5647058823529412	0.5647058823529412	0.5647058823529412
G	N9_1	272.151	178.001	174.976	0.18823529411764706	0.3137254901960784	0.9725490196078431
G	C8_1	272.805	176.872	174.528	0.5647058823529412	0.5647058823529412	0.5647058823529412
G	N7_1	271.99	175.917	174.157	0.18823529411764706	0.3137254901960784	0.9725490196078431
G	C5_1	270.718	176.443	174.372	0.5647058823529412	0.5647058823529412	0.5647058823529412
G	C6_1	269.433	175.867	174.153	0.5647058823529412	0.5647058823529412	0.5647058823529412
G	O6_1	269.157	174.736	173.725	1.0	0.050980392156862744	0.050980392156862744
G	N1_1	268.41	176.755	174.491	0.18823529411764706	0.3137254901960784	0.9725490196078431
G	C2_1	268.594	178.03	174.98	0.5647058823529412	0.5647058823529412	0.5647058823529412
G	N2_1	267.475	178.74	175.226	0.18823529411764706	0.3137254901960784	0.9725490196078431
G	N3_1	269.789	178.573	175.205	0.18823529411764706	0.3137254901960784	0.9725490196078431
G	C4_1	270.798	177.73	174.877	0.5647058823529412	0.5647058823529412	0.5647058823529412
C	P_2	259.107	174.974	171.799	1.0	0.5019607843137255	0.0
C	OP1_2	257.855	175.428	171.123	1.0	0.050980392156862744	0.050980392156862744
C	OP2_2	260.107	174.179	171.037	1.0	0.050980392156862744	0.050980392156862744
C	O5'_2	259.856	176.249	172.394	1.0	0.050980392156862744	0.050980392156862744
C	C5'_2	259.156	177.194	173.224	0.5647058823529412	0.5647058823529412	0.5647058823529412
C	C4'_2	260.135	178.113	173.917	0.5647058823529412	0.5647058823529412	0.5647058823529412
C	O4'_2	260.959	177.346	174.83	1.0	0.050980392156862744	0.050980392156862744
C	C3'_2	261.144	178.814	173.023	0.5647058823529412	0.5647058823529412	0.5647058823529412
C	O3'_2	260.595	179.955	172.38	1.0	0.050980392156862744	0.050980392156862744
C	C2'_2	262.249	179.165	174.005	0.5647058823529412	0.5647058823529412	0.5647058823529412
C	O2'_2	261.945	180.287	174.805	1.0	0.050980392156862744	0.050980392156862744
C	C1'_2	262.261	177.91	174.879	0.5647058823529412	0.5647058823529412	0.5647058823529412
C	N1_2	263.22	176.915	174.377	0.18823529411764706	0.3137254901960784	0.9725490196078431
C	C2_2	264.55	176.978	174.822	0.5647058823529412	0.5647058823529412	0.5647058823529412
C	O2_2	264.87	177.856	175.648	1.0	0.050980392156862744	0.050980392156862744
C	N3_2	265.447	176.082	174.342	0.18823529411764706	0.3137254901960784	0.9725490196078431
C	C4_2	265.058	175.152	173.459	0.5647058823529412	0.5647058823529412	0.5647058823529412
C	N4_2	265.975	174.293	173.011	0.18823529411764706	0.3137254901960784	0.9725490196078431
C	C5_2	263.71	175.063	172.998	0.5647058823529412	0.5647058823529412	0.5647058823529412
C	C6_2	262.833	175.953	173.481	0.5647058823529412	0.5647058823529412	0.5647058823529412
