G	P_1	197.257	188.52	234.704	1.0	0.5019607843137255	0.0
G	OP1_1	196.313	187.418	235.059	1.0	0.050980392156862744	0.050980392156862744
G	OP2_1	197.04	189.887	235.271	1.0	0.050980392156862744	0.050980392156862744
G	O5'_1	198.746	188.054	235.05	1.0	0.050980392156862744	0.050980392156862744
G	C5'_1	199.285	186.838	234.481	0.5647058823529412	0.5647058823529412	0.5647058823529412
G	C4'_1	200.788	186.795	234.633	0.5647058823529412	0.5647058823529412	0.5647058823529412
G	O4'_1	201.401	187.872	233.871	1.0	0.050980392156862744	0.050980392156862744
G	C3'_1	201.339	186.989	236.038	0.5647058823529412	0.5647058823529412	0.5647058823529412
G	O3'_1	201.269	185.793	236.811	1.0	0.050980392156862744	0.050980392156862744
G	C2'_1	202.781	187.411	235.765	0.5647058823529412	0.5647058823529412	0.5647058823529412
G	O2'_1	203.635	186.32	235.472	1.0	0.050980392156862744	0.050980392156862744
G	C1'_1	202.609	188.274	234.51	0.5647058823529412	0.5647058823529412	0.5647058823529412
G	N9_1	202.542	189.706	234.794	0.18823529411764706	0.3137254901960784	0.9725490196078431
G	C8_1	201.433	190.52	234.737	0.5647058823529412	0.5647058823529412	0.5647058823529412
G	N7_1	201.697	191.767	235.028	0.18823529411764706	0.3137254901960784	0.9725490196078431
G	C5_1	203.06	191.779	235.298	0.5647058823529412	0.5647058823529412	0.5647058823529412
G	C6_1	203.919	192.856	235.678	0.5647058823529412	0.5647058823529412	0.5647058823529412
G	O6_1	203.633	194.051	235.847	1.0	0.050980392156862744	0.050980392156862744
G	N1_1	205.23	192.426	235.863	0.18823529411764706	0.3137254901960784	0.9725490196078431
G	C2_1	205.665	191.133	235.703	0.5647058823529412	0.5647058823529412	0.5647058823529412
G	N2_1	206.974	190.918	235.925	0.18823529411764706	0.3137254901960784	0.9725490196078431
G	N3_1	204.875	190.12	235.349	0.18823529411764706	0.3137254901960784	0.9725490196078431
G	C4_1	203.596	190.514	235.165	0.5647058823529412	0.5647058823529412	0.5647058823529412
C	P_2	211.512	199.87	237.81	1.0	0.5019607843137255	0.0
C	OP1_2	212.896	200.375	237.555	1.0	0.050980392156862744	0.050980392156862744
C	OP2_2	210.363	200.46	237.064	1.0	0.050980392156862744	0.050980392156862744
C	O5'_2	211.502	198.295	237.579	1.0	0.050980392156862744	0.050980392156862744
C	C5'_2	212.551	197.466	238.112	0.5647058823529412	0.5647058823529412	0.5647058823529412
C	C4'_2	212.275	196.015	237.803	0.5647058823529412	0.5647058823529412	0.5647058823529412
C	O4'_2	211.069	195.597	238.493	1.0	0.050980392156862744	0.050980392156862744
C	C3'_2	211.989	195.694	236.345	0.5647058823529412	0.5647058823529412	0.5647058823529412
C	O3'_2	213.173	195.574	235.572	1.0	0.050980392156862744	0.050980392156862744
C	C2'_2	211.217	194.39	236.449	0.5647058823529412	0.5647058823529412	0.5647058823529412
C	O2'_2	212.059	193.288	236.703	1.0	0.050980392156862744	0.050980392156862744
C	C1'_2	210.362	194.663	237.688	0.5647058823529412	0.5647058823529412	0.5647058823529412
C	N1_2	209.046	195.235	237.345	0.18823529411764706	0.3137254901960784	0.9725490196078431
C	C2_2	207.946	194.368	237.217	0.5647058823529412	0.5647058823529412	0.5647058823529412
C	O2_2	208.114	193.15	237.405	1.0	0.050980392156862744	0.050980392156862744
C	N3_2	206.737	194.88	236.892	0.18823529411764706	0.3137254901960784	0.9725490196078431
C	C4_2	206.6	196.2	236.696	0.5647058823529412	0.5647058823529412	0.5647058823529412
C	N4_2	205.388	196.661	236.374	0.18823529411764706	0.3137254901960784	0.9725490196078431
C	C5_2	207.701	197.105	236.822	0.5647058823529412	0.5647058823529412	0.5647058823529412
C	C6_2	208.892	196.584	237.147	0.5647058823529412	0.5647058823529412	0.5647058823529412
