G	P_1	234.632	239.961	232.948	1.0	0.5019607843137255	0.0
G	OP1_1	234.412	241.336	232.417	1.0	0.050980392156862744	0.050980392156862744
G	OP2_1	235.016	238.867	232.013	1.0	0.050980392156862744	0.050980392156862744
G	O5'_1	235.736	240.046	234.094	1.0	0.050980392156862744	0.050980392156862744
G	C5'_1	235.516	240.86	235.263	0.5647058823529412	0.5647058823529412	0.5647058823529412
G	C4'_1	236.4	240.401	236.401	0.5647058823529412	0.5647058823529412	0.5647058823529412
G	O4'_1	236.076	239.033	236.766	1.0	0.050980392156862744	0.050980392156862744
G	C3'_1	237.894	240.361	236.132	0.5647058823529412	0.5647058823529412	0.5647058823529412
G	O3'_1	238.459	241.66	236.255	1.0	0.050980392156862744	0.050980392156862744
G	C2'_1	238.387	239.406	237.213	0.5647058823529412	0.5647058823529412	0.5647058823529412
G	O2'_1	238.496	240.024	238.48	1.0	0.050980392156862744	0.050980392156862744
G	C1'_1	237.241	238.389	237.263	0.5647058823529412	0.5647058823529412	0.5647058823529412
G	N9_1	237.476	237.167	236.492	0.18823529411764706	0.3137254901960784	0.9725490196078431
G	C8_1	236.96	236.838	235.256	0.5647058823529412	0.5647058823529412	0.5647058823529412
G	N7_1	237.347	235.665	234.832	0.18823529411764706	0.3137254901960784	0.9725490196078431
G	C5_1	238.172	235.189	235.844	0.5647058823529412	0.5647058823529412	0.5647058823529412
G	C6_1	238.885	233.966	235.95	0.5647058823529412	0.5647058823529412	0.5647058823529412
G	O6_1	238.926	233.025	235.146	1.0	0.050980392156862744	0.050980392156862744
G	N1_1	239.604	233.895	237.14	0.18823529411764706	0.3137254901960784	0.9725490196078431
G	C2_1	239.633	234.871	238.106	0.5647058823529412	0.5647058823529412	0.5647058823529412
G	N2_1	240.394	234.62	239.178	0.18823529411764706	0.3137254901960784	0.9725490196078431
G	N3_1	238.966	236.012	238.025	0.18823529411764706	0.3137254901960784	0.9725490196078431
G	C4_1	238.264	236.105	236.874	0.5647058823529412	0.5647058823529412	0.5647058823529412
C	P_2	244.9	225.267	238.871	1.0	0.5019607843137255	0.0
C	OP1_2	245.308	224.264	239.907	1.0	0.050980392156862744	0.050980392156862744
C	OP2_2	243.722	224.987	238.007	1.0	0.050980392156862744	0.050980392156862744
C	O5'_2	244.662	226.668	239.6	1.0	0.050980392156862744	0.050980392156862744
C	C5'_2	245.549	227.121	240.653	0.5647058823529412	0.5647058823529412	0.5647058823529412
C	C4'_2	245.003	228.376	241.297	0.5647058823529412	0.5647058823529412	0.5647058823529412
C	O4'_2	244.997	229.464	240.338	1.0	0.050980392156862744	0.050980392156862744
C	C3'_2	243.564	228.307	241.783	0.5647058823529412	0.5647058823529412	0.5647058823529412
C	O3'_2	243.491	227.671	243.051	1.0	0.050980392156862744	0.050980392156862744
C	C2'_2	243.175	229.778	241.844	0.5647058823529412	0.5647058823529412	0.5647058823529412
C	O2'_2	243.673	230.432	242.993	1.0	0.050980392156862744	0.050980392156862744
C	C1'_2	243.902	230.327	240.613	0.5647058823529412	0.5647058823529412	0.5647058823529412
C	N1_2	243.046	230.418	239.413	0.18823529411764706	0.3137254901960784	0.9725490196078431
C	C2_2	242.265	231.574	239.226	0.5647058823529412	0.5647058823529412	0.5647058823529412
C	O2_2	242.32	232.484	240.073	1.0	0.050980392156862744	0.050980392156862744
C	N3_2	241.479	231.667	238.129	0.18823529411764706	0.3137254901960784	0.9725490196078431
C	C4_2	241.455	230.67	237.236	0.5647058823529412	0.5647058823529412	0.5647058823529412
C	N4_2	240.666	230.81	236.166	0.18823529411764706	0.3137254901960784	0.9725490196078431
C	C5_2	242.239	229.486	237.402	0.5647058823529412	0.5647058823529412	0.5647058823529412
C	C6_2	243.008	229.403	238.494	0.5647058823529412	0.5647058823529412	0.5647058823529412
