G	P_1	246.4	117.662	221.142	1.0	0.5019607843137255	0.0
G	OP1_1	247.285	116.489	220.889	1.0	0.050980392156862744	0.050980392156862744
G	OP2_1	245.845	117.88	222.506	1.0	0.050980392156862744	0.050980392156862744
G	O5'_1	247.178	118.973	220.684	1.0	0.050980392156862744	0.050980392156862744
G	C5'_1	247.852	119.806	221.634	0.5647058823529412	0.5647058823529412	0.5647058823529412
G	C4'_1	248.076	121.176	221.046	0.5647058823529412	0.5647058823529412	0.5647058823529412
G	O4'_1	246.797	121.791	220.728	1.0	0.050980392156862744	0.050980392156862744
G	C3'_1	248.747	122.178	221.969	0.5647058823529412	0.5647058823529412	0.5647058823529412
G	O3'_1	250.162	121.996	221.966	1.0	0.050980392156862744	0.050980392156862744
G	C2'_1	248.32	123.51	221.361	0.5647058823529412	0.5647058823529412	0.5647058823529412
G	O2'_1	249.082	123.858	220.224	1.0	0.050980392156862744	0.050980392156862744
G	C1'_1	246.883	123.198	220.919	0.5647058823529412	0.5647058823529412	0.5647058823529412
G	N9_1	245.846	123.62	221.868	0.18823529411764706	0.3137254901960784	0.9725490196078431
G	C8_1	244.887	122.828	222.472	0.5647058823529412	0.5647058823529412	0.5647058823529412
G	N7_1	244.09	123.496	223.27	0.18823529411764706	0.3137254901960784	0.9725490196078431
G	C5_1	244.543	124.811	223.193	0.5647058823529412	0.5647058823529412	0.5647058823529412
G	C6_1	244.07	125.995	223.842	0.5647058823529412	0.5647058823529412	0.5647058823529412
G	O6_1	243.119	126.117	224.63	1.0	0.050980392156862744	0.050980392156862744
G	N1_1	244.828	127.11	223.488	0.18823529411764706	0.3137254901960784	0.9725490196078431
G	C2_1	245.897	127.096	222.623	0.5647058823529412	0.5647058823529412	0.5647058823529412
G	N2_1	246.501	128.274	222.418	0.18823529411764706	0.3137254901960784	0.9725490196078431
G	N3_1	246.343	126.007	222.005	0.18823529411764706	0.3137254901960784	0.9725490196078431
G	C4_1	245.627	124.908	222.334	0.5647058823529412	0.5647058823529412	0.5647058823529412
C	P_2	241.263	136.355	225.917	1.0	0.5019607843137255	0.0
C	OP1_2	240.909	137.739	225.489	1.0	0.050980392156862744	0.050980392156862744
C	OP2_2	240.184	135.357	226.136	1.0	0.050980392156862744	0.050980392156862744
C	O5'_2	242.29	135.76	224.853	1.0	0.050980392156862744	0.050980392156862744
C	C5'_2	243.391	136.552	224.366	0.5647058823529412	0.5647058823529412	0.5647058823529412
C	C4'_2	244.392	135.681	223.631	0.5647058823529412	0.5647058823529412	0.5647058823529412
C	O4'_2	244.924	134.674	224.536	1.0	0.050980392156862744	0.050980392156862744
C	C3'_2	243.868	134.879	222.448	0.5647058823529412	0.5647058823529412	0.5647058823529412
C	O3'_2	243.793	135.682	221.27	1.0	0.050980392156862744	0.050980392156862744
C	C2'_2	244.909	133.772	222.334	0.5647058823529412	0.5647058823529412	0.5647058823529412
C	O2'_2	246.101	134.21	221.716	1.0	0.050980392156862744	0.050980392156862744
C	C1'_2	245.204	133.485	223.809	0.5647058823529412	0.5647058823529412	0.5647058823529412
C	N1_2	244.413	132.374	224.379	0.18823529411764706	0.3137254901960784	0.9725490196078431
C	C2_2	244.884	131.059	224.223	0.5647058823529412	0.5647058823529412	0.5647058823529412
C	O2_2	245.958	130.871	223.62	1.0	0.050980392156862744	0.050980392156862744
C	N3_2	244.162	130.034	224.739	0.18823529411764706	0.3137254901960784	0.9725490196078431
C	C4_2	243.019	130.282	225.394	0.5647058823529412	0.5647058823529412	0.5647058823529412
C	N4_2	242.341	129.245	225.888	0.18823529411764706	0.3137254901960784	0.9725490196078431
C	C5_2	242.522	131.607	225.57	0.5647058823529412	0.5647058823529412	0.5647058823529412
C	C6_2	243.243	132.612	225.051	0.5647058823529412	0.5647058823529412	0.5647058823529412
