G	P_1	268.185	264.771	208.386	1.0	0.5019607843137255	0.0
G	OP1_1	268.662	264.933	206.985	1.0	0.050980392156862744	0.050980392156862744
G	OP2_1	267.919	265.982	209.215	1.0	0.050980392156862744	0.050980392156862744
G	O5'_1	266.849	263.899	208.347	1.0	0.050980392156862744	0.050980392156862744
G	C5'_1	266.135	263.559	209.563	0.5647058823529412	0.5647058823529412	0.5647058823529412
G	C4'_1	265.33	262.29	209.355	0.5647058823529412	0.5647058823529412	0.5647058823529412
G	O4'_1	266.206	261.248	208.848	1.0	0.050980392156862744	0.050980392156862744
G	C3'_1	264.692	261.693	210.602	0.5647058823529412	0.5647058823529412	0.5647058823529412
G	O3'_1	263.424	262.295	210.874	1.0	0.050980392156862744	0.050980392156862744
G	C2'_1	264.575	260.219	210.235	0.5647058823529412	0.5647058823529412	0.5647058823529412
G	O2'_1	263.472	259.958	209.388	1.0	0.050980392156862744	0.050980392156862744
G	C1'_1	265.864	260.006	209.435	0.5647058823529412	0.5647058823529412	0.5647058823529412
G	N9_1	267.024	259.55	210.199	0.18823529411764706	0.3137254901960784	0.9725490196078431
G	C8_1	267.307	259.784	211.527	0.5647058823529412	0.5647058823529412	0.5647058823529412
G	N7_1	268.455	259.285	211.901	0.18823529411764706	0.3137254901960784	0.9725490196078431
G	C5_1	268.956	258.679	210.756	0.5647058823529412	0.5647058823529412	0.5647058823529412
G	C6_1	270.181	257.979	210.539	0.5647058823529412	0.5647058823529412	0.5647058823529412
G	O6_1	271.098	257.76	211.342	1.0	0.050980392156862744	0.050980392156862744
G	N1_1	270.283	257.52	209.228	0.18823529411764706	0.3137254901960784	0.9725490196078431
G	C2_1	269.34	257.713	208.248	0.5647058823529412	0.5647058823529412	0.5647058823529412
G	N2_1	269.622	257.191	207.045	0.18823529411764706	0.3137254901960784	0.9725490196078431
G	N3_1	268.201	258.369	208.433	0.18823529411764706	0.3137254901960784	0.9725490196078431
G	C4_1	268.077	258.821	209.701	0.5647058823529412	0.5647058823529412	0.5647058823529412
C	P_2	277.037	251.99	205.369	1.0	0.5019607843137255	0.0
C	OP1_2	277.804	251.601	204.152	1.0	0.050980392156862744	0.050980392156862744
C	OP2_2	277.753	252.586	206.529	1.0	0.050980392156862744	0.050980392156862744
C	O5'_2	275.878	252.994	204.925	1.0	0.050980392156862744	0.050980392156862744
C	C5'_2	274.87	252.605	203.96	0.5647058823529412	0.5647058823529412	0.5647058823529412
C	C4'_2	273.724	253.593	203.981	0.5647058823529412	0.5647058823529412	0.5647058823529412
C	O4'_2	273.261	253.715	205.349	1.0	0.050980392156862744	0.050980392156862744
C	C3'_2	274.074	255.012	203.55	0.5647058823529412	0.5647058823529412	0.5647058823529412
C	O3'_2	273.886	255.141	202.13	1.0	0.050980392156862744	0.050980392156862744
C	C2'_2	273.057	255.86	204.317	0.5647058823529412	0.5647058823529412	0.5647058823529412
C	O2'_2	271.795	255.926	203.684	1.0	0.050980392156862744	0.050980392156862744
C	C1'_2	272.881	255.052	205.607	0.5647058823529412	0.5647058823529412	0.5647058823529412
C	N1_2	273.597	255.509	206.812	0.18823529411764706	0.3137254901960784	0.9725490196078431
C	C2_2	272.879	255.618	208.019	0.5647058823529412	0.5647058823529412	0.5647058823529412
C	O2_2	271.66	255.37	208.026	1.0	0.050980392156862744	0.050980392156862744
C	N3_2	273.535	255.992	209.144	0.18823529411764706	0.3137254901960784	0.9725490196078431
C	C4_2	274.845	256.26	209.098	0.5647058823529412	0.5647058823529412	0.5647058823529412
C	N4_2	275.451	256.612	210.236	0.18823529411764706	0.3137254901960784	0.9725490196078431
C	C5_2	275.593	256.177	207.883	0.5647058823529412	0.5647058823529412	0.5647058823529412
C	C6_2	274.934	255.802	206.776	0.5647058823529412	0.5647058823529412	0.5647058823529412
