C	P_1	222.391	148.721	122.364	1.0	0.5019607843137255	0.0
C	OP1_1	222.282	147.234	122.288	1.0	0.050980392156862744	0.050980392156862744
C	OP2_1	222.159	149.405	123.665	1.0	0.050980392156862744	0.050980392156862744
C	O5'_1	223.832	149.144	121.827	1.0	0.050980392156862744	0.050980392156862744
C	C5'_1	224.29	148.726	120.521	0.5647058823529412	0.5647058823529412	0.5647058823529412
C	C4'_1	225.501	149.532	120.103	0.5647058823529412	0.5647058823529412	0.5647058823529412
C	O4'_1	225.137	150.932	119.998	1.0	0.050980392156862744	0.050980392156862744
C	C3'_1	226.682	149.517	121.063	0.5647058823529412	0.5647058823529412	0.5647058823529412
C	O3'_1	227.48	148.349	120.866	1.0	0.050980392156862744	0.050980392156862744
C	C2'_1	227.413	150.805	120.7	0.5647058823529412	0.5647058823529412	0.5647058823529412
C	O2'_1	228.209	150.679	119.538	1.0	0.050980392156862744	0.050980392156862744
C	C1'_1	226.237	151.738	120.391	0.5647058823529412	0.5647058823529412	0.5647058823529412
C	N1_1	225.812	152.602	121.51	0.18823529411764706	0.3137254901960784	0.9725490196078431
C	C2_1	226.318	153.912	121.587	0.5647058823529412	0.5647058823529412	0.5647058823529412
C	O2_1	227.126	154.301	120.722	1.0	0.050980392156862744	0.050980392156862744
C	N3_1	225.914	154.713	122.597	0.18823529411764706	0.3137254901960784	0.9725490196078431
C	C4_1	225.046	154.258	123.506	0.5647058823529412	0.5647058823529412	0.5647058823529412
C	N4_1	224.672	155.085	124.482	0.18823529411764706	0.3137254901960784	0.9725490196078431
C	C5_1	224.523	152.935	123.456	0.5647058823529412	0.5647058823529412	0.5647058823529412
C	C6_1	224.931	152.147	122.455	0.5647058823529412	0.5647058823529412	0.5647058823529412
G	P_2	235.989	160.883	124.785	1.0	0.5019607843137255	0.0
G	OP1_2	235.892	160.06	123.546	1.0	0.050980392156862744	0.050980392156862744
G	OP2_2	237.224	161.673	125.051	1.0	0.050980392156862744	0.050980392156862744
G	O5'_2	234.736	161.87	124.822	1.0	0.050980392156862744	0.050980392156862744
G	C5'_2	233.397	161.346	124.851	0.5647058823529412	0.5647058823529412	0.5647058823529412
G	C4'_2	232.772	161.435	123.478	0.5647058823529412	0.5647058823529412	0.5647058823529412
G	O4'_2	231.617	160.552	123.424	1.0	0.050980392156862744	0.050980392156862744
G	C3'_2	232.283	162.815	123.038	0.5647058823529412	0.5647058823529412	0.5647058823529412
G	O3'_2	232.446	162.955	121.62	1.0	0.050980392156862744	0.050980392156862744
G	C2'_2	230.795	162.753	123.393	0.5647058823529412	0.5647058823529412	0.5647058823529412
G	O2'_2	230.0	163.637	122.627	1.0	0.050980392156862744	0.050980392156862744
G	C1'_2	230.471	161.293	123.058	0.5647058823529412	0.5647058823529412	0.5647058823529412
G	N9_2	229.312	160.697	123.724	0.18823529411764706	0.3137254901960784	0.9725490196078431
G	C8_2	228.529	161.243	124.719	0.5647058823529412	0.5647058823529412	0.5647058823529412
G	N7_2	227.56	160.454	125.103	0.18823529411764706	0.3137254901960784	0.9725490196078431
G	C5_2	227.706	159.317	124.315	0.5647058823529412	0.5647058823529412	0.5647058823529412
G	C6_2	226.939	158.116	124.274	0.5647058823529412	0.5647058823529412	0.5647058823529412
G	O6_2	225.94	157.814	124.942	1.0	0.050980392156862744	0.050980392156862744
G	N1_2	227.441	157.22	123.333	0.18823529411764706	0.3137254901960784	0.9725490196078431
G	C2_2	228.531	157.448	122.528	0.5647058823529412	0.5647058823529412	0.5647058823529412
G	N2_2	228.86	156.458	121.687	0.18823529411764706	0.3137254901960784	0.9725490196078431
G	N3_2	229.247	158.565	122.546	0.18823529411764706	0.3137254901960784	0.9725490196078431
G	C4_2	228.783	159.449	123.459	0.5647058823529412	0.5647058823529412	0.5647058823529412
