G	P_1	157.662	158.72	270.859	1.0	0.5019607843137255	0.0
G	OP1_1	158.046	160.12	270.526	1.0	0.050980392156862744	0.050980392156862744
G	OP2_1	156.387	158.163	270.329	1.0	0.050980392156862744	0.050980392156862744
G	O5'_1	158.858	157.758	270.407	1.0	0.050980392156862744	0.050980392156862744
G	C5'_1	160.214	157.969	270.882	0.5647058823529412	0.5647058823529412	0.5647058823529412
G	C4'_1	161.035	156.696	270.738	0.5647058823529412	0.5647058823529412	0.5647058823529412
G	O4'_1	160.308	155.599	271.355	1.0	0.050980392156862744	0.050980392156862744
G	C3'_1	161.329	156.21	269.321	0.5647058823529412	0.5647058823529412	0.5647058823529412
G	O3'_1	162.495	156.864	268.791	1.0	0.050980392156862744	0.050980392156862744
G	C2'_1	161.547	154.709	269.52	0.5647058823529412	0.5647058823529412	0.5647058823529412
G	O2'_1	162.846	154.391	269.987	1.0	0.050980392156862744	0.050980392156862744
G	C1'_1	160.547	154.397	270.638	0.5647058823529412	0.5647058823529412	0.5647058823529412
G	N9_1	159.261	153.843	270.212	0.18823529411764706	0.3137254901960784	0.9725490196078431
G	C8_1	158.146	154.538	269.8	0.5647058823529412	0.5647058823529412	0.5647058823529412
G	N7_1	157.133	153.763	269.518	0.18823529411764706	0.3137254901960784	0.9725490196078431
G	C5_1	157.607	152.477	269.746	0.5647058823529412	0.5647058823529412	0.5647058823529412
G	C6_1	156.956	151.217	269.612	0.5647058823529412	0.5647058823529412	0.5647058823529412
G	O6_1	155.794	150.982	269.259	1.0	0.050980392156862744	0.050980392156862744
G	N1_1	157.806	150.163	269.94	0.18823529411764706	0.3137254901960784	0.9725490196078431
G	C2_1	159.115	150.298	270.345	0.5647058823529412	0.5647058823529412	0.5647058823529412
G	N2_1	159.778	149.159	270.608	0.18823529411764706	0.3137254901960784	0.9725490196078431
G	N3_1	159.731	151.467	270.48	0.18823529411764706	0.3137254901960784	0.9725490196078431
G	C4_1	158.922	152.506	270.165	0.5647058823529412	0.5647058823529412	0.5647058823529412
C	P_2	156.216	140.983	265.796	1.0	0.5019607843137255	0.0
C	OP1_2	156.826	139.632	265.612	1.0	0.050980392156862744	0.050980392156862744
C	OP2_2	155.094	141.156	266.755	1.0	0.050980392156862744	0.050980392156862744
C	O5'_2	157.372	142.0	266.209	1.0	0.050980392156862744	0.050980392156862744
C	C5'_2	158.614	142.057	265.478	0.5647058823529412	0.5647058823529412	0.5647058823529412
C	C4'_2	159.43	143.249	265.925	0.5647058823529412	0.5647058823529412	0.5647058823529412
C	O4'_2	158.725	144.475	265.589	1.0	0.050980392156862744	0.050980392156862744
C	C3'_2	159.669	143.361	267.424	0.5647058823529412	0.5647058823529412	0.5647058823529412
C	O3'_2	160.74	142.524	267.859	1.0	0.050980392156862744	0.050980392156862744
C	C2'_2	159.966	144.847	267.587	0.5647058823529412	0.5647058823529412	0.5647058823529412
C	O2'_2	161.284	145.203	267.21	1.0	0.050980392156862744	0.050980392156862744
C	C1'_2	158.977	145.457	266.588	0.5647058823529412	0.5647058823529412	0.5647058823529412
C	N1_2	157.688	145.873	267.189	0.18823529411764706	0.3137254901960784	0.9725490196078431
C	C2_2	157.595	147.147	267.791	0.5647058823529412	0.5647058823529412	0.5647058823529412
C	O2_2	158.599	147.886	267.811	1.0	0.050980392156862744	0.050980392156862744
C	N3_2	156.417	147.535	268.331	0.18823529411764706	0.3137254901960784	0.9725490196078431
C	C4_2	155.36	146.716	268.291	0.5647058823529412	0.5647058823529412	0.5647058823529412
C	N4_2	154.218	147.145	268.832	0.18823529411764706	0.3137254901960784	0.9725490196078431
C	C5_2	155.427	145.421	267.693	0.5647058823529412	0.5647058823529412	0.5647058823529412
C	C6_2	156.597	145.044	267.161	0.5647058823529412	0.5647058823529412	0.5647058823529412
