G	P_1	252.168	230.552	239.333	1.0	0.5019607843137255	0.0
G	OP1_1	252.707	229.793	238.167	1.0	0.050980392156862744	0.050980392156862744
G	OP2_1	252.696	230.279	240.696	1.0	0.050980392156862744	0.050980392156862744
G	O5'_1	252.319	232.109	239.032	1.0	0.050980392156862744	0.050980392156862744
G	C5'_1	251.763	232.676	237.83	0.5647058823529412	0.5647058823529412	0.5647058823529412
G	C4'_1	251.33	234.105	238.069	0.5647058823529412	0.5647058823529412	0.5647058823529412
G	O4'_1	250.396	234.154	239.184	1.0	0.050980392156862744	0.050980392156862744
G	C3'_1	252.409	235.099	238.471	0.5647058823529412	0.5647058823529412	0.5647058823529412
G	O3'_1	253.154	235.561	237.345	1.0	0.050980392156862744	0.050980392156862744
G	C2'_1	251.585	236.214	239.101	0.5647058823529412	0.5647058823529412	0.5647058823529412
G	O2'_1	250.977	237.065	238.154	1.0	0.050980392156862744	0.050980392156862744
G	C1'_1	250.505	235.412	239.832	0.5647058823529412	0.5647058823529412	0.5647058823529412
G	N9_1	250.863	235.208	241.232	0.18823529411764706	0.3137254901960784	0.9725490196078431
G	C8_1	251.319	234.055	241.836	0.5647058823529412	0.5647058823529412	0.5647058823529412
G	N7_1	251.607	234.218	243.101	0.18823529411764706	0.3137254901960784	0.9725490196078431
G	C5_1	251.314	235.553	243.349	0.5647058823529412	0.5647058823529412	0.5647058823529412
G	C6_1	251.438	236.316	244.539	0.5647058823529412	0.5647058823529412	0.5647058823529412
G	O6_1	251.847	235.952	245.649	1.0	0.050980392156862744	0.050980392156862744
G	N1_1	251.03	237.634	244.346	0.18823529411764706	0.3137254901960784	0.9725490196078431
G	C2_1	250.562	238.15	243.162	0.5647058823529412	0.5647058823529412	0.5647058823529412
G	N2_1	250.205	239.443	243.175	0.18823529411764706	0.3137254901960784	0.9725490196078431
G	N3_1	250.448	237.452	242.045	0.18823529411764706	0.3137254901960784	0.9725490196078431
G	C4_1	250.839	236.171	242.209	0.5647058823529412	0.5647058823529412	0.5647058823529412
C	P_2	254.645	244.517	250.485	1.0	0.5019607843137255	0.0
C	OP1_2	255.703	243.472	250.424	1.0	0.050980392156862744	0.050980392156862744
C	OP2_2	255.033	245.958	250.481	1.0	0.050980392156862744	0.050980392156862744
C	O5'_2	253.633	244.259	249.283	1.0	0.050980392156862744	0.050980392156862744
C	C5'_2	253.795	244.925	248.015	0.5647058823529412	0.5647058823529412	0.5647058823529412
C	C4'_2	252.595	244.659	247.133	0.5647058823529412	0.5647058823529412	0.5647058823529412
C	O4'_2	252.596	243.254	246.747	1.0	0.050980392156862744	0.050980392156862744
C	C3'_2	251.235	244.929	247.78	0.5647058823529412	0.5647058823529412	0.5647058823529412
C	O3'_2	250.309	245.425	246.81	1.0	0.050980392156862744	0.050980392156862744
C	C2'_2	250.818	243.54	248.266	0.5647058823529412	0.5647058823529412	0.5647058823529412
C	O2'_2	249.419	243.376	248.365	1.0	0.050980392156862744	0.050980392156862744
C	C1'_2	251.392	242.643	247.169	0.5647058823529412	0.5647058823529412	0.5647058823529412
C	N1_2	251.689	241.243	247.556	0.18823529411764706	0.3137254901960784	0.9725490196078431
C	C2_2	251.378	240.211	246.647	0.5647058823529412	0.5647058823529412	0.5647058823529412
C	O2_2	250.837	240.501	245.566	1.0	0.050980392156862744	0.050980392156862744
C	N3_2	251.676	238.929	246.97	0.18823529411764706	0.3137254901960784	0.9725490196078431
C	C4_2	252.253	238.652	248.144	0.5647058823529412	0.5647058823529412	0.5647058823529412
C	N4_2	252.54	237.372	248.412	0.18823529411764706	0.3137254901960784	0.9725490196078431
C	C5_2	252.563	239.675	249.095	0.5647058823529412	0.5647058823529412	0.5647058823529412
C	C6_2	252.267	240.944	248.763	0.5647058823529412	0.5647058823529412	0.5647058823529412
