C	P_1	286.962	242.249	213.266	1.0	0.5019607843137255	0.0
C	OP1_1	287.755	243.349	212.651	1.0	0.050980392156862744	0.050980392156862744
C	OP2_1	286.435	241.153	212.406	1.0	0.050980392156862744	0.050980392156862744
C	O5'_1	287.823	241.59	214.435	1.0	0.050980392156862744	0.050980392156862744
C	C5'_1	288.429	242.404	215.459	0.5647058823529412	0.5647058823529412	0.5647058823529412
C	C4'_1	289.065	241.534	216.521	0.5647058823529412	0.5647058823529412	0.5647058823529412
C	O4'_1	288.039	240.841	217.281	1.0	0.050980392156862744	0.050980392156862744
C	C3'_1	289.97	240.415	216.026	0.5647058823529412	0.5647058823529412	0.5647058823529412
C	O3'_1	291.267	240.905	215.691	1.0	0.050980392156862744	0.050980392156862744
C	C2'_1	289.989	239.462	217.219	0.5647058823529412	0.5647058823529412	0.5647058823529412
C	O2'_1	290.878	239.857	218.246	1.0	0.050980392156862744	0.050980392156862744
C	C1'_1	288.55	239.592	217.731	0.5647058823529412	0.5647058823529412	0.5647058823529412
C	N1_1	287.637	238.507	217.309	0.18823529411764706	0.3137254901960784	0.9725490196078431
C	C2_1	287.65	237.292	218.027	0.5647058823529412	0.5647058823529412	0.5647058823529412
C	O2_1	288.441	237.158	218.982	1.0	0.050980392156862744	0.050980392156862744
C	N3_1	286.802	236.303	217.659	0.18823529411764706	0.3137254901960784	0.9725490196078431
C	C4_1	285.973	236.481	216.624	0.5647058823529412	0.5647058823529412	0.5647058823529412
C	N4_1	285.154	235.477	216.301	0.18823529411764706	0.3137254901960784	0.9725490196078431
C	C5_1	285.946	237.694	215.876	0.5647058823529412	0.5647058823529412	0.5647058823529412
C	C6_1	286.786	238.67	216.248	0.5647058823529412	0.5647058823529412	0.5647058823529412
G	P_2	285.57	225.723	221.387	1.0	0.5019607843137255	0.0
G	OP1_2	285.451	224.952	222.66	1.0	0.050980392156862744	0.050980392156862744
G	OP2_2	284.427	226.557	220.927	1.0	0.050980392156862744	0.050980392156862744
G	O5'_2	286.855	226.666	221.491	1.0	0.050980392156862744	0.050980392156862744
G	C5'_2	288.155	226.129	221.833	0.5647058823529412	0.5647058823529412	0.5647058823529412
G	C4'_2	289.226	227.18	221.626	0.5647058823529412	0.5647058823529412	0.5647058823529412
G	O4'_2	289.272	227.555	220.221	1.0	0.050980392156862744	0.050980392156862744
G	C3'_2	289.01	228.499	222.358	0.5647058823529412	0.5647058823529412	0.5647058823529412
G	O3'_2	289.462	228.427	223.714	1.0	0.050980392156862744	0.050980392156862744
G	C2'_2	289.824	229.475	221.515	0.5647058823529412	0.5647058823529412	0.5647058823529412
G	O2'_2	291.211	229.418	221.776	1.0	0.050980392156862744	0.050980392156862744
G	C1'_2	289.562	228.941	220.103	0.5647058823529412	0.5647058823529412	0.5647058823529412
G	N9_2	288.444	229.591	219.42	0.18823529411764706	0.3137254901960784	0.9725490196078431
G	C8_2	287.291	228.993	218.962	0.5647058823529412	0.5647058823529412	0.5647058823529412
G	N7_2	286.478	229.827	218.372	0.18823529411764706	0.3137254901960784	0.9725490196078431
G	C5_2	287.128	231.052	218.442	0.5647058823529412	0.5647058823529412	0.5647058823529412
G	C6_2	286.732	232.329	217.963	0.5647058823529412	0.5647058823529412	0.5647058823529412
G	O6_2	285.695	232.638	217.358	1.0	0.050980392156862744	0.050980392156862744
G	N1_2	287.69	233.303	218.247	0.18823529411764706	0.3137254901960784	0.9725490196078431
G	C2_2	288.874	233.08	218.908	0.5647058823529412	0.5647058823529412	0.5647058823529412
G	N2_2	289.663	234.155	219.088	0.18823529411764706	0.3137254901960784	0.9725490196078431
G	N3_2	289.257	231.891	219.359	0.18823529411764706	0.3137254901960784	0.9725490196078431
G	C4_2	288.341	230.929	219.092	0.5647058823529412	0.5647058823529412	0.5647058823529412
