C	P_1	238.068	210.489	213.648	1.0	0.5019607843137255	0.0
C	OP1_1	238.843	209.294	214.096	1.0	0.050980392156862744	0.050980392156862744
C	OP2_1	238.364	211.099	212.325	1.0	0.050980392156862744	0.050980392156862744
C	O5'_1	236.51	210.14	213.701	1.0	0.050980392156862744	0.050980392156862744
C	C5'_1	235.943	209.428	214.823	0.5647058823529412	0.5647058823529412	0.5647058823529412
C	C4'_1	234.43	209.444	214.755	0.5647058823529412	0.5647058823529412	0.5647058823529412
C	O4'_1	233.959	210.82	214.806	1.0	0.050980392156862744	0.050980392156862744
C	C3'_1	233.785	208.884	213.493	0.5647058823529412	0.5647058823529412	0.5647058823529412
C	O3'_1	233.7	207.459	213.494	1.0	0.050980392156862744	0.050980392156862744
C	C2'_1	232.413	209.548	213.515	0.5647058823529412	0.5647058823529412	0.5647058823529412
C	O2'_1	231.503	208.941	214.409	1.0	0.050980392156862744	0.050980392156862744
C	C1'_1	232.772	210.948	214.025	0.5647058823529412	0.5647058823529412	0.5647058823529412
C	N1_1	233.025	211.901	212.919	0.18823529411764706	0.3137254901960784	0.9725490196078431
C	C2_1	231.928	212.41	212.189	0.5647058823529412	0.5647058823529412	0.5647058823529412
C	O2_1	230.775	212.069	212.514	1.0	0.050980392156862744	0.050980392156862744
C	N3_1	232.163	213.258	211.157	0.18823529411764706	0.3137254901960784	0.9725490196078431
C	C4_1	233.422	213.604	210.846	0.5647058823529412	0.5647058823529412	0.5647058823529412
C	N4_1	233.609	214.425	209.807	0.18823529411764706	0.3137254901960784	0.9725490196078431
C	C5_1	234.544	213.118	211.58	0.5647058823529412	0.5647058823529412	0.5647058823529412
C	C6_1	234.304	212.278	212.595	0.5647058823529412	0.5647058823529412	0.5647058823529412
G	P_2	224.304	219.385	205.024	1.0	0.5019607843137255	0.0
G	OP1_2	222.983	220.081	204.998	1.0	0.050980392156862744	0.050980392156862744
G	OP2_2	225.536	220.16	205.348	1.0	0.050980392156862744	0.050980392156862744
G	O5'_2	224.198	218.163	206.038	1.0	0.050980392156862744	0.050980392156862744
G	C5'_2	223.054	217.281	206.01	0.5647058823529412	0.5647058823529412	0.5647058823529412
G	C4'_2	223.225	216.174	207.021	0.5647058823529412	0.5647058823529412	0.5647058823529412
G	O4'_2	224.306	215.293	206.604	1.0	0.050980392156862744	0.050980392156862744
G	C3'_2	223.62	216.616	208.423	0.5647058823529412	0.5647058823529412	0.5647058823529412
G	O3'_2	222.489	217.058	209.178	1.0	0.050980392156862744	0.050980392156862744
G	C2'_2	224.265	215.353	208.986	0.5647058823529412	0.5647058823529412	0.5647058823529412
G	O2'_2	223.32	214.388	209.408	1.0	0.050980392156862744	0.050980392156862744
G	C1'_2	224.997	214.815	207.751	0.5647058823529412	0.5647058823529412	0.5647058823529412
G	N9_2	226.387	215.259	207.67	0.18823529411764706	0.3137254901960784	0.9725490196078431
G	C8_2	226.9	216.257	206.868	0.5647058823529412	0.5647058823529412	0.5647058823529412
G	N7_2	228.189	216.431	207.021	0.18823529411764706	0.3137254901960784	0.9725490196078431
G	C5_2	228.554	215.492	207.98	0.5647058823529412	0.5647058823529412	0.5647058823529412
G	C6_2	229.825	215.211	208.559	0.5647058823529412	0.5647058823529412	0.5647058823529412
G	O6_2	230.915	215.754	208.328	1.0	0.050980392156862744	0.050980392156862744
G	N1_2	229.742	214.18	209.496	0.18823529411764706	0.3137254901960784	0.9725490196078431
G	C2_2	228.585	213.505	209.835	0.5647058823529412	0.5647058823529412	0.5647058823529412
G	N2_2	228.709	212.536	210.757	0.18823529411764706	0.3137254901960784	0.9725490196078431
G	N3_2	227.393	213.76	209.306	0.18823529411764706	0.3137254901960784	0.9725490196078431
G	C4_2	227.452	214.756	208.392	0.5647058823529412	0.5647058823529412	0.5647058823529412
