G	P_1	172.299	192.289	127.947	1.0	0.5019607843137255	0.0
G	OP1_1	172.718	192.092	129.366	1.0	0.050980392156862744	0.050980392156862744
G	OP2_1	170.896	192.686	127.646	1.0	0.050980392156862744	0.050980392156862744
G	O5'_1	173.274	193.366	127.284	1.0	0.050980392156862744	0.050980392156862744
G	C5'_1	174.702	193.156	127.275	0.5647058823529412	0.5647058823529412	0.5647058823529412
G	C4'_1	175.411	194.249	126.499	0.5647058823529412	0.5647058823529412	0.5647058823529412
G	O4'_1	175.024	194.213	125.097	1.0	0.050980392156862744	0.050980392156862744
G	C3'_1	175.141	195.698	126.878	0.5647058823529412	0.5647058823529412	0.5647058823529412
G	O3'_1	175.808	196.098	128.074	1.0	0.050980392156862744	0.050980392156862744
G	C2'_1	175.685	196.431	125.656	0.5647058823529412	0.5647058823529412	0.5647058823529412
G	O2'_1	177.092	196.544	125.643	1.0	0.050980392156862744	0.050980392156862744
G	C1'_1	175.243	195.498	124.524	0.5647058823529412	0.5647058823529412	0.5647058823529412
G	N9_1	174.013	195.971	123.894	0.18823529411764706	0.3137254901960784	0.9725490196078431
G	C8_1	172.738	195.479	124.054	0.5647058823529412	0.5647058823529412	0.5647058823529412
G	N7_1	171.84	196.156	123.387	0.18823529411764706	0.3137254901960784	0.9725490196078431
G	C5_1	172.566	197.146	122.736	0.5647058823529412	0.5647058823529412	0.5647058823529412
G	C6_1	172.134	198.189	121.87	0.5647058823529412	0.5647058823529412	0.5647058823529412
G	O6_1	170.984	198.454	121.499	1.0	0.050980392156862744	0.050980392156862744
G	N1_1	173.204	198.969	121.434	0.18823529411764706	0.3137254901960784	0.9725490196078431
G	C2_1	174.519	198.775	121.783	0.5647058823529412	0.5647058823529412	0.5647058823529412
G	N2_1	175.406	199.635	121.252	0.18823529411764706	0.3137254901960784	0.9725490196078431
G	N3_1	174.934	197.81	122.591	0.18823529411764706	0.3137254901960784	0.9725490196078431
G	C4_1	173.91	197.04	123.028	0.5647058823529412	0.5647058823529412	0.5647058823529412
C	P_2	170.607	206.902	114.832	1.0	0.5019607843137255	0.0
C	OP1_2	171.061	207.566	113.574	1.0	0.050980392156862744	0.050980392156862744
C	OP2_2	169.447	205.972	114.792	1.0	0.050980392156862744	0.050980392156862744
C	O5'_2	171.845	206.117	115.462	1.0	0.050980392156862744	0.050980392156862744
C	C5'_2	173.147	206.728	115.546	0.5647058823529412	0.5647058823529412	0.5647058823529412
C	C4'_2	174.133	205.787	116.203	0.5647058823529412	0.5647058823529412	0.5647058823529412
C	O4'_2	173.75	205.565	117.587	1.0	0.050980392156862744	0.050980392156862744
C	C3'_2	174.228	204.384	115.623	0.5647058823529412	0.5647058823529412	0.5647058823529412
C	O3'_2	175.03	204.35	114.446	1.0	0.050980392156862744	0.050980392156862744
C	C2'_2	174.836	203.599	116.781	0.5647058823529412	0.5647058823529412	0.5647058823529412
C	O2'_2	176.235	203.767	116.907	1.0	0.050980392156862744	0.050980392156862744
C	C1'_2	174.147	204.257	117.981	0.5647058823529412	0.5647058823529412	0.5647058823529412
C	N1_2	172.966	203.52	118.473	0.18823529411764706	0.3137254901960784	0.9725490196078431
C	C2_2	173.151	202.537	119.46	0.5647058823529412	0.5647058823529412	0.5647058823529412
C	O2_2	174.295	202.329	119.905	1.0	0.050980392156862744	0.050980392156862744
C	N3_2	172.077	201.841	119.903	0.18823529411764706	0.3137254901960784	0.9725490196078431
C	C4_2	170.861	202.096	119.406	0.5647058823529412	0.5647058823529412	0.5647058823529412
C	N4_2	169.836	201.378	119.867	0.18823529411764706	0.3137254901960784	0.9725490196078431
C	C5_2	170.645	203.097	118.411	0.5647058823529412	0.5647058823529412	0.5647058823529412
C	C6_2	171.713	203.777	117.979	0.5647058823529412	0.5647058823529412	0.5647058823529412
