C	P_1	254.671	196.222	246.605	1.0	0.5019607843137255	0.0
C	OP1_1	254.701	195.194	247.685	1.0	0.050980392156862744	0.050980392156862744
C	OP2_1	253.9	195.95	245.358	1.0	0.050980392156862744	0.050980392156862744
C	O5'_1	254.132	197.59	247.219	1.0	0.050980392156862744	0.050980392156862744
C	C5'_1	254.488	198.0	248.555	0.5647058823529412	0.5647058823529412	0.5647058823529412
C	C4'_1	253.631	199.166	248.983	0.5647058823529412	0.5647058823529412	0.5647058823529412
C	O4'_1	253.998	200.35	248.224	1.0	0.050980392156862744	0.050980392156862744
C	C3'_1	252.14	199.005	248.721	0.5647058823529412	0.5647058823529412	0.5647058823529412
C	O3'_1	251.485	198.221	249.712	1.0	0.050980392156862744	0.050980392156862744
C	C2'_1	251.66	200.449	248.673	0.5647058823529412	0.5647058823529412	0.5647058823529412
C	O2'_1	251.513	201.031	249.953	1.0	0.050980392156862744	0.050980392156862744
C	C1'_1	252.831	201.119	247.948	0.5647058823529412	0.5647058823529412	0.5647058823529412
C	N1_1	252.637	201.174	246.482	0.18823529411764706	0.3137254901960784	0.9725490196078431
C	C2_1	251.871	202.224	245.928	0.5647058823529412	0.5647058823529412	0.5647058823529412
C	O2_1	251.364	203.069	246.689	1.0	0.050980392156862744	0.050980392156862744
C	N3_1	251.71	202.278	244.582	0.18823529411764706	0.3137254901960784	0.9725490196078431
C	C4_1	252.271	201.34	243.801	0.5647058823529412	0.5647058823529412	0.5647058823529412
C	N4_1	252.094	201.435	242.481	0.18823529411764706	0.3137254901960784	0.9725490196078431
C	C5_1	253.04	200.264	244.34	0.5647058823529412	0.5647058823529412	0.5647058823529412
C	C6_1	253.195	200.221	245.667	0.5647058823529412	0.5647058823529412	0.5647058823529412
G	P_2	245.456	210.213	239.023	1.0	0.5019607843137255	0.0
G	OP1_2	245.13	211.667	239.115	1.0	0.050980392156862744	0.050980392156862744
G	OP2_2	246.726	209.788	238.368	1.0	0.050980392156862744	0.050980392156862744
G	O5'_2	245.423	209.588	240.494	1.0	0.050980392156862744	0.050980392156862744
G	C5'_2	244.45	210.035	241.471	0.5647058823529412	0.5647058823529412	0.5647058823529412
G	C4'_2	244.804	209.524	242.857	0.5647058823529412	0.5647058823529412	0.5647058823529412
G	O4'_2	244.699	208.072	242.898	1.0	0.050980392156862744	0.050980392156862744
G	C3'_2	246.219	209.781	243.364	0.5647058823529412	0.5647058823529412	0.5647058823529412
G	O3'_2	246.436	211.1	243.847	1.0	0.050980392156862744	0.050980392156862744
G	C2'_2	246.34	208.753	244.481	0.5647058823529412	0.5647058823529412	0.5647058823529412
G	O2'_2	245.659	209.131	245.663	1.0	0.050980392156862744	0.050980392156862744
G	C1'_2	245.633	207.557	243.845	0.5647058823529412	0.5647058823529412	0.5647058823529412
G	N9_2	246.602	206.712	243.152	0.18823529411764706	0.3137254901960784	0.9725490196078431
G	C8_2	246.796	206.592	241.796	0.5647058823529412	0.5647058823529412	0.5647058823529412
G	N7_2	247.754	205.762	241.486	0.18823529411764706	0.3137254901960784	0.9725490196078431
G	C5_2	248.22	205.304	242.71	0.5647058823529412	0.5647058823529412	0.5647058823529412
G	C6_2	249.256	204.384	243.01	0.5647058823529412	0.5647058823529412	0.5647058823529412
G	O6_2	249.991	203.775	242.224	1.0	0.050980392156862744	0.050980392156862744
G	N1_2	249.402	204.201	244.383	0.18823529411764706	0.3137254901960784	0.9725490196078431
G	C2_2	248.648	204.826	245.347	0.5647058823529412	0.5647058823529412	0.5647058823529412
G	N2_2	248.935	204.511	246.623	0.18823529411764706	0.3137254901960784	0.9725490196078431
G	N3_2	247.679	205.695	245.079	0.18823529411764706	0.3137254901960784	0.9725490196078431
G	C4_2	247.521	205.881	243.748	0.5647058823529412	0.5647058823529412	0.5647058823529412
