G	P_1	235.573	183.32	175.999	1.0	0.5019607843137255	0.0
G	OP1_1	235.732	181.851	176.199	1.0	0.050980392156862744	0.050980392156862744
G	OP2_1	234.263	183.967	176.309	1.0	0.050980392156862744	0.050980392156862744
G	O5'_1	236.725	184.055	176.83	1.0	0.050980392156862744	0.050980392156862744
G	C5'_1	238.132	183.825	176.533	0.5647058823529412	0.5647058823529412	0.5647058823529412
G	C4'_1	239.005	184.676	177.434	0.5647058823529412	0.5647058823529412	0.5647058823529412
G	O4'_1	238.843	186.082	177.095	1.0	0.050980392156862744	0.050980392156862744
G	C3'_1	238.663	184.594	178.915	0.5647058823529412	0.5647058823529412	0.5647058823529412
G	O3'_1	239.271	183.471	179.546	1.0	0.050980392156862744	0.050980392156862744
G	C2'_1	239.155	185.934	179.442	0.5647058823529412	0.5647058823529412	0.5647058823529412
G	O2'_1	240.554	185.969	179.629	1.0	0.050980392156862744	0.050980392156862744
G	C1'_1	238.775	186.86	178.284	0.5647058823529412	0.5647058823529412	0.5647058823529412
G	N9_1	237.415	187.381	178.399	0.18823529411764706	0.3137254901960784	0.9725490196078431
G	C8_1	236.343	187.066	177.592	0.5647058823529412	0.5647058823529412	0.5647058823529412
G	N7_1	235.242	187.677	177.934	0.18823529411764706	0.3137254901960784	0.9725490196078431
G	C5_1	235.602	188.444	179.034	0.5647058823529412	0.5647058823529412	0.5647058823529412
G	C6_1	234.819	189.329	179.838	0.5647058823529412	0.5647058823529412	0.5647058823529412
G	O6_1	233.618	189.62	179.717	1.0	0.050980392156862744	0.050980392156862744
G	N1_1	235.578	189.901	180.858	0.18823529411764706	0.3137254901960784	0.9725490196078431
G	C2_1	236.918	189.662	181.073	0.5647058823529412	0.5647058823529412	0.5647058823529412
G	N2_1	237.472	190.311	182.111	0.18823529411764706	0.3137254901960784	0.9725490196078431
G	N3_1	237.662	188.847	180.327	0.18823529411764706	0.3137254901960784	0.9725490196078431
G	C4_1	236.943	188.276	179.333	0.5647058823529412	0.5647058823529412	0.5647058823529412
C	P_2	231.045	198.505	183.529	1.0	0.5019607843137255	0.0
C	OP1_2	231.258	199.873	184.103	1.0	0.050980392156862744	0.050980392156862744
C	OP2_2	230.688	198.364	182.086	1.0	0.050980392156862744	0.050980392156862744
C	O5'_2	232.356	197.627	183.763	1.0	0.050980392156862744	0.050980392156862744
C	C5'_2	232.995	197.574	185.051	0.5647058823529412	0.5647058823529412	0.5647058823529412
C	C4'_2	234.071	196.51	185.063	0.5647058823529412	0.5647058823529412	0.5647058823529412
C	O4'_2	233.477	195.189	185.144	1.0	0.050980392156862744	0.050980392156862744
C	C3'_2	234.974	196.442	183.841	0.5647058823529412	0.5647058823529412	0.5647058823529412
C	O3'_2	235.994	197.442	183.916	1.0	0.050980392156862744	0.050980392156862744
C	C2'_2	235.527	195.02	183.927	0.5647058823529412	0.5647058823529412	0.5647058823529412
C	O2'_2	236.603	194.886	184.834	1.0	0.050980392156862744	0.050980392156862744
C	C1'_2	234.322	194.251	184.49	0.5647058823529412	0.5647058823529412	0.5647058823529412
C	N1_2	233.53	193.506	183.49	0.18823529411764706	0.3137254901960784	0.9725490196078431
C	C2_2	234.163	192.497	182.727	0.5647058823529412	0.5647058823529412	0.5647058823529412
C	O2_2	235.359	192.235	182.943	1.0	0.050980392156862744	0.050980392156862744
C	N3_2	233.445	191.834	181.787	0.18823529411764706	0.3137254901960784	0.9725490196078431
C	C4_2	232.147	192.129	181.601	0.5647058823529412	0.5647058823529412	0.5647058823529412
C	N4_2	231.48	191.456	180.654	0.18823529411764706	0.3137254901960784	0.9725490196078431
C	C5_2	231.476	193.131	182.378	0.5647058823529412	0.5647058823529412	0.5647058823529412
C	C6_2	232.2	193.787	183.297	0.5647058823529412	0.5647058823529412	0.5647058823529412
