G	P_1	275.742	224.559	202.046	1.0	0.5019607843137255	0.0
G	OP1_1	276.01	225.304	203.308	1.0	0.050980392156862744	0.050980392156862744
G	OP2_1	274.481	223.781	201.906	1.0	0.050980392156862744	0.050980392156862744
G	O5'_1	275.837	225.584	200.831	1.0	0.050980392156862744	0.050980392156862744
G	C5'_1	276.993	226.427	200.678	0.5647058823529412	0.5647058823529412	0.5647058823529412
G	C4'_1	276.946	227.166	199.36	0.5647058823529412	0.5647058823529412	0.5647058823529412
G	O4'_1	277.148	226.248	198.25	1.0	0.050980392156862744	0.050980392156862744
G	C3'_1	275.641	227.86	199.003	0.5647058823529412	0.5647058823529412	0.5647058823529412
G	O3'_1	275.465	229.085	199.71	1.0	0.050980392156862744	0.050980392156862744
G	C2'_1	275.803	228.065	197.5	0.5647058823529412	0.5647058823529412	0.5647058823529412
G	O2'_1	276.639	229.16	197.178	1.0	0.050980392156862744	0.050980392156862744
G	C1'_1	276.496	226.76	197.092	0.5647058823529412	0.5647058823529412	0.5647058823529412
G	N9_1	275.559	225.761	196.58	0.18823529411764706	0.3137254901960784	0.9725490196078431
G	C8_1	275.027	224.686	197.257	0.5647058823529412	0.5647058823529412	0.5647058823529412
G	N7_1	274.195	223.985	196.533	0.18823529411764706	0.3137254901960784	0.9725490196078431
G	C5_1	274.178	224.631	195.302	0.5647058823529412	0.5647058823529412	0.5647058823529412
G	C6_1	273.45	224.334	194.115	0.5647058823529412	0.5647058823529412	0.5647058823529412
G	O6_1	272.648	223.414	193.912	1.0	0.050980392156862744	0.050980392156862744
G	N1_1	273.73	225.245	193.099	0.18823529411764706	0.3137254901960784	0.9725490196078431
G	C2_1	274.598	226.308	193.207	0.5647058823529412	0.5647058823529412	0.5647058823529412
G	N2_1	274.743	227.07	192.11	0.18823529411764706	0.3137254901960784	0.9725490196078431
G	N3_1	275.278	226.601	194.31	0.18823529411764706	0.3137254901960784	0.9725490196078431
G	C4_1	275.02	225.726	195.311	0.5647058823529412	0.5647058823529412	0.5647058823529412
C	P_2	269.723	222.893	183.972	1.0	0.5019607843137255	0.0
C	OP1_2	270.013	222.701	182.528	1.0	0.050980392156862744	0.050980392156862744
C	OP2_2	269.624	221.708	184.864	1.0	0.050980392156862744	0.050980392156862744
C	O5'_2	270.812	223.884	184.581	1.0	0.050980392156862744	0.050980392156862744
C	C5'_2	271.045	225.176	183.984	0.5647058823529412	0.5647058823529412	0.5647058823529412
C	C4'_2	271.946	226.013	184.863	0.5647058823529412	0.5647058823529412	0.5647058823529412
C	O4'_2	271.269	226.319	186.113	1.0	0.050980392156862744	0.050980392156862744
C	C3'_2	273.255	225.371	185.301	0.5647058823529412	0.5647058823529412	0.5647058823529412
C	O3'_2	274.248	225.439	184.277	1.0	0.050980392156862744	0.050980392156862744
C	C2'_2	273.616	226.194	186.535	0.5647058823529412	0.5647058823529412	0.5647058823529412
C	O2'_2	274.189	227.45	186.222	1.0	0.050980392156862744	0.050980392156862744
C	C1'_2	272.232	226.424	187.156	0.5647058823529412	0.5647058823529412	0.5647058823529412
C	N1_2	271.899	225.46	188.227	0.18823529411764706	0.3137254901960784	0.9725490196078431
C	C2_2	272.344	225.727	189.537	0.5647058823529412	0.5647058823529412	0.5647058823529412
C	O2_2	272.972	226.777	189.763	1.0	0.050980392156862744	0.050980392156862744
C	N3_2	272.07	224.837	190.517	0.18823529411764706	0.3137254901960784	0.9725490196078431
C	C4_2	271.378	223.728	190.238	0.5647058823529412	0.5647058823529412	0.5647058823529412
C	N4_2	271.14	222.875	191.236	0.18823529411764706	0.3137254901960784	0.9725490196078431
C	C5_2	270.9	223.442	188.923	0.5647058823529412	0.5647058823529412	0.5647058823529412
C	C6_2	271.181	224.325	187.96	0.5647058823529412	0.5647058823529412	0.5647058823529412
