C	P_1	95.604	160.475	201.92	1.0	0.5019607843137255	0.0
C	OP1_1	94.694	160.576	200.743	1.0	0.050980392156862744	0.050980392156862744
C	OP2_1	96.158	161.714	202.53	1.0	0.050980392156862744	0.050980392156862744
C	O5'_1	94.853	159.662	203.067	1.0	0.050980392156862744	0.050980392156862744
C	C5'_1	94.293	158.36	202.803	0.5647058823529412	0.5647058823529412	0.5647058823529412
C	C4'_1	93.687	157.781	204.057	0.5647058823529412	0.5647058823529412	0.5647058823529412
C	O4'_1	94.728	157.478	205.022	1.0	0.050980392156862744	0.050980392156862744
C	C3'_1	92.742	158.7	204.808	0.5647058823529412	0.5647058823529412	0.5647058823529412
C	O3'_1	91.451	158.704	204.215	1.0	0.050980392156862744	0.050980392156862744
C	C2'_1	92.76	158.103	206.209	0.5647058823529412	0.5647058823529412	0.5647058823529412
C	O2'_1	91.96	156.944	206.334	1.0	0.050980392156862744	0.050980392156862744
C	C1'_1	94.233	157.699	206.337	0.5647058823529412	0.5647058823529412	0.5647058823529412
C	N1_1	95.071	158.724	206.995	0.18823529411764706	0.3137254901960784	0.9725490196078431
C	C2_1	95.173	158.723	208.4	0.5647058823529412	0.5647058823529412	0.5647058823529412
C	O2_1	94.556	157.859	209.053	1.0	0.050980392156862744	0.050980392156862744
C	N3_1	95.938	159.66	209.003	0.18823529411764706	0.3137254901960784	0.9725490196078431
C	C4_1	96.585	160.571	208.268	0.5647058823529412	0.5647058823529412	0.5647058823529412
C	N4_1	97.327	161.476	208.906	0.18823529411764706	0.3137254901960784	0.9725490196078431
C	C5_1	96.501	160.594	206.845	0.5647058823529412	0.5647058823529412	0.5647058823529412
C	C6_1	95.741	159.664	206.256	0.5647058823529412	0.5647058823529412	0.5647058823529412
G	P_2	98.057	162.676	220.312	1.0	0.5019607843137255	0.0
G	OP1_2	98.218	162.337	221.756	1.0	0.050980392156862744	0.050980392156862744
G	OP2_2	99.261	162.996	219.495	1.0	0.050980392156862744	0.050980392156862744
G	O5'_2	97.27	161.486	219.596	1.0	0.050980392156862744	0.050980392156862744
G	C5'_2	96.084	160.917	220.195	0.5647058823529412	0.5647058823529412	0.5647058823529412
G	C4'_2	95.35	160.035	219.202	0.5647058823529412	0.5647058823529412	0.5647058823529412
G	O4'_2	94.79	160.834	218.121	1.0	0.050980392156862744	0.050980392156862744
G	C3'_2	96.168	158.982	218.471	0.5647058823529412	0.5647058823529412	0.5647058823529412
G	O3'_2	96.439	157.836	219.273	1.0	0.050980392156862744	0.050980392156862744
G	C2'_2	95.269	158.659	217.284	0.5647058823529412	0.5647058823529412	0.5647058823529412
G	O2'_2	94.196	157.807	217.626	1.0	0.050980392156862744	0.050980392156862744
G	C1'_2	94.722	160.047	216.937	0.5647058823529412	0.5647058823529412	0.5647058823529412
G	N9_2	95.491	160.7	215.878	0.18823529411764706	0.3137254901960784	0.9725490196078431
G	C8_2	96.448	161.68	216.019	0.5647058823529412	0.5647058823529412	0.5647058823529412
G	N7_2	96.973	162.053	214.883	0.18823529411764706	0.3137254901960784	0.9725490196078431
G	C5_2	96.323	161.277	213.931	0.5647058823529412	0.5647058823529412	0.5647058823529412
G	C6_2	96.474	161.237	212.52	0.5647058823529412	0.5647058823529412	0.5647058823529412
G	O6_2	97.237	161.901	211.809	1.0	0.050980392156862744	0.050980392156862744
G	N1_2	95.618	160.305	211.94	0.18823529411764706	0.3137254901960784	0.9725490196078431
G	C2_2	94.735	159.512	212.627	0.5647058823529412	0.5647058823529412	0.5647058823529412
G	N2_2	93.998	158.671	211.884	0.18823529411764706	0.3137254901960784	0.9725490196078431
G	N3_2	94.583	159.538	213.943	0.18823529411764706	0.3137254901960784	0.9725490196078431
G	C4_2	95.404	160.438	214.527	0.5647058823529412	0.5647058823529412	0.5647058823529412
