G	P_1	212.01	151.483	229.889	1.0	0.5019607843137255	0.0
G	OP1_1	211.312	152.175	228.771	1.0	0.050980392156862744	0.050980392156862744
G	OP2_1	211.971	149.997	229.971	1.0	0.050980392156862744	0.050980392156862744
G	O5'_1	213.532	151.948	229.898	1.0	0.050980392156862744	0.050980392156862744
G	C5'_1	214.566	151.113	229.359	0.5647058823529412	0.5647058823529412	0.5647058823529412
G	C4'_1	215.89	151.47	229.986	0.5647058823529412	0.5647058823529412	0.5647058823529412
G	O4'_1	215.847	151.185	231.412	1.0	0.050980392156862744	0.050980392156862744
G	C3'_1	217.092	150.681	229.494	0.5647058823529412	0.5647058823529412	0.5647058823529412
G	O3'_1	217.582	151.214	228.27	1.0	0.050980392156862744	0.050980392156862744
G	C2'_1	218.071	150.841	230.649	0.5647058823529412	0.5647058823529412	0.5647058823529412
G	O2'_1	218.718	152.096	230.671	1.0	0.050980392156862744	0.050980392156862744
G	C1'_1	217.125	150.743	231.85	0.5647058823529412	0.5647058823529412	0.5647058823529412
G	N9_1	216.999	149.374	232.342	0.18823529411764706	0.3137254901960784	0.9725490196078431
G	C8_1	215.875	148.58	232.326	0.5647058823529412	0.5647058823529412	0.5647058823529412
G	N7_1	216.088	147.379	232.794	0.18823529411764706	0.3137254901960784	0.9725490196078431
G	C5_1	217.429	147.382	233.153	0.5647058823529412	0.5647058823529412	0.5647058823529412
G	C6_1	218.229	146.356	233.711	0.5647058823529412	0.5647058823529412	0.5647058823529412
G	O6_1	217.899	145.198	234.004	1.0	0.050980392156862744	0.050980392156862744
G	N1_1	219.538	146.786	233.924	0.18823529411764706	0.3137254901960784	0.9725490196078431
G	C2_1	220.016	148.045	233.635	0.5647058823529412	0.5647058823529412	0.5647058823529412
G	N2_1	221.31	148.272	233.915	0.18823529411764706	0.3137254901960784	0.9725490196078431
G	N3_1	219.279	149.01	233.11	0.18823529411764706	0.3137254901960784	0.9725490196078431
G	C4_1	218.003	148.611	232.896	0.5647058823529412	0.5647058823529412	0.5647058823529412
C	P_2	225.434	139.995	239.258	1.0	0.5019607843137255	0.0
C	OP1_2	226.573	140.003	240.224	1.0	0.050980392156862744	0.050980392156862744
C	OP2_2	224.054	139.731	239.749	1.0	0.050980392156862744	0.050980392156862744
C	O5'_2	225.425	141.387	238.48	1.0	0.050980392156862744	0.050980392156862744
C	C5'_2	226.654	141.993	238.035	0.5647058823529412	0.5647058823529412	0.5647058823529412
C	C4'_2	226.392	143.372	237.465	0.5647058823529412	0.5647058823529412	0.5647058823529412
C	O4'_2	225.63	143.268	236.233	1.0	0.050980392156862744	0.050980392156862744
C	C3'_2	225.568	144.324	238.32	0.5647058823529412	0.5647058823529412	0.5647058823529412
C	O3'_2	226.349	144.931	239.348	1.0	0.050980392156862744	0.050980392156862744
C	C2'_2	225.084	145.336	237.288	0.5647058823529412	0.5647058823529412	0.5647058823529412
C	O2'_2	226.078	146.28	236.943	1.0	0.050980392156862744	0.050980392156862744
C	C1'_2	224.823	144.429	236.08	0.5647058823529412	0.5647058823529412	0.5647058823529412
C	N1_2	223.406	144.027	235.92	0.18823529411764706	0.3137254901960784	0.9725490196078431
C	C2_2	222.514	144.929	235.31	0.5647058823529412	0.5647058823529412	0.5647058823529412
C	O2_2	222.941	146.029	234.915	1.0	0.050980392156862744	0.050980392156862744
C	N3_2	221.217	144.576	235.167	0.18823529411764706	0.3137254901960784	0.9725490196078431
C	C4_2	220.797	143.382	235.596	0.5647058823529412	0.5647058823529412	0.5647058823529412
C	N4_2	219.511	143.083	235.435	0.18823529411764706	0.3137254901960784	0.9725490196078431
C	C5_2	221.679	142.445	236.211	0.5647058823529412	0.5647058823529412	0.5647058823529412
C	C6_2	222.961	142.804	236.353	0.5647058823529412	0.5647058823529412	0.5647058823529412
