G	P_1	183.596	177.249	219.175	1.0	0.5019607843137255	0.0
G	OP1_1	183.29	175.844	219.566	1.0	0.050980392156862744	0.050980392156862744
G	OP2_1	183.99	178.233	220.221	1.0	0.050980392156862744	0.050980392156862744
G	O5'_1	184.744	177.219	218.068	1.0	0.050980392156862744	0.050980392156862744
G	C5'_1	184.684	176.3	216.957	0.5647058823529412	0.5647058823529412	0.5647058823529412
G	C4'_1	185.87	176.506	216.044	0.5647058823529412	0.5647058823529412	0.5647058823529412
G	O4'_1	185.756	177.793	215.384	1.0	0.050980392156862744	0.050980392156862744
G	C3'_1	187.225	176.551	216.737	0.5647058823529412	0.5647058823529412	0.5647058823529412
G	O3'_1	187.741	175.237	216.973	1.0	0.050980392156862744	0.050980392156862744
G	C2'_1	188.07	177.35	215.751	0.5647058823529412	0.5647058823529412	0.5647058823529412
G	O2'_1	188.544	176.567	214.672	1.0	0.050980392156862744	0.050980392156862744
G	C1'_1	187.047	178.366	215.225	0.5647058823529412	0.5647058823529412	0.5647058823529412
G	N9_1	187.065	179.668	215.897	0.18823529411764706	0.3137254901960784	0.9725490196078431
G	C8_1	186.01	180.294	216.528	0.5647058823529412	0.5647058823529412	0.5647058823529412
G	N7_1	186.332	181.449	217.047	0.18823529411764706	0.3137254901960784	0.9725490196078431
G	C5_1	187.678	181.603	216.741	0.5647058823529412	0.5647058823529412	0.5647058823529412
G	C6_1	188.573	182.658	217.056	0.5647058823529412	0.5647058823529412	0.5647058823529412
G	O6_1	188.346	183.694	217.694	1.0	0.050980392156862744	0.050980392156862744
G	N1_1	189.849	182.414	216.55	0.18823529411764706	0.3137254901960784	0.9725490196078431
G	C2_1	190.217	181.295	215.836	0.5647058823529412	0.5647058823529412	0.5647058823529412
G	N2_1	191.498	181.244	215.422	0.18823529411764706	0.3137254901960784	0.9725490196078431
G	N3_1	189.392	180.298	215.545	0.18823529411764706	0.3137254901960784	0.9725490196078431
G	C4_1	188.147	180.517	216.025	0.5647058823529412	0.5647058823529412	0.5647058823529412
C	P_2	195.853	190.21	218.858	1.0	0.5019607843137255	0.0
C	OP1_2	196.94	191.051	218.282	1.0	0.050980392156862744	0.050980392156862744
C	OP2_2	194.432	190.634	218.702	1.0	0.050980392156862744	0.050980392156862744
C	O5'_2	195.995	188.727	218.286	1.0	0.050980392156862744	0.050980392156862744
C	C5'_2	197.293	188.101	218.161	0.5647058823529412	0.5647058823529412	0.5647058823529412
C	C4'_2	197.175	186.782	217.426	0.5647058823529412	0.5647058823529412	0.5647058823529412
C	O4'_2	196.389	185.851	218.211	1.0	0.050980392156862744	0.050980392156862744
C	C3'_2	196.467	186.838	216.082	0.5647058823529412	0.5647058823529412	0.5647058823529412
C	O3'_2	197.355	187.236	215.045	1.0	0.050980392156862744	0.050980392156862744
C	C2'_2	195.98	185.409	215.902	0.5647058823529412	0.5647058823529412	0.5647058823529412
C	O2'_2	196.984	184.533	215.428	1.0	0.050980392156862744	0.050980392156862744
C	C1'_2	195.61	185.042	217.342	0.5647058823529412	0.5647058823529412	0.5647058823529412
C	N1_2	194.186	185.257	217.653	0.18823529411764706	0.3137254901960784	0.9725490196078431
C	C2_2	193.25	184.289	217.241	0.5647058823529412	0.5647058823529412	0.5647058823529412
C	O2_2	193.654	183.275	216.64	1.0	0.050980392156862744	0.050980392156862744
C	N3_2	191.94	184.482	217.513	0.18823529411764706	0.3137254901960784	0.9725490196078431
C	C4_2	191.549	185.578	218.176	0.5647058823529412	0.5647058823529412	0.5647058823529412
C	N4_2	190.243	185.72	218.427	0.18823529411764706	0.3137254901960784	0.9725490196078431
C	C5_2	192.481	186.574	218.612	0.5647058823529412	0.5647058823529412	0.5647058823529412
C	C6_2	193.775	186.375	218.329	0.5647058823529412	0.5647058823529412	0.5647058823529412
