G	P_1	213.9	202.705	171.828	1.0	0.5019607843137255	0.0
G	OP1_1	213.069	203.318	170.748	1.0	0.050980392156862744	0.050980392156862744
G	OP2_1	214.875	201.629	171.484	1.0	0.050980392156862744	0.050980392156862744
G	O5'_1	214.694	203.877	172.562	1.0	0.050980392156862744	0.050980392156862744
G	C5'_1	213.996	205.021	173.09	0.5647058823529412	0.5647058823529412	0.5647058823529412
G	C4'_1	214.933	205.87	173.915	0.5647058823529412	0.5647058823529412	0.5647058823529412
G	O4'_1	215.429	205.088	175.036	1.0	0.050980392156862744	0.050980392156862744
G	C3'_1	216.198	206.348	173.218	0.5647058823529412	0.5647058823529412	0.5647058823529412
G	O3'_1	215.972	207.493	172.4	1.0	0.050980392156862744	0.050980392156862744
G	C2'_1	217.113	206.638	174.401	0.5647058823529412	0.5647058823529412	0.5647058823529412
G	O2'_1	216.817	207.85	175.063	1.0	0.050980392156862744	0.050980392156862744
G	C1'_1	216.769	205.469	175.324	0.5647058823529412	0.5647058823529412	0.5647058823529412
G	N9_1	217.643	204.328	175.063	0.18823529411764706	0.3137254901960784	0.9725490196078431
G	C8_1	217.295	203.097	174.55	0.5647058823529412	0.5647058823529412	0.5647058823529412
G	N7_1	218.318	202.3	174.391	0.18823529411764706	0.3137254901960784	0.9725490196078431
G	C5_1	219.407	203.044	174.831	0.5647058823529412	0.5647058823529412	0.5647058823529412
G	C6_1	220.789	202.709	174.892	0.5647058823529412	0.5647058823529412	0.5647058823529412
G	O6_1	221.342	201.656	174.549	1.0	0.050980392156862744	0.050980392156862744
G	N1_1	221.549	203.756	175.417	0.18823529411764706	0.3137254901960784	0.9725490196078431
G	C2_1	221.049	204.967	175.831	0.5647058823529412	0.5647058823529412	0.5647058823529412
G	N2_1	221.941	205.84	176.33	0.18823529411764706	0.3137254901960784	0.9725490196078431
G	N3_1	219.764	205.298	175.769	0.18823529411764706	0.3137254901960784	0.9725490196078431
G	C4_1	219.006	204.294	175.263	0.5647058823529412	0.5647058823529412	0.5647058823529412
C	P_2	230.797	200.675	177.462	1.0	0.5019607843137255	0.0
C	OP1_2	231.741	200.632	178.621	1.0	0.050980392156862744	0.050980392156862744
C	OP2_2	229.94	199.494	177.171	1.0	0.050980392156862744	0.050980392156862744
C	O5'_2	229.831	201.933	177.627	1.0	0.050980392156862744	0.050980392156862744
C	C5'_2	230.373	203.261	177.804	0.5647058823529412	0.5647058823529412	0.5647058823529412
C	C4'_2	229.262	204.277	177.936	0.5647058823529412	0.5647058823529412	0.5647058823529412
C	O4'_2	228.553	204.404	176.673	1.0	0.050980392156862744	0.050980392156862744
C	C3'_2	228.171	203.944	178.944	0.5647058823529412	0.5647058823529412	0.5647058823529412
C	O3'_2	228.564	204.251	180.282	1.0	0.050980392156862744	0.050980392156862744
C	C2'_2	227.013	204.805	178.447	0.5647058823529412	0.5647058823529412	0.5647058823529412
C	O2'_2	227.127	206.165	178.824	1.0	0.050980392156862744	0.050980392156862744
C	C1'_2	227.183	204.688	176.927	0.5647058823529412	0.5647058823529412	0.5647058823529412
C	N1_2	226.351	203.611	176.347	0.18823529411764706	0.3137254901960784	0.9725490196078431
C	C2_2	225.018	203.903	175.985	0.5647058823529412	0.5647058823529412	0.5647058823529412
C	O2_2	224.586	205.059	176.148	1.0	0.050980392156862744	0.050980392156862744
C	N3_2	224.238	202.916	175.467	0.18823529411764706	0.3137254901960784	0.9725490196078431
C	C4_2	224.735	201.688	175.299	0.5647058823529412	0.5647058823529412	0.5647058823529412
C	N4_2	223.93	200.75	174.776	0.18823529411764706	0.3137254901960784	0.9725490196078431
C	C5_2	226.083	201.365	175.655	0.5647058823529412	0.5647058823529412	0.5647058823529412
C	C6_2	226.848	202.347	176.168	0.5647058823529412	0.5647058823529412	0.5647058823529412
