C	P_1	303.291	140.824	199.072	1.0	0.5019607843137255	0.0
C	OP1_1	303.957	140.331	200.313	1.0	0.050980392156862744	0.050980392156862744
C	OP2_1	302.308	141.939	199.16	1.0	0.050980392156862744	0.050980392156862744
C	O5'_1	304.444	141.232	198.046	1.0	0.050980392156862744	0.050980392156862744
C	C5'_1	304.138	141.726	196.717	0.5647058823529412	0.5647058823529412	0.5647058823529412
C	C4'_1	304.799	140.852	195.669	0.5647058823529412	0.5647058823529412	0.5647058823529412
C	O4'_1	304.053	139.607	195.539	1.0	0.050980392156862744	0.050980392156862744
C	C3'_1	304.81	141.401	194.249	0.5647058823529412	0.5647058823529412	0.5647058823529412
C	O3'_1	305.862	142.34	194.041	1.0	0.050980392156862744	0.050980392156862744
C	C2'_1	304.993	140.138	193.418	0.5647058823529412	0.5647058823529412	0.5647058823529412
C	O2'_1	306.323	139.658	193.405	1.0	0.050980392156862744	0.050980392156862744
C	C1'_1	304.109	139.155	194.188	0.5647058823529412	0.5647058823529412	0.5647058823529412
C	N1_1	302.739	139.102	193.634	0.18823529411764706	0.3137254901960784	0.9725490196078431
C	C2_1	302.468	138.21	192.58	0.5647058823529412	0.5647058823529412	0.5647058823529412
C	O2_1	303.375	137.474	192.156	1.0	0.050980392156862744	0.050980392156862744
C	N3_1	301.224	138.176	192.052	0.18823529411764706	0.3137254901960784	0.9725490196078431
C	C4_1	300.272	138.984	192.529	0.5647058823529412	0.5647058823529412	0.5647058823529412
C	N4_1	299.067	138.929	191.964	0.18823529411764706	0.3137254901960784	0.9725490196078431
C	C5_1	300.517	139.889	193.605	0.5647058823529412	0.5647058823529412	0.5647058823529412
C	C6_1	301.749	139.912	194.123	0.5647058823529412	0.5647058823529412	0.5647058823529412
G	P_2	295.727	132.552	182.685	1.0	0.5019607843137255	0.0
G	OP1_2	295.434	131.317	181.899	1.0	0.050980392156862744	0.050980392156862744
G	OP2_2	294.776	132.991	183.738	1.0	0.050980392156862744	0.050980392156862744
G	O5'_2	297.171	132.397	183.347	1.0	0.050980392156862744	0.050980392156862744
G	C5'_2	298.333	132.121	182.53	0.5647058823529412	0.5647058823529412	0.5647058823529412
G	C4'_2	299.611	132.322	183.322	0.5647058823529412	0.5647058823529412	0.5647058823529412
G	O4'_2	299.797	133.727	183.648	1.0	0.050980392156862744	0.050980392156862744
G	C3'_2	299.713	131.622	184.67	0.5647058823529412	0.5647058823529412	0.5647058823529412
G	O3'_2	300.037	130.239	184.518	1.0	0.050980392156862744	0.050980392156862744
G	C2'_2	300.826	132.413	185.353	0.5647058823529412	0.5647058823529412	0.5647058823529412
G	O2'_2	302.122	132.044	184.924	1.0	0.050980392156862744	0.050980392156862744
G	C1'_2	300.534	133.836	184.86	0.5647058823529412	0.5647058823529412	0.5647058823529412
G	N9_2	299.774	134.65	185.807	0.18823529411764706	0.3137254901960784	0.9725490196078431
G	C8_2	298.427	134.92	185.772	0.5647058823529412	0.5647058823529412	0.5647058823529412
G	N7_2	298.029	135.678	186.757	0.18823529411764706	0.3137254901960784	0.9725490196078431
G	C5_2	299.181	135.924	187.49	0.5647058823529412	0.5647058823529412	0.5647058823529412
G	C6_2	299.368	136.682	188.669	0.5647058823529412	0.5647058823529412	0.5647058823529412
G	O6_2	298.524	137.302	189.322	1.0	0.050980392156862744	0.050980392156862744
G	N1_2	300.698	136.676	189.079	0.18823529411764706	0.3137254901960784	0.9725490196078431
G	C2_2	301.719	136.021	188.437	0.5647058823529412	0.5647058823529412	0.5647058823529412
G	N2_2	302.939	136.139	188.995	0.18823529411764706	0.3137254901960784	0.9725490196078431
G	N3_2	301.557	135.304	187.333	0.18823529411764706	0.3137254901960784	0.9725490196078431
G	C4_2	300.27	135.3	186.918	0.5647058823529412	0.5647058823529412	0.5647058823529412
