C	P_1	218.601	136.104	182.919	1.0	0.5019607843137255	0.0
C	OP1_1	218.96	134.658	182.966	1.0	0.050980392156862744	0.050980392156862744
C	OP2_1	219.68	137.121	182.783	1.0	0.050980392156862744	0.050980392156862744
C	O5'_1	217.551	136.319	181.734	1.0	0.050980392156862744	0.050980392156862744
C	C5'_1	216.397	135.459	181.605	0.5647058823529412	0.5647058823529412	0.5647058823529412
C	C4'_1	215.442	135.999	180.561	0.5647058823529412	0.5647058823529412	0.5647058823529412
C	O4'_1	214.957	137.308	180.971	1.0	0.050980392156862744	0.050980392156862744
C	C3'_1	216.005	136.235	179.166	0.5647058823529412	0.5647058823529412	0.5647058823529412
C	O3'_1	216.082	135.032	178.399	1.0	0.050980392156862744	0.050980392156862744
C	C2'_1	215.015	137.244	178.589	0.5647058823529412	0.5647058823529412	0.5647058823529412
C	O2'_1	213.802	136.668	178.143	1.0	0.050980392156862744	0.050980392156862744
C	C1'_1	214.729	138.112	179.818	0.5647058823529412	0.5647058823529412	0.5647058823529412
C	N1_1	215.598	139.306	179.887	0.18823529411764706	0.3137254901960784	0.9725490196078431
C	C2_1	215.223	140.459	179.166	0.5647058823529412	0.5647058823529412	0.5647058823529412
C	O2_1	214.169	140.443	178.499	1.0	0.050980392156862744	0.050980392156862744
C	N3_1	216.022	141.552	179.214	0.18823529411764706	0.3137254901960784	0.9725490196078431
C	C4_1	217.15	141.525	179.934	0.5647058823529412	0.5647058823529412	0.5647058823529412
C	N4_1	217.91	142.62	179.943	0.18823529411764706	0.3137254901960784	0.9725490196078431
C	C5_1	217.55	140.373	180.676	0.5647058823529412	0.5647058823529412	0.5647058823529412
C	C6_1	216.752	139.3	180.626	0.5647058823529412	0.5647058823529412	0.5647058823529412
G	P_2	214.318	152.254	171.571	1.0	0.5019607843137255	0.0
G	OP1_2	214.861	152.44	170.192	1.0	0.050980392156862744	0.050980392156862744
G	OP2_2	213.273	153.194	172.078	1.0	0.050980392156862744	0.050980392156862744
G	O5'_2	213.747	150.77	171.696	1.0	0.050980392156862744	0.050980392156862744
G	C5'_2	213.207	150.305	172.953	0.5647058823529412	0.5647058823529412	0.5647058823529412
G	C4'_2	212.677	148.896	172.822	0.5647058823529412	0.5647058823529412	0.5647058823529412
G	O4'_2	213.774	147.945	172.727	1.0	0.050980392156862744	0.050980392156862744
G	C3'_2	211.895	148.426	174.035	0.5647058823529412	0.5647058823529412	0.5647058823529412
G	O3'_2	210.556	148.9	173.949	1.0	0.050980392156862744	0.050980392156862744
G	C2'_2	211.996	146.91	173.929	0.5647058823529412	0.5647058823529412	0.5647058823529412
G	O2'_2	211.076	146.36	173.009	1.0	0.050980392156862744	0.050980392156862744
G	C1'_2	213.422	146.739	173.395	0.5647058823529412	0.5647058823529412	0.5647058823529412
G	N9_2	214.407	146.488	174.443	0.18823529411764706	0.3137254901960784	0.9725490196078431
G	C8_2	215.342	147.379	174.924	0.5647058823529412	0.5647058823529412	0.5647058823529412
G	N7_2	216.08	146.881	175.882	0.18823529411764706	0.3137254901960784	0.9725490196078431
G	C5_2	215.611	145.58	176.046	0.5647058823529412	0.5647058823529412	0.5647058823529412
G	C6_2	216.022	144.555	176.958	0.5647058823529412	0.5647058823529412	0.5647058823529412
G	O6_2	216.902	144.603	177.83	1.0	0.050980392156862744	0.050980392156862744
G	N1_2	215.286	143.389	176.782	0.18823529411764706	0.3137254901960784	0.9725490196078431
G	C2_2	214.284	143.218	175.857	0.5647058823529412	0.5647058823529412	0.5647058823529412
G	N2_2	213.705	142.002	175.838	0.18823529411764706	0.3137254901960784	0.9725490196078431
G	N3_2	213.88	144.166	175.01	0.18823529411764706	0.3137254901960784	0.9725490196078431
G	C4_2	214.584	145.314	175.16	0.5647058823529412	0.5647058823529412	0.5647058823529412
