G	P_1	236.11	173.784	179.014	1.0	0.5019607843137255	0.0
G	OP1_1	236.138	174.589	180.272	1.0	0.050980392156862744	0.050980392156862744
G	OP2_1	236.209	174.479	177.698	1.0	0.050980392156862744	0.050980392156862744
G	O5'_1	237.275	172.709	179.093	1.0	0.050980392156862744	0.050980392156862744
G	C5'_1	237.542	172.001	180.313	0.5647058823529412	0.5647058823529412	0.5647058823529412
G	C4'_1	238.786	171.175	180.143	0.5647058823529412	0.5647058823529412	0.5647058823529412
G	O4'_1	238.51	170.084	179.223	1.0	0.050980392156862744	0.050980392156862744
G	C3'_1	239.928	171.949	179.501	0.5647058823529412	0.5647058823529412	0.5647058823529412
G	O3'_1	240.659	172.707	180.467	1.0	0.050980392156862744	0.050980392156862744
G	C2'_1	240.723	170.854	178.804	0.5647058823529412	0.5647058823529412	0.5647058823529412
G	O2'_1	241.549	170.144	179.704	1.0	0.050980392156862744	0.050980392156862744
G	C1'_1	239.591	169.938	178.314	0.5647058823529412	0.5647058823529412	0.5647058823529412
G	N9_1	239.083	170.238	176.973	0.18823529411764706	0.3137254901960784	0.9725490196078431
G	C8_1	237.981	171.006	176.661	0.5647058823529412	0.5647058823529412	0.5647058823529412
G	N7_1	237.738	171.06	175.377	0.18823529411764706	0.3137254901960784	0.9725490196078431
G	C5_1	238.743	170.292	174.8	0.5647058823529412	0.5647058823529412	0.5647058823529412
G	C6_1	238.989	169.975	173.435	0.5647058823529412	0.5647058823529412	0.5647058823529412
G	O6_1	238.342	170.319	172.432	1.0	0.050980392156862744	0.050980392156862744
G	N1_1	240.116	169.167	173.293	0.18823529411764706	0.3137254901960784	0.9725490196078431
G	C2_1	240.904	168.718	174.331	0.5647058823529412	0.5647058823529412	0.5647058823529412
G	N2_1	241.95	167.941	173.99	0.18823529411764706	0.3137254901960784	0.9725490196078431
G	N3_1	240.683	169.006	175.609	0.18823529411764706	0.3137254901960784	0.9725490196078431
G	C4_1	239.593	169.788	175.769	0.5647058823529412	0.5647058823529412	0.5647058823529412
C	P_2	240.617	164.571	164.152	1.0	0.5019607843137255	0.0
C	OP1_2	240.757	163.243	163.484	1.0	0.050980392156862744	0.050980392156862744
C	OP2_2	239.273	165.212	164.236	1.0	0.050980392156862744	0.050980392156862744
C	O5'_2	241.205	164.467	165.633	1.0	0.050980392156862744	0.050980392156862744
C	C5'_2	242.516	163.916	165.876	0.5647058823529412	0.5647058823529412	0.5647058823529412
C	C4'_2	242.898	164.08	167.333	0.5647058823529412	0.5647058823529412	0.5647058823529412
C	O4'_2	243.012	165.494	167.653	1.0	0.050980392156862744	0.050980392156862744
C	C3'_2	241.905	163.569	168.368	0.5647058823529412	0.5647058823529412	0.5647058823529412
C	O3'_2	241.971	162.16	168.559	1.0	0.050980392156862744	0.050980392156862744
C	C2'_2	242.344	164.319	169.618	0.5647058823529412	0.5647058823529412	0.5647058823529412
C	O2'_2	243.493	163.742	170.212	1.0	0.050980392156862744	0.050980392156862744
C	C1'_2	242.706	165.689	169.031	0.5647058823529412	0.5647058823529412	0.5647058823529412
C	N1_2	241.634	166.704	169.168	0.18823529411764706	0.3137254901960784	0.9725490196078431
C	C2_2	241.583	167.474	170.347	0.5647058823529412	0.5647058823529412	0.5647058823529412
C	O2_2	242.457	167.307	171.218	1.0	0.050980392156862744	0.050980392156862744
C	N3_2	240.588	168.376	170.504	0.18823529411764706	0.3137254901960784	0.9725490196078431
C	C4_2	239.672	168.534	169.544	0.5647058823529412	0.5647058823529412	0.5647058823529412
C	N4_2	238.694	169.417	169.755	0.18823529411764706	0.3137254901960784	0.9725490196078431
C	C5_2	239.713	167.788	168.327	0.5647058823529412	0.5647058823529412	0.5647058823529412
C	C6_2	240.702	166.891	168.183	0.5647058823529412	0.5647058823529412	0.5647058823529412
