C	P_1	253.912	196.058	212.164	1.0	0.5019607843137255	0.0
C	OP1_1	253.961	194.752	212.884	1.0	0.050980392156862744	0.050980392156862744
C	OP2_1	254.569	196.185	210.831	1.0	0.050980392156862744	0.050980392156862744
C	O5'_1	252.38	196.476	212.001	1.0	0.050980392156862744	0.050980392156862744
C	C5'_1	251.375	196.002	212.924	0.5647058823529412	0.5647058823529412	0.5647058823529412
C	C4'_1	249.987	196.324	212.412	0.5647058823529412	0.5647058823529412	0.5647058823529412
C	O4'_1	249.825	197.764	212.326	1.0	0.050980392156862744	0.050980392156862744
C	C3'_1	249.641	195.828	211.014	0.5647058823529412	0.5647058823529412	0.5647058823529412
C	O3'_1	249.233	194.457	211.015	1.0	0.050980392156862744	0.050980392156862744
C	C2'_1	248.501	196.759	210.617	0.5647058823529412	0.5647058823529412	0.5647058823529412
C	O2'_1	247.262	196.384	211.187	1.0	0.050980392156862744	0.050980392156862744
C	C1'_1	248.96	198.081	211.243	0.5647058823529412	0.5647058823529412	0.5647058823529412
C	N1_1	249.671	198.966	210.293	0.18823529411764706	0.3137254901960784	0.9725490196078431
C	C2_1	248.915	199.817	209.454	0.5647058823529412	0.5647058823529412	0.5647058823529412
C	O2_1	247.674	199.817	209.551	1.0	0.050980392156862744	0.050980392156862744
C	N3_1	249.566	200.616	208.569	0.18823529411764706	0.3137254901960784	0.9725490196078431
C	C4_1	250.906	200.597	208.508	0.5647058823529412	0.5647058823529412	0.5647058823529412
C	N4_1	251.506	201.399	207.623	0.18823529411764706	0.3137254901960784	0.9725490196078431
C	C5_1	251.691	199.755	209.352	0.5647058823529412	0.5647058823529412	0.5647058823529412
C	C6_1	251.041	198.964	210.218	0.5647058823529412	0.5647058823529412	0.5647058823529412
G	P_2	246.981	208.925	202.261	1.0	0.5019607843137255	0.0
G	OP1_2	246.408	210.196	202.8	1.0	0.050980392156862744	0.050980392156862744
G	OP2_2	248.36	208.519	202.651	1.0	0.050980392156862744	0.050980392156862744
G	O5'_2	245.992	207.742	202.671	1.0	0.050980392156862744	0.050980392156862744
G	C5'_2	244.59	207.776	202.326	0.5647058823529412	0.5647058823529412	0.5647058823529412
G	C4'_2	243.884	206.566	202.901	0.5647058823529412	0.5647058823529412	0.5647058823529412
G	O4'_2	244.522	205.36	202.393	1.0	0.050980392156862744	0.050980392156862744
G	C3'_2	243.938	206.418	204.417	0.5647058823529412	0.5647058823529412	0.5647058823529412
G	O3'_2	242.898	207.169	205.057	1.0	0.050980392156862744	0.050980392156862744
G	C2'_2	243.767	204.914	204.593	0.5647058823529412	0.5647058823529412	0.5647058823529412
G	O2'_2	242.426	204.496	204.427	1.0	0.050980392156862744	0.050980392156862744
G	C1'_2	244.599	204.383	203.422	0.5647058823529412	0.5647058823529412	0.5647058823529412
G	N9_2	246.009	204.209	203.768	0.18823529411764706	0.3137254901960784	0.9725490196078431
G	C8_2	247.077	204.903	203.241	0.5647058823529412	0.5647058823529412	0.5647058823529412
G	N7_2	248.224	204.57	203.773	0.18823529411764706	0.3137254901960784	0.9725490196078431
G	C5_2	247.899	203.591	204.701	0.5647058823529412	0.5647058823529412	0.5647058823529412
G	C6_2	248.728	202.869	205.589	0.5647058823529412	0.5647058823529412	0.5647058823529412
G	O6_2	249.952	202.968	205.747	1.0	0.050980392156862744	0.050980392156862744
G	N1_2	247.997	201.958	206.349	0.18823529411764706	0.3137254901960784	0.9725490196078431
G	C2_2	246.638	201.775	206.268	0.5647058823529412	0.5647058823529412	0.5647058823529412
G	N2_2	246.12	200.838	207.079	0.18823529411764706	0.3137254901960784	0.9725490196078431
G	N3_2	245.845	202.457	205.45	0.18823529411764706	0.3137254901960784	0.9725490196078431
G	C4_2	246.538	203.341	204.701	0.5647058823529412	0.5647058823529412	0.5647058823529412
