G	P_1	175.193	279.085	165.252	1.0	0.5019607843137255	0.0
G	OP1_1	175.674	279.274	163.852	1.0	0.050980392156862744	0.050980392156862744
G	OP2_1	176.046	279.533	166.388	1.0	0.050980392156862744	0.050980392156862744
G	O5'_1	173.769	279.796	165.394	1.0	0.050980392156862744	0.050980392156862744
G	C5'_1	172.792	279.712	164.331	0.5647058823529412	0.5647058823529412	0.5647058823529412
G	C4'_1	171.74	280.799	164.472	0.5647058823529412	0.5647058823529412	0.5647058823529412
G	O4'_1	170.834	280.505	165.568	1.0	0.050980392156862744	0.050980392156862744
G	C3'_1	172.237	282.206	164.767	0.5647058823529412	0.5647058823529412	0.5647058823529412
G	O3'_1	172.708	282.865	163.597	1.0	0.050980392156862744	0.050980392156862744
G	C2'_1	170.997	282.875	165.349	0.5647058823529412	0.5647058823529412	0.5647058823529412
G	O2'_1	170.082	283.302	164.362	1.0	0.050980392156862744	0.050980392156862744
G	C1'_1	170.375	281.724	166.144	0.5647058823529412	0.5647058823529412	0.5647058823529412
G	N9_1	170.735	281.735	167.559	0.18823529411764706	0.3137254901960784	0.9725490196078431
G	C8_1	171.554	280.843	168.21	0.5647058823529412	0.5647058823529412	0.5647058823529412
G	N7_1	171.678	281.096	169.486	0.18823529411764706	0.3137254901960784	0.9725490196078431
G	C5_1	170.897	282.225	169.692	0.5647058823529412	0.5647058823529412	0.5647058823529412
G	C6_1	170.643	282.957	170.879	0.5647058823529412	0.5647058823529412	0.5647058823529412
G	O6_1	171.073	282.743	172.019	1.0	0.050980392156862744	0.050980392156862744
G	N1_1	169.795	284.035	170.644	0.18823529411764706	0.3137254901960784	0.9725490196078431
G	C2_1	169.259	284.368	169.424	0.5647058823529412	0.5647058823529412	0.5647058823529412
G	N2_1	168.462	285.449	169.406	0.18823529411764706	0.3137254901960784	0.9725490196078431
G	N3_1	169.487	283.692	168.305	0.18823529411764706	0.3137254901960784	0.9725490196078431
G	C4_1	170.309	282.638	168.513	0.5647058823529412	0.5647058823529412	0.5647058823529412
C	P_2	166.037	289.66	179.011	1.0	0.5019607843137255	0.0
C	OP1_2	164.957	290.364	179.758	1.0	0.050980392156862744	0.050980392156862744
C	OP2_2	166.401	288.267	179.384	1.0	0.050980392156862744	0.050980392156862744
C	O5'_2	165.67	289.693	177.461	1.0	0.050980392156862744	0.050980392156862744
C	C5'_2	165.036	288.571	176.826	0.5647058823529412	0.5647058823529412	0.5647058823529412
C	C4'_2	165.27	288.621	175.34	0.5647058823529412	0.5647058823529412	0.5647058823529412
C	O4'_2	166.699	288.667	175.081	1.0	0.050980392156862744	0.050980392156862744
C	C3'_2	164.794	287.411	174.554	0.5647058823529412	0.5647058823529412	0.5647058823529412
C	O3'_2	163.394	287.471	174.292	1.0	0.050980392156862744	0.050980392156862744
C	C2'_2	165.647	287.496	173.291	0.5647058823529412	0.5647058823529412	0.5647058823529412
C	O2'_2	165.174	288.449	172.357	1.0	0.050980392156862744	0.050980392156862744
C	C1'_2	166.983	287.982	173.867	0.5647058823529412	0.5647058823529412	0.5647058823529412
C	N1_2	167.937	286.887	174.14	0.18823529411764706	0.3137254901960784	0.9725490196078431
C	C2_2	168.711	286.382	173.08	0.5647058823529412	0.5647058823529412	0.5647058823529412
C	O2_2	168.601	286.892	171.948	1.0	0.050980392156862744	0.050980392156862744
C	N3_2	169.556	285.354	173.315	0.18823529411764706	0.3137254901960784	0.9725490196078431
C	C4_2	169.651	284.836	174.54	0.5647058823529412	0.5647058823529412	0.5647058823529412
C	N4_2	170.478	283.807	174.719	0.18823529411764706	0.3137254901960784	0.9725490196078431
C	C5_2	168.897	285.344	175.636	0.5647058823529412	0.5647058823529412	0.5647058823529412
C	C6_2	168.062	286.358	175.395	0.5647058823529412	0.5647058823529412	0.5647058823529412
