G	P_1	179.726	263.372	194.832	1.0	0.5019607843137255	0.0
G	OP1_1	178.721	263.532	193.742	1.0	0.050980392156862744	0.050980392156862744
G	OP2_1	180.918	262.49	194.613	1.0	0.050980392156862744	0.050980392156862744
G	O5'_1	180.245	264.827	195.228	1.0	0.050980392156862744	0.050980392156862744
G	C5'_1	179.48	265.672	196.112	0.5647058823529412	0.5647058823529412	0.5647058823529412
G	C4'_1	180.408	266.41	197.046	0.5647058823529412	0.5647058823529412	0.5647058823529412
G	O4'_1	181.27	267.291	196.274	1.0	0.050980392156862744	0.050980392156862744
G	C3'_1	179.75	267.337	198.057	0.5647058823529412	0.5647058823529412	0.5647058823529412
G	O3'_1	179.294	266.618	199.206	1.0	0.050980392156862744	0.050980392156862744
G	C2'_1	180.891	268.285	198.406	0.5647058823529412	0.5647058823529412	0.5647058823529412
G	O2'_1	181.806	267.715	199.321	1.0	0.050980392156862744	0.050980392156862744
G	C1'_1	181.584	268.44	197.047	0.5647058823529412	0.5647058823529412	0.5647058823529412
G	N9_1	181.195	269.639	196.302	0.18823529411764706	0.3137254901960784	0.9725490196078431
G	C8_1	180.607	269.696	195.057	0.5647058823529412	0.5647058823529412	0.5647058823529412
G	N7_1	180.406	270.919	194.637	0.18823529411764706	0.3137254901960784	0.9725490196078431
G	C5_1	180.879	271.72	195.669	0.5647058823529412	0.5647058823529412	0.5647058823529412
G	C6_1	180.922	273.136	195.788	0.5647058823529412	0.5647058823529412	0.5647058823529412
G	O6_1	180.543	273.986	194.972	1.0	0.050980392156862744	0.050980392156862744
G	N1_1	181.475	273.533	197.007	0.18823529411764706	0.3137254901960784	0.9725490196078431
G	C2_1	181.927	272.678	197.988	0.5647058823529412	0.5647058823529412	0.5647058823529412
G	N2_1	182.422	273.252	199.102	0.18823529411764706	0.3137254901960784	0.9725490196078431
G	N3_1	181.895	271.355	197.887	0.18823529411764706	0.3137254901960784	0.9725490196078431
G	C4_1	181.364	270.948	196.709	0.5647058823529412	0.5647058823529412	0.5647058823529412
C	P_2	182.724	283.217	196.61	1.0	0.5019607843137255	0.0
C	OP1_2	183.826	284.218	196.599	1.0	0.050980392156862744	0.050980392156862744
C	OP2_2	182.217	282.665	195.321	1.0	0.050980392156862744	0.050980392156862744
C	O5'_2	183.186	281.998	197.527	1.0	0.050980392156862744	0.050980392156862744
C	C5'_2	183.606	282.216	198.892	0.5647058823529412	0.5647058823529412	0.5647058823529412
C	C4'_2	183.853	280.895	199.588	0.5647058823529412	0.5647058823529412	0.5647058823529412
C	O4'_2	182.604	280.165	199.696	1.0	0.050980392156862744	0.050980392156862744
C	C3'_2	184.8	279.942	198.877	0.5647058823529412	0.5647058823529412	0.5647058823529412
C	O3'_2	186.152	280.263	199.19	1.0	0.050980392156862744	0.050980392156862744
C	C2'_2	184.372	278.59	199.432	0.5647058823529412	0.5647058823529412	0.5647058823529412
C	O2'_2	184.884	278.369	200.728	1.0	0.050980392156862744	0.050980392156862744
C	C1'_2	182.853	278.776	199.541	0.5647058823529412	0.5647058823529412	0.5647058823529412
C	N1_2	182.092	278.29	198.367	0.18823529411764706	0.3137254901960784	0.9725490196078431
C	C2_2	181.711	276.932	198.314	0.5647058823529412	0.5647058823529412	0.5647058823529412
C	O2_2	182.011	276.182	199.264	1.0	0.050980392156862744	0.050980392156862744
C	N3_2	181.029	276.482	197.23	0.18823529411764706	0.3137254901960784	0.9725490196078431
C	C4_2	180.73	277.323	196.231	0.5647058823529412	0.5647058823529412	0.5647058823529412
C	N4_2	180.076	276.834	195.178	0.18823529411764706	0.3137254901960784	0.9725490196078431
C	C5_2	181.093	278.703	196.267	0.5647058823529412	0.5647058823529412	0.5647058823529412
C	C6_2	181.764	279.139	197.342	0.5647058823529412	0.5647058823529412	0.5647058823529412
