C	P_1	130.958	207.92	238.238	1.0	0.5019607843137255	0.0
C	OP1_1	130.82	207.202	239.541	1.0	0.050980392156862744	0.050980392156862744
C	OP2_1	131.543	207.209	237.069	1.0	0.050980392156862744	0.050980392156862744
C	O5'_1	129.52	208.465	237.821	1.0	0.050980392156862744	0.050980392156862744
C	C5'_1	128.72	209.225	238.748	0.5647058823529412	0.5647058823529412	0.5647058823529412
C	C4'_1	127.549	209.86	238.034	0.5647058823529412	0.5647058823529412	0.5647058823529412
C	O4'_1	128.035	210.83	237.068	1.0	0.050980392156862744	0.050980392156862744
C	C3'_1	126.678	208.933	237.203	0.5647058823529412	0.5647058823529412	0.5647058823529412
C	O3'_1	125.745	208.201	237.991	1.0	0.050980392156862744	0.050980392156862744
C	C2'_1	125.995	209.909	236.255	0.5647058823529412	0.5647058823529412	0.5647058823529412
C	O2'_1	124.931	210.616	236.858	1.0	0.050980392156862744	0.050980392156862744
C	C1'_1	127.14	210.883	235.963	0.5647058823529412	0.5647058823529412	0.5647058823529412
C	N1_1	127.873	210.544	234.726	0.18823529411764706	0.3137254901960784	0.9725490196078431
C	C2_1	127.507	211.186	233.529	0.5647058823529412	0.5647058823529412	0.5647058823529412
C	O2_1	126.586	212.027	233.551	1.0	0.050980392156862744	0.050980392156862744
C	N3_1	128.163	210.874	232.388	0.18823529411764706	0.3137254901960784	0.9725490196078431
C	C4_1	129.147	209.97	232.408	0.5647058823529412	0.5647058823529412	0.5647058823529412
C	N4_1	129.767	209.699	231.259	0.18823529411764706	0.3137254901960784	0.9725490196078431
C	C5_1	129.539	209.305	233.608	0.5647058823529412	0.5647058823529412	0.5647058823529412
C	C6_1	128.885	209.62	234.732	0.5647058823529412	0.5647058823529412	0.5647058823529412
G	P_2	125.291	213.616	221.095	1.0	0.5019607843137255	0.0
G	OP1_2	124.781	214.792	220.338	1.0	0.050980392156862744	0.050980392156862744
G	OP2_2	126.761	213.411	221.234	1.0	0.050980392156862744	0.050980392156862744
G	O5'_2	124.664	213.648	222.56	1.0	0.050980392156862744	0.050980392156862744
G	C5'_2	123.24	213.755	222.738	0.5647058823529412	0.5647058823529412	0.5647058823529412
G	C4'_2	122.891	213.82	224.205	0.5647058823529412	0.5647058823529412	0.5647058823529412
G	O4'_2	123.122	212.534	224.839	1.0	0.050980392156862744	0.050980392156862744
G	C3'_2	123.698	214.793	225.048	0.5647058823529412	0.5647058823529412	0.5647058823529412
G	O3'_2	123.237	216.135	224.878	1.0	0.050980392156862744	0.050980392156862744
G	C2'_2	123.462	214.256	226.457	0.5647058823529412	0.5647058823529412	0.5647058823529412
G	O2'_2	122.22	214.649	227.004	1.0	0.050980392156862744	0.050980392156862744
G	C1'_2	123.435	212.742	226.207	0.5647058823529412	0.5647058823529412	0.5647058823529412
G	N9_2	124.69	212.064	226.523	0.18823529411764706	0.3137254901960784	0.9725490196078431
G	C8_2	125.62	211.549	225.641	0.5647058823529412	0.5647058823529412	0.5647058823529412
G	N7_2	126.64	210.984	226.238	0.18823529411764706	0.3137254901960784	0.9725490196078431
G	C5_2	126.372	211.137	227.595	0.5647058823529412	0.5647058823529412	0.5647058823529412
G	C6_2	127.122	210.728	228.738	0.5647058823529412	0.5647058823529412	0.5647058823529412
G	O6_2	128.204	210.123	228.775	1.0	0.050980392156862744	0.050980392156862744
G	N1_2	126.486	211.092	229.928	0.18823529411764706	0.3137254901960784	0.9725490196078431
G	C2_2	125.284	211.763	230.013	0.5647058823529412	0.5647058823529412	0.5647058823529412
G	N2_2	124.827	212.017	231.254	0.18823529411764706	0.3137254901960784	0.9725490196078431
G	N3_2	124.576	212.153	228.956	0.18823529411764706	0.3137254901960784	0.9725490196078431
G	C4_2	125.173	211.808	227.788	0.5647058823529412	0.5647058823529412	0.5647058823529412
