G	P_1	199.471	317.002	170.767	1.0	0.5019607843137255	0.0
G	OP1_1	198.979	316.828	169.371	1.0	0.050980392156862744	0.050980392156862744
G	OP2_1	200.837	317.542	171.001	1.0	0.050980392156862744	0.050980392156862744
G	O5'_1	198.43	317.922	171.549	1.0	0.050980392156862744	0.050980392156862744
G	C5'_1	197.027	317.579	171.597	0.5647058823529412	0.5647058823529412	0.5647058823529412
G	C4'_1	196.273	318.539	172.497	0.5647058823529412	0.5647058823529412	0.5647058823529412
G	O4'_1	196.718	318.396	173.872	1.0	0.050980392156862744	0.050980392156862744
G	C3'_1	196.458	320.023	172.223	0.5647058823529412	0.5647058823529412	0.5647058823529412
G	O3'_1	195.659	320.449	171.119	1.0	0.050980392156862744	0.050980392156862744
G	C2'_1	196.007	320.649	173.542	0.5647058823529412	0.5647058823529412	0.5647058823529412
G	O2'_1	194.602	320.737	173.664	1.0	0.050980392156862744	0.050980392156862744
G	C1'_1	196.519	319.624	174.559	0.5647058823529412	0.5647058823529412	0.5647058823529412
G	N9_1	197.759	320.006	175.234	0.18823529411764706	0.3137254901960784	0.9725490196078431
G	C8_1	199.017	319.486	175.033	0.5647058823529412	0.5647058823529412	0.5647058823529412
G	N7_1	199.925	320.027	175.802	0.18823529411764706	0.3137254901960784	0.9725490196078431
G	C5_1	199.227	320.961	176.558	0.5647058823529412	0.5647058823529412	0.5647058823529412
G	C6_1	199.681	321.856	177.568	0.5647058823529412	0.5647058823529412	0.5647058823529412
G	O6_1	200.827	322.004	178.011	1.0	0.050980392156862744	0.050980392156862744
G	N1_1	198.64	322.63	178.071	0.18823529411764706	0.3137254901960784	0.9725490196078431
G	C2_1	197.332	322.556	177.661	0.5647058823529412	0.5647058823529412	0.5647058823529412
G	N2_1	196.472	323.384	178.271	0.18823529411764706	0.3137254901960784	0.9725490196078431
G	N3_1	196.895	321.729	176.722	0.18823529411764706	0.3137254901960784	0.9725490196078431
G	C4_1	197.889	320.965	176.217	0.5647058823529412	0.5647058823529412	0.5647058823529412
C	P_2	189.072	326.214	173.478	1.0	0.5019607843137255	0.0
C	OP1_2	188.501	325.455	172.33	1.0	0.050980392156862744	0.050980392156862744
C	OP2_2	188.166	326.748	174.531	1.0	0.050980392156862744	0.050980392156862744
C	O5'_2	190.166	325.302	174.196	1.0	0.050980392156862744	0.050980392156862744
C	C5'_2	191.179	324.597	173.442	0.5647058823529412	0.5647058823529412	0.5647058823529412
C	C4'_2	192.124	323.891	174.391	0.5647058823529412	0.5647058823529412	0.5647058823529412
C	O4'_2	192.747	324.886	175.245	1.0	0.050980392156862744	0.050980392156862744
C	C3'_2	191.462	322.906	175.349	0.5647058823529412	0.5647058823529412	0.5647058823529412
C	O3'_2	191.371	321.608	174.755	1.0	0.050980392156862744	0.050980392156862744
C	C2'_2	192.401	322.921	176.551	0.5647058823529412	0.5647058823529412	0.5647058823529412
C	O2'_2	193.541	322.106	176.368	1.0	0.050980392156862744	0.050980392156862744
C	C1'_2	192.846	324.388	176.57	0.5647058823529412	0.5647058823529412	0.5647058823529412
C	N1_2	192.081	325.283	177.465	0.18823529411764706	0.3137254901960784	0.9725490196078431
C	C2_2	192.361	325.277	178.85	0.5647058823529412	0.5647058823529412	0.5647058823529412
C	O2_2	193.225	324.497	179.296	1.0	0.050980392156862744	0.050980392156862744
C	N3_2	191.68	326.123	179.659	0.18823529411764706	0.3137254901960784	0.9725490196078431
C	C4_2	190.756	326.946	179.145	0.5647058823529412	0.5647058823529412	0.5647058823529412
C	N4_2	190.118	327.77	179.978	0.18823529411764706	0.3137254901960784	0.9725490196078431
C	C5_2	190.447	326.962	177.752	0.5647058823529412	0.5647058823529412	0.5647058823529412
C	C6_2	191.123	326.122	176.959	0.5647058823529412	0.5647058823529412	0.5647058823529412
