G	P_1	216.697	120.601	253.734	1.0	0.5019607843137255	0.0
G	OP1_1	215.332	120.707	254.323	1.0	0.050980392156862744	0.050980392156862744
G	OP2_1	216.847	120.23	252.298	1.0	0.050980392156862744	0.050980392156862744
G	O5'_1	217.46	121.985	253.953	1.0	0.050980392156862744	0.050980392156862744
G	C5'_1	216.774	123.144	254.477	0.5647058823529412	0.5647058823529412	0.5647058823529412
G	C4'_1	217.463	124.414	254.021	0.5647058823529412	0.5647058823529412	0.5647058823529412
G	O4'_1	218.893	124.281	254.256	1.0	0.050980392156862744	0.050980392156862744
G	C3'_1	217.366	124.758	252.539	0.5647058823529412	0.5647058823529412	0.5647058823529412
G	O3'_1	216.151	125.443	252.228	1.0	0.050980392156862744	0.050980392156862744
G	C2'_1	218.584	125.651	252.332	0.5647058823529412	0.5647058823529412	0.5647058823529412
G	O2'_1	218.385	126.978	252.771	1.0	0.050980392156862744	0.050980392156862744
G	C1'_1	219.609	124.975	253.245	0.5647058823529412	0.5647058823529412	0.5647058823529412
G	N9_1	220.47	124.028	252.537	0.18823529411764706	0.3137254901960784	0.9725490196078431
G	C8_1	220.348	122.659	252.48	0.5647058823529412	0.5647058823529412	0.5647058823529412
G	N7_1	221.275	122.089	251.756	0.18823529411764706	0.3137254901960784	0.9725490196078431
G	C5_1	222.058	123.145	251.308	0.5647058823529412	0.5647058823529412	0.5647058823529412
G	C6_1	223.21	123.148	250.479	0.5647058823529412	0.5647058823529412	0.5647058823529412
G	O6_1	223.791	122.183	249.966	1.0	0.050980392156862744	0.050980392156862744
G	N1_1	223.685	124.44	250.268	0.18823529411764706	0.3137254901960784	0.9725490196078431
G	C2_1	223.127	125.581	250.787	0.5647058823529412	0.5647058823529412	0.5647058823529412
G	N2_1	223.73	126.738	250.464	0.18823529411764706	0.3137254901960784	0.9725490196078431
G	N3_1	222.055	125.591	251.565	0.18823529411764706	0.3137254901960784	0.9725490196078431
G	C4_1	221.575	124.348	251.782	0.5647058823529412	0.5647058823529412	0.5647058823529412
C	P_2	232.089	124.417	244.764	1.0	0.5019607843137255	0.0
C	OP1_2	233.424	125.036	244.529	1.0	0.050980392156862744	0.050980392156862744
C	OP2_2	232.0	123.113	245.475	1.0	0.050980392156862744	0.050980392156862744
C	O5'_2	231.178	125.478	245.536	1.0	0.050980392156862744	0.050980392156862744
C	C5'_2	231.076	126.842	245.073	0.5647058823529412	0.5647058823529412	0.5647058823529412
C	C4'_2	229.914	127.554	245.744	0.5647058823529412	0.5647058823529412	0.5647058823529412
C	O4'_2	228.722	126.742	245.608	1.0	0.050980392156862744	0.050980392156862744
C	C3'_2	230.022	127.856	247.236	0.5647058823529412	0.5647058823529412	0.5647058823529412
C	O3'_2	230.838	129.043	247.387	1.0	0.050980392156862744	0.050980392156862744
C	C2'_2	228.553	127.958	247.654	0.5647058823529412	0.5647058823529412	0.5647058823529412
C	O2'_2	227.976	129.208	247.331	1.0	0.050980392156862744	0.050980392156862744
C	C1'_2	227.902	126.903	246.751	0.5647058823529412	0.5647058823529412	0.5647058823529412
C	N1_2	227.632	125.569	247.332	0.18823529411764706	0.3137254901960784	0.9725490196078431
C	C2_2	226.448	125.374	248.067	0.5647058823529412	0.5647058823529412	0.5647058823529412
C	O2_2	225.677	126.334	248.237	1.0	0.050980392156862744	0.050980392156862744
C	N3_2	226.174	124.148	248.566	0.18823529411764706	0.3137254901960784	0.9725490196078431
C	C4_2	227.025	123.137	248.36	0.5647058823529412	0.5647058823529412	0.5647058823529412
C	N4_2	226.708	121.943	248.862	0.18823529411764706	0.3137254901960784	0.9725490196078431
C	C5_2	228.239	123.306	247.629	0.5647058823529412	0.5647058823529412	0.5647058823529412
C	C6_2	228.502	124.527	247.142	0.5647058823529412	0.5647058823529412	0.5647058823529412
