G	P_1	178.317	207.97	218.825	1.0	0.5019607843137255	0.0
G	OP1_1	179.407	207.133	218.245	1.0	0.050980392156862744	0.050980392156862744
G	OP2_1	178.13	209.372	218.347	1.0	0.050980392156862744	0.050980392156862744
G	O5'_1	176.945	207.183	218.615	1.0	0.050980392156862744	0.050980392156862744
G	C5'_1	176.801	205.839	219.1	0.5647058823529412	0.5647058823529412	0.5647058823529412
G	C4'_1	175.364	205.383	218.998	0.5647058823529412	0.5647058823529412	0.5647058823529412
G	O4'_1	174.503	206.255	219.778	1.0	0.050980392156862744	0.050980392156862744
G	C3'_1	174.742	205.401	217.612	0.5647058823529412	0.5647058823529412	0.5647058823529412
G	O3'_1	175.149	204.254	216.856	1.0	0.050980392156862744	0.050980392156862744
G	C2'_1	173.246	205.408	217.934	0.5647058823529412	0.5647058823529412	0.5647058823529412
G	O2'_1	172.715	204.137	218.256	1.0	0.050980392156862744	0.050980392156862744
G	C1'_1	173.208	206.289	219.19	0.5647058823529412	0.5647058823529412	0.5647058823529412
G	N9_1	172.851	207.68	218.919	0.18823529411764706	0.3137254901960784	0.9725490196078431
G	C8_1	173.69	208.77	218.942	0.5647058823529412	0.5647058823529412	0.5647058823529412
G	N7_1	173.083	209.891	218.652	0.18823529411764706	0.3137254901960784	0.9725490196078431
G	C5_1	171.763	209.52	218.425	0.5647058823529412	0.5647058823529412	0.5647058823529412
G	C6_1	170.636	210.31	218.067	0.5647058823529412	0.5647058823529412	0.5647058823529412
G	O6_1	170.584	211.532	217.873	1.0	0.050980392156862744	0.050980392156862744
G	N1_1	169.484	209.535	217.939	0.18823529411764706	0.3137254901960784	0.9725490196078431
G	C2_1	169.423	208.174	218.131	0.5647058823529412	0.5647058823529412	0.5647058823529412
G	N2_1	168.21	207.61	217.97	0.18823529411764706	0.3137254901960784	0.9725490196078431
G	N3_1	170.472	207.423	218.459	0.18823529411764706	0.3137254901960784	0.9725490196078431
G	C4_1	171.6	208.159	218.589	0.5647058823529412	0.5647058823529412	0.5647058823529412
C	P_2	161.605	215.58	215.723	1.0	0.5019607843137255	0.0
C	OP1_2	160.875	216.84	216.049	1.0	0.050980392156862744	0.050980392156862744
C	OP2_2	163.066	215.478	216.018	1.0	0.050980392156862744	0.050980392156862744
C	O5'_2	160.849	214.37	216.439	1.0	0.050980392156862744	0.050980392156862744
C	C5'_2	161.363	213.771	217.646	0.5647058823529412	0.5647058823529412	0.5647058823529412
C	C4'_2	161.683	212.309	217.407	0.5647058823529412	0.5647058823529412	0.5647058823529412
C	O4'_2	162.708	212.202	216.38	1.0	0.050980392156862744	0.050980392156862744
C	C3'_2	162.244	211.561	218.61	0.5647058823529412	0.5647058823529412	0.5647058823529412
C	O3'_2	161.169	211.059	219.424	1.0	0.050980392156862744	0.050980392156862744
C	C2'_2	163.079	210.458	217.959	0.5647058823529412	0.5647058823529412	0.5647058823529412
C	O2'_2	162.311	209.359	217.513	1.0	0.050980392156862744	0.050980392156862744
C	C1'_2	163.639	211.186	216.73	0.5647058823529412	0.5647058823529412	0.5647058823529412
C	N1_2	164.962	211.82	216.919	0.18823529411764706	0.3137254901960784	0.9725490196078431
C	C2_2	166.119	211.012	216.945	0.5647058823529412	0.5647058823529412	0.5647058823529412
C	O2_2	166.003	209.778	216.838	1.0	0.050980392156862744	0.050980392156862744
C	N3_2	167.329	211.606	217.088	0.18823529411764706	0.3137254901960784	0.9725490196078431
C	C4_2	167.413	212.937	217.205	0.5647058823529412	0.5647058823529412	0.5647058823529412
C	N4_2	168.623	213.479	217.329	0.18823529411764706	0.3137254901960784	0.9725490196078431
C	C5_2	166.258	213.773	217.197	0.5647058823529412	0.5647058823529412	0.5647058823529412
C	C6_2	165.068	213.18	217.055	0.5647058823529412	0.5647058823529412	0.5647058823529412
