G	P_1	182.588	332.433	187.727	1.0	0.5019607843137255	0.0
G	OP1_1	182.606	333.493	188.775	1.0	0.050980392156862744	0.050980392156862744
G	OP2_1	183.261	332.679	186.42	1.0	0.050980392156862744	0.050980392156862744
G	O5'_1	183.189	331.101	188.367	1.0	0.050980392156862744	0.050980392156862744
G	C5'_1	184.615	330.894	188.463	0.5647058823529412	0.5647058823529412	0.5647058823529412
G	C4'_1	184.93	329.413	188.514	0.5647058823529412	0.5647058823529412	0.5647058823529412
G	O4'_1	184.288	328.736	187.4	1.0	0.050980392156862744	0.050980392156862744
G	C3'_1	186.405	329.057	188.375	0.5647058823529412	0.5647058823529412	0.5647058823529412
G	O3'_1	187.072	329.142	189.634	1.0	0.050980392156862744	0.050980392156862744
G	C2'_1	186.358	327.627	187.842	0.5647058823529412	0.5647058823529412	0.5647058823529412
G	O2'_1	186.155	326.66	188.856	1.0	0.050980392156862744	0.050980392156862744
G	C1'_1	185.116	327.678	186.944	0.5647058823529412	0.5647058823529412	0.5647058823529412
G	N9_1	185.36	327.863	185.514	0.18823529411764706	0.3137254901960784	0.9725490196078431
G	C8_1	184.826	328.842	184.703	0.5647058823529412	0.5647058823529412	0.5647058823529412
G	N7_1	185.179	328.721	183.451	0.18823529411764706	0.3137254901960784	0.9725490196078431
G	C5_1	186.003	327.604	183.432	0.5647058823529412	0.5647058823529412	0.5647058823529412
G	C6_1	186.677	326.983	182.352	0.5647058823529412	0.5647058823529412	0.5647058823529412
G	O6_1	186.67	327.302	181.157	1.0	0.050980392156862744	0.050980392156862744
G	N1_1	187.414	325.878	182.773	0.18823529411764706	0.3137254901960784	0.9725490196078431
G	C2_1	187.492	325.428	184.065	0.5647058823529412	0.5647058823529412	0.5647058823529412
G	N2_1	188.257	324.346	184.268	0.18823529411764706	0.3137254901960784	0.9725490196078431
G	N3_1	186.864	325.996	185.086	0.18823529411764706	0.3137254901960784	0.9725490196078431
G	C4_1	186.14	327.071	184.699	0.5647058823529412	0.5647058823529412	0.5647058823529412
C	P_2	190.045	320.716	174.954	1.0	0.5019607843137255	0.0
C	OP1_2	190.285	319.421	174.256	1.0	0.050980392156862744	0.050980392156862744
C	OP2_2	188.867	321.541	174.579	1.0	0.050980392156862744	0.050980392156862744
C	O5'_2	189.975	320.448	176.526	1.0	0.050980392156862744	0.050980392156862744
C	C5'_2	190.89	319.535	177.178	0.5647058823529412	0.5647058823529412	0.5647058823529412
C	C4'_2	190.81	319.702	178.682	0.5647058823529412	0.5647058823529412	0.5647058823529412
C	O4'_2	191.162	321.073	179.015	1.0	0.050980392156862744	0.050980392156862744
C	C3'_2	189.43	319.508	179.302	0.5647058823529412	0.5647058823529412	0.5647058823529412
C	O3'_2	189.14	318.133	179.558	1.0	0.050980392156862744	0.050980392156862744
C	C2'_2	189.525	320.332	180.579	0.5647058823529412	0.5647058823529412	0.5647058823529412
C	O2'_2	190.215	319.666	181.616	1.0	0.050980392156862744	0.050980392156862744
C	C1'_2	190.361	321.523	180.1	0.5647058823529412	0.5647058823529412	0.5647058823529412
C	N1_2	189.547	322.67	179.644	0.18823529411764706	0.3137254901960784	0.9725490196078431
C	C2_2	189.191	323.665	180.572	0.5647058823529412	0.5647058823529412	0.5647058823529412
C	O2_2	189.591	323.57	181.745	1.0	0.050980392156862744	0.050980392156862744
C	N3_2	188.423	324.702	180.159	0.18823529411764706	0.3137254901960784	0.9725490196078431
C	C4_2	188.02	324.773	178.885	0.5647058823529412	0.5647058823529412	0.5647058823529412
C	N4_2	187.26	325.807	178.526	0.18823529411764706	0.3137254901960784	0.9725490196078431
C	C5_2	188.379	323.784	177.922	0.5647058823529412	0.5647058823529412	0.5647058823529412
C	C6_2	189.134	322.763	178.34	0.5647058823529412	0.5647058823529412	0.5647058823529412
