C	P_1	137.298	198.791	261.281	1.0	0.5019607843137255	0.0
C	OP1_1	137.34	197.965	262.522	1.0	0.050980392156862744	0.050980392156862744
C	OP2_1	136.009	198.957	260.557	1.0	0.050980392156862744	0.050980392156862744
C	O5'_1	137.863	200.246	261.628	1.0	0.050980392156862744	0.050980392156862744
C	C5'_1	139.119	200.416	262.326	0.5647058823529412	0.5647058823529412	0.5647058823529412
C	C4'_1	139.234	201.82	262.898	0.5647058823529412	0.5647058823529412	0.5647058823529412
C	O4'_1	139.35	202.787	261.813	1.0	0.050980392156862744	0.050980392156862744
C	C3'_1	138.091	202.312	263.793	0.5647058823529412	0.5647058823529412	0.5647058823529412
C	O3'_1	138.618	203.102	264.867	1.0	0.050980392156862744	0.050980392156862744
C	C2'_1	137.275	203.187	262.837	0.5647058823529412	0.5647058823529412	0.5647058823529412
C	O2'_1	136.508	204.187	263.482	1.0	0.050980392156862744	0.050980392156862744
C	C1'_1	138.382	203.808	261.985	0.5647058823529412	0.5647058823529412	0.5647058823529412
C	N1_1	137.966	204.305	260.655	0.18823529411764706	0.3137254901960784	0.9725490196078431
C	C2_1	138.278	205.634	260.305	0.5647058823529412	0.5647058823529412	0.5647058823529412
C	O2_1	138.883	206.351	261.124	1.0	0.050980392156862744	0.050980392156862744
C	N3_1	137.915	206.1	259.087	0.18823529411764706	0.3137254901960784	0.9725490196078431
C	C4_1	137.266	205.302	258.234	0.5647058823529412	0.5647058823529412	0.5647058823529412
C	N4_1	136.936	205.803	257.041	0.18823529411764706	0.3137254901960784	0.9725490196078431
C	C5_1	136.929	203.952	258.565	0.5647058823529412	0.5647058823529412	0.5647058823529412
C	C6_1	137.295	203.5	259.773	0.5647058823529412	0.5647058823529412	0.5647058823529412
G	P_2	138.615	215.539	254.685	1.0	0.5019607843137255	0.0
G	OP1_2	139.072	216.783	254.002	1.0	0.050980392156862744	0.050980392156862744
G	OP2_2	138.182	214.369	253.866	1.0	0.050980392156862744	0.050980392156862744
G	O5'_2	139.789	215.051	255.653	1.0	0.050980392156862744	0.050980392156862744
G	C5'_2	140.623	215.997	256.377	0.5647058823529412	0.5647058823529412	0.5647058823529412
G	C4'_2	141.71	215.262	257.14	0.5647058823529412	0.5647058823529412	0.5647058823529412
G	O4'_2	141.08	214.247	257.971	1.0	0.050980392156862744	0.050980392156862744
G	C3'_2	142.718	214.493	256.288	0.5647058823529412	0.5647058823529412	0.5647058823529412
G	O3'_2	143.795	215.337	255.857	1.0	0.050980392156862744	0.050980392156862744
G	C2'_2	143.165	213.372	257.224	0.5647058823529412	0.5647058823529412	0.5647058823529412
G	O2'_2	144.136	213.777	258.17	1.0	0.050980392156862744	0.050980392156862744
G	C1'_2	141.859	213.061	257.961	0.5647058823529412	0.5647058823529412	0.5647058823529412
G	N9_2	141.056	211.998	257.358	0.18823529411764706	0.3137254901960784	0.9725490196078431
G	C8_2	140.524	211.969	256.087	0.5647058823529412	0.5647058823529412	0.5647058823529412
G	N7_2	139.828	210.89	255.846	0.18823529411764706	0.3137254901960784	0.9725490196078431
G	C5_2	139.907	210.159	257.024	0.5647058823529412	0.5647058823529412	0.5647058823529412
G	C6_2	139.343	208.899	257.365	0.5647058823529412	0.5647058823529412	0.5647058823529412
G	O6_2	138.638	208.155	256.669	1.0	0.050980392156862744	0.050980392156862744
G	N1_2	139.672	208.527	258.668	0.18823529411764706	0.3137254901960784	0.9725490196078431
G	C2_2	140.444	209.267	259.532	0.5647058823529412	0.5647058823529412	0.5647058823529412
G	N2_2	140.655	208.734	260.748	0.18823529411764706	0.3137254901960784	0.9725490196078431
G	N3_2	140.974	210.443	259.228	0.18823529411764706	0.3137254901960784	0.9725490196078431
G	C4_2	140.666	210.826	257.966	0.5647058823529412	0.5647058823529412	0.5647058823529412
