C	P_1	263.079	155.147	236.69	1.0	0.5019607843137255	0.0
C	OP1_1	264.455	154.887	237.201	1.0	0.050980392156862744	0.050980392156862744
C	OP2_1	261.914	154.982	237.602	1.0	0.050980392156862744	0.050980392156862744
C	O5'_1	263.037	156.623	236.088	1.0	0.050980392156862744	0.050980392156862744
C	C5'_1	264.068	157.092	235.19	0.5647058823529412	0.5647058823529412	0.5647058823529412
C	C4'_1	263.821	158.534	234.81	0.5647058823529412	0.5647058823529412	0.5647058823529412
C	O4'_1	262.625	158.628	233.991	1.0	0.050980392156862744	0.050980392156862744
C	C3'_1	263.556	159.486	235.969	0.5647058823529412	0.5647058823529412	0.5647058823529412
C	O3'_1	264.758	159.912	236.602	1.0	0.050980392156862744	0.050980392156862744
C	C2'_1	262.798	160.616	235.289	0.5647058823529412	0.5647058823529412	0.5647058823529412
C	O2'_1	263.646	161.482	234.563	1.0	0.050980392156862744	0.050980392156862744
C	C1'_1	261.929	159.828	234.303	0.5647058823529412	0.5647058823529412	0.5647058823529412
C	N1_1	260.611	159.471	234.862	0.18823529411764706	0.3137254901960784	0.9725490196078431
C	C2_1	259.554	160.385	234.748	0.5647058823529412	0.5647058823529412	0.5647058823529412
C	O2_1	259.751	161.471	234.177	1.0	0.050980392156862744	0.050980392156862744
C	N3_1	258.348	160.059	235.264	0.18823529411764706	0.3137254901960784	0.9725490196078431
C	C4_1	258.179	158.882	235.874	0.5647058823529412	0.5647058823529412	0.5647058823529412
C	N4_1	256.975	158.604	236.372	0.18823529411764706	0.3137254901960784	0.9725490196078431
C	C5_1	259.235	157.939	236.001	0.5647058823529412	0.5647058823529412	0.5647058823529412
C	C6_1	260.419	158.269	235.488	0.5647058823529412	0.5647058823529412	0.5647058823529412
G	P_2	249.307	165.954	238.936	1.0	0.5019607843137255	0.0
G	OP1_2	248.211	166.963	238.85	1.0	0.050980392156862744	0.050980392156862744
G	OP2_2	248.988	164.514	238.731	1.0	0.050980392156862744	0.050980392156862744
G	O5'_2	250.443	166.354	237.886	1.0	0.050980392156862744	0.050980392156862744
G	C5'_2	250.672	167.734	237.523	0.5647058823529412	0.5647058823529412	0.5647058823529412
G	C4'_2	251.964	167.868	236.743	0.5647058823529412	0.5647058823529412	0.5647058823529412
G	O4'_2	253.056	167.332	237.545	1.0	0.050980392156862744	0.050980392156862744
G	C3'_2	252.066	167.089	235.436	0.5647058823529412	0.5647058823529412	0.5647058823529412
G	O3'_2	251.433	167.736	234.333	1.0	0.050980392156862744	0.050980392156862744
G	C2'_2	253.573	166.977	235.255	0.5647058823529412	0.5647058823529412	0.5647058823529412
G	O2'_2	254.175	168.167	234.787	1.0	0.050980392156862744	0.050980392156862744
G	C1'_2	254.01	166.703	236.694	0.5647058823529412	0.5647058823529412	0.5647058823529412
G	N9_2	254.002	165.268	236.972	0.18823529411764706	0.3137254901960784	0.9725490196078431
G	C8_2	253.01	164.544	237.598	0.5647058823529412	0.5647058823529412	0.5647058823529412
G	N7_2	253.276	163.267	237.674	0.18823529411764706	0.3137254901960784	0.9725490196078431
G	C5_2	254.522	163.137	237.069	0.5647058823529412	0.5647058823529412	0.5647058823529412
G	C6_2	255.326	161.984	236.856	0.5647058823529412	0.5647058823529412	0.5647058823529412
G	O6_2	255.084	160.811	237.164	1.0	0.050980392156862744	0.050980392156862744
G	N1_2	256.521	162.302	236.213	0.18823529411764706	0.3137254901960784	0.9725490196078431
G	C2_2	256.896	163.564	235.821	0.5647058823529412	0.5647058823529412	0.5647058823529412
G	N2_2	258.096	163.665	235.219	0.18823529411764706	0.3137254901960784	0.9725490196078431
G	N3_2	256.152	164.65	236.007	0.18823529411764706	0.3137254901960784	0.9725490196078431
G	C4_2	254.987	164.363	236.635	0.5647058823529412	0.5647058823529412	0.5647058823529412
