C	P_1	216.09	220.871	238.542	1.0	0.5019607843137255	0.0
C	OP1_1	214.712	221.325	238.189	1.0	0.050980392156862744	0.050980392156862744
C	OP2_1	216.614	221.121	239.913	1.0	0.050980392156862744	0.050980392156862744
C	O5'_1	216.182	219.304	238.25	1.0	0.050980392156862744	0.050980392156862744
C	C5'_1	216.022	218.791	236.912	0.5647058823529412	0.5647058823529412	0.5647058823529412
C	C4'_1	217.132	217.818	236.587	0.5647058823529412	0.5647058823529412	0.5647058823529412
C	O4'_1	218.355	218.334	237.158	1.0	0.050980392156862744	0.050980392156862744
C	C3'_1	217.031	216.42	237.189	0.5647058823529412	0.5647058823529412	0.5647058823529412
C	O3'_1	216.197	215.634	236.318	1.0	0.050980392156862744	0.050980392156862744
C	C2'_1	218.489	215.946	237.173	0.5647058823529412	0.5647058823529412	0.5647058823529412
C	O2'_1	218.866	215.397	235.926	1.0	0.050980392156862744	0.050980392156862744
C	C1'_1	219.255	217.264	237.355	0.5647058823529412	0.5647058823529412	0.5647058823529412
C	N1_1	220.005	217.483	238.608	0.18823529411764706	0.3137254901960784	0.9725490196078431
C	C2_1	221.369	217.112	238.652	0.5647058823529412	0.5647058823529412	0.5647058823529412
C	O2_1	221.882	216.571	237.654	1.0	0.050980392156862744	0.050980392156862744
C	N3_1	222.086	217.352	239.776	0.18823529411764706	0.3137254901960784	0.9725490196078431
C	C4_1	221.499	217.927	240.832	0.5647058823529412	0.5647058823529412	0.5647058823529412
C	N4_1	222.251	218.156	241.918	0.18823529411764706	0.3137254901960784	0.9725490196078431
C	C5_1	220.113	218.296	240.823	0.5647058823529412	0.5647058823529412	0.5647058823529412
C	C6_1	219.41	218.055	239.702	0.5647058823529412	0.5647058823529412	0.5647058823529412
G	P_2	225.828	210.499	243.453	1.0	0.5019607843137255	0.0
G	OP1_2	225.202	209.148	243.518	1.0	0.050980392156862744	0.050980392156862744
G	OP2_2	225.836	211.365	244.669	1.0	0.050980392156862744	0.050980392156862744
G	O5'_2	227.342	210.315	242.984	1.0	0.050980392156862744	0.050980392156862744
G	C5'_2	227.688	209.4	241.919	0.5647058823529412	0.5647058823529412	0.5647058823529412
G	C4'_2	228.441	210.131	240.824	0.5647058823529412	0.5647058823529412	0.5647058823529412
G	O4'_2	227.563	211.111	240.204	1.0	0.050980392156862744	0.050980392156862744
G	C3'_2	229.644	210.941	241.281	0.5647058823529412	0.5647058823529412	0.5647058823529412
G	O3'_2	230.796	210.12	241.385	1.0	0.050980392156862744	0.050980392156862744
G	C2'_2	229.773	211.983	240.178	0.5647058823529412	0.5647058823529412	0.5647058823529412
G	O2'_2	230.36	211.454	239.004	1.0	0.050980392156862744	0.050980392156862744
G	C1'_2	228.301	212.285	239.888	0.5647058823529412	0.5647058823529412	0.5647058823529412
G	N9_2	227.72	213.385	240.656	0.18823529411764706	0.3137254901960784	0.9725490196078431
G	C8_2	228.13	213.875	241.879	0.5647058823529412	0.5647058823529412	0.5647058823529412
G	N7_2	227.35	214.82	242.34	0.18823529411764706	0.3137254901960784	0.9725490196078431
G	C5_2	226.374	214.971	241.359	0.5647058823529412	0.5647058823529412	0.5647058823529412
G	C6_2	225.236	215.833	241.309	0.5647058823529412	0.5647058823529412	0.5647058823529412
G	O6_2	224.843	216.647	242.161	1.0	0.050980392156862744	0.050980392156862744
G	N1_2	224.521	215.667	240.121	0.18823529411764706	0.3137254901960784	0.9725490196078431
G	C2_2	224.848	214.782	239.117	0.5647058823529412	0.5647058823529412	0.5647058823529412
G	N2_2	224.039	214.778	238.039	0.18823529411764706	0.3137254901960784	0.9725490196078431
G	N3_2	225.893	213.962	239.162	0.18823529411764706	0.3137254901960784	0.9725490196078431
G	C4_2	226.604	214.109	240.302	0.5647058823529412	0.5647058823529412	0.5647058823529412
