G	P_1	87.742	195.299	195.786	1.0	0.5019607843137255	0.0
G	OP1_1	88.464	196.235	194.879	1.0	0.050980392156862744	0.050980392156862744
G	OP2_1	86.98	195.842	196.943	1.0	0.050980392156862744	0.050980392156862744
G	O5'_1	86.759	194.409	194.905	1.0	0.050980392156862744	0.050980392156862744
G	C5'_1	87.236	193.737	193.721	0.5647058823529412	0.5647058823529412	0.5647058823529412
G	C4'_1	86.225	192.72	193.25	0.5647058823529412	0.5647058823529412	0.5647058823529412
G	O4'_1	86.141	191.629	194.204	1.0	0.050980392156862744	0.050980392156862744
G	C3'_1	84.793	193.216	193.123	0.5647058823529412	0.5647058823529412	0.5647058823529412
G	O3'_1	84.594	193.904	191.885	1.0	0.050980392156862744	0.050980392156862744
G	C2'_1	83.997	191.915	193.201	0.5647058823529412	0.5647058823529412	0.5647058823529412
G	O2'_1	83.989	191.21	191.977	1.0	0.050980392156862744	0.050980392156862744
G	C1'_1	84.821	191.109	194.214	0.5647058823529412	0.5647058823529412	0.5647058823529412
G	N9_1	84.314	191.14	195.583	0.18823529411764706	0.3137254901960784	0.9725490196078431
G	C8_1	84.764	191.923	196.619	0.5647058823529412	0.5647058823529412	0.5647058823529412
G	N7_1	84.103	191.74	197.729	0.18823529411764706	0.3137254901960784	0.9725490196078431
G	C5_1	83.16	190.775	197.412	0.5647058823529412	0.5647058823529412	0.5647058823529412
G	C6_1	82.148	190.183	198.214	0.5647058823529412	0.5647058823529412	0.5647058823529412
G	O6_1	81.876	190.406	199.4	1.0	0.050980392156862744	0.050980392156862744
G	N1_1	81.409	189.246	197.496	0.18823529411764706	0.3137254901960784	0.9725490196078431
G	C2_1	81.614	188.92	196.174	0.5647058823529412	0.5647058823529412	0.5647058823529412
G	N2_1	80.794	187.983	195.661	0.18823529411764706	0.3137254901960784	0.9725490196078431
G	N3_1	82.552	189.472	195.412	0.18823529411764706	0.3137254901960784	0.9725490196078431
G	C4_1	83.281	190.386	196.092	0.5647058823529412	0.5647058823529412	0.5647058823529412
C	P_2	87.601	187.29	188.449	1.0	0.5019607843137255	0.0
C	OP1_2	89.063	187.038	188.602	1.0	0.050980392156862744	0.050980392156862744
C	OP2_2	86.835	186.55	187.414	1.0	0.050980392156862744	0.050980392156862744
C	O5'_2	86.889	187.033	189.854	1.0	0.050980392156862744	0.050980392156862744
C	C5'_2	87.564	187.316	191.1	0.5647058823529412	0.5647058823529412	0.5647058823529412
C	C4'_2	86.691	186.926	192.277	0.5647058823529412	0.5647058823529412	0.5647058823529412
C	O4'_2	85.462	187.699	192.244	1.0	0.050980392156862744	0.050980392156862744
C	C3'_2	86.216	185.481	192.312	0.5647058823529412	0.5647058823529412	0.5647058823529412
C	O3'_2	87.199	184.609	192.864	1.0	0.050980392156862744	0.050980392156862744
C	C2'_2	84.977	185.573	193.191	0.5647058823529412	0.5647058823529412	0.5647058823529412
C	O2'_2	85.284	185.659	194.566	1.0	0.050980392156862744	0.050980392156862744
C	C1'_2	84.389	186.908	192.733	0.5647058823529412	0.5647058823529412	0.5647058823529412
C	N1_2	83.387	186.752	191.662	0.18823529411764706	0.3137254901960784	0.9725490196078431
C	C2_2	82.051	186.512	192.019	0.5647058823529412	0.5647058823529412	0.5647058823529412
C	O2_2	81.745	186.462	193.224	1.0	0.050980392156862744	0.050980392156862744
C	N3_2	81.131	186.345	191.043	0.18823529411764706	0.3137254901960784	0.9725490196078431
C	C4_2	81.498	186.414	189.76	0.5647058823529412	0.5647058823529412	0.5647058823529412
C	N4_2	80.562	186.227	188.832	0.18823529411764706	0.3137254901960784	0.9725490196078431
C	C5_2	82.843	186.671	189.371	0.5647058823529412	0.5647058823529412	0.5647058823529412
C	C6_2	83.745	186.832	190.343	0.5647058823529412	0.5647058823529412	0.5647058823529412
