C	P_1	138.771	235.508	196.234	1.0	0.5019607843137255	0.0
C	OP1_1	137.522	235.33	197.024	1.0	0.050980392156862744	0.050980392156862744
C	OP2_1	139.589	234.317	195.873	1.0	0.050980392156862744	0.050980392156862744
C	O5'_1	138.404	236.282	194.885	1.0	0.050980392156862744	0.050980392156862744
C	C5'_1	137.825	235.575	193.763	0.5647058823529412	0.5647058823529412	0.5647058823529412
C	C4'_1	137.449	236.539	192.655	0.5647058823529412	0.5647058823529412	0.5647058823529412
C	O4'_1	138.591	237.376	192.31	1.0	0.050980392156862744	0.050980392156862744
C	C3'_1	137.044	235.868	191.345	0.5647058823529412	0.5647058823529412	0.5647058823529412
C	O3'_1	135.675	235.461	191.332	1.0	0.050980392156862744	0.050980392156862744
C	C2'_1	137.388	236.936	190.312	0.5647058823529412	0.5647058823529412	0.5647058823529412
C	O2'_1	136.434	237.98	190.231	1.0	0.050980392156862744	0.050980392156862744
C	C1'_1	138.703	237.475	190.891	0.5647058823529412	0.5647058823529412	0.5647058823529412
C	N1_1	139.877	236.672	190.469	0.18823529411764706	0.3137254901960784	0.9725490196078431
C	C2_1	140.385	236.824	189.163	0.5647058823529412	0.5647058823529412	0.5647058823529412
C	O2_1	139.854	237.649	188.397	1.0	0.050980392156862744	0.050980392156862744
C	N3_1	141.44	236.066	188.781	0.18823529411764706	0.3137254901960784	0.9725490196078431
C	C4_1	141.99	235.195	189.642	0.5647058823529412	0.5647058823529412	0.5647058823529412
C	N4_1	143.027	234.462	189.225	0.18823529411764706	0.3137254901960784	0.9725490196078431
C	C5_1	141.502	235.036	190.97	0.5647058823529412	0.5647058823529412	0.5647058823529412
C	C6_1	140.459	235.783	191.337	0.5647058823529412	0.5647058823529412	0.5647058823529412
G	P_2	146.857	235.655	176.931	1.0	0.5019607843137255	0.0
G	OP1_2	147.627	236.185	175.769	1.0	0.050980392156862744	0.050980392156862744
G	OP2_2	147.567	234.897	177.999	1.0	0.050980392156862744	0.050980392156862744
G	O5'_2	146.067	236.865	177.605	1.0	0.050980392156862744	0.050980392156862744
G	C5'_2	146.504	237.45	178.849	0.5647058823529412	0.5647058823529412	0.5647058823529412
G	C4'_2	145.332	238.1	179.545	0.5647058823529412	0.5647058823529412	0.5647058823529412
G	O4'_2	144.372	237.074	179.929	1.0	0.050980392156862744	0.050980392156862744
G	C3'_2	145.62	238.81	180.858	0.5647058823529412	0.5647058823529412	0.5647058823529412
G	O3'_2	146.166	240.112	180.671	1.0	0.050980392156862744	0.050980392156862744
G	C2'_2	144.235	238.863	181.485	0.5647058823529412	0.5647058823529412	0.5647058823529412
G	O2'_2	143.409	239.856	180.903	1.0	0.050980392156862744	0.050980392156862744
G	C1'_2	143.702	237.474	181.119	0.5647058823529412	0.5647058823529412	0.5647058823529412
G	N9_2	143.984	236.506	182.179	0.18823529411764706	0.3137254901960784	0.9725490196078431
G	C8_2	144.896	235.474	182.164	0.5647058823529412	0.5647058823529412	0.5647058823529412
G	N7_2	144.926	234.799	183.285	0.18823529411764706	0.3137254901960784	0.9725490196078431
G	C5_2	143.974	235.42	184.087	0.5647058823529412	0.5647058823529412	0.5647058823529412
G	C6_2	143.559	235.133	185.422	0.5647058823529412	0.5647058823529412	0.5647058823529412
G	O6_2	143.96	234.242	186.181	1.0	0.050980392156862744	0.050980392156862744
G	N1_2	142.568	236.016	185.85	0.18823529411764706	0.3137254901960784	0.9725490196078431
G	C2_2	142.038	237.039	185.096	0.5647058823529412	0.5647058823529412	0.5647058823529412
G	N2_2	141.079	237.779	185.684	0.18823529411764706	0.3137254901960784	0.9725490196078431
G	N3_2	142.418	237.317	183.854	0.18823529411764706	0.3137254901960784	0.9725490196078431
G	C4_2	143.38	236.472	183.417	0.5647058823529412	0.5647058823529412	0.5647058823529412
