C	P_1	191.945	300.088	171.256	1.0	0.5019607843137255	0.0
C	OP1_1	190.858	301.08	171.029	1.0	0.050980392156862744	0.050980392156862744
C	OP2_1	192.507	299.341	170.101	1.0	0.050980392156862744	0.050980392156862744
C	O5'_1	193.142	300.82	172.01	1.0	0.050980392156862744	0.050980392156862744
C	C5'_1	192.884	301.863	172.967	0.5647058823529412	0.5647058823529412	0.5647058823529412
C	C4'_1	194.185	302.411	173.506	0.5647058823529412	0.5647058823529412	0.5647058823529412
C	O4'_1	194.871	301.374	174.254	1.0	0.050980392156862744	0.050980392156862744
C	C3'_1	195.21	302.87	172.474	0.5647058823529412	0.5647058823529412	0.5647058823529412
C	O3'_1	194.941	304.197	172.012	1.0	0.050980392156862744	0.050980392156862744
C	C2'_1	196.512	302.794	173.264	0.5647058823529412	0.5647058823529412	0.5647058823529412
C	O2'_1	196.698	303.907	174.115	1.0	0.050980392156862744	0.050980392156862744
C	C1'_1	196.276	301.544	174.121	0.5647058823529412	0.5647058823529412	0.5647058823529412
C	N1_1	196.855	300.311	173.549	0.18823529411764706	0.3137254901960784	0.9725490196078431
C	C2_1	198.123	299.879	173.998	0.5647058823529412	0.5647058823529412	0.5647058823529412
C	O2_1	198.723	300.549	174.864	1.0	0.050980392156862744	0.050980392156862744
C	N3_1	198.653	298.748	173.476	0.18823529411764706	0.3137254901960784	0.9725490196078431
C	C4_1	197.978	298.056	172.551	0.5647058823529412	0.5647058823529412	0.5647058823529412
C	N4_1	198.538	296.944	172.069	0.18823529411764706	0.3137254901960784	0.9725490196078431
C	C5_1	196.698	298.472	172.078	0.5647058823529412	0.5647058823529412	0.5647058823529412
C	C6_1	196.18	299.592	172.598	0.5647058823529412	0.5647058823529412	0.5647058823529412
G	P_2	209.082	293.44	175.414	1.0	0.5019607843137255	0.0
G	OP1_2	210.125	293.024	176.396	1.0	0.050980392156862744	0.050980392156862744
G	OP2_2	208.032	292.472	175.006	1.0	0.050980392156862744	0.050980392156862744
G	O5'_2	208.361	294.749	175.968	1.0	0.050980392156862744	0.050980392156862744
G	C5'_2	209.13	295.871	176.438	0.5647058823529412	0.5647058823529412	0.5647058823529412
G	C4'_2	208.219	297.026	176.789	0.5647058823529412	0.5647058823529412	0.5647058823529412
G	O4'_2	207.544	297.505	175.592	1.0	0.050980392156862744	0.050980392156862744
G	C3'_2	207.074	296.737	177.751	0.5647058823529412	0.5647058823529412	0.5647058823529412
G	O3'_2	207.498	296.722	179.114	1.0	0.050980392156862744	0.050980392156862744
G	C2'_2	206.126	297.896	177.464	0.5647058823529412	0.5647058823529412	0.5647058823529412
G	O2'_2	206.535	299.095	178.087	1.0	0.050980392156862744	0.050980392156862744
G	C1'_2	206.277	298.043	175.948	0.5647058823529412	0.5647058823529412	0.5647058823529412
G	N9_2	205.231	297.356	175.193	0.18823529411764706	0.3137254901960784	0.9725490196078431
G	C8_2	205.347	296.186	174.477	0.5647058823529412	0.5647058823529412	0.5647058823529412
G	N7_2	204.233	295.826	173.897	0.18823529411764706	0.3137254901960784	0.9725490196078431
G	C5_2	203.323	296.813	174.252	0.5647058823529412	0.5647058823529412	0.5647058823529412
G	C6_2	201.948	296.958	173.917	0.5647058823529412	0.5647058823529412	0.5647058823529412
G	O6_2	201.245	296.22	173.217	1.0	0.050980392156862744	0.050980392156862744
G	N1_2	201.398	298.104	174.488	0.18823529411764706	0.3137254901960784	0.9725490196078431
G	C2_2	202.08	298.999	175.281	0.5647058823529412	0.5647058823529412	0.5647058823529412
G	N2_2	201.375	300.052	175.733	0.18823529411764706	0.3137254901960784	0.9725490196078431
G	N3_2	203.364	298.873	175.606	0.18823529411764706	0.3137254901960784	0.9725490196078431
G	C4_2	203.919	297.765	175.056	0.5647058823529412	0.5647058823529412	0.5647058823529412
