G	P_1	182.194	146.914	192.05	1.0	0.5019607843137255	0.0
G	OP1_1	181.205	146.023	192.719	1.0	0.050980392156862744	0.050980392156862744
G	OP2_1	181.921	148.375	191.967	1.0	0.050980392156862744	0.050980392156862744
G	O5'_1	183.615	146.705	192.747	1.0	0.050980392156862744	0.050980392156862744
G	C5'_1	184.212	145.391	192.822	0.5647058823529412	0.5647058823529412	0.5647058823529412
G	C4'_1	185.416	145.392	193.744	0.5647058823529412	0.5647058823529412	0.5647058823529412
G	O4'_1	186.522	146.109	193.121	1.0	0.050980392156862744	0.050980392156862744
G	C3'_1	185.247	145.988	195.145	0.5647058823529412	0.5647058823529412	0.5647058823529412
G	O3'_1	185.972	145.192	196.096	1.0	0.050980392156862744	0.050980392156862744
G	C2'_1	185.902	147.365	194.998	0.5647058823529412	0.5647058823529412	0.5647058823529412
G	O2'_1	186.39	147.886	196.221	1.0	0.050980392156862744	0.050980392156862744
G	C1'_1	187.051	147.044	194.039	0.5647058823529412	0.5647058823529412	0.5647058823529412
G	N9_1	187.624	148.165	193.291	0.18823529411764706	0.3137254901960784	0.9725490196078431
G	C8_1	186.961	149.115	192.543	0.5647058823529412	0.5647058823529412	0.5647058823529412
G	N7_1	187.765	149.988	191.992	0.18823529411764706	0.3137254901960784	0.9725490196078431
G	C5_1	189.035	149.594	192.397	0.5647058823529412	0.5647058823529412	0.5647058823529412
G	C6_1	190.317	150.159	192.115	0.5647058823529412	0.5647058823529412	0.5647058823529412
G	O6_1	190.593	151.153	191.428	1.0	0.050980392156862744	0.050980392156862744
G	N1_1	191.338	149.443	192.731	0.18823529411764706	0.3137254901960784	0.9725490196078431
G	C2_1	191.159	148.33	193.517	0.5647058823529412	0.5647058823529412	0.5647058823529412
G	N2_1	192.272	147.784	194.028	0.18823529411764706	0.3137254901960784	0.9725490196078431
G	N3_1	189.977	147.792	193.785	0.18823529411764706	0.3137254901960784	0.9725490196078431
G	C4_1	188.967	148.471	193.198	0.5647058823529412	0.5647058823529412	0.5647058823529412
C	P_2	201.609	151.87	192.125	1.0	0.5019607843137255	0.0
C	OP1_2	202.927	151.176	191.926	1.0	0.050980392156862744	0.050980392156862744
C	OP2_2	200.924	152.486	190.954	1.0	0.050980392156862744	0.050980392156862744
C	O5'_2	200.588	150.841	192.786	1.0	0.050980392156862744	0.050980392156862744
C	C5'_2	201.032	149.876	193.756	0.5647058823529412	0.5647058823529412	0.5647058823529412
C	C4'_2	199.943	148.864	194.018	0.5647058823529412	0.5647058823529412	0.5647058823529412
C	O4'_2	198.757	149.569	194.463	1.0	0.050980392156862744	0.050980392156862744
C	C3'_2	199.481	148.056	192.81	0.5647058823529412	0.5647058823529412	0.5647058823529412
C	O3'_2	200.324	146.905	192.63	1.0	0.050980392156862744	0.050980392156862744
C	C2'_2	198.065	147.648	193.217	0.5647058823529412	0.5647058823529412	0.5647058823529412
C	O2'_2	198.034	146.528	194.083	1.0	0.050980392156862744	0.050980392156862744
C	C1'_2	197.606	148.87	194.023	0.5647058823529412	0.5647058823529412	0.5647058823529412
C	N1_2	196.678	149.815	193.356	0.18823529411764706	0.3137254901960784	0.9725490196078431
C	C2_2	195.308	149.48	193.279	0.5647058823529412	0.5647058823529412	0.5647058823529412
C	O2_2	194.922	148.392	193.745	1.0	0.050980392156862744	0.050980392156862744
C	N3_2	194.445	150.349	192.701	0.18823529411764706	0.3137254901960784	0.9725490196078431
C	C4_2	194.893	151.506	192.206	0.5647058823529412	0.5647058823529412	0.5647058823529412
C	N4_2	194.001	152.331	191.646	0.18823529411764706	0.3137254901960784	0.9725490196078431
C	C5_2	196.277	151.868	192.261	0.5647058823529412	0.5647058823529412	0.5647058823529412
C	C6_2	197.125	151.0	192.836	0.5647058823529412	0.5647058823529412	0.5647058823529412
