G	P_1	178.145	267.757	187.087	1.0	0.5019607843137255	0.0
G	OP1_1	177.51	266.463	186.694	1.0	0.050980392156862744	0.050980392156862744
G	OP2_1	177.29	268.874	187.577	1.0	0.050980392156862744	0.050980392156862744
G	O5'_1	179.261	267.435	188.188	1.0	0.050980392156862744	0.050980392156862744
G	C5'_1	180.249	266.397	187.964	0.5647058823529412	0.5647058823529412	0.5647058823529412
G	C4'_1	181.118	266.192	189.197	0.5647058823529412	0.5647058823529412	0.5647058823529412
G	O4'_1	181.781	267.444	189.536	1.0	0.050980392156862744	0.050980392156862744
G	C3'_1	180.435	265.713	190.48	0.5647058823529412	0.5647058823529412	0.5647058823529412
G	O3'_1	181.337	264.883	191.23	1.0	0.050980392156862744	0.050980392156862744
G	C2'_1	180.207	267.024	191.232	0.5647058823529412	0.5647058823529412	0.5647058823529412
G	O2'_1	180.11	266.847	192.633	1.0	0.050980392156862744	0.050980392156862744
G	C1'_1	181.476	267.8	190.871	0.5647058823529412	0.5647058823529412	0.5647058823529412
G	N9_1	181.347	269.257	190.93	0.18823529411764706	0.3137254901960784	0.9725490196078431
G	C8_1	180.5	270.046	190.18	0.5647058823529412	0.5647058823529412	0.5647058823529412
G	N7_1	180.623	271.323	190.439	0.18823529411764706	0.3137254901960784	0.9725490196078431
G	C5_1	181.606	271.387	191.42	0.5647058823529412	0.5647058823529412	0.5647058823529412
G	C6_1	182.162	272.512	192.095	0.5647058823529412	0.5647058823529412	0.5647058823529412
G	O6_1	181.891	273.713	191.945	1.0	0.050980392156862744	0.050980392156862744
G	N1_1	183.127	272.127	193.026	0.18823529411764706	0.3137254901960784	0.9725490196078431
G	C2_1	183.509	270.831	193.28	0.5647058823529412	0.5647058823529412	0.5647058823529412
G	N2_1	184.452	270.667	194.229	0.18823529411764706	0.3137254901960784	0.9725490196078431
G	N3_1	183.002	269.772	192.652	0.18823529411764706	0.3137254901960784	0.9725490196078431
G	C4_1	182.061	270.121	191.743	0.5647058823529412	0.5647058823529412	0.5647058823529412
C	P_2	187.325	279.866	198.167	1.0	0.5019607843137255	0.0
C	OP1_2	188.605	280.343	198.758	1.0	0.050980392156862744	0.050980392156862744
C	OP2_2	186.933	280.314	196.805	1.0	0.050980392156862744	0.050980392156862744
C	O5'_2	187.33	278.273	198.193	1.0	0.050980392156862744	0.050980392156862744
C	C5'_2	187.685	277.551	199.393	0.5647058823529412	0.5647058823529412	0.5647058823529412
C	C4'_2	187.557	276.058	199.167	0.5647058823529412	0.5647058823529412	0.5647058823529412
C	O4'_2	186.162	275.705	198.976	1.0	0.050980392156862744	0.050980392156862744
C	C3'_2	188.269	275.509	197.939	0.5647058823529412	0.5647058823529412	0.5647058823529412
C	O3'_2	189.651	275.275	198.224	1.0	0.050980392156862744	0.050980392156862744
C	C2'_2	187.487	274.23	197.644	0.5647058823529412	0.5647058823529412	0.5647058823529412
C	O2'_2	187.866	273.142	198.463	1.0	0.050980392156862744	0.050980392156862744
C	C1'_2	186.063	274.656	198.021	0.5647058823529412	0.5647058823529412	0.5647058823529412
C	N1_2	185.226	275.124	196.895	0.18823529411764706	0.3137254901960784	0.9725490196078431
C	C2_2	184.55	274.175	196.102	0.5647058823529412	0.5647058823529412	0.5647058823529412
C	O2_2	184.688	272.964	196.357	1.0	0.050980392156862744	0.050980392156862744
C	N3_2	183.771	274.608	195.083	0.18823529411764706	0.3137254901960784	0.9725490196078431
C	C4_2	183.652	275.922	194.839	0.5647058823529412	0.5647058823529412	0.5647058823529412
C	N4_2	182.872	276.302	193.826	0.18823529411764706	0.3137254901960784	0.9725490196078431
C	C5_2	184.329	276.902	195.623	0.5647058823529412	0.5647058823529412	0.5647058823529412
C	C6_2	185.098	276.464	196.628	0.5647058823529412	0.5647058823529412	0.5647058823529412
