G	P_1	166.258	173.164	185.896	1.0	0.5019607843137255	0.0
G	OP1_1	166.805	171.805	185.629	1.0	0.050980392156862744	0.050980392156862744
G	OP2_1	166.988	174.075	186.815	1.0	0.050980392156862744	0.050980392156862744
G	O5'_1	166.106	173.896	184.485	1.0	0.050980392156862744	0.050980392156862744
G	C5'_1	165.403	175.158	184.352	0.5647058823529412	0.5647058823529412	0.5647058823529412
G	C4'_1	165.901	175.916	183.131	0.5647058823529412	0.5647058823529412	0.5647058823529412
G	O4'_1	167.287	176.308	183.333	1.0	0.050980392156862744	0.050980392156862744
G	C3'_1	165.916	175.143	181.816	0.5647058823529412	0.5647058823529412	0.5647058823529412
G	O3'_1	164.642	175.15	181.168	1.0	0.050980392156862744	0.050980392156862744
G	C2'_1	166.978	175.885	181.01	0.5647058823529412	0.5647058823529412	0.5647058823529412
G	O2'_1	166.5	177.085	180.434	1.0	0.050980392156862744	0.050980392156862744
G	C1'_1	167.992	176.235	182.101	0.5647058823529412	0.5647058823529412	0.5647058823529412
G	N9_1	169.078	175.266	182.248	0.18823529411764706	0.3137254901960784	0.9725490196078431
G	C8_1	169.405	174.563	183.386	0.5647058823529412	0.5647058823529412	0.5647058823529412
G	N7_1	170.441	173.784	183.232	0.18823529411764706	0.3137254901960784	0.9725490196078431
G	C5_1	170.823	173.975	181.91	0.5647058823529412	0.5647058823529412	0.5647058823529412
G	C6_1	171.886	173.395	181.172	0.5647058823529412	0.5647058823529412	0.5647058823529412
G	O6_1	172.73	172.579	181.557	1.0	0.050980392156862744	0.050980392156862744
G	N1_1	171.914	173.862	179.859	0.18823529411764706	0.3137254901960784	0.9725490196078431
G	C2_1	171.034	174.77	179.324	0.5647058823529412	0.5647058823529412	0.5647058823529412
G	N2_1	171.227	175.092	178.033	0.18823529411764706	0.3137254901960784	0.9725490196078431
G	N3_1	170.036	175.324	180.005	0.18823529411764706	0.3137254901960784	0.9725490196078431
G	C4_1	169.991	174.883	181.284	0.5647058823529412	0.5647058823529412	0.5647058823529412
C	P_2	180.568	170.891	175.384	1.0	0.5019607843137255	0.0
C	OP1_2	181.595	171.327	174.397	1.0	0.050980392156862744	0.050980392156862744
C	OP2_2	180.835	171.051	176.837	1.0	0.050980392156862744	0.050980392156862744
C	O5'_2	179.192	171.628	175.054	1.0	0.050980392156862744	0.050980392156862744
C	C5'_2	178.73	171.775	173.692	0.5647058823529412	0.5647058823529412	0.5647058823529412
C	C4'_2	177.436	172.563	173.652	0.5647058823529412	0.5647058823529412	0.5647058823529412
C	O4'_2	176.371	171.797	174.279	1.0	0.050980392156862744	0.050980392156862744
C	C3'_2	177.427	173.888	174.401	0.5647058823529412	0.5647058823529412	0.5647058823529412
C	O3'_2	178.023	174.939	173.647	1.0	0.050980392156862744	0.050980392156862744
C	C2'_2	175.939	174.114	174.646	0.5647058823529412	0.5647058823529412	0.5647058823529412
C	O2'_2	175.257	174.625	173.515	1.0	0.050980392156862744	0.050980392156862744
C	C1'_2	175.462	172.685	174.92	0.5647058823529412	0.5647058823529412	0.5647058823529412
C	N1_2	175.393	172.35	176.356	0.18823529411764706	0.3137254901960784	0.9725490196078431
C	C2_2	174.23	172.684	177.076	0.5647058823529412	0.5647058823529412	0.5647058823529412
C	O2_2	173.298	173.257	176.49	1.0	0.050980392156862744	0.050980392156862744
C	N3_2	174.159	172.373	178.389	0.18823529411764706	0.3137254901960784	0.9725490196078431
C	C4_2	175.186	171.76	178.987	0.5647058823529412	0.5647058823529412	0.5647058823529412
C	N4_2	175.071	171.471	180.283	0.18823529411764706	0.3137254901960784	0.9725490196078431
C	C5_2	176.376	171.415	178.282	0.5647058823529412	0.5647058823529412	0.5647058823529412
C	C6_2	176.436	171.724	176.984	0.5647058823529412	0.5647058823529412	0.5647058823529412
