C	P_1	176.33	130.657	253.562	1.0	0.5019607843137255	0.0
C	OP1_1	177.817	130.805	253.501	1.0	0.050980392156862744	0.050980392156862744
C	OP2_1	175.562	131.362	254.627	1.0	0.050980392156862744	0.050980392156862744
C	O5'_1	175.736	131.065	252.138	1.0	0.050980392156862744	0.050980392156862744
C	C5'_1	175.23	132.394	251.887	0.5647058823529412	0.5647058823529412	0.5647058823529412
C	C4'_1	173.964	132.321	251.06	0.5647058823529412	0.5647058823529412	0.5647058823529412
C	O4'_1	173.007	131.454	251.725	1.0	0.050980392156862744	0.050980392156862744
C	C3'_1	173.225	133.639	250.873	0.5647058823529412	0.5647058823529412	0.5647058823529412
C	O3'_1	173.782	134.405	249.802	1.0	0.050980392156862744	0.050980392156862744
C	C2'_1	171.791	133.179	250.62	0.5647058823529412	0.5647058823529412	0.5647058823529412
C	O2'_1	171.567	132.739	249.296	1.0	0.050980392156862744	0.050980392156862744
C	C1'_1	171.695	131.974	251.562	0.5647058823529412	0.5647058823529412	0.5647058823529412
C	N1_1	171.141	132.266	252.904	0.18823529411764706	0.3137254901960784	0.9725490196078431
C	C2_1	169.78	131.993	253.156	0.5647058823529412	0.5647058823529412	0.5647058823529412
C	O2_1	169.072	131.529	252.242	1.0	0.050980392156862744	0.050980392156862744
C	N3_1	169.277	132.243	254.388	0.18823529411764706	0.3137254901960784	0.9725490196078431
C	C4_1	170.067	132.744	255.346	0.5647058823529412	0.5647058823529412	0.5647058823529412
C	N4_1	169.528	132.969	256.549	0.18823529411764706	0.3137254901960784	0.9725490196078431
C	C5_1	171.445	133.036	255.116	0.5647058823529412	0.5647058823529412	0.5647058823529412
C	C6_1	171.935	132.786	253.895	0.5647058823529412	0.5647058823529412	0.5647058823529412
G	P_2	159.046	138.945	251.232	1.0	0.5019607843137255	0.0
G	OP1_2	160.431	139.355	251.613	1.0	0.050980392156862744	0.050980392156862744
G	OP2_2	158.103	139.963	250.692	1.0	0.050980392156862744	0.050980392156862744
G	O5'_2	159.183	137.763	250.17	1.0	0.050980392156862744	0.050980392156862744
G	C5'_2	159.721	138.003	248.855	0.5647058823529412	0.5647058823529412	0.5647058823529412
G	C4'_2	160.883	137.069	248.575	0.5647058823529412	0.5647058823529412	0.5647058823529412
G	O4'_2	161.977	137.339	249.496	1.0	0.050980392156862744	0.050980392156862744
G	C3'_2	160.65	135.575	248.749	0.5647058823529412	0.5647058823529412	0.5647058823529412
G	O3'_2	159.937	135.006	247.65	1.0	0.050980392156862744	0.050980392156862744
G	C2'_2	162.08	135.054	248.846	0.5647058823529412	0.5647058823529412	0.5647058823529412
G	O2'_2	162.735	134.99	247.593	1.0	0.050980392156862744	0.050980392156862744
G	C1'_2	162.742	136.153	249.678	0.5647058823529412	0.5647058823529412	0.5647058823529412
G	N9_2	162.797	135.82	251.1	0.18823529411764706	0.3137254901960784	0.9725490196078431
G	C8_2	161.866	136.109	252.074	0.5647058823529412	0.5647058823529412	0.5647058823529412
G	N7_2	162.204	135.661	253.255	0.18823529411764706	0.3137254901960784	0.9725490196078431
G	C5_2	163.433	135.043	253.051	0.5647058823529412	0.5647058823529412	0.5647058823529412
G	C6_2	164.298	134.371	253.968	0.5647058823529412	0.5647058823529412	0.5647058823529412
G	O6_2	164.14	134.184	255.182	1.0	0.050980392156862744	0.050980392156862744
G	N1_2	165.445	133.895	253.335	0.18823529411764706	0.3137254901960784	0.9725490196078431
G	C2_2	165.731	134.042	251.996	0.5647058823529412	0.5647058823529412	0.5647058823529412
G	N2_2	166.895	133.517	251.574	0.18823529411764706	0.3137254901960784	0.9725490196078431
G	N3_2	164.935	134.66	251.134	0.18823529411764706	0.3137254901960784	0.9725490196078431
G	C4_2	163.813	135.133	251.726	0.5647058823529412	0.5647058823529412	0.5647058823529412
