G	P_1	163.472	157.825	220.405	1.0	0.5019607843137255	0.0
G	OP1_1	164.744	157.339	219.787	1.0	0.050980392156862744	0.050980392156862744
G	OP2_1	162.458	156.834	220.87	1.0	0.050980392156862744	0.050980392156862744
G	O5'_1	163.855	158.767	221.636	1.0	0.050980392156862744	0.050980392156862744
G	C5'_1	164.714	159.92	221.453	0.5647058823529412	0.5647058823529412	0.5647058823529412
G	C4'_1	164.668	160.817	222.673	0.5647058823529412	0.5647058823529412	0.5647058823529412
G	O4'_1	163.335	161.372	222.837	1.0	0.050980392156862744	0.050980392156862744
G	C3'_1	164.971	160.157	224.014	0.5647058823529412	0.5647058823529412	0.5647058823529412
G	O3'_1	166.386	160.025	224.209	1.0	0.050980392156862744	0.050980392156862744
G	C2'_1	164.307	161.113	225.008	0.5647058823529412	0.5647058823529412	0.5647058823529412
G	O2'_1	165.087	162.26	225.295	1.0	0.050980392156862744	0.050980392156862744
G	C1'_1	163.062	161.553	224.224	0.5647058823529412	0.5647058823529412	0.5647058823529412
G	N9_1	161.831	160.835	224.567	0.18823529411764706	0.3137254901960784	0.9725490196078431
G	C8_1	161.296	159.729	223.934	0.5647058823529412	0.5647058823529412	0.5647058823529412
G	N7_1	160.169	159.325	224.463	0.18823529411764706	0.3137254901960784	0.9725490196078431
G	C5_1	159.944	160.208	225.515	0.5647058823529412	0.5647058823529412	0.5647058823529412
G	C6_1	158.874	160.27	226.458	0.5647058823529412	0.5647058823529412	0.5647058823529412
G	O6_1	157.887	159.519	226.557	1.0	0.050980392156862744	0.050980392156862744
G	N1_1	159.04	161.336	227.352	0.18823529411764706	0.3137254901960784	0.9725490196078431
G	C2_1	160.098	162.226	227.347	0.5647058823529412	0.5647058823529412	0.5647058823529412
G	N2_1	160.073	163.191	228.287	0.18823529411764706	0.3137254901960784	0.9725490196078431
G	N3_1	161.105	162.171	226.478	0.18823529411764706	0.3137254901960784	0.9725490196078431
G	C4_1	160.962	161.147	225.596	0.5647058823529412	0.5647058823529412	0.5647058823529412
C	P_2	151.279	160.587	233.818	1.0	0.5019607843137255	0.0
C	OP1_2	150.62	161.485	234.811	1.0	0.050980392156862744	0.050980392156862744
C	OP2_2	150.485	160.036	232.689	1.0	0.050980392156862744	0.050980392156862744
C	O5'_2	152.544	161.35	233.215	1.0	0.050980392156862744	0.050980392156862744
C	C5'_2	153.531	161.952	234.08	0.5647058823529412	0.5647058823529412	0.5647058823529412
C	C4'_2	154.735	162.4	233.277	0.5647058823529412	0.5647058823529412	0.5647058823529412
C	O4'_2	155.351	161.248	232.643	1.0	0.050980392156862744	0.050980392156862744
C	C3'_2	154.464	163.366	232.13	0.5647058823529412	0.5647058823529412	0.5647058823529412
C	O3'_2	154.377	164.714	232.596	1.0	0.050980392156862744	0.050980392156862744
C	C2'_2	155.67	163.141	231.222	0.5647058823529412	0.5647058823529412	0.5647058823529412
C	O2'_2	156.827	163.82	231.665	1.0	0.050980392156862744	0.050980392156862744
C	C1'_2	155.892	161.633	231.386	0.5647058823529412	0.5647058823529412	0.5647058823529412
C	N1_2	155.289	160.787	230.331	0.18823529411764706	0.3137254901960784	0.9725490196078431
C	C2_2	156.139	160.193	229.37	0.5647058823529412	0.5647058823529412	0.5647058823529412
C	O2_2	157.363	160.426	229.416	1.0	0.050980392156862744	0.050980392156862744
C	N3_2	155.596	159.384	228.419	0.18823529411764706	0.3137254901960784	0.9725490196078431
C	C4_2	154.272	159.164	228.399	0.5647058823529412	0.5647058823529412	0.5647058823529412
C	N4_2	153.789	158.346	227.459	0.18823529411764706	0.3137254901960784	0.9725490196078431
C	C5_2	153.388	159.771	229.349	0.5647058823529412	0.5647058823529412	0.5647058823529412
C	C6_2	153.933	160.565	230.287	0.5647058823529412	0.5647058823529412	0.5647058823529412
