C	P_1	157.5	285.764	179.163	1.0	0.5019607843137255	0.0
C	OP1_1	158.185	287.086	179.126	1.0	0.050980392156862744	0.050980392156862744
C	OP2_1	157.704	284.797	178.051	1.0	0.050980392156862744	0.050980392156862744
C	O5'_1	157.879	285.048	180.535	1.0	0.050980392156862744	0.050980392156862744
C	C5'_1	157.628	285.698	181.798	0.5647058823529412	0.5647058823529412	0.5647058823529412
C	C4'_1	157.734	284.701	182.929	0.5647058823529412	0.5647058823529412	0.5647058823529412
C	O4'_1	156.692	283.698	182.808	1.0	0.050980392156862744	0.050980392156862744
C	C3'_1	159.022	283.895	182.983	0.5647058823529412	0.5647058823529412	0.5647058823529412
C	O3'_1	160.058	284.66	183.59	1.0	0.050980392156862744	0.050980392156862744
C	C2'_1	158.609	282.676	183.803	0.5647058823529412	0.5647058823529412	0.5647058823529412
C	O2'_1	158.581	282.932	185.194	1.0	0.050980392156862744	0.050980392156862744
C	C1'_1	157.171	282.459	183.312	0.5647058823529412	0.5647058823529412	0.5647058823529412
C	N1_1	157.028	281.427	182.265	0.18823529411764706	0.3137254901960784	0.9725490196078431
C	C2_1	156.795	280.092	182.658	0.5647058823529412	0.5647058823529412	0.5647058823529412
C	O2_1	156.707	279.826	183.871	1.0	0.050980392156862744	0.050980392156862744
C	N3_1	156.668	279.137	181.707	0.18823529411764706	0.3137254901960784	0.9725490196078431
C	C4_1	156.758	279.466	180.411	0.5647058823529412	0.5647058823529412	0.5647058823529412
C	N4_1	156.623	278.487	179.507	0.18823529411764706	0.3137254901960784	0.9725490196078431
C	C5_1	156.99	280.813	179.985	0.5647058823529412	0.5647058823529412	0.5647058823529412
C	C6_1	157.118	281.749	180.935	0.5647058823529412	0.5647058823529412	0.5647058823529412
G	P_2	154.849	267.71	183.046	1.0	0.5019607843137255	0.0
G	OP1_2	154.113	266.593	183.705	1.0	0.050980392156862744	0.050980392156862744
G	OP2_2	154.286	268.337	181.825	1.0	0.050980392156862744	0.050980392156862744
G	O5'_2	155.091	268.855	184.127	1.0	0.050980392156862744	0.050980392156862744
G	C5'_2	155.72	268.551	185.389	0.5647058823529412	0.5647058823529412	0.5647058823529412
G	C4'_2	156.094	269.824	186.115	0.5647058823529412	0.5647058823529412	0.5647058823529412
G	O4'_2	157.063	270.571	185.332	1.0	0.050980392156862744	0.050980392156862744
G	C3'_2	154.97	270.819	186.362	0.5647058823529412	0.5647058823529412	0.5647058823529412
G	O3'_2	154.208	270.456	187.511	1.0	0.050980392156862744	0.050980392156862744
G	C2'_2	155.733	272.127	186.549	0.5647058823529412	0.5647058823529412	0.5647058823529412
G	O2'_2	156.298	272.257	187.838	1.0	0.050980392156862744	0.050980392156862744
G	C1'_2	156.87	271.963	185.535	0.5647058823529412	0.5647058823529412	0.5647058823529412
G	N9_2	156.628	272.597	184.239	0.18823529411764706	0.3137254901960784	0.9725490196078431
G	C8_2	156.292	271.977	183.055	0.5647058823529412	0.5647058823529412	0.5647058823529412
G	N7_2	156.181	272.807	182.053	0.18823529411764706	0.3137254901960784	0.9725490196078431
G	C5_2	156.447	274.054	182.606	0.5647058823529412	0.5647058823529412	0.5647058823529412
G	C6_2	156.479	275.34	182.002	0.5647058823529412	0.5647058823529412	0.5647058823529412
G	O6_2	156.273	275.64	180.817	1.0	0.050980392156862744	0.050980392156862744
G	N1_2	156.79	276.335	182.929	0.18823529411764706	0.3137254901960784	0.9725490196078431
G	C2_2	157.037	276.122	184.267	0.5647058823529412	0.5647058823529412	0.5647058823529412
G	N2_2	157.324	277.214	185.002	0.18823529411764706	0.3137254901960784	0.9725490196078431
G	N3_2	157.009	274.923	184.844	0.18823529411764706	0.3137254901960784	0.9725490196078431
G	C4_2	156.714	273.944	183.959	0.5647058823529412	0.5647058823529412	0.5647058823529412
