C	P_1	150.42	149.238	165.553	1.0	0.5019607843137255	0.0
C	OP1_1	150.13	150.56	164.921	1.0	0.050980392156862744	0.050980392156862744
C	OP2_1	150.1	149.026	166.991	1.0	0.050980392156862744	0.050980392156862744
C	O5'_1	149.687	148.1	164.715	1.0	0.050980392156862744	0.050980392156862744
C	C5'_1	149.553	148.197	163.284	0.5647058823529412	0.5647058823529412	0.5647058823529412
C	C4'_1	148.629	147.116	162.778	0.5647058823529412	0.5647058823529412	0.5647058823529412
C	O4'_1	149.278	145.824	162.917	1.0	0.050980392156862744	0.050980392156862744
C	C3'_1	147.324	146.963	163.547	0.5647058823529412	0.5647058823529412	0.5647058823529412
C	O3'_1	146.342	147.912	163.143	1.0	0.050980392156862744	0.050980392156862744
C	C2'_1	146.936	145.524	163.24	0.5647058823529412	0.5647058823529412	0.5647058823529412
C	O2'_1	146.364	145.373	161.957	1.0	0.050980392156862744	0.050980392156862744
C	C1'_1	148.308	144.843	163.262	0.5647058823529412	0.5647058823529412	0.5647058823529412
C	N1_1	148.674	144.255	164.569	0.18823529411764706	0.3137254901960784	0.9725490196078431
C	C2_1	148.305	142.926	164.842	0.5647058823529412	0.5647058823529412	0.5647058823529412
C	O2_1	147.666	142.287	163.989	1.0	0.050980392156862744	0.050980392156862744
C	N3_1	148.657	142.378	166.028	0.18823529411764706	0.3137254901960784	0.9725490196078431
C	C4_1	149.343	143.099	166.921	0.5647058823529412	0.5647058823529412	0.5647058823529412
C	N4_1	149.677	142.513	168.07	0.18823529411764706	0.3137254901960784	0.9725490196078431
C	C5_1	149.718	144.452	166.675	0.5647058823529412	0.5647058823529412	0.5647058823529412
C	C6_1	149.368	144.983	165.5	0.5647058823529412	0.5647058823529412	0.5647058823529412
G	P_2	145.945	131.844	171.024	1.0	0.5019607843137255	0.0
G	OP1_2	145.936	130.357	170.969	1.0	0.050980392156862744	0.050980392156862744
G	OP2_2	147.016	132.543	171.789	1.0	0.050980392156862744	0.050980392156862744
G	O5'_2	145.959	132.391	169.527	1.0	0.050980392156862744	0.050980392156862744
G	C5'_2	144.942	131.988	168.592	0.5647058823529412	0.5647058823529412	0.5647058823529412
G	C4'_2	144.878	132.951	167.426	0.5647058823529412	0.5647058823529412	0.5647058823529412
G	O4'_2	144.589	134.291	167.905	1.0	0.050980392156862744	0.050980392156862744
G	C3'_2	146.146	133.131	166.609	0.5647058823529412	0.5647058823529412	0.5647058823529412
G	O3'_2	146.324	132.059	165.683	1.0	0.050980392156862744	0.050980392156862744
G	C2'_2	145.881	134.461	165.912	0.5647058823529412	0.5647058823529412	0.5647058823529412
G	O2'_2	145.017	134.341	164.801	1.0	0.050980392156862744	0.050980392156862744
G	C1'_2	145.152	135.239	167.012	0.5647058823529412	0.5647058823529412	0.5647058823529412
G	N9_2	146.034	136.135	167.755	0.18823529411764706	0.3137254901960784	0.9725490196078431
G	C8_2	146.695	135.874	168.932	0.5647058823529412	0.5647058823529412	0.5647058823529412
G	N7_2	147.425	136.875	169.342	0.18823529411764706	0.3137254901960784	0.9725490196078431
G	C5_2	147.235	137.858	168.38	0.5647058823529412	0.5647058823529412	0.5647058823529412
G	C6_2	147.777	139.165	168.283	0.5647058823529412	0.5647058823529412	0.5647058823529412
G	O6_2	148.562	139.73	169.052	1.0	0.050980392156862744	0.050980392156862744
G	N1_2	147.319	139.827	167.148	0.18823529411764706	0.3137254901960784	0.9725490196078431
G	C2_2	146.452	139.301	166.222	0.5647058823529412	0.5647058823529412	0.5647058823529412
G	N2_2	146.119	140.103	165.198	0.18823529411764706	0.3137254901960784	0.9725490196078431
G	N3_2	145.945	138.079	166.296	0.18823529411764706	0.3137254901960784	0.9725490196078431
G	C4_2	146.376	137.419	167.394	0.5647058823529412	0.5647058823529412	0.5647058823529412
