C	P_1	294.808	234.165	213.948	1.0	0.5019607843137255	0.0
C	OP1_1	295.855	235.22	213.822	1.0	0.050980392156862744	0.050980392156862744
C	OP2_1	293.82	233.971	212.848	1.0	0.050980392156862744	0.050980392156862744
C	O5'_1	295.54	232.769	214.211	1.0	0.050980392156862744	0.050980392156862744
C	C5'_1	295.734	231.821	213.132	0.5647058823529412	0.5647058823529412	0.5647058823529412
C	C4'_1	295.061	230.507	213.461	0.5647058823529412	0.5647058823529412	0.5647058823529412
C	O4'_1	293.731	230.767	213.98	1.0	0.050980392156862744	0.050980392156862744
C	C3'_1	294.836	229.562	212.287	0.5647058823529412	0.5647058823529412	0.5647058823529412
C	O3'_1	295.997	228.788	211.979	1.0	0.050980392156862744	0.050980392156862744
C	C2'_1	293.664	228.711	212.766	0.5647058823529412	0.5647058823529412	0.5647058823529412
C	O2'_1	294.039	227.65	213.622	1.0	0.050980392156862744	0.050980392156862744
C	C1'_1	292.847	229.739	213.558	0.5647058823529412	0.5647058823529412	0.5647058823529412
C	N1_1	291.725	230.35	212.819	0.18823529411764706	0.3137254901960784	0.9725490196078431
C	C2_1	290.45	229.77	212.934	0.5647058823529412	0.5647058823529412	0.5647058823529412
C	O2_1	290.307	228.759	213.642	1.0	0.050980392156862744	0.050980392156862744
C	N3_1	289.41	230.331	212.273	0.18823529411764706	0.3137254901960784	0.9725490196078431
C	C4_1	289.601	231.423	211.524	0.5647058823529412	0.5647058823529412	0.5647058823529412
C	N4_1	288.543	231.944	210.903	0.18823529411764706	0.3137254901960784	0.9725490196078431
C	C5_1	290.886	232.028	211.383	0.5647058823529412	0.5647058823529412	0.5647058823529412
C	C6_1	291.91	231.464	212.04	0.5647058823529412	0.5647058823529412	0.5647058823529412
G	P_2	279.946	224.112	210.061	1.0	0.5019607843137255	0.0
G	OP1_2	278.527	224.326	209.65	1.0	0.050980392156862744	0.050980392156862744
G	OP2_2	280.896	225.263	210.055	1.0	0.050980392156862744	0.050980392156862744
G	O5'_2	279.942	223.439	211.509	1.0	0.050980392156862744	0.050980392156862744
G	C5'_2	280.343	224.178	212.687	0.5647058823529412	0.5647058823529412	0.5647058823529412
G	C4'_2	281.721	223.732	213.13	0.5647058823529412	0.5647058823529412	0.5647058823529412
G	O4'_2	282.665	223.983	212.051	1.0	0.050980392156862744	0.050980392156862744
G	C3'_2	282.321	224.461	214.326	0.5647058823529412	0.5647058823529412	0.5647058823529412
G	O3'_2	281.87	223.924	215.571	1.0	0.050980392156862744	0.050980392156862744
G	C2'_2	283.816	224.251	214.114	0.5647058823529412	0.5647058823529412	0.5647058823529412
G	O2'_2	284.255	222.963	214.504	1.0	0.050980392156862744	0.050980392156862744
G	C1'_2	283.919	224.377	212.591	0.5647058823529412	0.5647058823529412	0.5647058823529412
G	N9_2	284.212	225.737	212.135	0.18823529411764706	0.3137254901960784	0.9725490196078431
G	C8_2	283.334	226.639	211.573	0.5647058823529412	0.5647058823529412	0.5647058823529412
G	N7_2	283.897	227.777	211.264	0.18823529411764706	0.3137254901960784	0.9725490196078431
G	C5_2	285.224	227.621	211.646	0.5647058823529412	0.5647058823529412	0.5647058823529412
G	C6_2	286.318	228.522	211.556	0.5647058823529412	0.5647058823529412	0.5647058823529412
G	O6_2	286.33	229.676	211.106	1.0	0.050980392156862744	0.050980392156862744
G	N1_2	287.49	227.958	212.059	0.18823529411764706	0.3137254901960784	0.9725490196078431
G	C2_2	287.598	226.691	212.582	0.5647058823529412	0.5647058823529412	0.5647058823529412
G	N2_2	288.814	226.328	213.016	0.18823529411764706	0.3137254901960784	0.9725490196078431
G	N3_2	286.585	225.841	212.671	0.18823529411764706	0.3137254901960784	0.9725490196078431
G	C4_2	285.436	226.368	212.186	0.5647058823529412	0.5647058823529412	0.5647058823529412
