C	P_1	251.204	150.242	146.986	1.0	0.5019607843137255	0.0
C	OP1_1	252.173	151.379	146.962	1.0	0.050980392156862744	0.050980392156862744
C	OP2_1	249.754	150.514	147.213	1.0	0.050980392156862744	0.050980392156862744
C	O5'_1	251.362	149.416	145.628	1.0	0.050980392156862744	0.050980392156862744
C	C5'_1	252.67	149.062	145.115	0.5647058823529412	0.5647058823529412	0.5647058823529412
C	C4'_1	252.552	148.48	143.724	0.5647058823529412	0.5647058823529412	0.5647058823529412
C	O4'_1	251.847	147.216	143.775	1.0	0.050980392156862744	0.050980392156862744
C	C3'_1	251.759	149.318	142.733	0.5647058823529412	0.5647058823529412	0.5647058823529412
C	O3'_1	252.605	150.304	142.15	1.0	0.050980392156862744	0.050980392156862744
C	C2'_1	251.304	148.286	141.704	0.5647058823529412	0.5647058823529412	0.5647058823529412
C	O2'_1	252.298	147.988	140.739	1.0	0.050980392156862744	0.050980392156862744
C	C1'_1	251.091	147.049	142.584	0.5647058823529412	0.5647058823529412	0.5647058823529412
C	N1_1	249.696	146.757	142.953	0.18823529411764706	0.3137254901960784	0.9725490196078431
C	C2_1	248.998	145.769	142.238	0.5647058823529412	0.5647058823529412	0.5647058823529412
C	O2_1	249.554	145.208	141.276	1.0	0.050980392156862744	0.050980392156862744
C	N3_1	247.737	145.457	142.612	0.18823529411764706	0.3137254901960784	0.9725490196078431
C	C4_1	247.168	146.092	143.641	0.5647058823529412	0.5647058823529412	0.5647058823529412
C	N4_1	245.929	145.738	143.986	0.18823529411764706	0.3137254901960784	0.9725490196078431
C	C5_1	247.844	147.115	144.364	0.5647058823529412	0.5647058823529412	0.5647058823529412
C	C6_1	249.091	147.416	143.988	0.5647058823529412	0.5647058823529412	0.5647058823529412
G	P_2	240.937	135.843	139.111	1.0	0.5019607843137255	0.0
G	OP1_2	241.086	134.509	138.463	1.0	0.050980392156862744	0.050980392156862744
G	OP2_2	240.867	135.938	140.594	1.0	0.050980392156862744	0.050980392156862744
G	O5'_2	242.118	136.791	138.611	1.0	0.050980392156862744	0.050980392156862744
G	C5'_2	242.546	136.783	137.232	0.5647058823529412	0.5647058823529412	0.5647058823529412
G	C4'_2	243.834	137.563	137.076	0.5647058823529412	0.5647058823529412	0.5647058823529412
G	O4'_2	243.593	138.988	137.24	1.0	0.050980392156862744	0.050980392156862744
G	C3'_2	244.923	137.248	138.09	0.5647058823529412	0.5647058823529412	0.5647058823529412
G	O3'_2	245.626	136.058	137.736	1.0	0.050980392156862744	0.050980392156862744
G	C2'_2	245.791	138.503	138.04	0.5647058823529412	0.5647058823529412	0.5647058823529412
G	O2'_2	246.685	138.512	136.947	1.0	0.050980392156862744	0.050980392156862744
G	C1'_2	244.734	139.596	137.835	0.5647058823529412	0.5647058823529412	0.5647058823529412
G	N9_2	244.317	140.282	139.058	0.18823529411764706	0.3137254901960784	0.9725490196078431
G	C8_2	243.177	140.049	139.799	0.5647058823529412	0.5647058823529412	0.5647058823529412
G	N7_2	243.07	140.835	140.838	0.18823529411764706	0.3137254901960784	0.9725490196078431
G	C5_2	244.204	141.638	140.785	0.5647058823529412	0.5647058823529412	0.5647058823529412
G	C6_2	244.639	142.679	141.653	0.5647058823529412	0.5647058823529412	0.5647058823529412
G	O6_2	244.09	143.114	142.673	1.0	0.050980392156862744	0.050980392156862744
G	N1_2	245.849	143.225	141.233	0.18823529411764706	0.3137254901960784	0.9725490196078431
G	C2_2	246.554	142.825	140.126	0.5647058823529412	0.5647058823529412	0.5647058823529412
G	N2_2	247.7	143.482	139.89	0.18823529411764706	0.3137254901960784	0.9725490196078431
G	N3_2	246.165	141.854	139.309	0.18823529411764706	0.3137254901960784	0.9725490196078431
G	C4_2	244.989	141.308	139.695	0.5647058823529412	0.5647058823529412	0.5647058823529412
