G	P_1	254.818	246.626	256.513	1.0	0.5019607843137255	0.0
G	OP1_1	255.434	245.466	257.22	1.0	0.050980392156862744	0.050980392156862744
G	OP2_1	255.616	247.869	256.303	1.0	0.050980392156862744	0.050980392156862744
G	O5'_1	254.323	246.098	255.088	1.0	0.050980392156862744	0.050980392156862744
G	C5'_1	253.648	244.823	254.961	0.5647058823529412	0.5647058823529412	0.5647058823529412
G	C4'_1	252.619	244.864	253.845	0.5647058823529412	0.5647058823529412	0.5647058823529412
G	O4'_1	251.571	245.824	254.156	1.0	0.050980392156862744	0.050980392156862744
G	C3'_1	253.113	245.3	252.474	0.5647058823529412	0.5647058823529412	0.5647058823529412
G	O3'_1	253.765	244.223	251.799	1.0	0.050980392156862744	0.050980392156862744
G	C2'_1	251.82	245.727	251.784	0.5647058823529412	0.5647058823529412	0.5647058823529412
G	O2'_1	251.071	244.636	251.286	1.0	0.050980392156862744	0.050980392156862744
G	C1'_1	251.051	246.365	252.948	0.5647058823529412	0.5647058823529412	0.5647058823529412
G	N9_1	251.113	247.826	253.018	0.18823529411764706	0.3137254901960784	0.9725490196078431
G	C8_1	252.076	248.652	252.48	0.5647058823529412	0.5647058823529412	0.5647058823529412
G	N7_1	251.855	249.919	252.713	0.18823529411764706	0.3137254901960784	0.9725490196078431
G	C5_1	250.678	249.936	253.451	0.5647058823529412	0.5647058823529412	0.5647058823529412
G	C6_1	249.949	251.029	253.994	0.5647058823529412	0.5647058823529412	0.5647058823529412
G	O6_1	250.209	252.241	253.934	1.0	0.050980392156862744	0.050980392156862744
G	N1_1	248.808	250.598	254.666	0.18823529411764706	0.3137254901960784	0.9725490196078431
G	C2_1	248.417	249.288	254.802	0.5647058823529412	0.5647058823529412	0.5647058823529412
G	N2_1	247.277	249.076	255.485	0.18823529411764706	0.3137254901960784	0.9725490196078431
G	N3_1	249.09	248.259	254.305	0.18823529411764706	0.3137254901960784	0.9725490196078431
G	C4_1	250.203	248.653	253.646	0.5647058823529412	0.5647058823529412	0.5647058823529412
C	P_2	245.667	259.026	259.434	1.0	0.5019607843137255	0.0
C	OP1_2	244.955	259.343	260.708	1.0	0.050980392156862744	0.050980392156862744
C	OP2_2	247.047	259.543	259.216	1.0	0.050980392156862744	0.050980392156862744
C	O5'_2	245.713	257.44	259.261	1.0	0.050980392156862744	0.050980392156862744
C	C5'_2	244.525	256.623	259.401	0.5647058823529412	0.5647058823529412	0.5647058823529412
C	C4'_2	244.836	255.193	259.007	0.5647058823529412	0.5647058823529412	0.5647058823529412
C	O4'_2	245.323	255.186	257.639	1.0	0.050980392156862744	0.050980392156862744
C	C3'_2	245.936	254.507	259.813	0.5647058823529412	0.5647058823529412	0.5647058823529412
C	O3'_2	245.401	253.905	261.0	1.0	0.050980392156862744	0.050980392156862744
C	C2'_2	246.479	253.469	258.834	0.5647058823529412	0.5647058823529412	0.5647058823529412
C	O2'_2	245.699	252.292	258.779	1.0	0.050980392156862744	0.050980392156862744
C	C1'_2	246.344	254.21	257.499	0.5647058823529412	0.5647058823529412	0.5647058823529412
C	N1_2	247.563	254.876	257.0	0.18823529411764706	0.3137254901960784	0.9725490196078431
C	C2_2	248.225	254.33	255.889	0.5647058823529412	0.5647058823529412	0.5647058823529412
C	O2_2	247.787	253.285	255.376	1.0	0.050980392156862744	0.050980392156862744
C	N3_2	249.324	254.952	255.406	0.18823529411764706	0.3137254901960784	0.9725490196078431
C	C4_2	249.769	256.07	255.987	0.5647058823529412	0.5647058823529412	0.5647058823529412
C	N4_2	250.851	256.654	255.466	0.18823529411764706	0.3137254901960784	0.9725490196078431
C	C5_2	249.124	256.639	257.125	0.5647058823529412	0.5647058823529412	0.5647058823529412
C	C6_2	248.038	256.014	257.594	0.5647058823529412	0.5647058823529412	0.5647058823529412
