G	P_1	234.971	204.76	261.292	1.0	0.5019607843137255	0.0
G	OP1_1	233.547	204.728	260.851	1.0	0.050980392156862744	0.050980392156862744
G	OP2_1	236.024	204.194	260.41	1.0	0.050980392156862744	0.050980392156862744
G	O5'_1	235.357	206.274	261.603	1.0	0.050980392156862744	0.050980392156862744
G	C5'_1	234.52	207.094	262.448	0.5647058823529412	0.5647058823529412	0.5647058823529412
G	C4'_1	235.23	208.382	262.795	0.5647058823529412	0.5647058823529412	0.5647058823529412
G	O4'_1	236.475	208.071	263.477	1.0	0.050980392156862744	0.050980392156862744
G	C3'_1	235.651	209.257	261.619	0.5647058823529412	0.5647058823529412	0.5647058823529412
G	O3'_1	234.578	210.091	261.174	1.0	0.050980392156862744	0.050980392156862744
G	C2'_1	236.794	210.069	262.216	0.5647058823529412	0.5647058823529412	0.5647058823529412
G	O2'_1	236.35	211.147	263.013	1.0	0.050980392156862744	0.050980392156862744
G	C1'_1	237.462	209.027	263.118	0.5647058823529412	0.5647058823529412	0.5647058823529412
G	N9_1	238.564	208.33	262.459	0.18823529411764706	0.3137254901960784	0.9725490196078431
G	C8_1	238.587	207.02	262.033	0.5647058823529412	0.5647058823529412	0.5647058823529412
G	N7_1	239.72	206.681	261.477	0.18823529411764706	0.3137254901960784	0.9725490196078431
G	C5_1	240.494	207.834	261.537	0.5647058823529412	0.5647058823529412	0.5647058823529412
G	C6_1	241.822	208.077	261.082	0.5647058823529412	0.5647058823529412	0.5647058823529412
G	O6_1	242.601	207.292	260.523	1.0	0.050980392156862744	0.050980392156862744
G	N1_1	242.22	209.388	261.34	0.18823529411764706	0.3137254901960784	0.9725490196078431
G	C2_1	241.444	210.342	261.96	0.5647058823529412	0.5647058823529412	0.5647058823529412
G	N2_1	242.01	211.553	262.136	0.18823529411764706	0.3137254901960784	0.9725490196078431
G	N3_1	240.203	210.128	262.382	0.18823529411764706	0.3137254901960784	0.9725490196078431
G	C4_1	239.796	208.861	262.141	0.5647058823529412	0.5647058823529412	0.5647058823529412
C	P_2	251.919	212.02	259.026	1.0	0.5019607843137255	0.0
C	OP1_2	253.052	212.884	259.468	1.0	0.050980392156862744	0.050980392156862744
C	OP2_2	251.924	210.574	259.371	1.0	0.050980392156862744	0.050980392156862744
C	O5'_2	250.56	212.649	259.572	1.0	0.050980392156862744	0.050980392156862744
C	C5'_2	250.323	214.067	259.519	0.5647058823529412	0.5647058823529412	0.5647058823529412
C	C4'_2	248.961	214.387	260.089	0.5647058823529412	0.5647058823529412	0.5647058823529412
C	O4'_2	247.941	213.751	259.274	1.0	0.050980392156862744	0.050980392156862744
C	C3'_2	248.679	213.878	261.498	0.5647058823529412	0.5647058823529412	0.5647058823529412
C	O3'_2	249.198	214.755	262.494	1.0	0.050980392156862744	0.050980392156862744
C	C2'_2	247.155	213.824	261.526	0.5647058823529412	0.5647058823529412	0.5647058823529412
C	O2'_2	246.553	215.082	261.762	1.0	0.050980392156862744	0.050980392156862744
C	C1'_2	246.842	213.383	260.094	0.5647058823529412	0.5647058823529412	0.5647058823529412
C	N1_2	246.583	211.936	259.943	0.18823529411764706	0.3137254901960784	0.9725490196078431
C	C2_2	245.29	211.453	260.223	0.5647058823529412	0.5647058823529412	0.5647058823529412
C	O2_2	244.415	212.255	260.602	1.0	0.050980392156862744	0.050980392156862744
C	N3_2	245.032	210.13	260.071	0.18823529411764706	0.3137254901960784	0.9725490196078431
C	C4_2	245.998	209.303	259.657	0.5647058823529412	0.5647058823529412	0.5647058823529412
C	N4_2	245.69	208.011	259.51	0.18823529411764706	0.3137254901960784	0.9725490196078431
C	C5_2	247.322	209.765	259.375	0.5647058823529412	0.5647058823529412	0.5647058823529412
C	C6_2	247.567	211.074	259.532	0.5647058823529412	0.5647058823529412	0.5647058823529412
