G	P_1	197.152	214.776	223.79	1.0	0.5019607843137255	0.0
G	OP1_1	196.588	215.409	225.026	1.0	0.050980392156862744	0.050980392156862744
G	OP2_1	197.113	213.294	223.641	1.0	0.050980392156862744	0.050980392156862744
G	O5'_1	196.441	215.419	222.515	1.0	0.050980392156862744	0.050980392156862744
G	C5'_1	196.17	216.838	222.44	0.5647058823529412	0.5647058823529412	0.5647058823529412
G	C4'_1	195.347	217.139	221.208	0.5647058823529412	0.5647058823529412	0.5647058823529412
G	O4'_1	196.149	216.927	220.012	1.0	0.050980392156862744	0.050980392156862744
G	C3'_1	194.142	216.228	221.019	0.5647058823529412	0.5647058823529412	0.5647058823529412
G	O3'_1	193.035	216.655	221.81	1.0	0.050980392156862744	0.050980392156862744
G	C2'_1	193.9	216.306	219.515	0.5647058823529412	0.5647058823529412	0.5647058823529412
G	O2'_1	193.224	217.486	219.121	1.0	0.050980392156862744	0.050980392156862744
G	C1'_1	195.34	216.356	218.988	0.5647058823529412	0.5647058823529412	0.5647058823529412
G	N9_1	195.905	215.054	218.616	0.18823529411764706	0.3137254901960784	0.9725490196078431
G	C8_1	196.953	214.396	219.232	0.5647058823529412	0.5647058823529412	0.5647058823529412
G	N7_1	197.256	213.258	218.661	0.18823529411764706	0.3137254901960784	0.9725490196078431
G	C5_1	196.352	213.148	217.61	0.5647058823529412	0.5647058823529412	0.5647058823529412
G	C6_1	196.193	212.124	216.644	0.5647058823529412	0.5647058823529412	0.5647058823529412
G	O6_1	196.838	211.074	216.523	1.0	0.050980392156862744	0.050980392156862744
G	N1_1	195.156	212.411	215.754	0.18823529411764706	0.3137254901960784	0.9725490196078431
G	C2_1	194.371	213.539	215.791	0.5647058823529412	0.5647058823529412	0.5647058823529412
G	N2_1	193.425	213.634	214.841	0.18823529411764706	0.3137254901960784	0.9725490196078431
G	N3_1	194.504	214.504	216.695	0.18823529411764706	0.3137254901960784	0.9725490196078431
G	C4_1	195.508	214.245	217.567	0.5647058823529412	0.5647058823529412	0.5647058823529412
C	P_2	194.098	206.092	207.701	1.0	0.5019607843137255	0.0
C	OP1_2	193.869	205.947	206.231	1.0	0.050980392156862744	0.050980392156862744
C	OP2_2	195.48	205.955	208.249	1.0	0.050980392156862744	0.050980392156862744
C	O5'_2	193.508	207.499	208.169	1.0	0.050980392156862744	0.050980392156862744
C	C5'_2	192.155	207.888	207.822	0.5647058823529412	0.5647058823529412	0.5647058823529412
C	C4'_2	191.813	209.235	208.425	0.5647058823529412	0.5647058823529412	0.5647058823529412
C	O4'_2	191.636	209.115	209.863	1.0	0.050980392156862744	0.050980392156862744
C	C3'_2	192.858	210.327	208.27	0.5647058823529412	0.5647058823529412	0.5647058823529412
C	O3'_2	192.844	210.909	206.969	1.0	0.050980392156862744	0.050980392156862744
C	C2'_2	192.466	211.294	209.383	0.5647058823529412	0.5647058823529412	0.5647058823529412
C	O2'_2	191.346	212.094	209.054	1.0	0.050980392156862744	0.050980392156862744
C	C1'_2	192.066	210.317	210.495	0.5647058823529412	0.5647058823529412	0.5647058823529412
C	N1_2	193.177	210.001	211.421	0.18823529411764706	0.3137254901960784	0.9725490196078431
C	C2_2	193.341	210.78	212.586	0.5647058823529412	0.5647058823529412	0.5647058823529412
C	O2_2	192.547	211.708	212.812	1.0	0.050980392156862744	0.050980392156862744
C	N3_2	194.358	210.492	213.429	0.18823529411764706	0.3137254901960784	0.9725490196078431
C	C4_2	195.186	209.473	213.158	0.5647058823529412	0.5647058823529412	0.5647058823529412
C	N4_2	196.166	209.212	214.026	0.18823529411764706	0.3137254901960784	0.9725490196078431
C	C5_2	195.042	208.672	211.986	0.5647058823529412	0.5647058823529412	0.5647058823529412
C	C6_2	194.036	208.969	211.155	0.5647058823529412	0.5647058823529412	0.5647058823529412
