G	P_1	263.752	171.365	223.489	1.0	0.5019607843137255	0.0
G	OP1_1	263.793	171.242	222.003	1.0	0.050980392156862744	0.050980392156862744
G	OP2_1	265.002	171.156	224.279	1.0	0.050980392156862744	0.050980392156862744
G	O5'_1	263.17	172.802	223.856	1.0	0.050980392156862744	0.050980392156862744
G	C5'_1	264.033	173.955	223.96	0.5647058823529412	0.5647058823529412	0.5647058823529412
G	C4'_1	263.388	175.008	224.836	0.5647058823529412	0.5647058823529412	0.5647058823529412
G	O4'_1	263.11	174.44	226.147	1.0	0.050980392156862744	0.050980392156862744
G	C3'_1	264.242	176.233	225.13	0.5647058823529412	0.5647058823529412	0.5647058823529412
G	O3'_1	264.16	177.194	224.075	1.0	0.050980392156862744	0.050980392156862744
G	C2'_1	263.637	176.738	226.435	0.5647058823529412	0.5647058823529412	0.5647058823529412
G	O2'_1	262.423	177.436	226.231	1.0	0.050980392156862744	0.050980392156862744
G	C1'_1	263.331	175.42	227.155	0.5647058823529412	0.5647058823529412	0.5647058823529412
G	N9_1	264.394	174.934	228.043	0.18823529411764706	0.3137254901960784	0.9725490196078431
G	C8_1	265.044	173.721	227.957	0.5647058823529412	0.5647058823529412	0.5647058823529412
G	N7_1	265.945	173.548	228.888	0.18823529411764706	0.3137254901960784	0.9725490196078431
G	C5_1	265.895	174.714	229.642	0.5647058823529412	0.5647058823529412	0.5647058823529412
G	C6_1	266.649	175.102	230.795	0.5647058823529412	0.5647058823529412	0.5647058823529412
G	O6_1	267.536	174.468	231.388	1.0	0.050980392156862744	0.050980392156862744
G	N1_1	266.277	176.367	231.247	0.18823529411764706	0.3137254901960784	0.9725490196078431
G	C2_1	265.308	177.159	230.67	0.5647058823529412	0.5647058823529412	0.5647058823529412
G	N2_1	265.095	178.347	231.257	0.18823529411764706	0.3137254901960784	0.9725490196078431
G	N3_1	264.599	176.81	229.595	0.18823529411764706	0.3137254901960784	0.9725490196078431
G	C4_1	264.942	175.585	229.137	0.5647058823529412	0.5647058823529412	0.5647058823529412
C	P_2	269.548	179.376	240.211	1.0	0.5019607843137255	0.0
C	OP1_2	269.527	179.928	241.596	1.0	0.050980392156862744	0.050980392156862744
C	OP2_2	269.628	177.904	240.011	1.0	0.050980392156862744	0.050980392156862744
C	O5'_2	268.254	179.91	239.45	1.0	0.050980392156862744	0.050980392156862744
C	C5'_2	267.966	181.322	239.383	0.5647058823529412	0.5647058823529412	0.5647058823529412
C	C4'_2	267.279	181.66	238.079	0.5647058823529412	0.5647058823529412	0.5647058823529412
C	O4'_2	268.136	181.272	236.968	1.0	0.050980392156862744	0.050980392156862744
C	C3'_2	265.968	180.942	237.786	0.5647058823529412	0.5647058823529412	0.5647058823529412
C	O3'_2	264.856	181.534	238.455	1.0	0.050980392156862744	0.050980392156862744
C	C2'_2	265.865	181.085	236.273	0.5647058823529412	0.5647058823529412	0.5647058823529412
C	O2'_2	265.426	182.368	235.872	1.0	0.050980392156862744	0.050980392156862744
C	C1'_2	267.328	180.902	235.855	0.5647058823529412	0.5647058823529412	0.5647058823529412
C	N1_2	267.654	179.516	235.443	0.18823529411764706	0.3137254901960784	0.9725490196078431
C	C2_2	267.182	179.054	234.192	0.5647058823529412	0.5647058823529412	0.5647058823529412
C	O2_2	266.508	179.817	233.481	1.0	0.050980392156862744	0.050980392156862744
C	N3_2	267.475	177.795	233.799	0.18823529411764706	0.3137254901960784	0.9725490196078431
C	C4_2	268.205	177.001	234.589	0.5647058823529412	0.5647058823529412	0.5647058823529412
C	N4_2	268.475	175.768	234.152	0.18823529411764706	0.3137254901960784	0.9725490196078431
C	C5_2	268.693	177.439	235.863	0.5647058823529412	0.5647058823529412	0.5647058823529412
C	C6_2	268.396	178.69	236.245	0.5647058823529412	0.5647058823529412	0.5647058823529412
