C	P_1	197.645	145.904	186.042	1.0	0.5019607843137255	0.0
C	OP1_1	198.576	144.791	185.693	1.0	0.050980392156862744	0.050980392156862744
C	OP2_1	197.639	147.144	185.219	1.0	0.050980392156862744	0.050980392156862744
C	O5'_1	196.159	145.327	186.074	1.0	0.050980392156862744	0.050980392156862744
C	C5'_1	195.856	144.119	186.794	0.5647058823529412	0.5647058823529412	0.5647058823529412
C	C4'_1	194.359	143.906	186.875	0.5647058823529412	0.5647058823529412	0.5647058823529412
C	O4'_1	193.744	144.99	187.62	1.0	0.050980392156862744	0.050980392156862744
C	C3'_1	193.592	143.886	185.56	0.5647058823529412	0.5647058823529412	0.5647058823529412
C	O3'_1	193.687	142.617	184.912	1.0	0.050980392156862744	0.050980392156862744
C	C2'_1	192.169	144.188	186.019	0.5647058823529412	0.5647058823529412	0.5647058823529412
C	O2'_1	191.517	143.06	186.568	1.0	0.050980392156862744	0.050980392156862744
C	C1'_1	192.422	145.205	187.138	0.5647058823529412	0.5647058823529412	0.5647058823529412
C	N1_1	192.289	146.611	186.697	0.18823529411764706	0.3137254901960784	0.9725490196078431
C	C2_1	190.991	147.149	186.498	0.5647058823529412	0.5647058823529412	0.5647058823529412
C	O2_1	189.998	146.432	186.711	1.0	0.050980392156862744	0.050980392156862744
C	N3_1	190.868	148.434	186.078	0.18823529411764706	0.3137254901960784	0.9725490196078431
C	C4_1	191.966	149.175	185.857	0.5647058823529412	0.5647058823529412	0.5647058823529412
C	N4_1	191.801	150.431	185.437	0.18823529411764706	0.3137254901960784	0.9725490196078431
C	C5_1	193.286	148.657	186.059	0.5647058823529412	0.5647058823529412	0.5647058823529412
C	C6_1	193.398	147.387	186.476	0.5647058823529412	0.5647058823529412	0.5647058823529412
G	P_2	180.128	154.155	181.896	1.0	0.5019607843137255	0.0
G	OP1_2	178.672	154.329	182.144	1.0	0.050980392156862744	0.050980392156862744
G	OP2_2	181.1	155.097	182.52	1.0	0.050980392156862744	0.050980392156862744
G	O5'_2	180.532	152.673	182.314	1.0	0.050980392156862744	0.050980392156862744
G	C5'_2	180.931	152.365	183.661	0.5647058823529412	0.5647058823529412	0.5647058823529412
G	C4'_2	181.401	150.93	183.743	0.5647058823529412	0.5647058823529412	0.5647058823529412
G	O4'_2	182.519	150.724	182.83	1.0	0.050980392156862744	0.050980392156862744
G	C3'_2	181.949	150.497	185.092	0.5647058823529412	0.5647058823529412	0.5647058823529412
G	O3'_2	180.909	150.147	186.003	1.0	0.050980392156862744	0.050980392156862744
G	C2'_2	182.823	149.31	184.708	0.5647058823529412	0.5647058823529412	0.5647058823529412
G	O2'_2	182.073	148.138	184.448	1.0	0.050980392156862744	0.050980392156862744
G	C1'_2	183.451	149.816	183.406	0.5647058823529412	0.5647058823529412	0.5647058823529412
G	N9_2	184.703	150.536	183.638	0.18823529411764706	0.3137254901960784	0.9725490196078431
G	C8_2	184.943	151.871	183.399	0.5647058823529412	0.5647058823529412	0.5647058823529412
G	N7_2	186.146	152.249	183.741	0.18823529411764706	0.3137254901960784	0.9725490196078431
G	C5_2	186.747	151.094	184.23	0.5647058823529412	0.5647058823529412	0.5647058823529412
G	C6_2	188.061	150.887	184.761	0.5647058823529412	0.5647058823529412	0.5647058823529412
G	O6_2	188.974	151.715	184.902	1.0	0.050980392156862744	0.050980392156862744
G	N1_2	188.261	149.558	185.146	0.18823529411764706	0.3137254901960784	0.9725490196078431
G	C2_2	187.326	148.555	185.035	0.5647058823529412	0.5647058823529412	0.5647058823529412
G	N2_2	187.718	147.343	185.456	0.18823529411764706	0.3137254901960784	0.9725490196078431
G	N3_2	186.094	148.731	184.544	0.18823529411764706	0.3137254901960784	0.9725490196078431
G	C4_2	185.876	150.02	184.163	0.5647058823529412	0.5647058823529412	0.5647058823529412
