G	P_1	236.503	228.426	221.685	1.0	0.5019607843137255	0.0
G	OP1_1	237.107	229.269	222.763	1.0	0.050980392156862744	0.050980392156862744
G	OP2_1	235.508	227.372	222.045	1.0	0.050980392156862744	0.050980392156862744
G	O5'_1	235.834	229.401	220.616	1.0	0.050980392156862744	0.050980392156862744
G	C5'_1	236.642	230.312	219.851	0.5647058823529412	0.5647058823529412	0.5647058823529412
G	C4'_1	235.867	230.835	218.665	0.5647058823529412	0.5647058823529412	0.5647058823529412
G	O4'_1	235.476	229.724	217.804	1.0	0.050980392156862744	0.050980392156862744
G	C3'_1	234.54	231.517	218.967	0.5647058823529412	0.5647058823529412	0.5647058823529412
G	O3'_1	234.694	232.858	219.438	1.0	0.050980392156862744	0.050980392156862744
G	C2'_1	233.844	231.445	217.611	0.5647058823529412	0.5647058823529412	0.5647058823529412
G	O2'_1	234.314	232.407	216.685	1.0	0.050980392156862744	0.050980392156862744
G	C1'_1	234.255	230.046	217.139	0.5647058823529412	0.5647058823529412	0.5647058823529412
G	N9_1	233.233	229.058	217.486	0.18823529411764706	0.3137254901960784	0.9725490196078431
G	C8_1	233.164	228.271	218.617	0.5647058823529412	0.5647058823529412	0.5647058823529412
G	N7_1	232.087	227.528	218.663	0.18823529411764706	0.3137254901960784	0.9725490196078431
G	C5_1	231.41	227.832	217.487	0.5647058823529412	0.5647058823529412	0.5647058823529412
G	C6_1	230.171	227.342	216.983	0.5647058823529412	0.5647058823529412	0.5647058823529412
G	O6_1	229.405	226.512	217.493	1.0	0.050980392156862744	0.050980392156862744
G	N1_1	229.855	227.918	215.752	0.18823529411764706	0.3137254901960784	0.9725490196078431
G	C2_1	230.633	228.838	215.086	0.5647058823529412	0.5647058823529412	0.5647058823529412
G	N2_1	230.168	229.262	213.901	0.18823529411764706	0.3137254901960784	0.9725490196078431
G	N3_1	231.786	229.305	215.547	0.18823529411764706	0.3137254901960784	0.9725490196078431
G	C4_1	232.111	228.763	216.742	0.5647058823529412	0.5647058823529412	0.5647058823529412
C	P_2	221.53	224.029	211.923	1.0	0.5019607843137255	0.0
C	OP1_2	220.844	223.603	210.664	1.0	0.050980392156862744	0.050980392156862744
C	OP2_2	222.132	222.997	212.816	1.0	0.050980392156862744	0.050980392156862744
C	O5'_2	222.673	225.081	211.557	1.0	0.050980392156862744	0.050980392156862744
C	C5'_2	222.466	226.085	210.539	0.5647058823529412	0.5647058823529412	0.5647058823529412
C	C4'_2	223.692	226.966	210.414	0.5647058823529412	0.5647058823529412	0.5647058823529412
C	O4'_2	223.879	227.702	211.655	1.0	0.050980392156862744	0.050980392156862744
C	C3'_2	225.022	226.248	210.194	0.5647058823529412	0.5647058823529412	0.5647058823529412
C	O3'_2	225.234	225.911	208.816	1.0	0.050980392156862744	0.050980392156862744
C	C2'_2	226.029	227.27	210.714	0.5647058823529412	0.5647058823529412	0.5647058823529412
C	O2'_2	226.296	228.307	209.786	1.0	0.050980392156862744	0.050980392156862744
C	C1'_2	225.27	227.853	211.914	0.5647058823529412	0.5647058823529412	0.5647058823529412
C	N1_2	225.593	227.202	213.206	0.18823529411764706	0.3137254901960784	0.9725490196078431
C	C2_2	226.869	227.424	213.787	0.5647058823529412	0.5647058823529412	0.5647058823529412
C	O2_2	227.682	228.166	213.205	1.0	0.050980392156862744	0.050980392156862744
C	N3_2	227.169	226.828	214.965	0.18823529411764706	0.3137254901960784	0.9725490196078431
C	C4_2	226.264	226.047	215.568	0.5647058823529412	0.5647058823529412	0.5647058823529412
C	N4_2	226.609	225.478	216.73	0.18823529411764706	0.3137254901960784	0.9725490196078431
C	C5_2	224.966	225.812	215.007	0.5647058823529412	0.5647058823529412	0.5647058823529412
C	C6_2	224.68	226.4	213.837	0.5647058823529412	0.5647058823529412	0.5647058823529412
