G	P_1	238.272	123.605	181.571	1.0	0.5019607843137255	0.0
G	OP1_1	238.043	122.994	180.23	1.0	0.050980392156862744	0.050980392156862744
G	OP2_1	237.946	122.825	182.797	1.0	0.050980392156862744	0.050980392156862744
G	O5'_1	239.797	124.069	181.658	1.0	0.050980392156862744	0.050980392156862744
G	C5'_1	240.378	124.879	180.613	0.5647058823529412	0.5647058823529412	0.5647058823529412
G	C4'_1	241.785	125.305	180.976	0.5647058823529412	0.5647058823529412	0.5647058823529412
G	O4'_1	241.765	126.249	182.08	1.0	0.050980392156862744	0.050980392156862744
G	C3'_1	242.751	124.229	181.454	0.5647058823529412	0.5647058823529412	0.5647058823529412
G	O3'_1	243.275	123.459	180.372	1.0	0.050980392156862744	0.050980392156862744
G	C2'_1	243.834	125.065	182.131	0.5647058823529412	0.5647058823529412	0.5647058823529412
G	O2'_1	244.728	125.657	181.21	1.0	0.050980392156862744	0.050980392156862744
G	C1'_1	242.998	126.169	182.784	0.5647058823529412	0.5647058823529412	0.5647058823529412
G	N9_1	242.727	125.926	184.198	0.18823529411764706	0.3137254901960784	0.9725490196078431
G	C8_1	241.574	125.421	184.752	0.5647058823529412	0.5647058823529412	0.5647058823529412
G	N7_1	241.63	125.32	186.054	0.18823529411764706	0.3137254901960784	0.9725490196078431
G	C5_1	242.896	125.786	186.382	0.5647058823529412	0.5647058823529412	0.5647058823529412
G	C6_1	243.527	125.918	187.649	0.5647058823529412	0.5647058823529412	0.5647058823529412
G	O6_1	243.075	125.633	188.766	1.0	0.050980392156862744	0.050980392156862744
G	N1_1	244.814	126.441	187.529	0.18823529411764706	0.3137254901960784	0.9725490196078431
G	C2_1	245.417	126.791	186.343	0.5647058823529412	0.5647058823529412	0.5647058823529412
G	N2_1	246.661	127.284	186.435	0.18823529411764706	0.3137254901960784	0.9725490196078431
G	N3_1	244.84	126.668	185.152	0.18823529411764706	0.3137254901960784	0.9725490196078431
G	C4_1	243.589	126.165	185.247	0.5647058823529412	0.5647058823529412	0.5647058823529412
C	P_2	247.872	128.432	196.518	1.0	0.5019607843137255	0.0
C	OP1_2	248.584	129.288	197.51	1.0	0.050980392156862744	0.050980392156862744
C	OP2_2	246.393	128.543	196.381	1.0	0.050980392156862744	0.050980392156862744
C	O5'_2	248.523	128.694	195.09	1.0	0.050980392156862744	0.050980392156862744
C	C5'_2	249.95	128.625	194.902	0.5647058823529412	0.5647058823529412	0.5647058823529412
C	C4'_2	250.268	128.58	193.429	0.5647058823529412	0.5647058823529412	0.5647058823529412
C	O4'_2	249.788	127.326	192.875	1.0	0.050980392156862744	0.050980392156862744
C	C3'_2	249.58	129.654	192.598	0.5647058823529412	0.5647058823529412	0.5647058823529412
C	O3'_2	250.292	130.892	192.653	1.0	0.050980392156862744	0.050980392156862744
C	C2'_2	249.535	129.018	191.213	0.5647058823529412	0.5647058823529412	0.5647058823529412
C	O2'_2	250.765	129.101	190.518	1.0	0.050980392156862744	0.050980392156862744
C	C1'_2	249.262	127.551	191.573	0.5647058823529412	0.5647058823529412	0.5647058823529412
C	N1_2	247.833	127.167	191.575	0.18823529411764706	0.3137254901960784	0.9725490196078431
C	C2_2	247.22	126.79	190.359	0.5647058823529412	0.5647058823529412	0.5647058823529412
C	O2_2	247.892	126.816	189.307	1.0	0.050980392156862744	0.050980392156862744
C	N3_2	245.915	126.414	190.368	0.18823529411764706	0.3137254901960784	0.9725490196078431
C	C4_2	245.226	126.411	191.518	0.5647058823529412	0.5647058823529412	0.5647058823529412
C	N4_2	243.943	126.027	191.483	0.18823529411764706	0.3137254901960784	0.9725490196078431
C	C5_2	245.821	126.799	192.758	0.5647058823529412	0.5647058823529412	0.5647058823529412
C	C6_2	247.112	127.165	192.739	0.5647058823529412	0.5647058823529412	0.5647058823529412
