G	P_1	199.368	164.261	113.324	1.0	0.5019607843137255	0.0
G	OP1_1	199.673	163.289	112.235	1.0	0.050980392156862744	0.050980392156862744
G	OP2_1	198.805	165.596	112.979	1.0	0.050980392156862744	0.050980392156862744
G	O5'_1	198.373	163.554	114.351	1.0	0.050980392156862744	0.050980392156862744
G	C5'_1	198.693	162.27	114.929	0.5647058823529412	0.5647058823529412	0.5647058823529412
G	C4'_1	197.583	161.81	115.849	0.5647058823529412	0.5647058823529412	0.5647058823529412
G	O4'_1	197.515	162.658	117.029	1.0	0.050980392156862744	0.050980392156862744
G	C3'_1	196.174	161.868	115.277	0.5647058823529412	0.5647058823529412	0.5647058823529412
G	O3'_1	195.904	160.751	114.429	1.0	0.050980392156862744	0.050980392156862744
G	C2'_1	195.312	161.885	116.537	0.5647058823529412	0.5647058823529412	0.5647058823529412
G	O2'_1	195.142	160.608	117.116	1.0	0.050980392156862744	0.050980392156862744
G	C1'_1	196.167	162.742	117.475	0.5647058823529412	0.5647058823529412	0.5647058823529412
G	N9_1	195.769	164.148	117.519	0.18823529411764706	0.3137254901960784	0.9725490196078431
G	C8_1	196.393	165.214	116.912	0.5647058823529412	0.5647058823529412	0.5647058823529412
G	N7_1	195.808	166.358	117.153	0.18823529411764706	0.3137254901960784	0.9725490196078431
G	C5_1	194.732	166.031	117.967	0.5647058823529412	0.5647058823529412	0.5647058823529412
G	C6_1	193.737	166.859	118.554	0.5647058823529412	0.5647058823529412	0.5647058823529412
G	O6_1	193.611	168.085	118.472	1.0	0.050980392156862744	0.050980392156862744
G	N1_1	192.828	166.115	119.305	0.18823529411764706	0.3137254901960784	0.9725490196078431
G	C2_1	192.871	164.751	119.475	0.5647058823529412	0.5647058823529412	0.5647058823529412
G	N2_1	191.905	164.216	120.244	0.18823529411764706	0.3137254901960784	0.9725490196078431
G	N3_1	193.795	163.968	118.934	0.18823529411764706	0.3137254901960784	0.9725490196078431
G	C4_1	194.688	164.67	118.198	0.5647058823529412	0.5647058823529412	0.5647058823529412
C	P_2	186.963	171.889	125.395	1.0	0.5019607843137255	0.0
C	OP1_2	186.498	171.826	126.812	1.0	0.050980392156862744	0.050980392156862744
C	OP2_2	188.201	172.64	125.062	1.0	0.050980392156862744	0.050980392156862744
C	O5'_2	187.134	170.4	124.856	1.0	0.050980392156862744	0.050980392156862744
C	C5'_2	186.119	169.41	125.087	0.5647058823529412	0.5647058823529412	0.5647058823529412
C	C4'_2	186.609	168.054	124.644	0.5647058823529412	0.5647058823529412	0.5647058823529412
C	O4'_2	186.796	168.054	123.204	1.0	0.050980392156862744	0.050980392156862744
C	C3'_2	187.964	167.627	125.185	0.5647058823529412	0.5647058823529412	0.5647058823529412
C	O3'_2	187.888	167.118	126.512	1.0	0.050980392156862744	0.050980392156862744
C	C2'_2	188.393	166.576	124.172	0.5647058823529412	0.5647058823529412	0.5647058823529412
C	O2'_2	187.762	165.326	124.36	1.0	0.050980392156862744	0.050980392156862744
C	C1'_2	187.885	167.202	122.871	0.5647058823529412	0.5647058823529412	0.5647058823529412
C	N1_2	188.924	167.992	122.182	0.18823529411764706	0.3137254901960784	0.9725490196078431
C	C2_2	189.779	167.339	121.28	0.5647058823529412	0.5647058823529412	0.5647058823529412
C	O2_2	189.633	166.119	121.082	1.0	0.050980392156862744	0.050980392156862744
C	N3_2	190.739	168.052	120.652	0.18823529411764706	0.3137254901960784	0.9725490196078431
C	C4_2	190.865	169.36	120.892	0.5647058823529412	0.5647058823529412	0.5647058823529412
C	N4_2	191.83	170.019	120.253	0.18823529411764706	0.3137254901960784	0.9725490196078431
C	C5_2	190.009	170.048	121.799	0.5647058823529412	0.5647058823529412	0.5647058823529412
C	C6_2	189.062	169.333	122.415	0.5647058823529412	0.5647058823529412	0.5647058823529412
