G	P_1	279.108	140.04	201.517	1.0	0.5019607843137255	0.0
G	OP1_1	277.992	140.069	200.527	1.0	0.050980392156862744	0.050980392156862744
G	OP2_1	280.471	139.661	201.071	1.0	0.050980392156862744	0.050980392156862744
G	O5'_1	279.194	141.469	202.22	1.0	0.050980392156862744	0.050980392156862744
G	C5'_1	278.024	142.094	202.788	0.5647058823529412	0.5647058823529412	0.5647058823529412
G	C4'_1	278.421	143.253	203.681	0.5647058823529412	0.5647058823529412	0.5647058823529412
G	O4'_1	279.236	142.766	204.786	1.0	0.050980392156862744	0.050980392156862744
G	C3'_1	279.28	144.343	203.054	0.5647058823529412	0.5647058823529412	0.5647058823529412
G	O3'_1	278.512	145.268	202.291	1.0	0.050980392156862744	0.050980392156862744
G	C2'_1	279.914	144.993	204.279	0.5647058823529412	0.5647058823529412	0.5647058823529412
G	O2'_1	279.044	145.881	204.948	1.0	0.050980392156862744	0.050980392156862744
G	C1'_1	280.168	143.772	205.169	0.5647058823529412	0.5647058823529412	0.5647058823529412
G	N9_1	281.525	143.247	205.022	0.18823529411764706	0.3137254901960784	0.9725490196078431
G	C8_1	281.929	142.152	204.293	0.5647058823529412	0.5647058823529412	0.5647058823529412
G	N7_1	283.218	141.952	204.341	0.18823529411764706	0.3137254901960784	0.9725490196078431
G	C5_1	283.694	142.971	205.153	0.5647058823529412	0.5647058823529412	0.5647058823529412
G	C6_1	285.014	143.273	205.561	0.5647058823529412	0.5647058823529412	0.5647058823529412
G	O6_1	286.064	142.682	205.276	1.0	0.050980392156862744	0.050980392156862744
G	N1_1	285.051	144.394	206.384	0.18823529411764706	0.3137254901960784	0.9725490196078431
G	C2_1	283.957	145.133	206.765	0.5647058823529412	0.5647058823529412	0.5647058823529412
G	N2_1	284.198	146.181	207.568	0.18823529411764706	0.3137254901960784	0.9725490196078431
G	N3_1	282.718	144.862	206.388	0.18823529411764706	0.3137254901960784	0.9725490196078431
G	C4_1	282.662	143.775	205.588	0.5647058823529412	0.5647058823529412	0.5647058823529412
C	P_2	294.436	147.604	210.031	1.0	0.5019607843137255	0.0
C	OP1_2	295.072	148.193	211.245	1.0	0.050980392156862744	0.050980392156862744
C	OP2_2	294.593	146.152	209.749	1.0	0.050980392156862744	0.050980392156862744
C	O5'_2	292.875	147.935	210.059	1.0	0.050980392156862744	0.050980392156862744
C	C5'_2	292.402	149.271	210.339	0.5647058823529412	0.5647058823529412	0.5647058823529412
C	C4'_2	290.89	149.307	210.344	0.5647058823529412	0.5647058823529412	0.5647058823529412
C	O4'_2	290.383	149.088	208.999	1.0	0.050980392156862744	0.050980392156862744
C	C3'_2	290.187	148.24	211.171	0.5647058823529412	0.5647058823529412	0.5647058823529412
C	O3'_2	290.173	148.554	212.562	1.0	0.050980392156862744	0.050980392156862744
C	C2'_2	288.793	148.223	210.553	0.5647058823529412	0.5647058823529412	0.5647058823529412
C	O2'_2	287.973	149.28	211.007	1.0	0.050980392156862744	0.050980392156862744
C	C1'_2	289.118	148.441	209.071	0.5647058823529412	0.5647058823529412	0.5647058823529412
C	N1_2	289.153	147.194	208.274	0.18823529411764706	0.3137254901960784	0.9725490196078431
C	C2_2	287.953	146.725	207.7	0.5647058823529412	0.5647058823529412	0.5647058823529412
C	O2_2	286.903	147.373	207.87	1.0	0.050980392156862744	0.050980392156862744
C	N3_2	287.973	145.58	206.979	0.18823529411764706	0.3137254901960784	0.9725490196078431
C	C4_2	289.116	144.908	206.821	0.5647058823529412	0.5647058823529412	0.5647058823529412
C	N4_2	289.08	143.778	206.114	0.18823529411764706	0.3137254901960784	0.9725490196078431
C	C5_2	290.345	145.363	207.383	0.5647058823529412	0.5647058823529412	0.5647058823529412
C	C6_2	290.319	146.498	208.093	0.5647058823529412	0.5647058823529412	0.5647058823529412
