G	P_1	164.444	225.361	205.479	1.0	0.5019607843137255	0.0
G	OP1_1	163.645	225.659	206.705	1.0	0.050980392156862744	0.050980392156862744
G	OP2_1	164.628	223.943	205.049	1.0	0.050980392156862744	0.050980392156862744
G	O5'_1	163.809	226.184	204.269	1.0	0.050980392156862744	0.050980392156862744
G	C5'_1	163.609	227.615	204.371	0.5647058823529412	0.5647058823529412	0.5647058823529412
G	C4'_1	163.355	228.212	203.003	0.5647058823529412	0.5647058823529412	0.5647058823529412
G	O4'_1	164.527	228.027	202.158	1.0	0.050980392156862744	0.050980392156862744
G	C3'_1	162.221	227.593	202.197	0.5647058823529412	0.5647058823529412	0.5647058823529412
G	O3'_1	160.95	228.102	202.609	1.0	0.050980392156862744	0.050980392156862744
G	C2'_1	162.585	227.99	200.767	0.5647058823529412	0.5647058823529412	0.5647058823529412
G	O2'_1	162.223	229.321	200.447	1.0	0.050980392156862744	0.050980392156862744
G	C1'_1	164.117	227.886	200.804	0.5647058823529412	0.5647058823529412	0.5647058823529412
G	N9_1	164.652	226.632	200.271	0.18823529411764706	0.3137254901960784	0.9725490196078431
G	C8_1	165.234	225.598	200.977	0.5647058823529412	0.5647058823529412	0.5647058823529412
G	N7_1	165.625	224.609	200.214	0.18823529411764706	0.3137254901960784	0.9725490196078431
G	C5_1	165.281	225.009	198.926	0.5647058823529412	0.5647058823529412	0.5647058823529412
G	C6_1	165.456	224.344	197.669	0.5647058823529412	0.5647058823529412	0.5647058823529412
G	O6_1	165.963	223.234	197.445	1.0	0.050980392156862744	0.050980392156862744
G	N1_1	164.962	225.111	196.608	0.18823529411764706	0.3137254901960784	0.9725490196078431
G	C2_1	164.375	226.354	196.732	0.5647058823529412	0.5647058823529412	0.5647058823529412
G	N2_1	163.964	226.942	195.589	0.18823529411764706	0.3137254901960784	0.9725490196078431
G	N3_1	164.203	226.98	197.896	0.18823529411764706	0.3137254901960784	0.9725490196078431
G	C4_1	164.677	226.255	198.942	0.5647058823529412	0.5647058823529412	0.5647058823529412
C	P_2	167.295	222.174	187.044	1.0	0.5019607843137255	0.0
C	OP1_2	167.808	222.637	185.721	1.0	0.050980392156862744	0.050980392156862744
C	OP2_2	168.238	221.592	188.032	1.0	0.050980392156862744	0.050980392156862744
C	O5'_2	166.541	223.392	187.748	1.0	0.050980392156862744	0.050980392156862744
C	C5'_2	165.597	224.205	187.016	0.5647058823529412	0.5647058823529412	0.5647058823529412
C	C4'_2	165.047	225.311	187.896	0.5647058823529412	0.5647058823529412	0.5647058823529412
C	O4'_2	164.24	224.746	188.967	1.0	0.050980392156862744	0.050980392156862744
C	C3'_2	166.059	226.18	188.63	0.5647058823529412	0.5647058823529412	0.5647058823529412
C	O3'_2	166.654	227.17	187.791	1.0	0.050980392156862744	0.050980392156862744
C	C2'_2	165.206	226.782	189.741	0.5647058823529412	0.5647058823529412	0.5647058823529412
C	O2'_2	164.388	227.848	189.305	1.0	0.050980392156862744	0.050980392156862744
C	C1'_2	164.315	225.591	190.11	0.5647058823529412	0.5647058823529412	0.5647058823529412
C	N1_2	164.838	224.818	191.257	0.18823529411764706	0.3137254901960784	0.9725490196078431
C	C2_2	164.461	225.204	192.563	0.5647058823529412	0.5647058823529412	0.5647058823529412
C	O2_2	163.68	226.166	192.712	1.0	0.050980392156862744	0.050980392156862744
C	N3_2	164.957	224.518	193.619	0.18823529411764706	0.3137254901960784	0.9725490196078431
C	C4_2	165.791	223.492	193.418	0.5647058823529412	0.5647058823529412	0.5647058823529412
C	N4_2	166.268	222.858	194.491	0.18823529411764706	0.3137254901960784	0.9725490196078431
C	C5_2	166.177	223.073	192.108	0.5647058823529412	0.5647058823529412	0.5647058823529412
C	C6_2	165.681	223.755	191.069	0.5647058823529412	0.5647058823529412	0.5647058823529412
