C	P_1	277.991	211.149	132.259	1.0	0.5019607843137255	0.0
C	OP1_1	279.261	211.925	132.398	1.0	0.050980392156862744	0.050980392156862744
C	OP2_1	277.255	211.173	130.967	1.0	0.050980392156862744	0.050980392156862744
C	O5'_1	278.297	209.631	132.63	1.0	0.050980392156862744	0.050980392156862744
C	C5'_1	279.008	209.296	133.84	0.5647058823529412	0.5647058823529412	0.5647058823529412
C	C4'_1	278.978	207.802	134.073	0.5647058823529412	0.5647058823529412	0.5647058823529412
C	O4'_1	277.635	207.38	134.431	1.0	0.050980392156862744	0.050980392156862744
C	C3'_1	279.325	206.931	132.876	0.5647058823529412	0.5647058823529412	0.5647058823529412
C	O3'_1	280.728	206.852	132.648	1.0	0.050980392156862744	0.050980392156862744
C	C2'_1	278.709	205.596	133.271	0.5647058823529412	0.5647058823529412	0.5647058823529412
C	O2'_1	279.496	204.879	134.202	1.0	0.050980392156862744	0.050980392156862744
C	C1'_1	277.415	206.059	133.95	0.5647058823529412	0.5647058823529412	0.5647058823529412
C	N1_1	276.257	206.067	133.032	0.18823529411764706	0.3137254901960784	0.9725490196078431
C	C2_1	275.392	204.957	133.021	0.5647058823529412	0.5647058823529412	0.5647058823529412
C	O2_1	275.612	204.01	133.797	1.0	0.050980392156862744	0.050980392156862744
C	N3_1	274.343	204.949	132.167	0.18823529411764706	0.3137254901960784	0.9725490196078431
C	C4_1	274.135	205.989	131.353	0.5647058823529412	0.5647058823529412	0.5647058823529412
C	N4_1	273.091	205.936	130.528	0.18823529411764706	0.3137254901960784	0.9725490196078431
C	C5_1	274.99	207.13	131.35	0.5647058823529412	0.5647058823529412	0.5647058823529412
C	C6_1	276.028	207.128	132.195	0.5647058823529412	0.5647058823529412	0.5647058823529412
G	P_2	274.862	197.994	126.697	1.0	0.5019607843137255	0.0
G	OP1_2	276.16	197.261	126.688	1.0	0.050980392156862744	0.050980392156862744
G	OP2_2	274.214	198.351	125.403	1.0	0.050980392156862744	0.050980392156862744
G	O5'_2	273.802	197.151	127.539	1.0	0.050980392156862744	0.050980392156862744
G	C5'_2	274.212	196.188	128.537	0.5647058823529412	0.5647058823529412	0.5647058823529412
G	C4'_2	273.135	196.055	129.591	0.5647058823529412	0.5647058823529412	0.5647058823529412
G	O4'_2	273.09	197.273	130.376	1.0	0.050980392156862744	0.050980392156862744
G	C3'_2	271.729	195.884	129.03	0.5647058823529412	0.5647058823529412	0.5647058823529412
G	O3'_2	271.443	194.503	128.794	1.0	0.050980392156862744	0.050980392156862744
G	C2'_2	270.854	196.505	130.114	0.5647058823529412	0.5647058823529412	0.5647058823529412
G	O2'_2	270.62	195.629	131.198	1.0	0.050980392156862744	0.050980392156862744
G	C1'_2	271.746	197.649	130.609	0.5647058823529412	0.5647058823529412	0.5647058823529412
G	N9_2	271.555	198.964	129.997	0.18823529411764706	0.3137254901960784	0.9725490196078431
G	C8_2	270.841	199.286	128.865	0.5647058823529412	0.5647058823529412	0.5647058823529412
G	N7_2	270.917	200.554	128.554	0.18823529411764706	0.3137254901960784	0.9725490196078431
G	C5_2	271.72	201.104	129.545	0.5647058823529412	0.5647058823529412	0.5647058823529412
G	C6_2	272.167	202.442	129.738	0.5647058823529412	0.5647058823529412	0.5647058823529412
G	O6_2	271.947	203.439	129.038	1.0	0.050980392156862744	0.050980392156862744
G	N1_2	272.953	202.56	130.882	0.18823529411764706	0.3137254901960784	0.9725490196078431
G	C2_2	273.275	201.528	131.727	0.5647058823529412	0.5647058823529412	0.5647058823529412
G	N2_2	274.039	201.841	132.783	0.18823529411764706	0.3137254901960784	0.9725490196078431
G	N3_2	272.877	200.278	131.553	0.18823529411764706	0.3137254901960784	0.9725490196078431
G	C4_2	272.108	200.14	130.451	0.5647058823529412	0.5647058823529412	0.5647058823529412
