C	P_1	205.762	125.228	208.244	1.0	0.5019607843137255	0.0
C	OP1_1	206.441	125.238	206.919	1.0	0.050980392156862744	0.050980392156862744
C	OP2_1	204.959	126.406	208.669	1.0	0.050980392156862744	0.050980392156862744
C	O5'_1	204.824	123.943	208.302	1.0	0.050980392156862744	0.050980392156862744
C	C5'_1	205.264	122.68	207.769	0.5647058823529412	0.5647058823529412	0.5647058823529412
C	C4'_1	204.174	121.649	207.918	0.5647058823529412	0.5647058823529412	0.5647058823529412
C	O4'_1	203.961	121.377	209.327	1.0	0.050980392156862744	0.050980392156862744
C	C3'_1	202.806	122.07	207.4	0.5647058823529412	0.5647058823529412	0.5647058823529412
C	O3'_1	202.696	121.865	205.994	1.0	0.050980392156862744	0.050980392156862744
C	C2'_1	201.87	121.179	208.206	0.5647058823529412	0.5647058823529412	0.5647058823529412
C	O2'_1	201.81	119.86	207.703	1.0	0.050980392156862744	0.050980392156862744
C	C1'_1	202.581	121.15	209.564	0.5647058823529412	0.5647058823529412	0.5647058823529412
C	N1_1	202.098	122.155	210.534	0.18823529411764706	0.3137254901960784	0.9725490196078431
C	C2_1	201.096	121.793	211.457	0.5647058823529412	0.5647058823529412	0.5647058823529412
C	O2_1	200.629	120.638	211.426	1.0	0.050980392156862744	0.050980392156862744
C	N3_1	200.665	122.711	212.354	0.18823529411764706	0.3137254901960784	0.9725490196078431
C	C4_1	201.184	123.944	212.352	0.5647058823529412	0.5647058823529412	0.5647058823529412
C	N4_1	200.728	124.815	213.25	0.18823529411764706	0.3137254901960784	0.9725490196078431
C	C5_1	202.195	124.337	211.426	0.5647058823529412	0.5647058823529412	0.5647058823529412
C	C6_1	202.618	123.421	210.546	0.5647058823529412	0.5647058823529412	0.5647058823529412
G	P_2	191.254	122.435	219.094	1.0	0.5019607843137255	0.0
G	OP1_2	190.392	121.583	219.96	1.0	0.050980392156862744	0.050980392156862744
G	OP2_2	192.454	123.099	219.678	1.0	0.050980392156862744	0.050980392156862744
G	O5'_2	191.733	121.561	217.848	1.0	0.050980392156862744	0.050980392156862744
G	C5'_2	190.796	120.761	217.098	0.5647058823529412	0.5647058823529412	0.5647058823529412
G	C4'_2	191.477	120.122	215.905	0.5647058823529412	0.5647058823529412	0.5647058823529412
G	O4'_2	191.976	121.158	215.013	1.0	0.050980392156862744	0.050980392156862744
G	C3'_2	192.709	119.271	216.186	0.5647058823529412	0.5647058823529412	0.5647058823529412
G	O3'_2	192.379	117.952	216.624	1.0	0.050980392156862744	0.050980392156862744
G	C2'_2	193.399	119.258	214.826	0.5647058823529412	0.5647058823529412	0.5647058823529412
G	O2'_2	192.815	118.351	213.91	1.0	0.050980392156862744	0.050980392156862744
G	C1'_2	193.148	120.692	214.353	0.5647058823529412	0.5647058823529412	0.5647058823529412
G	N9_2	194.262	121.581	214.676	0.18823529411764706	0.3137254901960784	0.9725490196078431
G	C8_2	194.306	122.558	215.644	0.5647058823529412	0.5647058823529412	0.5647058823529412
G	N7_2	195.458	123.172	215.703	0.18823529411764706	0.3137254901960784	0.9725490196078431
G	C5_2	196.219	122.567	214.712	0.5647058823529412	0.5647058823529412	0.5647058823529412
G	C6_2	197.554	122.805	214.311	0.5647058823529412	0.5647058823529412	0.5647058823529412
G	O6_2	198.355	123.628	214.764	1.0	0.050980392156862744	0.050980392156862744
G	N1_2	197.935	121.964	213.268	0.18823529411764706	0.3137254901960784	0.9725490196078431
G	C2_2	197.133	121.011	212.685	0.5647058823529412	0.5647058823529412	0.5647058823529412
G	N2_2	197.685	120.293	211.688	0.18823529411764706	0.3137254901960784	0.9725490196078431
G	N3_2	195.881	120.779	213.052	0.18823529411764706	0.3137254901960784	0.9725490196078431
G	C4_2	195.494	121.588	214.064	0.5647058823529412	0.5647058823529412	0.5647058823529412
