C	P_1	243.13	185.411	157.023	1.0	0.5019607843137255	0.0
C	OP1_1	242.852	184.643	155.778	1.0	0.050980392156862744	0.050980392156862744
C	OP2_1	244.272	186.374	157.053	1.0	0.050980392156862744	0.050980392156862744
C	O5'_1	241.804	186.213	157.418	1.0	0.050980392156862744	0.050980392156862744
C	C5'_1	240.496	185.826	156.918	0.5647058823529412	0.5647058823529412	0.5647058823529412
C	C4'_1	239.927	186.915	156.017	0.5647058823529412	0.5647058823529412	0.5647058823529412
C	O4'_1	240.647	186.918	154.747	1.0	0.050980392156862744	0.050980392156862744
C	C3'_1	238.461	186.752	155.615	0.5647058823529412	0.5647058823529412	0.5647058823529412
C	O3'_1	237.571	187.272	156.612	1.0	0.050980392156862744	0.050980392156862744
C	C2'_1	238.381	187.536	154.309	0.5647058823529412	0.5647058823529412	0.5647058823529412
C	O2'_1	238.27	188.934	154.501	1.0	0.050980392156862744	0.050980392156862744
C	C1'_1	239.742	187.209	153.68	0.5647058823529412	0.5647058823529412	0.5647058823529412
C	N1_1	239.709	186.054	152.745	0.18823529411764706	0.3137254901960784	0.9725490196078431
C	C2_1	239.192	186.238	151.446	0.5647058823529412	0.5647058823529412	0.5647058823529412
C	O2_1	238.761	187.359	151.117	1.0	0.050980392156862744	0.050980392156862744
C	N3_1	239.177	185.189	150.588	0.18823529411764706	0.3137254901960784	0.9725490196078431
C	C4_1	239.641	183.998	150.979	0.5647058823529412	0.5647058823529412	0.5647058823529412
C	N4_1	239.606	182.99	150.104	0.18823529411764706	0.3137254901960784	0.9725490196078431
C	C5_1	240.161	183.783	152.286	0.5647058823529412	0.5647058823529412	0.5647058823529412
C	C6_1	240.176	184.826	153.128	0.5647058823529412	0.5647058823529412	0.5647058823529412
G	P_2	235.162	183.59	139.865	1.0	0.5019607843137255	0.0
G	OP1_2	235.028	183.945	138.425	1.0	0.050980392156862744	0.050980392156862744
G	OP2_2	236.249	182.671	140.294	1.0	0.050980392156862744	0.050980392156862744
G	O5'_2	235.308	184.941	140.696	1.0	0.050980392156862744	0.050980392156862744
G	C5'_2	234.394	186.036	140.485	0.5647058823529412	0.5647058823529412	0.5647058823529412
G	C4'_2	234.489	187.023	141.624	0.5647058823529412	0.5647058823529412	0.5647058823529412
G	O4'_2	234.215	186.335	142.873	1.0	0.050980392156862744	0.050980392156862744
G	C3'_2	235.846	187.67	141.86	0.5647058823529412	0.5647058823529412	0.5647058823529412
G	O3'_2	236.067	188.77	140.983	1.0	0.050980392156862744	0.050980392156862744
G	C2'_2	235.735	188.111	143.313	0.5647058823529412	0.5647058823529412	0.5647058823529412
G	O2'_2	234.967	189.287	143.48	1.0	0.050980392156862744	0.050980392156862744
G	C1'_2	234.966	186.936	143.917	0.5647058823529412	0.5647058823529412	0.5647058823529412
G	N9_2	235.846	185.928	144.502	0.18823529411764706	0.3137254901960784	0.9725490196078431
G	C8_2	236.239	184.725	143.949	0.5647058823529412	0.5647058823529412	0.5647058823529412
G	N7_2	237.032	184.036	144.731	0.18823529411764706	0.3137254901960784	0.9725490196078431
G	C5_2	237.174	184.832	145.865	0.5647058823529412	0.5647058823529412	0.5647058823529412
G	C6_2	237.914	184.613	147.056	0.5647058823529412	0.5647058823529412	0.5647058823529412
G	O6_2	238.612	183.638	147.358	1.0	0.050980392156862744	0.050980392156862744
G	N1_2	237.779	185.678	147.948	0.18823529411764706	0.3137254901960784	0.9725490196078431
G	C2_2	237.026	186.804	147.727	0.5647058823529412	0.5647058823529412	0.5647058823529412
G	N2_2	237.013	187.718	148.715	0.18823529411764706	0.3137254901960784	0.9725490196078431
G	N3_2	236.332	187.021	146.62	0.18823529411764706	0.3137254901960784	0.9725490196078431
G	C4_2	236.45	186.002	145.739	0.5647058823529412	0.5647058823529412	0.5647058823529412
