G	P_1	139.228	208.234	231.064	1.0	0.5019607843137255	0.0
G	OP1_1	139.595	206.877	231.565	1.0	0.050980392156862744	0.050980392156862744
G	OP2_1	138.212	208.367	229.98	1.0	0.050980392156862744	0.050980392156862744
G	O5'_1	138.743	209.108	232.305	1.0	0.050980392156862744	0.050980392156862744
G	C5'_1	139.565	209.244	233.482	0.5647058823529412	0.5647058823529412	0.5647058823529412
G	C4'_1	138.915	210.186	234.468	0.5647058823529412	0.5647058823529412	0.5647058823529412
G	O4'_1	138.903	211.537	233.927	1.0	0.050980392156862744	0.050980392156862744
G	C3'_1	137.449	209.915	234.779	0.5647058823529412	0.5647058823529412	0.5647058823529412
G	O3'_1	137.258	208.863	235.719	1.0	0.050980392156862744	0.050980392156862744
G	C2'_1	136.978	211.266	235.301	0.5647058823529412	0.5647058823529412	0.5647058823529412
G	O2'_1	137.37	211.517	236.635	1.0	0.050980392156862744	0.050980392156862744
G	C1'_1	137.726	212.217	234.363	0.5647058823529412	0.5647058823529412	0.5647058823529412
G	N9_1	136.918	212.556	233.193	0.18823529411764706	0.3137254901960784	0.9725490196078431
G	C8_1	137.064	212.066	231.913	0.5647058823529412	0.5647058823529412	0.5647058823529412
G	N7_1	136.183	212.546	231.075	0.18823529411764706	0.3137254901960784	0.9725490196078431
G	C5_1	135.406	213.405	231.845	0.5647058823529412	0.5647058823529412	0.5647058823529412
G	C6_1	134.283	214.209	231.482	0.5647058823529412	0.5647058823529412	0.5647058823529412
G	O6_1	133.749	214.331	230.367	1.0	0.050980392156862744	0.050980392156862744
G	N1_1	133.788	214.918	232.575	0.18823529411764706	0.3137254901960784	0.9725490196078431
G	C2_1	134.303	214.868	233.85	0.5647058823529412	0.5647058823529412	0.5647058823529412
G	N2_1	133.684	215.635	234.764	0.18823529411764706	0.3137254901960784	0.9725490196078431
G	N3_1	135.349	214.123	234.202	0.18823529411764706	0.3137254901960784	0.9725490196078431
G	C4_1	135.847	213.424	233.156	0.5647058823529412	0.5647058823529412	0.5647058823529412
C	P_2	126.219	220.822	229.499	1.0	0.5019607843137255	0.0
C	OP1_2	125.784	222.236	229.705	1.0	0.050980392156862744	0.050980392156862744
C	OP2_2	126.969	220.457	228.268	1.0	0.050980392156862744	0.050980392156862744
C	O5'_2	127.093	220.383	230.756	1.0	0.050980392156862744	0.050980392156862744
C	C5'_2	126.686	220.73	232.093	0.5647058823529412	0.5647058823529412	0.5647058823529412
C	C4'_2	127.744	220.309	233.089	0.5647058823529412	0.5647058823529412	0.5647058823529412
C	O4'_2	127.882	218.863	233.062	1.0	0.050980392156862744	0.050980392156862744
C	C3'_2	129.158	220.819	232.837	0.5647058823529412	0.5647058823529412	0.5647058823529412
C	O3'_2	129.347	222.147	233.318	1.0	0.050980392156862744	0.050980392156862744
C	C2'_2	130.001	219.808	233.602	0.5647058823529412	0.5647058823529412	0.5647058823529412
C	O2'_2	129.998	220.039	234.997	1.0	0.050980392156862744	0.050980392156862744
C	C1'_2	129.237	218.513	233.313	0.5647058823529412	0.5647058823529412	0.5647058823529412
C	N1_2	129.759	217.761	232.153	0.18823529411764706	0.3137254901960784	0.9725490196078431
C	C2_2	130.904	216.957	232.327	0.5647058823529412	0.5647058823529412	0.5647058823529412
C	O2_2	131.448	216.911	233.446	1.0	0.050980392156862744	0.050980392156862744
C	N3_2	131.379	216.254	231.272	0.18823529411764706	0.3137254901960784	0.9725490196078431
C	C4_2	130.763	216.326	230.087	0.5647058823529412	0.5647058823529412	0.5647058823529412
C	N4_2	131.263	215.608	229.082	0.18823529411764706	0.3137254901960784	0.9725490196078431
C	C5_2	129.606	217.138	229.882	0.5647058823529412	0.5647058823529412	0.5647058823529412
C	C6_2	129.144	217.833	230.93	0.5647058823529412	0.5647058823529412	0.5647058823529412
