C	P_1	182.882	169.275	224.335	1.0	0.5019607843137255	0.0
C	OP1_1	181.74	169.299	223.375	1.0	0.050980392156862744	0.050980392156862744
C	OP2_1	184.01	170.23	224.164	1.0	0.050980392156862744	0.050980392156862744
C	O5'_1	182.315	169.442	225.82	1.0	0.050980392156862744	0.050980392156862744
C	C5'_1	181.203	168.644	226.287	0.5647058823529412	0.5647058823529412	0.5647058823529412
C	C4'_1	180.78	169.075	227.681	0.5647058823529412	0.5647058823529412	0.5647058823529412
C	O4'_1	181.822	168.754	228.64	1.0	0.050980392156862744	0.050980392156862744
C	C3'_1	180.526	170.56	227.904	0.5647058823529412	0.5647058823529412	0.5647058823529412
C	O3'_1	179.242	170.965	227.441	1.0	0.050980392156862744	0.050980392156862744
C	C2'_1	180.648	170.679	229.416	0.5647058823529412	0.5647058823529412	0.5647058823529412
C	O2'_1	179.494	170.238	230.096	1.0	0.050980392156862744	0.050980392156862744
C	C1'_1	181.791	169.701	229.701	0.5647058823529412	0.5647058823529412	0.5647058823529412
C	N1_1	183.115	170.356	229.813	0.18823529411764706	0.3137254901960784	0.9725490196078431
C	C2_1	183.429	171.061	231.006	0.5647058823529412	0.5647058823529412	0.5647058823529412
C	O2_1	182.584	171.117	231.925	1.0	0.050980392156862744	0.050980392156862744
C	N3_1	184.642	171.658	231.113	0.18823529411764706	0.3137254901960784	0.9725490196078431
C	C4_1	185.518	171.582	230.103	0.5647058823529412	0.5647058823529412	0.5647058823529412
C	N4_1	186.696	172.19	230.255	0.18823529411764706	0.3137254901960784	0.9725490196078431
C	C5_1	185.225	170.882	228.892	0.5647058823529412	0.5647058823529412	0.5647058823529412
C	C6_1	184.028	170.288	228.791	0.5647058823529412	0.5647058823529412	0.5647058823529412
G	P_2	189.26	177.983	239.902	1.0	0.5019607843137255	0.0
G	OP1_2	189.374	178.132	241.381	1.0	0.050980392156862744	0.050980392156862744
G	OP2_2	190.235	177.123	239.172	1.0	0.050980392156862744	0.050980392156862744
G	O5'_2	187.792	177.458	239.566	1.0	0.050980392156862744	0.050980392156862744
G	C5'_2	186.624	178.145	240.072	0.5647058823529412	0.5647058823529412	0.5647058823529412
G	C4'_2	185.366	177.464	239.59	0.5647058823529412	0.5647058823529412	0.5647058823529412
G	O4'_2	185.321	177.51	238.141	1.0	0.050980392156862744	0.050980392156862744
G	C3'_2	185.251	175.985	239.933	0.5647058823529412	0.5647058823529412	0.5647058823529412
G	O3'_2	184.701	175.804	241.243	1.0	0.050980392156862744	0.050980392156862744
G	C2'_2	184.299	175.48	238.855	0.5647058823529412	0.5647058823529412	0.5647058823529412
G	O2'_2	182.945	175.763	239.154	1.0	0.050980392156862744	0.050980392156862744
G	C1'_2	184.722	176.325	237.648	0.5647058823529412	0.5647058823529412	0.5647058823529412
G	N9_2	185.661	175.678	236.733	0.18823529411764706	0.3137254901960784	0.9725490196078431
G	C8_2	187.032	175.792	236.731	0.5647058823529412	0.5647058823529412	0.5647058823529412
G	N7_2	187.601	175.112	235.771	0.18823529411764706	0.3137254901960784	0.9725490196078431
G	C5_2	186.545	174.505	235.102	0.5647058823529412	0.5647058823529412	0.5647058823529412
G	C6_2	186.546	173.645	233.971	0.5647058823529412	0.5647058823529412	0.5647058823529412
G	O6_2	187.511	173.237	233.311	1.0	0.050980392156862744	0.050980392156862744
G	N1_2	185.254	173.259	233.622	0.18823529411764706	0.3137254901960784	0.9725490196078431
G	C2_2	184.109	173.648	234.273	0.5647058823529412	0.5647058823529412	0.5647058823529412
G	N2_2	182.957	173.161	233.787	0.18823529411764706	0.3137254901960784	0.9725490196078431
G	N3_2	184.093	174.453	235.326	0.18823529411764706	0.3137254901960784	0.9725490196078431
G	C4_2	185.339	174.84	235.685	0.5647058823529412	0.5647058823529412	0.5647058823529412
