C	P_1	271.788	177.32	217.591	1.0	0.5019607843137255	0.0
C	OP1_1	270.317	177.1	217.725	1.0	0.050980392156862744	0.050980392156862744
C	OP2_1	272.545	177.921	218.72	1.0	0.050980392156862744	0.050980392156862744
C	O5'_1	272.471	175.925	217.23	1.0	0.050980392156862744	0.050980392156862744
C	C5'_1	271.944	175.086	216.18	0.5647058823529412	0.5647058823529412	0.5647058823529412
C	C4'_1	272.888	173.937	215.902	0.5647058823529412	0.5647058823529412	0.5647058823529412
C	O4'_1	274.161	174.461	215.44	1.0	0.050980392156862744	0.050980392156862744
C	C3'_1	273.257	173.057	217.089	0.5647058823529412	0.5647058823529412	0.5647058823529412
C	O3'_1	272.261	172.066	217.344	1.0	0.050980392156862744	0.050980392156862744
C	C2'_1	274.571	172.437	216.629	0.5647058823529412	0.5647058823529412	0.5647058823529412
C	O2'_1	274.382	171.36	215.735	1.0	0.050980392156862744	0.050980392156862744
C	C1'_1	275.209	173.608	215.875	0.5647058823529412	0.5647058823529412	0.5647058823529412
C	N1_1	276.164	174.385	216.691	0.18823529411764706	0.3137254901960784	0.9725490196078431
C	C2_1	277.511	173.972	216.733	0.5647058823529412	0.5647058823529412	0.5647058823529412
C	O2_1	277.867	172.991	216.053	1.0	0.050980392156862744	0.050980392156862744
C	N3_1	278.384	174.656	217.511	0.18823529411764706	0.3137254901960784	0.9725490196078431
C	C4_1	277.965	175.71	218.218	0.5647058823529412	0.5647058823529412	0.5647058823529412
C	N4_1	278.855	176.337	218.987	0.18823529411764706	0.3137254901960784	0.9725490196078431
C	C5_1	276.613	176.163	218.173	0.5647058823529412	0.5647058823529412	0.5647058823529412
C	C6_1	275.755	175.479	217.406	0.5647058823529412	0.5647058823529412	0.5647058823529412
G	P_2	288.344	171.505	219.768	1.0	0.5019607843137255	0.0
G	OP1_2	289.201	171.306	218.564	1.0	0.050980392156862744	0.050980392156862744
G	OP2_2	287.702	172.829	219.999	1.0	0.050980392156862744	0.050980392156862744
G	O5'_2	287.189	170.403	219.746	1.0	0.050980392156862744	0.050980392156862744
G	C5'_2	287.478	169.01	219.479	0.5647058823529412	0.5647058823529412	0.5647058823529412
G	C4'_2	286.271	168.335	218.847	0.5647058823529412	0.5647058823529412	0.5647058823529412
G	O4'_2	285.118	168.5	219.725	1.0	0.050980392156862744	0.050980392156862744
G	C3'_2	285.816	168.908	217.507	0.5647058823529412	0.5647058823529412	0.5647058823529412
G	O3'_2	286.548	168.355	216.405	1.0	0.050980392156862744	0.050980392156862744
G	C2'_2	284.334	168.545	217.48	0.5647058823529412	0.5647058823529412	0.5647058823529412
G	O2'_2	284.097	167.201	217.103	1.0	0.050980392156862744	0.050980392156862744
G	C1'_2	283.949	168.744	218.95	0.5647058823529412	0.5647058823529412	0.5647058823529412
G	N9_2	283.478	170.096	219.26	0.18823529411764706	0.3137254901960784	0.9725490196078431
G	C8_2	284.11	171.017	220.065	0.5647058823529412	0.5647058823529412	0.5647058823529412
G	N7_2	283.472	172.153	220.148	0.18823529411764706	0.3137254901960784	0.9725490196078431
G	C5_2	282.346	171.978	219.355	0.5647058823529412	0.5647058823529412	0.5647058823529412
G	C6_2	281.287	172.876	219.062	0.5647058823529412	0.5647058823529412	0.5647058823529412
G	O6_2	281.134	174.039	219.453	1.0	0.050980392156862744	0.050980392156862744
G	N1_2	280.341	172.296	218.22	0.18823529411764706	0.3137254901960784	0.9725490196078431
G	C2_2	280.405	171.019	217.722	0.5647058823529412	0.5647058823529412	0.5647058823529412
G	N2_2	279.387	170.646	216.927	0.18823529411764706	0.3137254901960784	0.9725490196078431
G	N3_2	281.394	170.168	217.984	0.18823529411764706	0.3137254901960784	0.9725490196078431
G	C4_2	282.324	170.711	218.803	0.5647058823529412	0.5647058823529412	0.5647058823529412
