G	P_1	221.981	182.098	151.341	1.0	0.5019607843137255	0.0
G	OP1_1	220.504	182.245	151.176	1.0	0.050980392156862744	0.050980392156862744
G	OP2_1	222.631	182.591	152.586	1.0	0.050980392156862744	0.050980392156862744
G	O5'_1	222.354	180.558	151.154	1.0	0.050980392156862744	0.050980392156862744
G	C5'_1	221.819	179.793	150.055	0.5647058823529412	0.5647058823529412	0.5647058823529412
G	C4'_1	222.586	178.499	149.89	0.5647058823529412	0.5647058823529412	0.5647058823529412
G	O4'_1	223.991	178.8	149.651	1.0	0.050980392156862744	0.050980392156862744
G	C3'_1	222.609	177.554	151.087	0.5647058823529412	0.5647058823529412	0.5647058823529412
G	O3'_1	221.437	176.74	151.141	1.0	0.050980392156862744	0.050980392156862744
G	C2'_1	223.864	176.727	150.822	0.5647058823529412	0.5647058823529412	0.5647058823529412
G	O2'_1	223.643	175.712	149.858	1.0	0.050980392156862744	0.050980392156862744
G	C1'_1	224.803	177.789	150.238	0.5647058823529412	0.5647058823529412	0.5647058823529412
G	N9_1	225.72	178.418	151.195	0.18823529411764706	0.3137254901960784	0.9725490196078431
G	C8_1	225.622	179.682	151.744	0.5647058823529412	0.5647058823529412	0.5647058823529412
G	N7_1	226.629	179.986	152.523	0.18823529411764706	0.3137254901960784	0.9725490196078431
G	C5_1	227.436	178.854	152.504	0.5647058823529412	0.5647058823529412	0.5647058823529412
G	C6_1	228.675	178.596	153.154	0.5647058823529412	0.5647058823529412	0.5647058823529412
G	O6_1	229.325	179.341	153.895	1.0	0.050980392156862744	0.050980392156862744
G	N1_1	229.151	177.322	152.865	0.18823529411764706	0.3137254901960784	0.9725490196078431
G	C2_1	228.522	176.41	152.053	0.5647058823529412	0.5647058823529412	0.5647058823529412
G	N2_1	229.149	175.232	151.888	0.18823529411764706	0.3137254901960784	0.9725490196078431
G	N3_1	227.364	176.633	151.441	0.18823529411764706	0.3137254901960784	0.9725490196078431
G	C4_1	226.884	177.869	151.703	0.5647058823529412	0.5647058823529412	0.5647058823529412
C	P_2	238.416	174.381	154.075	1.0	0.5019607843137255	0.0
C	OP1_2	239.537	173.425	153.849	1.0	0.050980392156862744	0.050980392156862744
C	OP2_2	238.024	175.323	152.987	1.0	0.050980392156862744	0.050980392156862744
C	O5'_2	237.12	173.554	154.496	1.0	0.050980392156862744	0.050980392156862744
C	C5'_2	237.068	172.122	154.332	0.5647058823529412	0.5647058823529412	0.5647058823529412
C	C4'_2	235.775	171.718	153.671	0.5647058823529412	0.5647058823529412	0.5647058823529412
C	O4'_2	234.664	172.11	154.519	1.0	0.050980392156862744	0.050980392156862744
C	C3'_2	235.491	172.391	152.337	0.5647058823529412	0.5647058823529412	0.5647058823529412
C	O3'_2	236.153	171.721	151.27	1.0	0.050980392156862744	0.050980392156862744
C	C2'_2	233.976	172.29	152.243	0.5647058823529412	0.5647058823529412	0.5647058823529412
C	O2'_2	233.552	171.009	151.825	1.0	0.050980392156862744	0.050980392156862744
C	C1'_2	233.573	172.522	153.707	0.5647058823529412	0.5647058823529412	0.5647058823529412
C	N1_2	233.262	173.933	154.02	0.18823529411764706	0.3137254901960784	0.9725490196078431
C	C2_2	231.928	174.389	153.887	0.5647058823529412	0.5647058823529412	0.5647058823529412
C	O2_2	231.046	173.592	153.521	1.0	0.050980392156862744	0.050980392156862744
C	N3_2	231.647	175.685	154.163	0.18823529411764706	0.3137254901960784	0.9725490196078431
C	C4_2	232.623	176.514	154.553	0.5647058823529412	0.5647058823529412	0.5647058823529412
C	N4_2	232.301	177.785	154.801	0.18823529411764706	0.3137254901960784	0.9725490196078431
C	C5_2	233.975	176.077	154.702	0.5647058823529412	0.5647058823529412	0.5647058823529412
C	C6_2	234.247	174.792	154.43	0.5647058823529412	0.5647058823529412	0.5647058823529412
