C	P_1	92.497	191.053	150.695	1.0	0.5019607843137255	0.0
C	OP1_1	92.711	189.62	150.342	1.0	0.050980392156862744	0.050980392156862744
C	OP2_1	92.69	191.5	152.103	1.0	0.050980392156862744	0.050980392156862744
C	O5'_1	93.438	191.933	149.76	1.0	0.050980392156862744	0.050980392156862744
C	C5'_1	93.375	191.819	148.322	0.5647058823529412	0.5647058823529412	0.5647058823529412
C	C4'_1	94.264	192.858	147.681	0.5647058823529412	0.5647058823529412	0.5647058823529412
C	O4'_1	93.736	194.183	147.948	1.0	0.050980392156862744	0.050980392156862744
C	C3'_1	95.684	192.899	148.219	0.5647058823529412	0.5647058823529412	0.5647058823529412
C	O3'_1	96.496	191.91	147.596	1.0	0.050980392156862744	0.050980392156862744
C	C2'_1	96.117	194.324	147.903	0.5647058823529412	0.5647058823529412	0.5647058823529412
C	O2'_1	96.512	194.492	146.556	1.0	0.050980392156862744	0.050980392156862744
C	C1'_1	94.812	195.089	148.152	0.5647058823529412	0.5647058823529412	0.5647058823529412
C	N1_1	94.686	195.675	149.505	0.18823529411764706	0.3137254901960784	0.9725490196078431
C	C2_1	95.292	196.92	149.772	0.5647058823529412	0.5647058823529412	0.5647058823529412
C	O2_1	95.939	197.489	148.873	1.0	0.050980392156862744	0.050980392156862744
C	N3_1	95.153	197.465	151.003	0.18823529411764706	0.3137254901960784	0.9725490196078431
C	C4_1	94.451	196.824	151.947	0.5647058823529412	0.5647058823529412	0.5647058823529412
C	N4_1	94.332	197.406	153.14	0.18823529411764706	0.3137254901960784	0.9725490196078431
C	C5_1	93.838	195.559	151.706	0.5647058823529412	0.5647058823529412	0.5647058823529412
C	C6_1	93.98	195.027	150.485	0.5647058823529412	0.5647058823529412	0.5647058823529412
G	P_2	98.869	207.888	154.791	1.0	0.5019607843137255	0.0
G	OP1_2	99.042	209.366	154.684	1.0	0.050980392156862744	0.050980392156862744
G	OP2_2	97.662	207.337	155.465	1.0	0.050980392156862744	0.050980392156862744
G	O5'_2	98.947	207.271	153.321	1.0	0.050980392156862744	0.050980392156862744
G	C5'_2	100.046	207.593	152.444	0.5647058823529412	0.5647058823529412	0.5647058823529412
G	C4'_2	100.173	206.561	151.344	0.5647058823529412	0.5647058823529412	0.5647058823529412
G	O4'_2	100.419	205.248	151.923	1.0	0.050980392156862744	0.050980392156862744
G	C3'_2	98.951	206.331	150.467	0.5647058823529412	0.5647058823529412	0.5647058823529412
G	O3'_2	98.787	207.321	149.458	1.0	0.050980392156862744	0.050980392156862744
G	C2'_2	99.246	204.958	149.875	0.5647058823529412	0.5647058823529412	0.5647058823529412
G	O2'_2	100.19	204.994	148.826	1.0	0.050980392156862744	0.050980392156862744
G	C1'_2	99.86	204.246	151.081	0.5647058823529412	0.5647058823529412	0.5647058823529412
G	N9_2	98.855	203.498	151.831	0.18823529411764706	0.3137254901960784	0.9725490196078431
G	C8_2	98.304	203.826	153.047	0.5647058823529412	0.5647058823529412	0.5647058823529412
G	N7_2	97.418	202.96	153.46	0.18823529411764706	0.3137254901960784	0.9725490196078431
G	C5_2	97.384	201.999	152.458	0.5647058823529412	0.5647058823529412	0.5647058823529412
G	C6_2	96.607	200.818	152.348	0.5647058823529412	0.5647058823529412	0.5647058823529412
G	O6_2	95.77	200.371	153.141	1.0	0.050980392156862744	0.050980392156862744
G	N1_2	96.88	200.133	151.164	0.18823529411764706	0.3137254901960784	0.9725490196078431
G	C2_2	97.784	200.533	150.209	0.5647058823529412	0.5647058823529412	0.5647058823529412
G	N2_2	97.905	199.732	149.135	0.18823529411764706	0.3137254901960784	0.9725490196078431
G	N3_2	98.515	201.636	150.3	0.18823529411764706	0.3137254901960784	0.9725490196078431
G	C4_2	98.264	202.315	151.445	0.5647058823529412	0.5647058823529412	0.5647058823529412
