G	P_1	153.092	201.447	115.535	1.0	0.5019607843137255	0.0
G	OP1_1	153.455	202.887	115.382	1.0	0.050980392156862744	0.050980392156862744
G	OP2_1	153.928	200.57	116.403	1.0	0.050980392156862744	0.050980392156862744
G	O5'_1	151.582	201.378	116.048	1.0	0.050980392156862744	0.050980392156862744
G	C5'_1	151.283	201.15	117.438	0.5647058823529412	0.5647058823529412	0.5647058823529412
G	C4'_1	150.195	200.103	117.578	0.5647058823529412	0.5647058823529412	0.5647058823529412
G	O4'_1	150.449	198.99	116.679	1.0	0.050980392156862744	0.050980392156862744
G	C3'_1	150.095	199.491	118.97	0.5647058823529412	0.5647058823529412	0.5647058823529412
G	O3'_1	149.264	200.27	119.834	1.0	0.050980392156862744	0.050980392156862744
G	C2'_1	149.561	198.089	118.684	0.5647058823529412	0.5647058823529412	0.5647058823529412
G	O2'_1	148.161	198.05	118.469	1.0	0.050980392156862744	0.050980392156862744
G	C1'_1	150.293	197.762	117.376	0.5647058823529412	0.5647058823529412	0.5647058823529412
G	N9_1	151.628	197.189	117.558	0.18823529411764706	0.3137254901960784	0.9725490196078431
G	C8_1	152.815	197.883	117.66	0.5647058823529412	0.5647058823529412	0.5647058823529412
G	N7_1	153.854	197.108	117.809	0.18823529411764706	0.3137254901960784	0.9725490196078431
G	C5_1	153.328	195.822	117.807	0.5647058823529412	0.5647058823529412	0.5647058823529412
G	C6_1	153.976	194.567	117.938	0.5647058823529412	0.5647058823529412	0.5647058823529412
G	O6_1	155.182	194.335	118.089	1.0	0.050980392156862744	0.050980392156862744
G	N1_1	153.067	193.513	117.884	0.18823529411764706	0.3137254901960784	0.9725490196078431
G	C2_1	151.709	193.646	117.728	0.5647058823529412	0.5647058823529412	0.5647058823529412
G	N2_1	151.006	192.506	117.708	0.18823529411764706	0.3137254901960784	0.9725490196078431
G	N3_1	151.088	194.813	117.603	0.18823529411764706	0.3137254901960784	0.9725490196078431
G	C4_1	151.954	195.852	117.653	0.5647058823529412	0.5647058823529412	0.5647058823529412
C	P_2	156.892	183.115	121.079	1.0	0.5019607843137255	0.0
C	OP1_2	156.727	181.874	121.891	1.0	0.050980392156862744	0.050980392156862744
C	OP2_2	157.436	183.016	119.696	1.0	0.050980392156862744	0.050980392156862744
C	O5'_2	155.469	183.836	120.979	1.0	0.050980392156862744	0.050980392156862744
C	C5'_2	155.367	185.282	120.936	0.5647058823529412	0.5647058823529412	0.5647058823529412
C	C4'_2	154.109	185.712	120.211	0.5647058823529412	0.5647058823529412	0.5647058823529412
C	O4'_2	153.931	187.138	120.409	1.0	0.050980392156862744	0.050980392156862744
C	C3'_2	154.095	185.514	118.695	0.5647058823529412	0.5647058823529412	0.5647058823529412
C	O3'_2	153.633	184.199	118.349	1.0	0.050980392156862744	0.050980392156862744
C	C2'_2	153.135	186.604	118.218	0.5647058823529412	0.5647058823529412	0.5647058823529412
C	O2'_2	151.773	186.235	118.326	1.0	0.050980392156862744	0.050980392156862744
C	C1'_2	153.419	187.725	119.224	0.5647058823529412	0.5647058823529412	0.5647058823529412
C	N1_2	154.358	188.78	118.789	0.18823529411764706	0.3137254901960784	0.9725490196078431
C	C2_2	153.851	190.064	118.49	0.5647058823529412	0.5647058823529412	0.5647058823529412
C	O2_2	152.625	190.263	118.547	1.0	0.050980392156862744	0.050980392156862744
C	N3_2	154.716	191.048	118.15	0.18823529411764706	0.3137254901960784	0.9725490196078431
C	C4_2	156.028	190.796	118.095	0.5647058823529412	0.5647058823529412	0.5647058823529412
C	N4_2	156.842	191.806	117.782	0.18823529411764706	0.3137254901960784	0.9725490196078431
C	C5_2	156.563	189.501	118.364	0.5647058823529412	0.5647058823529412	0.5647058823529412
C	C6_2	155.703	188.533	118.701	0.5647058823529412	0.5647058823529412	0.5647058823529412
