C	P_1	288.621	168.618	232.284	1.0	0.5019607843137255	0.0
C	OP1_1	290.068	168.929	232.096	1.0	0.050980392156862744	0.050980392156862744
C	OP2_1	288.074	167.335	231.764	1.0	0.050980392156862744	0.050980392156862744
C	O5'_1	288.288	168.704	233.84	1.0	0.050980392156862744	0.050980392156862744
C	C5'_1	288.767	169.804	234.639	0.5647058823529412	0.5647058823529412	0.5647058823529412
C	C4'_1	288.425	169.586	236.094	0.5647058823529412	0.5647058823529412	0.5647058823529412
C	O4'_1	286.981	169.586	236.265	1.0	0.050980392156862744	0.050980392156862744
C	C3'_1	288.861	168.262	236.702	0.5647058823529412	0.5647058823529412	0.5647058823529412
C	O3'_1	290.238	168.265	237.074	1.0	0.050980392156862744	0.050980392156862744
C	C2'_1	287.931	168.141	237.903	0.5647058823529412	0.5647058823529412	0.5647058823529412
C	O2'_1	288.34	168.931	239.002	1.0	0.050980392156862744	0.050980392156862744
C	C1'_1	286.63	168.712	237.331	0.5647058823529412	0.5647058823529412	0.5647058823529412
C	N1_1	285.697	167.681	236.829	0.18823529411764706	0.3137254901960784	0.9725490196078431
C	C2_1	284.883	166.99	237.752	0.5647058823529412	0.5647058823529412	0.5647058823529412
C	O2_1	284.969	167.264	238.96	1.0	0.050980392156862744	0.050980392156862744
C	N3_1	284.028	166.045	237.298	0.18823529411764706	0.3137254901960784	0.9725490196078431
C	C4_1	283.96	165.78	235.99	0.5647058823529412	0.5647058823529412	0.5647058823529412
C	N4_1	283.099	164.845	235.587	0.18823529411764706	0.3137254901960784	0.9725490196078431
C	C5_1	284.772	166.464	235.034	0.5647058823529412	0.5647058823529412	0.5647058823529412
C	C6_1	285.617	167.394	235.493	0.5647058823529412	0.5647058823529412	0.5647058823529412
G	P_2	277.143	156.561	242.173	1.0	0.5019607843137255	0.0
G	OP1_2	276.119	156.025	243.117	1.0	0.050980392156862744	0.050980392156862744
G	OP2_2	276.705	157.224	240.913	1.0	0.050980392156862744	0.050980392156862744
G	O5'_2	278.074	157.569	242.983	1.0	0.050980392156862744	0.050980392156862744
G	C5'_2	277.729	158.96	243.103	0.5647058823529412	0.5647058823529412	0.5647058823529412
G	C4'_2	278.89	159.745	243.676	0.5647058823529412	0.5647058823529412	0.5647058823529412
G	O4'_2	280.107	159.434	242.942	1.0	0.050980392156862744	0.050980392156862744
G	C3'_2	278.753	161.253	243.56	0.5647058823529412	0.5647058823529412	0.5647058823529412
G	O3'_2	277.96	161.795	244.612	1.0	0.050980392156862744	0.050980392156862744
G	C2'_2	280.202	161.72	243.576	0.5647058823529412	0.5647058823529412	0.5647058823529412
G	O2'_2	280.769	161.746	244.872	1.0	0.050980392156862744	0.050980392156862744
G	C1'_2	280.872	160.617	242.751	0.5647058823529412	0.5647058823529412	0.5647058823529412
G	N9_2	280.906	160.897	241.316	0.18823529411764706	0.3137254901960784	0.9725490196078431
G	C8_2	280.238	160.208	240.329	0.5647058823529412	0.5647058823529412	0.5647058823529412
G	N7_2	280.444	160.69	239.134	0.18823529411764706	0.3137254901960784	0.9725490196078431
G	C5_2	281.302	161.761	239.34	0.5647058823529412	0.5647058823529412	0.5647058823529412
G	C6_2	281.867	162.669	238.413	0.5647058823529412	0.5647058823529412	0.5647058823529412
G	O6_2	281.714	162.711	237.186	1.0	0.050980392156862744	0.050980392156862744
G	N1_2	282.682	163.604	239.045	0.18823529411764706	0.3137254901960784	0.9725490196078431
G	C2_2	282.92	163.66	240.395	0.5647058823529412	0.5647058823529412	0.5647058823529412
G	N2_2	283.734	164.642	240.809	0.18823529411764706	0.3137254901960784	0.9725490196078431
G	N3_2	282.397	162.819	241.274	0.18823529411764706	0.3137254901960784	0.9725490196078431
G	C4_2	281.602	161.901	240.681	0.5647058823529412	0.5647058823529412	0.5647058823529412
