C	P_1	223.449	200.35	151.679	1.0	0.5019607843137255	0.0
C	OP1_1	224.238	200.213	150.414	1.0	0.050980392156862744	0.050980392156862744
C	OP2_1	222.689	201.607	151.943	1.0	0.050980392156862744	0.050980392156862744
C	O5'_1	222.417	199.136	151.761	1.0	0.050980392156862744	0.050980392156862744
C	C5'_1	222.861	197.772	151.579	0.5647058823529412	0.5647058823529412	0.5647058823529412
C	C4'_1	221.762	196.803	151.963	0.5647058823529412	0.5647058823529412	0.5647058823529412
C	O4'_1	221.457	196.941	153.376	1.0	0.050980392156862744	0.050980392156862744
C	C3'_1	220.422	197.001	151.272	0.5647058823529412	0.5647058823529412	0.5647058823529412
C	O3'_1	220.419	196.398	149.985	1.0	0.050980392156862744	0.050980392156862744
C	C2'_1	219.455	196.32	152.231	0.5647058823529412	0.5647058823529412	0.5647058823529412
C	O2'_1	219.454	194.916	152.081	1.0	0.050980392156862744	0.050980392156862744
C	C1'_1	220.078	196.672	153.588	0.5647058823529412	0.5647058823529412	0.5647058823529412
C	N1_1	219.461	197.831	154.265	0.18823529411764706	0.3137254901960784	0.9725490196078431
C	C2_1	218.236	197.647	154.944	0.5647058823529412	0.5647058823529412	0.5647058823529412
C	O2_1	217.722	196.517	154.964	1.0	0.050980392156862744	0.050980392156862744
C	N3_1	217.659	198.704	155.562	0.18823529411764706	0.3137254901960784	0.9725490196078431
C	C4_1	218.259	199.904	155.534	0.5647058823529412	0.5647058823529412	0.5647058823529412
C	N4_1	217.656	200.919	156.16	0.18823529411764706	0.3137254901960784	0.9725490196078431
C	C5_1	219.504	200.116	154.86	0.5647058823529412	0.5647058823529412	0.5647058823529412
C	C6_1	220.06	199.063	154.241	0.5647058823529412	0.5647058823529412	0.5647058823529412
G	P_2	206.209	197.886	161.175	1.0	0.5019607843137255	0.0
G	OP1_2	205.206	197.263	162.088	1.0	0.050980392156862744	0.050980392156862744
G	OP2_2	207.179	198.875	161.714	1.0	0.050980392156862744	0.050980392156862744
G	O5'_2	207.016	196.725	160.441	1.0	0.050980392156862744	0.050980392156862744
G	C5'_2	208.388	196.439	160.774	0.5647058823529412	0.5647058823529412	0.5647058823529412
G	C4'_2	209.029	195.627	159.669	0.5647058823529412	0.5647058823529412	0.5647058823529412
G	O4'_2	209.211	196.458	158.481	1.0	0.050980392156862744	0.050980392156862744
G	C3'_2	210.433	195.123	159.963	0.5647058823529412	0.5647058823529412	0.5647058823529412
G	O3'_2	210.43	193.956	160.783	1.0	0.050980392156862744	0.050980392156862744
G	C2'_2	210.977	194.872	158.562	0.5647058823529412	0.5647058823529412	0.5647058823529412
G	O2'_2	210.485	193.684	157.979	1.0	0.050980392156862744	0.050980392156862744
G	C1'_2	210.417	196.082	157.809	0.5647058823529412	0.5647058823529412	0.5647058823529412
G	N9_2	211.356	197.209	157.847	0.18823529411764706	0.3137254901960784	0.9725490196078431
G	C8_2	211.186	198.408	158.509	0.5647058823529412	0.5647058823529412	0.5647058823529412
G	N7_2	212.216	199.209	158.403	0.18823529411764706	0.3137254901960784	0.9725490196078431
G	C5_2	213.123	198.507	157.614	0.5647058823529412	0.5647058823529412	0.5647058823529412
G	C6_2	214.43	198.87	157.164	0.5647058823529412	0.5647058823529412	0.5647058823529412
G	O6_2	215.06	199.91	157.386	1.0	0.050980392156862744	0.050980392156862744
G	N1_2	214.999	197.869	156.38	0.18823529411764706	0.3137254901960784	0.9725490196078431
G	C2_2	214.394	196.673	156.067	0.5647058823529412	0.5647058823529412	0.5647058823529412
G	N2_2	215.1	195.841	155.282	0.18823529411764706	0.3137254901960784	0.9725490196078431
G	N3_2	213.18	196.316	156.488	0.18823529411764706	0.3137254901960784	0.9725490196078431
G	C4_2	212.607	197.275	157.249	0.5647058823529412	0.5647058823529412	0.5647058823529412
