C	P_1	146.0	222.327	198.77	1.0	0.5019607843137255	0.0
C	OP1_1	147.233	223.142	199.018	1.0	0.050980392156862744	0.050980392156862744
C	OP2_1	145.412	221.52	199.884	1.0	0.050980392156862744	0.050980392156862744
C	O5'_1	144.857	223.299	198.227	1.0	0.050980392156862744	0.050980392156862744
C	C5'_1	145.125	224.273	197.194	0.5647058823529412	0.5647058823529412	0.5647058823529412
C	C4'_1	143.852	224.597	196.442	0.5647058823529412	0.5647058823529412	0.5647058823529412
C	O4'_1	143.356	223.394	195.783	1.0	0.050980392156862744	0.050980392156862744
C	C3'_1	142.669	225.058	197.288	0.5647058823529412	0.5647058823529412	0.5647058823529412
C	O3'_1	142.756	226.435	197.654	1.0	0.050980392156862744	0.050980392156862744
C	C2'_1	141.482	224.745	196.379	0.5647058823529412	0.5647058823529412	0.5647058823529412
C	O2'_1	141.293	225.695	195.347	1.0	0.050980392156862744	0.050980392156862744
C	C1'_1	141.931	223.415	195.764	0.5647058823529412	0.5647058823529412	0.5647058823529412
C	N1_1	141.41	222.238	196.505	0.18823529411764706	0.3137254901960784	0.9725490196078431
C	C2_1	140.133	221.734	196.157	0.5647058823529412	0.5647058823529412	0.5647058823529412
C	O2_1	139.497	222.276	195.228	1.0	0.050980392156862744	0.050980392156862744
C	N3_1	139.636	220.673	196.843	0.18823529411764706	0.3137254901960784	0.9725490196078431
C	C4_1	140.351	220.115	197.829	0.5647058823529412	0.5647058823529412	0.5647058823529412
C	N4_1	139.811	219.076	198.472	0.18823529411764706	0.3137254901960784	0.9725490196078431
C	C5_1	141.647	220.598	198.197	0.5647058823529412	0.5647058823529412	0.5647058823529412
C	C6_1	142.135	221.648	197.516	0.5647058823529412	0.5647058823529412	0.5647058823529412
G	P_2	130.479	215.162	193.273	1.0	0.5019607843137255	0.0
G	OP1_2	130.101	215.027	194.709	1.0	0.050980392156862744	0.050980392156862744
G	OP2_2	129.539	214.694	192.216	1.0	0.050980392156862744	0.050980392156862744
G	O5'_2	130.818	216.695	193.01	1.0	0.050980392156862744	0.050980392156862744
G	C5'_2	129.785	217.635	192.638	0.5647058823529412	0.5647058823529412	0.5647058823529412
G	C4'_2	130.382	219.01	192.44	0.5647058823529412	0.5647058823529412	0.5647058823529412
G	O4'_2	130.885	219.498	193.712	1.0	0.050980392156862744	0.050980392156862744
G	C3'_2	131.586	219.053	191.509	0.5647058823529412	0.5647058823529412	0.5647058823529412
G	O3'_2	131.191	219.142	190.141	1.0	0.050980392156862744	0.050980392156862744
G	C2'_2	132.34	220.285	191.995	0.5647058823529412	0.5647058823529412	0.5647058823529412
G	O2'_2	131.791	221.493	191.506	1.0	0.050980392156862744	0.050980392156862744
G	C1'_2	132.102	220.202	193.505	0.5647058823529412	0.5647058823529412	0.5647058823529412
G	N9_2	133.155	219.524	194.26	0.18823529411764706	0.3137254901960784	0.9725490196078431
G	C8_2	133.08	218.282	194.851	0.5647058823529412	0.5647058823529412	0.5647058823529412
G	N7_2	134.16	217.96	195.511	0.18823529411764706	0.3137254901960784	0.9725490196078431
G	C5_2	135.008	219.047	195.337	0.5647058823529412	0.5647058823529412	0.5647058823529412
G	C6_2	136.317	219.277	195.834	0.5647058823529412	0.5647058823529412	0.5647058823529412
G	O6_2	137.004	218.547	196.562	1.0	0.050980392156862744	0.050980392156862744
G	N1_2	136.815	220.507	195.411	0.18823529411764706	0.3137254901960784	0.9725490196078431
G	C2_2	136.142	221.402	194.616	0.5647058823529412	0.5647058823529412	0.5647058823529412
G	N2_2	136.799	222.533	194.313	0.18823529411764706	0.3137254901960784	0.9725490196078431
G	N3_2	134.916	221.204	194.153	0.18823529411764706	0.3137254901960784	0.9725490196078431
G	C4_2	134.411	220.015	194.553	0.5647058823529412	0.5647058823529412	0.5647058823529412
