G	P_1	241.337	225.033	229.294	1.0	0.5019607843137255	0.0
G	OP1_1	240.593	223.758	229.472	1.0	0.050980392156862744	0.050980392156862744
G	OP2_1	241.114	226.153	230.253	1.0	0.050980392156862744	0.050980392156862744
G	O5'_1	242.899	224.697	229.297	1.0	0.050980392156862744	0.050980392156862744
G	C5'_1	243.856	225.661	228.814	0.5647058823529412	0.5647058823529412	0.5647058823529412
G	C4'_1	245.191	225.522	229.525	0.5647058823529412	0.5647058823529412	0.5647058823529412
G	O4'_1	246.088	226.524	228.968	1.0	0.050980392156862744	0.050980392156862744
G	C3'_1	245.185	225.758	231.038	0.5647058823529412	0.5647058823529412	0.5647058823529412
G	O3'_1	245.168	224.52	231.766	1.0	0.050980392156862744	0.050980392156862744
G	C2'_1	246.469	226.551	231.278	0.5647058823529412	0.5647058823529412	0.5647058823529412
G	O2'_1	247.617	225.729	231.361	1.0	0.050980392156862744	0.050980392156862744
G	C1'_1	246.547	227.383	229.996	0.5647058823529412	0.5647058823529412	0.5647058823529412
G	N9_1	245.73	228.603	229.979	0.18823529411764706	0.3137254901960784	0.9725490196078431
G	C8_1	244.718	228.913	229.092	0.5647058823529412	0.5647058823529412	0.5647058823529412
G	N7_1	244.19	230.089	229.3	0.18823529411764706	0.3137254901960784	0.9725490196078431
G	C5_1	244.887	230.591	230.392	0.5647058823529412	0.5647058823529412	0.5647058823529412
G	C6_1	244.765	231.837	231.062	0.5647058823529412	0.5647058823529412	0.5647058823529412
G	O6_1	243.998	232.775	230.806	1.0	0.050980392156862744	0.050980392156862744
G	N1_1	245.664	231.941	232.125	0.18823529411764706	0.3137254901960784	0.9725490196078431
G	C2_1	246.568	230.97	232.498	0.5647058823529412	0.5647058823529412	0.5647058823529412
G	N2_1	247.348	231.253	233.561	0.18823529411764706	0.3137254901960784	0.9725490196078431
G	N3_1	246.698	229.802	231.873	0.18823529411764706	0.3137254901960784	0.9725490196078431
G	C4_1	245.833	229.683	230.834	0.5647058823529412	0.5647058823529412	0.5647058823529412
C	P_2	245.478	241.754	237.021	1.0	0.5019607843137255	0.0
C	OP1_2	246.112	243.013	237.513	1.0	0.050980392156862744	0.050980392156862744
C	OP2_2	244.974	241.682	235.621	1.0	0.050980392156862744	0.050980392156862744
C	O5'_2	246.499	240.552	237.243	1.0	0.050980392156862744	0.050980392156862744
C	C5'_2	247.353	240.102	236.181	0.5647058823529412	0.5647058823529412	0.5647058823529412
C	C4'_2	247.776	238.677	236.427	0.5647058823529412	0.5647058823529412	0.5647058823529412
C	O4'_2	246.604	237.823	236.499	1.0	0.050980392156862744	0.050980392156862744
C	C3'_2	248.624	238.062	235.328	0.5647058823529412	0.5647058823529412	0.5647058823529412
C	O3'_2	249.989	238.451	235.498	1.0	0.050980392156862744	0.050980392156862744
C	C2'_2	248.384	236.567	235.529	0.5647058823529412	0.5647058823529412	0.5647058823529412
C	O2'_2	249.147	235.999	236.574	1.0	0.050980392156862744	0.050980392156862744
C	C1'_2	246.908	236.55	235.943	0.5647058823529412	0.5647058823529412	0.5647058823529412
C	N1_2	245.968	236.273	234.836	0.18823529411764706	0.3137254901960784	0.9725490196078431
C	C2_2	245.842	234.95	234.364	0.5647058823529412	0.5647058823529412	0.5647058823529412
C	O2_2	246.496	234.047	234.914	1.0	0.050980392156862744	0.050980392156862744
C	N3_2	245.01	234.698	233.329	0.18823529411764706	0.3137254901960784	0.9725490196078431
C	C4_2	244.313	235.695	232.771	0.5647058823529412	0.5647058823529412	0.5647058823529412
C	N4_2	243.522	235.404	231.736	0.18823529411764706	0.3137254901960784	0.9725490196078431
C	C5_2	244.401	237.038	233.244	0.5647058823529412	0.5647058823529412	0.5647058823529412
C	C6_2	245.233	237.28	234.266	0.5647058823529412	0.5647058823529412	0.5647058823529412
