C	P_1	183.001	289.321	228.935	1.0	0.5019607843137255	0.0
C	OP1_1	184.311	289.662	229.566	1.0	0.050980392156862744	0.050980392156862744
C	OP2_1	182.283	288.087	229.355	1.0	0.050980392156862744	0.050980392156862744
C	O5'_1	182.019	290.559	229.135	1.0	0.050980392156862744	0.050980392156862744
C	C5'_1	182.438	291.896	228.807	0.5647058823529412	0.5647058823529412	0.5647058823529412
C	C4'_1	181.28	292.855	228.942	0.5647058823529412	0.5647058823529412	0.5647058823529412
C	O4'_1	180.267	292.542	227.949	1.0	0.050980392156862744	0.050980392156862744
C	C3'_1	180.521	292.799	230.259	0.5647058823529412	0.5647058823529412	0.5647058823529412
C	O3'_1	181.18	293.516	231.295	1.0	0.050980392156862744	0.050980392156862744
C	C2'_1	179.183	293.419	229.883	0.5647058823529412	0.5647058823529412	0.5647058823529412
C	O2'_1	179.232	294.829	229.821	1.0	0.050980392156862744	0.050980392156862744
C	C1'_1	178.982	292.854	228.473	0.5647058823529412	0.5647058823529412	0.5647058823529412
C	N1_1	178.133	291.645	228.439	0.18823529411764706	0.3137254901960784	0.9725490196078431
C	C2_1	176.737	291.804	228.322	0.5647058823529412	0.5647058823529412	0.5647058823529412
C	O2_1	176.262	292.953	228.256	1.0	0.050980392156862744	0.050980392156862744
C	N3_1	175.949	290.704	228.285	0.18823529411764706	0.3137254901960784	0.9725490196078431
C	C4_1	176.497	289.486	228.358	0.5647058823529412	0.5647058823529412	0.5647058823529412
C	N4_1	175.681	288.432	228.308	0.18823529411764706	0.3137254901960784	0.9725490196078431
C	C5_1	177.907	289.295	228.483	0.5647058823529412	0.5647058823529412	0.5647058823529412
C	C6_1	178.679	290.39	228.518	0.5647058823529412	0.5647058823529412	0.5647058823529412
G	P_2	164.243	289.731	227.492	1.0	0.5019607843137255	0.0
G	OP1_2	162.947	290.175	226.906	1.0	0.050980392156862744	0.050980392156862744
G	OP2_2	164.979	288.595	226.873	1.0	0.050980392156862744	0.050980392156862744
G	O5'_2	165.224	290.986	227.558	1.0	0.050980392156862744	0.050980392156862744
G	C5'_2	164.821	292.202	228.223	0.5647058823529412	0.5647058823529412	0.5647058823529412
G	C4'_2	165.998	293.143	228.374	0.5647058823529412	0.5647058823529412	0.5647058823529412
G	O4'_2	166.962	292.607	229.321	1.0	0.050980392156862744	0.050980392156862744
G	C3'_2	166.82	293.404	227.122	0.5647058823529412	0.5647058823529412	0.5647058823529412
G	O3'_2	166.188	294.357	226.271	1.0	0.050980392156862744	0.050980392156862744
G	C2'_2	168.137	293.907	227.705	0.5647058823529412	0.5647058823529412	0.5647058823529412
G	O2'_2	168.08	295.262	228.102	1.0	0.050980392156862744	0.050980392156862744
G	C1'_2	168.271	293.025	228.952	0.5647058823529412	0.5647058823529412	0.5647058823529412
G	N9_2	169.11	291.841	228.761	0.18823529411764706	0.3137254901960784	0.9725490196078431
G	C8_2	168.693	290.551	228.515	0.5647058823529412	0.5647058823529412	0.5647058823529412
G	N7_2	169.682	289.704	228.399	0.18823529411764706	0.3137254901960784	0.9725490196078431
G	C5_2	170.823	290.477	228.573	0.5647058823529412	0.5647058823529412	0.5647058823529412
G	C6_2	172.194	290.109	228.549	0.5647058823529412	0.5647058823529412	0.5647058823529412
G	O6_2	172.688	288.991	228.364	1.0	0.050980392156862744	0.050980392156862744
G	N1_2	173.023	291.205	228.769	0.18823529411764706	0.3137254901960784	0.9725490196078431
G	C2_2	172.59	292.493	228.984	0.5647058823529412	0.5647058823529412	0.5647058823529412
G	N2_2	173.548	293.417	229.174	0.18823529411764706	0.3137254901960784	0.9725490196078431
G	N3_2	171.313	292.851	229.009	0.18823529411764706	0.3137254901960784	0.9725490196078431
G	C4_2	170.49	291.799	228.797	0.5647058823529412	0.5647058823529412	0.5647058823529412
