C	P_1	203.871	128.944	247.451	1.0	0.5019607843137255	0.0
C	OP1_1	204.772	129.801	248.272	1.0	0.050980392156862744	0.050980392156862744
C	OP2_1	202.496	129.412	247.133	1.0	0.050980392156862744	0.050980392156862744
C	O5'_1	204.607	128.612	246.076	1.0	0.050980392156862744	0.050980392156862744
C	C5'_1	205.95	128.087	246.061	0.5647058823529412	0.5647058823529412	0.5647058823529412
C	C4'_1	206.33	127.656	244.662	0.5647058823529412	0.5647058823529412	0.5647058823529412
C	O4'_1	205.445	126.596	244.217	1.0	0.050980392156862744	0.050980392156862744
C	C3'_1	206.21	128.714	243.579	0.5647058823529412	0.5647058823529412	0.5647058823529412
C	O3'_1	207.347	129.569	243.571	1.0	0.050980392156862744	0.050980392156862744
C	C2'_1	206.103	127.87	242.316	0.5647058823529412	0.5647058823529412	0.5647058823529412
C	O2'_1	207.353	127.38	241.875	1.0	0.050980392156862744	0.050980392156862744
C	C1'_1	205.264	126.69	242.812	0.5647058823529412	0.5647058823529412	0.5647058823529412
C	N1_1	203.818	126.785	242.515	0.18823529411764706	0.3137254901960784	0.9725490196078431
C	C2_1	203.333	126.223	241.317	0.5647058823529412	0.5647058823529412	0.5647058823529412
C	O2_1	204.133	125.682	240.533	1.0	0.050980392156862744	0.050980392156862744
C	N3_1	202.008	126.285	241.051	0.18823529411764706	0.3137254901960784	0.9725490196078431
C	C4_1	201.179	126.873	241.917	0.5647058823529412	0.5647058823529412	0.5647058823529412
C	N4_1	199.881	126.895	241.619	0.18823529411764706	0.3137254901960784	0.9725490196078431
C	C5_1	201.645	127.463	243.129	0.5647058823529412	0.5647058823529412	0.5647058823529412
C	C6_1	202.956	127.398	243.385	0.5647058823529412	0.5647058823529412	0.5647058823529412
G	P_2	196.033	122.507	231.443	1.0	0.5019607843137255	0.0
G	OP1_2	196.016	121.41	230.435	1.0	0.050980392156862744	0.050980392156862744
G	OP2_2	195.382	122.296	232.764	1.0	0.050980392156862744	0.050980392156862744
G	O5'_2	197.546	122.93	231.708	1.0	0.050980392156862744	0.050980392156862744
G	C5'_2	198.508	122.965	230.633	0.5647058823529412	0.5647058823529412	0.5647058823529412
G	C4'_2	199.913	123.049	231.19	0.5647058823529412	0.5647058823529412	0.5647058823529412
G	O4'_2	200.083	124.312	231.894	1.0	0.050980392156862744	0.050980392156862744
G	C3'_2	200.269	121.997	232.23	0.5647058823529412	0.5647058823529412	0.5647058823529412
G	O3'_2	200.643	120.754	231.642	1.0	0.050980392156862744	0.050980392156862744
G	C2'_2	201.403	122.667	232.991	0.5647058823529412	0.5647058823529412	0.5647058823529412
G	O2'_2	202.63	122.613	232.288	1.0	0.050980392156862744	0.050980392156862744
G	C1'_2	200.907	124.117	233.038	0.5647058823529412	0.5647058823529412	0.5647058823529412
G	N9_2	200.115	124.423	234.231	0.18823529411764706	0.3137254901960784	0.9725490196078431
G	C8_2	198.741	124.483	234.321	0.5647058823529412	0.5647058823529412	0.5647058823529412
G	N7_2	198.316	124.795	235.517	0.18823529411764706	0.3137254901960784	0.9725490196078431
G	C5_2	199.476	124.946	236.269	0.5647058823529412	0.5647058823529412	0.5647058823529412
G	C6_2	199.647	125.289	237.641	0.5647058823529412	0.5647058823529412	0.5647058823529412
G	O6_2	198.776	125.537	238.49	1.0	0.050980392156862744	0.050980392156862744
G	N1_2	200.994	125.334	237.992	0.18823529411764706	0.3137254901960784	0.9725490196078431
G	C2_2	202.042	125.084	237.139	0.5647058823529412	0.5647058823529412	0.5647058823529412
G	N2_2	203.272	125.184	237.67	0.18823529411764706	0.3137254901960784	0.9725490196078431
G	N3_2	201.897	124.762	235.859	0.18823529411764706	0.3137254901960784	0.9725490196078431
G	C4_2	200.597	124.714	235.493	0.5647058823529412	0.5647058823529412	0.5647058823529412
