G	P_1	218.735	127.879	234.766	1.0	0.5019607843137255	0.0
G	OP1_1	218.443	128.852	233.679	1.0	0.050980392156862744	0.050980392156862744
G	OP2_1	217.676	127.552	235.759	1.0	0.050980392156862744	0.050980392156862744
G	O5'_1	219.218	126.519	234.082	1.0	0.050980392156862744	0.050980392156862744
G	C5'_1	220.377	126.49	233.21	0.5647058823529412	0.5647058823529412	0.5647058823529412
G	C4'_1	220.798	125.06	232.94	0.5647058823529412	0.5647058823529412	0.5647058823529412
G	O4'_1	221.132	124.409	234.198	1.0	0.050980392156862744	0.050980392156862744
G	C3'_1	219.729	124.167	232.325	0.5647058823529412	0.5647058823529412	0.5647058823529412
G	O3'_1	219.669	124.314	230.905	1.0	0.050980392156862744	0.050980392156862744
G	C2'_1	220.187	122.774	232.748	0.5647058823529412	0.5647058823529412	0.5647058823529412
G	O2'_1	221.259	122.287	231.96	1.0	0.050980392156862744	0.050980392156862744
G	C1'_1	220.7	123.051	234.165	0.5647058823529412	0.5647058823529412	0.5647058823529412
G	N9_1	219.686	122.868	235.205	0.18823529411764706	0.3137254901960784	0.9725490196078431
G	C8_1	218.88	123.844	235.751	0.5647058823529412	0.5647058823529412	0.5647058823529412
G	N7_1	218.098	123.397	236.697	0.18823529411764706	0.3137254901960784	0.9725490196078431
G	C5_1	218.395	122.044	236.78	0.5647058823529412	0.5647058823529412	0.5647058823529412
G	C6_1	217.872	121.044	237.638	0.5647058823529412	0.5647058823529412	0.5647058823529412
G	O6_1	217.027	121.164	238.532	1.0	0.050980392156862744	0.050980392156862744
G	N1_1	218.44	119.798	237.38	0.18823529411764706	0.3137254901960784	0.9725490196078431
G	C2_1	219.394	119.547	236.42	0.5647058823529412	0.5647058823529412	0.5647058823529412
G	N2_1	219.807	118.273	236.315	0.18823529411764706	0.3137254901960784	0.9725490196078431
G	N3_1	219.902	120.477	235.618	0.18823529411764706	0.3137254901960784	0.9725490196078431
G	C4_1	219.361	121.694	235.853	0.5647058823529412	0.5647058823529412	0.5647058823529412
C	P_2	214.835	112.946	243.194	1.0	0.5019607843137255	0.0
C	OP1_2	214.775	112.196	244.478	1.0	0.050980392156862744	0.050980392156862744
C	OP2_2	215.313	114.356	243.189	1.0	0.050980392156862744	0.050980392156862744
C	O5'_2	215.715	112.103	242.163	1.0	0.050980392156862744	0.050980392156862744
C	C5'_2	217.154	112.199	242.163	0.5647058823529412	0.5647058823529412	0.5647058823529412
C	C4'_2	217.698	112.007	240.763	0.5647058823529412	0.5647058823529412	0.5647058823529412
C	O4'_2	216.846	112.683	239.803	1.0	0.050980392156862744	0.050980392156862744
C	C3'_2	219.106	112.556	240.545	0.5647058823529412	0.5647058823529412	0.5647058823529412
C	O3'_2	220.112	111.58	240.844	1.0	0.050980392156862744	0.050980392156862744
C	C2'_2	219.084	112.975	239.079	0.5647058823529412	0.5647058823529412	0.5647058823529412
C	O2'_2	219.287	111.888	238.195	1.0	0.050980392156862744	0.050980392156862744
C	C1'_2	217.642	113.474	238.936	0.5647058823529412	0.5647058823529412	0.5647058823529412
C	N1_2	217.409	114.897	239.272	0.18823529411764706	0.3137254901960784	0.9725490196078431
C	C2_2	217.842	115.899	238.384	0.5647058823529412	0.5647058823529412	0.5647058823529412
C	O2_2	218.447	115.573	237.349	1.0	0.050980392156862744	0.050980392156862744
C	N3_2	217.586	117.194	238.683	0.18823529411764706	0.3137254901960784	0.9725490196078431
C	C4_2	216.932	117.503	239.809	0.5647058823529412	0.5647058823529412	0.5647058823529412
C	N4_2	216.682	118.785	240.057	0.18823529411764706	0.3137254901960784	0.9725490196078431
C	C5_2	216.5	116.509	240.729	0.5647058823529412	0.5647058823529412	0.5647058823529412
C	C6_2	216.759	115.236	240.428	0.5647058823529412	0.5647058823529412	0.5647058823529412
