C	P_1	179.083	192.48	220.258	1.0	0.5019607843137255	0.0
C	OP1_1	177.989	191.882	221.067	1.0	0.050980392156862744	0.050980392156862744
C	OP2_1	180.216	193.16	220.943	1.0	0.050980392156862744	0.050980392156862744
C	O5'_1	179.688	191.334	219.332	1.0	0.050980392156862744	0.050980392156862744
C	C5'_1	178.833	190.536	218.49	0.5647058823529412	0.5647058823529412	0.5647058823529412
C	C4'_1	179.618	189.396	217.869	0.5647058823529412	0.5647058823529412	0.5647058823529412
C	O4'_1	180.597	189.915	216.928	1.0	0.050980392156862744	0.050980392156862744
C	C3'_1	180.441	188.549	218.832	0.5647058823529412	0.5647058823529412	0.5647058823529412
C	O3'_1	179.642	187.574	219.5	1.0	0.050980392156862744	0.050980392156862744
C	C2'_1	181.483	187.929	217.909	0.5647058823529412	0.5647058823529412	0.5647058823529412
C	O2'_1	180.987	186.819	217.187	1.0	0.050980392156862744	0.050980392156862744
C	C1'_1	181.754	189.09	216.947	0.5647058823529412	0.5647058823529412	0.5647058823529412
C	N1_1	182.909	189.908	217.353	0.18823529411764706	0.3137254901960784	0.9725490196078431
C	C2_1	184.177	189.579	216.848	0.5647058823529412	0.5647058823529412	0.5647058823529412
C	O2_1	184.286	188.603	216.077	1.0	0.050980392156862744	0.050980392156862744
C	N3_1	185.248	190.329	217.21	0.18823529411764706	0.3137254901960784	0.9725490196078431
C	C4_1	185.087	191.366	218.04	0.5647058823529412	0.5647058823529412	0.5647058823529412
C	N4_1	186.168	192.083	218.36	0.18823529411764706	0.3137254901960784	0.9725490196078431
C	C5_1	183.808	191.717	218.574	0.5647058823529412	0.5647058823529412	0.5647058823529412
C	C6_1	182.759	190.97	218.206	0.5647058823529412	0.5647058823529412	0.5647058823529412
G	P_2	196.787	188.066	213.792	1.0	0.5019607843137255	0.0
G	OP1_2	197.855	188.088	212.743	1.0	0.050980392156862744	0.050980392156862744
G	OP2_2	196.219	189.349	214.301	1.0	0.050980392156862744	0.050980392156862744
G	O5'_2	195.58	187.169	213.264	1.0	0.050980392156862744	0.050980392156862744
G	C5'_2	194.501	187.756	212.517	0.5647058823529412	0.5647058823529412	0.5647058823529412
G	C4'_2	193.336	186.8	212.454	0.5647058823529412	0.5647058823529412	0.5647058823529412
G	O4'_2	192.957	186.393	213.8	1.0	0.050980392156862744	0.050980392156862744
G	C3'_2	192.065	187.371	211.845	0.5647058823529412	0.5647058823529412	0.5647058823529412
G	O3'_2	192.11	187.287	210.417	1.0	0.050980392156862744	0.050980392156862744
G	C2'_2	190.984	186.499	212.479	0.5647058823529412	0.5647058823529412	0.5647058823529412
G	O2'_2	190.857	185.239	211.851	1.0	0.050980392156862744	0.050980392156862744
G	C1'_2	191.542	186.304	213.896	0.5647058823529412	0.5647058823529412	0.5647058823529412
G	N9_2	191.09	187.32	214.849	0.18823529411764706	0.3137254901960784	0.9725490196078431
G	C8_2	191.87	188.257	215.496	0.5647058823529412	0.5647058823529412	0.5647058823529412
G	N7_2	191.183	189.067	216.257	0.18823529411764706	0.3137254901960784	0.9725490196078431
G	C5_2	189.872	188.637	216.115	0.5647058823529412	0.5647058823529412	0.5647058823529412
G	C6_2	188.682	189.138	216.689	0.5647058823529412	0.5647058823529412	0.5647058823529412
G	O6_2	188.541	190.103	217.454	1.0	0.050980392156862744	0.050980392156862744
G	N1_2	187.571	188.397	216.29	0.18823529411764706	0.3137254901960784	0.9725490196078431
G	C2_2	187.605	187.316	215.438	0.5647058823529412	0.5647058823529412	0.5647058823529412
G	N2_2	186.43	186.721	215.186	0.18823529411764706	0.3137254901960784	0.9725490196078431
G	N3_2	188.71	186.849	214.88	0.18823529411764706	0.3137254901960784	0.9725490196078431
G	C4_2	189.798	187.548	215.261	0.5647058823529412	0.5647058823529412	0.5647058823529412
