C	P_1	147.459	239.583	199.326	1.0	0.5019607843137255	0.0
C	OP1_1	148.096	238.532	200.171	1.0	0.050980392156862744	0.050980392156862744
C	OP2_1	147.543	239.482	197.845	1.0	0.050980392156862744	0.050980392156862744
C	O5'_1	145.916	239.666	199.725	1.0	0.050980392156862744	0.050980392156862744
C	C5'_1	145.5	239.741	201.105	0.5647058823529412	0.5647058823529412	0.5647058823529412
C	C4'_1	144.021	240.056	201.186	0.5647058823529412	0.5647058823529412	0.5647058823529412
C	O4'_1	143.775	241.315	200.502	1.0	0.050980392156862744	0.050980392156862744
C	C3'_1	143.089	239.051	200.512	0.5647058823529412	0.5647058823529412	0.5647058823529412
C	O3'_1	142.747	237.991	201.422	1.0	0.050980392156862744	0.050980392156862744
C	C2'_1	141.867	239.905	200.168	0.5647058823529412	0.5647058823529412	0.5647058823529412
C	O2'_1	140.965	240.044	201.251	1.0	0.050980392156862744	0.050980392156862744
C	C1'_1	142.508	241.27	199.865	0.5647058823529412	0.5647058823529412	0.5647058823529412
C	N1_1	142.676	241.614	198.433	0.18823529411764706	0.3137254901960784	0.9725490196078431
C	C2_1	141.653	242.339	197.781	0.5647058823529412	0.5647058823529412	0.5647058823529412
C	O2_1	140.627	242.654	198.421	1.0	0.050980392156862744	0.050980392156862744
C	N3_1	141.811	242.674	196.475	0.18823529411764706	0.3137254901960784	0.9725490196078431
C	C4_1	142.92	242.311	195.821	0.5647058823529412	0.5647058823529412	0.5647058823529412
C	N4_1	143.029	242.666	194.54	0.18823529411764706	0.3137254901960784	0.9725490196078431
C	C5_1	143.965	241.57	196.453	0.5647058823529412	0.5647058823529412	0.5647058823529412
C	C6_1	143.804	241.246	197.745	0.5647058823529412	0.5647058823529412	0.5647058823529412
G	P_2	134.48	247.104	189.311	1.0	0.5019607843137255	0.0
G	OP1_2	135.948	246.999	189.083	1.0	0.050980392156862744	0.050980392156862744
G	OP2_2	133.536	246.702	188.228	1.0	0.050980392156862744	0.050980392156862744
G	O5'_2	134.128	246.271	190.627	1.0	0.050980392156862744	0.050980392156862744
G	C5'_2	132.765	246.13	191.093	0.5647058823529412	0.5647058823529412	0.5647058823529412
G	C4'_2	132.755	245.648	192.529	0.5647058823529412	0.5647058823529412	0.5647058823529412
G	O4'_2	133.497	244.398	192.614	1.0	0.050980392156862744	0.050980392156862744
G	C3'_2	133.444	246.563	193.535	0.5647058823529412	0.5647058823529412	0.5647058823529412
G	O3'_2	132.566	247.59	194.004	1.0	0.050980392156862744	0.050980392156862744
G	C2'_2	133.845	245.596	194.643	0.5647058823529412	0.5647058823529412	0.5647058823529412
G	O2'_2	132.774	245.269	195.505	1.0	0.050980392156862744	0.050980392156862744
G	C1'_2	134.23	244.355	193.833	0.5647058823529412	0.5647058823529412	0.5647058823529412
G	N9_2	135.653	244.29	193.51	0.18823529411764706	0.3137254901960784	0.9725490196078431
G	C8_2	136.246	244.615	192.31	0.5647058823529412	0.5647058823529412	0.5647058823529412
G	N7_2	137.542	244.453	192.316	0.18823529411764706	0.3137254901960784	0.9725490196078431
G	C5_2	137.828	243.996	193.597	0.5647058823529412	0.5647058823529412	0.5647058823529412
G	C6_2	139.077	243.646	194.195	0.5647058823529412	0.5647058823529412	0.5647058823529412
G	O6_2	140.209	243.673	193.69	1.0	0.050980392156862744	0.050980392156862744
G	N1_2	138.914	243.23	195.516	0.18823529411764706	0.3137254901960784	0.9725490196078431
G	C2_2	137.71	243.162	196.181	0.5647058823529412	0.5647058823529412	0.5647058823529412
G	N2_2	137.766	242.74	197.452	0.18823529411764706	0.3137254901960784	0.9725490196078431
G	N3_2	136.538	243.485	195.637	0.18823529411764706	0.3137254901960784	0.9725490196078431
G	C4_2	136.672	243.889	194.35	0.5647058823529412	0.5647058823529412	0.5647058823529412
