C	P_1	122.336	203.11	180.446	1.0	0.5019607843137255	0.0
C	OP1_1	123.518	203.757	179.805	1.0	0.050980392156862744	0.050980392156862744
C	OP2_1	122.503	201.803	181.146	1.0	0.050980392156862744	0.050980392156862744
C	O5'_1	121.683	204.163	181.452	1.0	0.050980392156862744	0.050980392156862744
C	C5'_1	121.313	205.479	180.992	0.5647058823529412	0.5647058823529412	0.5647058823529412
C	C4'_1	120.394	206.157	181.981	0.5647058823529412	0.5647058823529412	0.5647058823529412
C	O4'_1	119.105	205.489	182.015	1.0	0.050980392156862744	0.050980392156862744
C	C3'_1	120.842	206.162	183.432	0.5647058823529412	0.5647058823529412	0.5647058823529412
C	O3'_1	121.825	207.156	183.68	1.0	0.050980392156862744	0.050980392156862744
C	C2'_1	119.534	206.428	184.166	0.5647058823529412	0.5647058823529412	0.5647058823529412
C	O2'_1	119.152	207.788	184.138	1.0	0.050980392156862744	0.050980392156862744
C	C1'_1	118.553	205.605	183.322	0.5647058823529412	0.5647058823529412	0.5647058823529412
C	N1_1	118.321	204.249	183.868	0.18823529411764706	0.3137254901960784	0.9725490196078431
C	C2_1	117.205	204.041	184.702	0.5647058823529412	0.5647058823529412	0.5647058823529412
C	O2_1	116.441	204.994	184.939	1.0	0.050980392156862744	0.050980392156862744
C	N3_1	116.993	202.81	185.221	0.18823529411764706	0.3137254901960784	0.9725490196078431
C	C4_1	117.833	201.81	184.936	0.5647058823529412	0.5647058823529412	0.5647058823529412
C	N4_1	117.581	200.613	185.47	0.18823529411764706	0.3137254901960784	0.9725490196078431
C	C5_1	118.968	201.991	184.091	0.5647058823529412	0.5647058823529412	0.5647058823529412
C	C6_1	119.172	203.211	183.582	0.5647058823529412	0.5647058823529412	0.5647058823529412
G	P_2	111.35	199.57	194.828	1.0	0.5019607843137255	0.0
G	OP1_2	109.931	199.519	195.293	1.0	0.050980392156862744	0.050980392156862744
G	OP2_2	111.855	198.521	193.892	1.0	0.050980392156862744	0.050980392156862744
G	O5'_2	111.6	200.992	194.142	1.0	0.050980392156862744	0.050980392156862744
G	C5'_2	111.194	202.223	194.791	0.5647058823529412	0.5647058823529412	0.5647058823529412
G	C4'_2	111.295	203.386	193.826	0.5647058823529412	0.5647058823529412	0.5647058823529412
G	O4'_2	112.673	203.532	193.395	1.0	0.050980392156862744	0.050980392156862744
G	C3'_2	110.497	203.248	192.535	0.5647058823529412	0.5647058823529412	0.5647058823529412
G	O3'_2	109.144	203.666	192.717	1.0	0.050980392156862744	0.050980392156862744
G	C2'_2	111.262	204.15	191.574	0.5647058823529412	0.5647058823529412	0.5647058823529412
G	O2'_2	110.939	205.518	191.724	1.0	0.050980392156862744	0.050980392156862744
G	C1'_2	112.708	203.917	192.029	0.5647058823529412	0.5647058823529412	0.5647058823529412
G	N9_2	113.393	202.866	191.283	0.18823529411764706	0.3137254901960784	0.9725490196078431
G	C8_2	113.434	201.526	191.591	0.5647058823529412	0.5647058823529412	0.5647058823529412
G	N7_2	114.143	200.827	190.745	0.18823529411764706	0.3137254901960784	0.9725490196078431
G	C5_2	114.598	201.759	189.819	0.5647058823529412	0.5647058823529412	0.5647058823529412
G	C6_2	115.417	201.589	188.668	0.5647058823529412	0.5647058823529412	0.5647058823529412
G	O6_2	115.918	200.548	188.225	1.0	0.050980392156862744	0.050980392156862744
G	N1_2	115.636	202.799	188.012	0.18823529411764706	0.3137254901960784	0.9725490196078431
G	C2_2	115.132	204.017	188.407	0.5647058823529412	0.5647058823529412	0.5647058823529412
G	N2_2	115.465	205.07	187.645	0.18823529411764706	0.3137254901960784	0.9725490196078431
G	N3_2	114.36	204.188	189.475	0.18823529411764706	0.3137254901960784	0.9725490196078431
G	C4_2	114.139	203.023	190.131	0.5647058823529412	0.5647058823529412	0.5647058823529412
