C	P_1	121.573	221.52	223.051	1.0	0.5019607843137255	0.0
C	OP1_1	122.92	221.324	222.452	1.0	0.050980392156862744	0.050980392156862744
C	OP2_1	121.456	222.097	224.417	1.0	0.050980392156862744	0.050980392156862744
C	O5'_1	120.706	222.404	222.053	1.0	0.050980392156862744	0.050980392156862744
C	C5'_1	120.69	222.107	220.649	0.5647058823529412	0.5647058823529412	0.5647058823529412
C	C4'_1	119.768	223.053	219.92	0.5647058823529412	0.5647058823529412	0.5647058823529412
C	O4'_1	118.391	222.802	220.301	1.0	0.050980392156862744	0.050980392156862744
C	C3'_1	119.947	224.536	220.194	0.5647058823529412	0.5647058823529412	0.5647058823529412
C	O3'_1	121.052	225.075	219.479	1.0	0.050980392156862744	0.050980392156862744
C	C2'_1	118.612	225.105	219.724	0.5647058823529412	0.5647058823529412	0.5647058823529412
C	O2'_1	118.534	225.232	218.315	1.0	0.050980392156862744	0.050980392156862744
C	C1'_1	117.644	224.006	220.177	0.5647058823529412	0.5647058823529412	0.5647058823529412
C	N1_1	116.951	224.283	221.455	0.18823529411764706	0.3137254901960784	0.9725490196078431
C	C2_1	115.839	225.154	221.453	0.5647058823529412	0.5647058823529412	0.5647058823529412
C	O2_1	115.468	225.66	220.378	1.0	0.050980392156862744	0.050980392156862744
C	N3_1	115.2	225.414	222.618	0.18823529411764706	0.3137254901960784	0.9725490196078431
C	C4_1	115.621	224.842	223.753	0.5647058823529412	0.5647058823529412	0.5647058823529412
C	N4_1	114.961	225.127	224.88	0.18823529411764706	0.3137254901960784	0.9725490196078431
C	C5_1	116.739	223.951	223.784	0.5647058823529412	0.5647058823529412	0.5647058823529412
C	C6_1	117.37	223.705	222.625	0.5647058823529412	0.5647058823529412	0.5647058823529412
G	P_2	104.427	230.686	225.219	1.0	0.5019607843137255	0.0
G	OP1_2	103.053	230.811	224.653	1.0	0.050980392156862744	0.050980392156862744
G	OP2_2	104.671	229.765	226.362	1.0	0.050980392156862744	0.050980392156862744
G	O5'_2	105.434	230.303	224.043	1.0	0.050980392156862744	0.050980392156862744
G	C5'_2	105.461	231.075	222.831	0.5647058823529412	0.5647058823529412	0.5647058823529412
G	C4'_2	106.541	230.576	221.897	0.5647058823529412	0.5647058823529412	0.5647058823529412
G	O4'_2	107.862	230.847	222.439	1.0	0.050980392156862744	0.050980392156862744
G	C3'_2	106.593	229.084	221.619	0.5647058823529412	0.5647058823529412	0.5647058823529412
G	O3'_2	105.583	228.658	220.718	1.0	0.050980392156862744	0.050980392156862744
G	C2'_2	107.992	228.931	221.032	0.5647058823529412	0.5647058823529412	0.5647058823529412
G	O2'_2	108.084	229.349	219.687	1.0	0.050980392156862744	0.050980392156862744
G	C1'_2	108.786	229.9	221.91	0.5647058823529412	0.5647058823529412	0.5647058823529412
G	N9_2	109.452	229.203	223.006	0.18823529411764706	0.3137254901960784	0.9725490196078431
G	C8_2	109.077	229.144	224.33	0.5647058823529412	0.5647058823529412	0.5647058823529412
G	N7_2	109.884	228.418	225.059	0.18823529411764706	0.3137254901960784	0.9725490196078431
G	C5_2	110.851	227.975	224.162	0.5647058823529412	0.5647058823529412	0.5647058823529412
G	C6_2	111.996	227.15	224.369	0.5647058823529412	0.5647058823529412	0.5647058823529412
G	O6_2	112.39	226.626	225.419	1.0	0.050980392156862744	0.050980392156862744
G	N1_2	112.711	226.955	223.185	0.18823529411764706	0.3137254901960784	0.9725490196078431
G	C2_2	112.368	227.484	221.957	0.5647058823529412	0.5647058823529412	0.5647058823529412
G	N2_2	113.187	227.195	220.928	0.18823529411764706	0.3137254901960784	0.9725490196078431
G	N3_2	111.299	228.249	221.752	0.18823529411764706	0.3137254901960784	0.9725490196078431
G	C4_2	110.596	228.453	222.892	0.5647058823529412	0.5647058823529412	0.5647058823529412
