G	P_1	245.084	149.84	133.25	1.0	0.5019607843137255	0.0
G	OP1_1	245.093	150.686	132.022	1.0	0.050980392156862744	0.050980392156862744
G	OP2_1	244.755	150.451	134.564	1.0	0.050980392156862744	0.050980392156862744
G	O5'_1	244.089	148.618	133.013	1.0	0.050980392156862744	0.050980392156862744
G	C5'_1	244.105	147.878	131.777	0.5647058823529412	0.5647058823529412	0.5647058823529412
G	C4'_1	243.127	146.728	131.847	0.5647058823529412	0.5647058823529412	0.5647058823529412
G	O4'_1	243.459	145.919	133.008	1.0	0.050980392156862744	0.050980392156862744
G	C3'_1	241.662	147.095	132.057	0.5647058823529412	0.5647058823529412	0.5647058823529412
G	O3'_1	240.996	147.4	130.833	1.0	0.050980392156862744	0.050980392156862744
G	C2'_1	241.105	145.834	132.701	0.5647058823529412	0.5647058823529412	0.5647058823529412
G	O2'_1	240.864	144.8	131.764	1.0	0.050980392156862744	0.050980392156862744
G	C1'_1	242.269	145.432	133.609	0.5647058823529412	0.5647058823529412	0.5647058823529412
G	N9_1	242.166	145.995	134.952	0.18823529411764706	0.3137254901960784	0.9725490196078431
G	C8_1	242.978	146.951	135.523	0.5647058823529412	0.5647058823529412	0.5647058823529412
G	N7_1	242.645	147.24	136.752	0.18823529411764706	0.3137254901960784	0.9725490196078431
G	C5_1	241.544	146.433	137.009	0.5647058823529412	0.5647058823529412	0.5647058823529412
G	C6_1	240.752	146.307	138.181	0.5647058823529412	0.5647058823529412	0.5647058823529412
G	O6_1	240.879	146.895	139.26	1.0	0.050980392156862744	0.050980392156862744
G	N1_1	239.726	145.379	138.01	0.18823529411764706	0.3137254901960784	0.9725490196078431
G	C2_1	239.491	144.659	136.861	0.5647058823529412	0.5647058823529412	0.5647058823529412
G	N2_1	238.449	143.816	136.891	0.18823529411764706	0.3137254901960784	0.9725490196078431
G	N3_1	240.228	144.759	135.761	0.18823529411764706	0.3137254901960784	0.9725490196078431
G	C4_1	241.231	145.661	135.906	0.5647058823529412	0.5647058823529412	0.5647058823529412
C	P_2	235.467	142.284	146.393	1.0	0.5019607843137255	0.0
C	OP1_2	235.043	141.1	147.196	1.0	0.050980392156862744	0.050980392156862744
C	OP2_2	236.813	142.875	146.617	1.0	0.050980392156862744	0.050980392156862744
C	O5'_2	235.337	141.913	144.848	1.0	0.050980392156862744	0.050980392156862744
C	C5'_2	234.162	141.25	144.343	0.5647058823529412	0.5647058823529412	0.5647058823529412
C	C4'_2	234.265	141.066	142.846	0.5647058823529412	0.5647058823529412	0.5647058823529412
C	O4'_2	234.212	142.361	142.194	1.0	0.050980392156862744	0.050980392156862744
C	C3'_2	235.553	140.437	142.33	0.5647058823529412	0.5647058823529412	0.5647058823529412
C	O3'_2	235.532	139.012	142.432	1.0	0.050980392156862744	0.050980392156862744
C	C2'_2	235.586	140.92	140.884	0.5647058823529412	0.5647058823529412	0.5647058823529412
C	O2'_2	234.724	140.184	140.038	1.0	0.050980392156862744	0.050980392156862744
C	C1'_2	235.037	142.342	141.035	0.5647058823529412	0.5647058823529412	0.5647058823529412
C	N1_2	236.095	143.36	141.189	0.18823529411764706	0.3137254901960784	0.9725490196078431
C	C2_2	236.752	143.838	140.042	0.5647058823529412	0.5647058823529412	0.5647058823529412
C	O2_2	236.421	143.397	138.927	1.0	0.050980392156862744	0.050980392156862744
C	N3_2	237.726	144.766	140.182	0.18823529411764706	0.3137254901960784	0.9725490196078431
C	C4_2	238.049	145.217	141.4	0.5647058823529412	0.5647058823529412	0.5647058823529412
C	N4_2	239.017	146.132	141.496	0.18823529411764706	0.3137254901960784	0.9725490196078431
C	C5_2	237.395	144.751	142.576	0.5647058823529412	0.5647058823529412	0.5647058823529412
C	C6_2	236.437	143.833	142.427	0.5647058823529412	0.5647058823529412	0.5647058823529412
