C	P_1	261.417	156.28	209.316	1.0	0.5019607843137255	0.0
C	OP1_1	260.335	156.944	210.104	1.0	0.050980392156862744	0.050980392156862744
C	OP2_1	262.554	155.637	210.025	1.0	0.050980392156862744	0.050980392156862744
C	O5'_1	260.753	155.192	208.359	1.0	0.050980392156862744	0.050980392156862744
C	C5'_1	259.66	155.541	207.484	0.5647058823529412	0.5647058823529412	0.5647058823529412
C	C4'_1	259.267	154.349	206.644	0.5647058823529412	0.5647058823529412	0.5647058823529412
C	O4'_1	260.338	154.03	205.716	1.0	0.050980392156862744	0.050980392156862744
C	C3'_1	259.034	153.055	207.409	0.5647058823529412	0.5647058823529412	0.5647058823529412
C	O3'_1	257.733	153.001	207.982	1.0	0.050980392156862744	0.050980392156862744
C	C2'_1	259.254	152.002	206.334	0.5647058823529412	0.5647058823529412	0.5647058823529412
C	O2'_1	258.144	151.86	205.472	1.0	0.050980392156862744	0.050980392156862744
C	C1'_1	260.42	152.618	205.555	0.5647058823529412	0.5647058823529412	0.5647058823529412
C	N1_1	261.741	152.16	206.038	0.18823529411764706	0.3137254901960784	0.9725490196078431
C	C2_1	262.208	150.896	205.64	0.5647058823529412	0.5647058823529412	0.5647058823529412
C	O2_1	261.5	150.192	204.896	1.0	0.050980392156862744	0.050980392156862744
C	N3_1	263.42	150.475	206.079	0.18823529411764706	0.3137254901960784	0.9725490196078431
C	C4_1	264.154	151.261	206.877	0.5647058823529412	0.5647058823529412	0.5647058823529412
C	N4_1	265.345	150.811	207.278	0.18823529411764706	0.3137254901960784	0.9725490196078431
C	C5_1	263.7	152.544	207.298	0.5647058823529412	0.5647058823529412	0.5647058823529412
C	C6_1	262.503	152.949	206.861	0.5647058823529412	0.5647058823529412	0.5647058823529412
G	P_2	269.207	140.579	202.981	1.0	0.5019607843137255	0.0
G	OP1_2	269.701	139.538	202.034	1.0	0.050980392156862744	0.050980392156862744
G	OP2_2	270.03	141.793	203.23	1.0	0.050980392156862744	0.050980392156862744
G	O5'_2	267.762	141.029	202.485	1.0	0.050980392156862744	0.050980392156862744
G	C5'_2	266.683	140.078	202.451	0.5647058823529412	0.5647058823529412	0.5647058823529412
G	C4'_2	265.351	140.779	202.3	0.5647058823529412	0.5647058823529412	0.5647058823529412
G	O4'_2	265.174	141.731	203.392	1.0	0.050980392156862744	0.050980392156862744
G	C3'_2	265.124	141.562	201.008	0.5647058823529412	0.5647058823529412	0.5647058823529412
G	O3'_2	263.761	141.42	200.606	1.0	0.050980392156862744	0.050980392156862744
G	C2'_2	265.401	143.001	201.432	0.5647058823529412	0.5647058823529412	0.5647058823529412
G	O2'_2	264.707	143.95	200.646	1.0	0.050980392156862744	0.050980392156862744
G	C1'_2	264.866	143.006	202.863	0.5647058823529412	0.5647058823529412	0.5647058823529412
G	N9_2	265.478	144.029	203.708	0.18823529411764706	0.3137254901960784	0.9725490196078431
G	C8_2	266.759	144.038	204.217	0.5647058823529412	0.5647058823529412	0.5647058823529412
G	N7_2	267.027	145.113	204.914	0.18823529411764706	0.3137254901960784	0.9725490196078431
G	C5_2	265.851	145.856	204.873	0.5647058823529412	0.5647058823529412	0.5647058823529412
G	C6_2	265.538	147.129	205.44	0.5647058823529412	0.5647058823529412	0.5647058823529412
G	O6_2	266.263	147.877	206.108	1.0	0.050980392156862744	0.050980392156862744
G	N1_2	264.232	147.509	205.152	0.18823529411764706	0.3137254901960784	0.9725490196078431
G	C2_2	263.34	146.776	204.41	0.5647058823529412	0.5647058823529412	0.5647058823529412
G	N2_2	262.126	147.323	204.236	0.18823529411764706	0.3137254901960784	0.9725490196078431
G	N3_2	263.614	145.594	203.873	0.18823529411764706	0.3137254901960784	0.9725490196078431
G	C4_2	264.88	145.197	204.142	0.5647058823529412	0.5647058823529412	0.5647058823529412
