G	P_1	176.256	224.588	252.374	1.0	0.5019607843137255	0.0
G	OP1_1	175.874	223.809	251.157	1.0	0.050980392156862744	0.050980392156862744
G	OP2_1	176.282	223.916	253.7	1.0	0.050980392156862744	0.050980392156862744
G	O5'_1	177.695	225.229	252.126	1.0	0.050980392156862744	0.050980392156862744
G	C5'_1	178.009	225.902	250.883	0.5647058823529412	0.5647058823529412	0.5647058823529412
G	C4'_1	179.431	226.409	250.916	0.5647058823529412	0.5647058823529412	0.5647058823529412
G	O4'_1	179.553	227.412	251.963	1.0	0.050980392156862744	0.050980392156862744
G	C3'_1	180.472	225.358	251.279	0.5647058823529412	0.5647058823529412	0.5647058823529412
G	O3'_1	180.867	224.57	250.161	1.0	0.050980392156862744	0.050980392156862744
G	C2'_1	181.595	226.202	251.864	0.5647058823529412	0.5647058823529412	0.5647058823529412
G	O2'_1	182.371	226.843	250.868	1.0	0.050980392156862744	0.050980392156862744
G	C1'_1	180.794	227.253	252.64	0.5647058823529412	0.5647058823529412	0.5647058823529412
G	N9_1	180.514	226.877	254.029	0.18823529411764706	0.3137254901960784	0.9725490196078431
G	C8_1	179.286	226.569	254.576	0.5647058823529412	0.5647058823529412	0.5647058823529412
G	N7_1	179.348	226.273	255.847	0.18823529411764706	0.3137254901960784	0.9725490196078431
G	C5_1	180.697	226.389	256.164	0.5647058823529412	0.5647058823529412	0.5647058823529412
G	C6_1	181.373	226.183	257.397	0.5647058823529412	0.5647058823529412	0.5647058823529412
G	O6_1	180.897	225.85	258.487	1.0	0.050980392156862744	0.050980392156862744
G	N1_1	182.742	226.407	257.278	0.18823529411764706	0.3137254901960784	0.9725490196078431
G	C2_1	183.381	226.782	256.122	0.5647058823529412	0.5647058823529412	0.5647058823529412
G	N2_1	184.708	226.958	256.212	0.18823529411764706	0.3137254901960784	0.9725490196078431
G	N3_1	182.765	226.975	254.962	0.18823529411764706	0.3137254901960784	0.9725490196078431
G	C4_1	181.432	226.762	255.055	0.5647058823529412	0.5647058823529412	0.5647058823529412
C	P_2	188.039	227.026	265.968	1.0	0.5019607843137255	0.0
C	OP1_2	188.973	227.892	266.751	1.0	0.050980392156862744	0.050980392156862744
C	OP2_2	186.58	227.057	266.269	1.0	0.050980392156862744	0.050980392156862744
C	O5'_2	188.228	227.344	264.417	1.0	0.050980392156862744	0.050980392156862744
C	C5'_2	189.544	227.423	263.835	0.5647058823529412	0.5647058823529412	0.5647058823529412
C	C4'_2	189.449	227.761	262.364	0.5647058823529412	0.5647058823529412	0.5647058823529412
C	O4'_2	188.949	226.619	261.617	1.0	0.050980392156862744	0.050980392156862744
C	C3'_2	188.502	228.894	261.994	0.5647058823529412	0.5647058823529412	0.5647058823529412
C	O3'_2	189.098	230.171	262.214	1.0	0.050980392156862744	0.050980392156862744
C	C2'_2	188.226	228.611	260.521	0.5647058823529412	0.5647058823529412	0.5647058823529412
C	O2'_2	189.278	229.026	259.671	1.0	0.050980392156862744	0.050980392156862744
C	C1'_2	188.171	227.078	260.516	0.5647058823529412	0.5647058823529412	0.5647058823529412
C	N1_2	186.802	226.525	260.634	0.18823529411764706	0.3137254901960784	0.9725490196078431
C	C2_2	186.021	226.397	259.47	0.5647058823529412	0.5647058823529412	0.5647058823529412
C	O2_2	186.506	226.738	258.377	1.0	0.050980392156862744	0.050980392156862744
C	N3_2	184.764	225.903	259.572	0.18823529411764706	0.3137254901960784	0.9725490196078431
C	C4_2	184.282	225.54	260.768	0.5647058823529412	0.5647058823529412	0.5647058823529412
C	N4_2	183.035	225.069	260.824	0.18823529411764706	0.3137254901960784	0.9725490196078431
C	C5_2	185.056	225.649	261.963	0.5647058823529412	0.5647058823529412	0.5647058823529412
C	C6_2	186.296	226.143	261.852	0.5647058823529412	0.5647058823529412	0.5647058823529412
