G	P_1	137.496	263.389	172.034	1.0	0.5019607843137255	0.0
G	OP1_1	137.105	264.008	170.737	1.0	0.050980392156862744	0.050980392156862744
G	OP2_1	136.663	262.295	172.604	1.0	0.050980392156862744	0.050980392156862744
G	O5'_1	138.989	262.847	171.886	1.0	0.050980392156862744	0.050980392156862744
G	C5'_1	139.535	261.916	172.841	0.5647058823529412	0.5647058823529412	0.5647058823529412
G	C4'_1	140.697	262.54	173.585	0.5647058823529412	0.5647058823529412	0.5647058823529412
G	O4'_1	140.256	263.746	174.268	1.0	0.050980392156862744	0.050980392156862744
G	C3'_1	141.273	261.667	174.691	0.5647058823529412	0.5647058823529412	0.5647058823529412
G	O3'_1	142.209	260.728	174.16	1.0	0.050980392156862744	0.050980392156862744
G	C2'_1	141.901	262.688	175.635	0.5647058823529412	0.5647058823529412	0.5647058823529412
G	O2'_1	143.17	263.144	175.205	1.0	0.050980392156862744	0.050980392156862744
G	C1'_1	140.9	263.845	175.534	0.5647058823529412	0.5647058823529412	0.5647058823529412
G	N9_1	139.872	263.877	176.579	0.18823529411764706	0.3137254901960784	0.9725490196078431
G	C8_1	138.506	263.791	176.397	0.5647058823529412	0.5647058823529412	0.5647058823529412
G	N7_1	137.827	263.903	177.51	0.18823529411764706	0.3137254901960784	0.9725490196078431
G	C5_1	138.797	264.058	178.493	0.5647058823529412	0.5647058823529412	0.5647058823529412
G	C6_1	138.661	264.233	179.898	0.5647058823529412	0.5647058823529412	0.5647058823529412
G	O6_1	137.62	264.295	180.568	1.0	0.050980392156862744	0.050980392156862744
G	N1_1	139.9	264.343	180.522	0.18823529411764706	0.3137254901960784	0.9725490196078431
G	C2_1	141.115	264.293	179.883	0.5647058823529412	0.5647058823529412	0.5647058823529412
G	N2_1	142.194	264.409	180.668	0.18823529411764706	0.3137254901960784	0.9725490196078431
G	N3_1	141.261	264.138	178.571	0.18823529411764706	0.3137254901960784	0.9725490196078431
G	C4_1	140.068	264.03	177.941	0.5647058823529412	0.5647058823529412	0.5647058823529412
C	P_2	137.61	266.105	190.371	1.0	0.5019607843137255	0.0
C	OP1_2	138.045	266.749	191.645	1.0	0.050980392156862744	0.050980392156862744
C	OP2_2	136.361	266.561	189.711	1.0	0.050980392156862744	0.050980392156862744
C	O5'_2	138.793	266.207	189.304	1.0	0.050980392156862744	0.050980392156862744
C	C5'_2	140.171	266.089	189.712	0.5647058823529412	0.5647058823529412	0.5647058823529412
C	C4'_2	141.082	266.008	188.503	0.5647058823529412	0.5647058823529412	0.5647058823529412
C	O4'_2	140.784	264.8	187.751	1.0	0.050980392156862744	0.050980392156862744
C	C3'_2	140.972	267.112	187.457	0.5647058823529412	0.5647058823529412	0.5647058823529412
C	O3'_2	141.659	268.306	187.819	1.0	0.050980392156862744	0.050980392156862744
C	C2'_2	141.599	266.449	186.239	0.5647058823529412	0.5647058823529412	0.5647058823529412
C	O2'_2	143.011	266.411	186.297	1.0	0.050980392156862744	0.050980392156862744
C	C1'_2	141.052	265.026	186.371	0.5647058823529412	0.5647058823529412	0.5647058823529412
C	N1_2	139.805	264.867	185.594	0.18823529411764706	0.3137254901960784	0.9725490196078431
C	C2_2	139.904	264.52	184.235	0.5647058823529412	0.5647058823529412	0.5647058823529412
C	O2_2	141.03	264.305	183.748	1.0	0.050980392156862744	0.050980392156862744
C	N3_2	138.776	264.427	183.496	0.18823529411764706	0.3137254901960784	0.9725490196078431
C	C4_2	137.584	264.655	184.062	0.5647058823529412	0.5647058823529412	0.5647058823529412
C	N4_2	136.501	264.571	183.287	0.18823529411764706	0.3137254901960784	0.9725490196078431
C	C5_2	137.452	264.982	185.446	0.5647058823529412	0.5647058823529412	0.5647058823529412
C	C6_2	138.577	265.073	186.167	0.5647058823529412	0.5647058823529412	0.5647058823529412
