G	P_1	141.746	213.603	207.945	1.0	0.5019607843137255	0.0
G	OP1_1	142.026	214.192	206.596	1.0	0.050980392156862744	0.050980392156862744
G	OP2_1	142.756	212.711	208.575	1.0	0.050980392156862744	0.050980392156862744
G	O5'_1	141.471	214.805	208.959	1.0	0.050980392156862744	0.050980392156862744
G	C5'_1	140.636	215.929	208.592	0.5647058823529412	0.5647058823529412	0.5647058823529412
G	C4'_1	140.909	217.104	209.515	0.5647058823529412	0.5647058823529412	0.5647058823529412
G	O4'_1	140.765	216.664	210.897	1.0	0.050980392156862744	0.050980392156862744
G	C3'_1	142.315	217.695	209.455	0.5647058823529412	0.5647058823529412	0.5647058823529412
G	O3'_1	142.455	218.654	208.403	1.0	0.050980392156862744	0.050980392156862744
G	C2'_1	142.458	218.332	210.834	0.5647058823529412	0.5647058823529412	0.5647058823529412
G	O2'_1	141.808	219.58	210.953	1.0	0.050980392156862744	0.050980392156862744
G	C1'_1	141.74	217.303	211.71	0.5647058823529412	0.5647058823529412	0.5647058823529412
G	N9_1	142.665	216.288	212.212	0.18823529411764706	0.3137254901960784	0.9725490196078431
G	C8_1	142.725	214.957	211.851	0.5647058823529412	0.5647058823529412	0.5647058823529412
G	N7_1	143.68	214.3	212.458	0.18823529411764706	0.3137254901960784	0.9725490196078431
G	C5_1	144.287	215.249	213.275	0.5647058823529412	0.5647058823529412	0.5647058823529412
G	C6_1	145.383	215.124	214.183	0.5647058823529412	0.5647058823529412	0.5647058823529412
G	O6_1	146.047	214.115	214.455	1.0	0.050980392156862744	0.050980392156862744
G	N1_1	145.673	216.341	214.806	0.18823529411764706	0.3137254901960784	0.9725490196078431
G	C2_1	144.999	217.526	214.587	0.5647058823529412	0.5647058823529412	0.5647058823529412
G	N2_1	145.439	218.595	215.276	0.18823529411764706	0.3137254901960784	0.9725490196078431
G	N3_1	143.971	217.653	213.753	0.18823529411764706	0.3137254901960784	0.9725490196078431
G	C4_1	143.671	216.484	213.137	0.5647058823529412	0.5647058823529412	0.5647058823529412
C	P_2	152.734	216.233	222.433	1.0	0.5019607843137255	0.0
C	OP1_2	152.893	216.621	223.865	1.0	0.050980392156862744	0.050980392156862744
C	OP2_2	152.42	214.823	222.088	1.0	0.050980392156862744	0.050980392156862744
C	O5'_2	151.625	217.175	221.774	1.0	0.050980392156862744	0.050980392156862744
C	C5'_2	151.676	218.613	221.939	0.5647058823529412	0.5647058823529412	0.5647058823529412
C	C4'_2	150.507	219.266	221.237	0.5647058823529412	0.5647058823529412	0.5647058823529412
C	O4'_2	150.594	218.969	219.816	1.0	0.050980392156862744	0.050980392156862744
C	C3'_2	149.123	218.764	221.639	0.5647058823529412	0.5647058823529412	0.5647058823529412
C	O3'_2	148.618	219.465	222.782	1.0	0.050980392156862744	0.050980392156862744
C	C2'_2	148.279	219.127	220.416	0.5647058823529412	0.5647058823529412	0.5647058823529412
C	O2'_2	147.859	220.479	220.428	1.0	0.050980392156862744	0.050980392156862744
C	C1'_2	149.283	218.943	219.267	0.5647058823529412	0.5647058823529412	0.5647058823529412
C	N1_2	149.107	217.723	218.453	0.18823529411764706	0.3137254901960784	0.9725490196078431
C	C2_2	148.107	217.715	217.457	0.5647058823529412	0.5647058823529412	0.5647058823529412
C	O2_2	147.396	218.726	217.301	1.0	0.050980392156862744	0.050980392156862744
C	N3_2	147.944	216.604	216.696	0.18823529411764706	0.3137254901960784	0.9725490196078431
C	C4_2	148.725	215.534	216.896	0.5647058823529412	0.5647058823529412	0.5647058823529412
C	N4_2	148.527	214.46	216.124	0.18823529411764706	0.3137254901960784	0.9725490196078431
C	C5_2	149.743	215.516	217.9	0.5647058823529412	0.5647058823529412	0.5647058823529412
C	C6_2	149.896	216.619	218.647	0.5647058823529412	0.5647058823529412	0.5647058823529412
