G	P_1	177.446	294.523	237.332	1.0	0.5019607843137255	0.0
G	OP1_1	178.119	295.355	238.371	1.0	0.050980392156862744	0.050980392156862744
G	OP2_1	177.871	293.11	237.137	1.0	0.050980392156862744	0.050980392156862744
G	O5'_1	175.881	294.538	237.631	1.0	0.050980392156862744	0.050980392156862744
G	C5'_1	175.279	293.551	238.489	0.5647058823529412	0.5647058823529412	0.5647058823529412
G	C4'_1	173.8	293.442	238.197	0.5647058823529412	0.5647058823529412	0.5647058823529412
G	O4'_1	173.593	293.178	236.783	1.0	0.050980392156862744	0.050980392156862744
G	C3'_1	173.09	292.302	238.906	0.5647058823529412	0.5647058823529412	0.5647058823529412
G	O3'_1	172.728	292.681	240.231	1.0	0.050980392156862744	0.050980392156862744
G	C2'_1	171.89	292.046	237.998	0.5647058823529412	0.5647058823529412	0.5647058823529412
G	O2'_1	170.843	292.979	238.182	1.0	0.050980392156862744	0.050980392156862744
G	C1'_1	172.509	292.273	236.615	0.5647058823529412	0.5647058823529412	0.5647058823529412
G	N9_1	173.022	291.065	235.967	0.18823529411764706	0.3137254901960784	0.9725490196078431
G	C8_1	174.337	290.796	235.649	0.5647058823529412	0.5647058823529412	0.5647058823529412
G	N7_1	174.501	289.644	235.057	0.18823529411764706	0.3137254901960784	0.9725490196078431
G	C5_1	173.22	289.112	234.978	0.5647058823529412	0.5647058823529412	0.5647058823529412
G	C6_1	172.776	287.885	234.43	0.5647058823529412	0.5647058823529412	0.5647058823529412
G	O6_1	173.447	287.0	233.881	1.0	0.050980392156862744	0.050980392156862744
G	N1_1	171.398	287.735	234.562	0.18823529411764706	0.3137254901960784	0.9725490196078431
G	C2_1	170.554	288.654	235.141	0.5647058823529412	0.5647058823529412	0.5647058823529412
G	N2_1	169.25	288.326	235.168	0.18823529411764706	0.3137254901960784	0.9725490196078431
G	N3_1	170.956	289.81	235.654	0.18823529411764706	0.3137254901960784	0.9725490196078431
G	C4_1	172.293	289.973	235.539	0.5647058823529412	0.5647058823529412	0.5647058823529412
C	P_2	168.129	279.385	229.59	1.0	0.5019607843137255	0.0
C	OP1_2	167.127	278.772	228.673	1.0	0.050980392156862744	0.050980392156862744
C	OP2_2	169.472	279.744	229.068	1.0	0.050980392156862744	0.050980392156862744
C	O5'_2	167.471	280.684	230.242	1.0	0.050980392156862744	0.050980392156862744
C	C5'_2	166.178	280.61	230.888	0.5647058823529412	0.5647058823529412	0.5647058823529412
C	C4'_2	165.902	281.873	231.679	0.5647058823529412	0.5647058823529412	0.5647058823529412
C	O4'_2	166.87	282.01	232.753	1.0	0.050980392156862744	0.050980392156862744
C	C3'_2	166.001	283.192	230.926	0.5647058823529412	0.5647058823529412	0.5647058823529412
C	O3'_2	164.821	283.456	230.17	1.0	0.050980392156862744	0.050980392156862744
C	C2'_2	166.201	284.188	232.061	0.5647058823529412	0.5647058823529412	0.5647058823529412
C	O2'_2	164.998	284.489	232.741	1.0	0.050980392156862744	0.050980392156862744
C	C1'_2	167.112	283.389	232.997	0.5647058823529412	0.5647058823529412	0.5647058823529412
C	N1_2	168.549	283.667	232.791	0.18823529411764706	0.3137254901960784	0.9725490196078431
C	C2_2	169.115	284.799	233.41	0.5647058823529412	0.5647058823529412	0.5647058823529412
C	O2_2	168.394	285.524	234.128	1.0	0.050980392156862744	0.050980392156862744
C	N3_2	170.431	285.066	233.213	0.18823529411764706	0.3137254901960784	0.9725490196078431
C	C4_2	171.172	284.255	232.446	0.5647058823529412	0.5647058823529412	0.5647058823529412
C	N4_2	172.461	284.557	232.277	0.18823529411764706	0.3137254901960784	0.9725490196078431
C	C5_2	170.622	283.099	231.816	0.5647058823529412	0.5647058823529412	0.5647058823529412
C	C6_2	169.322	282.847	232.012	0.5647058823529412	0.5647058823529412	0.5647058823529412
