G	P_1	178.194	278.835	184.124	1.0	0.5019607843137255	0.0
G	OP1_1	176.812	278.424	183.744	1.0	0.050980392156862744	0.050980392156862744
G	OP2_1	178.476	279.234	185.533	1.0	0.050980392156862744	0.050980392156862744
G	O5'_1	179.18	277.641	183.742	1.0	0.050980392156862744	0.050980392156862744
G	C5'_1	179.201	277.098	182.408	0.5647058823529412	0.5647058823529412	0.5647058823529412
G	C4'_1	180.116	275.896	182.348	0.5647058823529412	0.5647058823529412	0.5647058823529412
G	O4'_1	181.483	276.307	182.623	1.0	0.050980392156862744	0.050980392156862744
G	C3'_1	179.852	274.8	183.372	0.5647058823529412	0.5647058823529412	0.5647058823529412
G	O3'_1	178.792	273.934	182.957	1.0	0.050980392156862744	0.050980392156862744
G	C2'_1	181.195	274.079	183.428	0.5647058823529412	0.5647058823529412	0.5647058823529412
G	O2'_1	181.364	273.163	182.363	1.0	0.050980392156862744	0.050980392156862744
G	C1'_1	182.18	275.244	183.255	0.5647058823529412	0.5647058823529412	0.5647058823529412
G	N9_1	182.757	275.729	184.505	0.18823529411764706	0.3137254901960784	0.9725490196078431
G	C8_1	182.388	276.847	185.218	0.5647058823529412	0.5647058823529412	0.5647058823529412
G	N7_1	183.083	277.011	186.314	0.18823529411764706	0.3137254901960784	0.9725490196078431
G	C5_1	183.97	275.94	186.326	0.5647058823529412	0.5647058823529412	0.5647058823529412
G	C6_1	184.978	275.58	187.277	0.5647058823529412	0.5647058823529412	0.5647058823529412
G	O6_1	185.286	276.153	188.332	1.0	0.050980392156862744	0.050980392156862744
G	N1_1	185.653	274.42	186.895	0.18823529411764706	0.3137254901960784	0.9725490196078431
G	C2_1	185.396	273.695	185.752	0.5647058823529412	0.5647058823529412	0.5647058823529412
G	N2_1	186.164	272.607	185.556	0.18823529411764706	0.3137254901960784	0.9725490196078431
G	N3_1	184.455	274.015	184.864	0.18823529411764706	0.3137254901960784	0.9725490196078431
G	C4_1	183.787	275.141	185.212	0.5647058823529412	0.5647058823529412	0.5647058823529412
C	P_2	192.899	271.955	192.948	1.0	0.5019607843137255	0.0
C	OP1_2	194.266	271.492	193.322	1.0	0.050980392156862744	0.050980392156862744
C	OP2_2	192.641	273.41	192.774	1.0	0.050980392156862744	0.050980392156862744
C	O5'_2	192.483	271.211	191.6	1.0	0.050980392156862744	0.050980392156862744
C	C5'_2	192.625	269.777	191.468	0.5647058823529412	0.5647058823529412	0.5647058823529412
C	C4'_2	191.871	269.29	190.252	0.5647058823529412	0.5647058823529412	0.5647058823529412
C	O4'_2	190.454	269.566	190.426	1.0	0.050980392156862744	0.050980392156862744
C	C3'_2	192.236	269.977	188.944	0.5647058823529412	0.5647058823529412	0.5647058823529412
C	O3'_2	193.399	269.391	188.363	1.0	0.050980392156862744	0.050980392156862744
C	C2'_2	190.974	269.776	188.113	0.5647058823529412	0.5647058823529412	0.5647058823529412
C	O2'_2	190.887	268.471	187.574	1.0	0.050980392156862744	0.050980392156862744
C	C1'_2	189.885	269.94	189.18	0.5647058823529412	0.5647058823529412	0.5647058823529412
C	N1_2	189.34	271.311	189.307	0.18823529411764706	0.3137254901960784	0.9725490196078431
C	C2_2	188.17	271.652	188.594	0.5647058823529412	0.5647058823529412	0.5647058823529412
C	O2_2	187.632	270.799	187.866	1.0	0.050980392156862744	0.050980392156862744
C	N3_2	187.661	272.904	188.723	0.18823529411764706	0.3137254901960784	0.9725490196078431
C	C4_2	188.269	273.798	189.514	0.5647058823529412	0.5647058823529412	0.5647058823529412
C	N4_2	187.73	275.017	189.615	0.18823529411764706	0.3137254901960784	0.9725490196078431
C	C5_2	189.459	273.482	190.239	0.5647058823529412	0.5647058823529412	0.5647058823529412
C	C6_2	189.954	272.241	190.108	0.5647058823529412	0.5647058823529412	0.5647058823529412
