G	P_1	236.673	137.227	178.647	1.0	0.5019607843137255	0.0
G	OP1_1	236.694	136.324	179.831	1.0	0.050980392156862744	0.050980392156862744
G	OP2_1	237.367	138.54	178.712	1.0	0.050980392156862744	0.050980392156862744
G	O5'_1	237.231	136.412	177.395	1.0	0.050980392156862744	0.050980392156862744
G	C5'_1	236.696	135.108	177.077	0.5647058823529412	0.5647058823529412	0.5647058823529412
G	C4'_1	237.314	134.56	175.805	0.5647058823529412	0.5647058823529412	0.5647058823529412
G	O4'_1	236.905	135.351	174.653	1.0	0.050980392156862744	0.050980392156862744
G	C3'_1	238.832	134.556	175.71	0.5647058823529412	0.5647058823529412	0.5647058823529412
G	O3'_1	239.436	133.491	176.438	1.0	0.050980392156862744	0.050980392156862744
G	C2'_1	239.038	134.407	174.21	0.5647058823529412	0.5647058823529412	0.5647058823529412
G	O2'_1	238.809	133.083	173.769	1.0	0.050980392156862744	0.050980392156862744
G	C1'_1	237.934	135.321	173.668	0.5647058823529412	0.5647058823529412	0.5647058823529412
G	N9_1	238.426	136.682	173.457	0.18823529411764706	0.3137254901960784	0.9725490196078431
G	C8_1	238.104	137.806	174.185	0.5647058823529412	0.5647058823529412	0.5647058823529412
G	N7_1	238.739	138.877	173.788	0.18823529411764706	0.3137254901960784	0.9725490196078431
G	C5_1	239.526	138.44	172.728	0.5647058823529412	0.5647058823529412	0.5647058823529412
G	C6_1	240.443	139.155	171.904	0.5647058823529412	0.5647058823529412	0.5647058823529412
G	O6_1	240.764	140.349	171.966	1.0	0.050980392156862744	0.050980392156862744
G	N1_1	241.014	138.332	170.936	0.18823529411764706	0.3137254901960784	0.9725490196078431
G	C2_1	240.748	136.992	170.783	0.5647058823529412	0.5647058823529412	0.5647058823529412
G	N2_1	241.386	136.372	169.778	0.18823529411764706	0.3137254901960784	0.9725490196078431
G	N3_1	239.909	136.307	171.556	0.18823529411764706	0.3137254901960784	0.9725490196078431
G	C4_1	239.335	137.091	172.499	0.5647058823529412	0.5647058823529412	0.5647058823529412
C	P_2	245.726	143.386	163.367	1.0	0.5019607843137255	0.0
C	OP1_2	245.744	143.44	161.874	1.0	0.050980392156862744	0.050980392156862744
C	OP2_2	244.914	144.373	164.129	1.0	0.050980392156862744	0.050980392156862744
C	O5'_2	245.268	141.924	163.811	1.0	0.050980392156862744	0.050980392156862744
C	C5'_2	245.88	140.75	163.237	0.5647058823529412	0.5647058823529412	0.5647058823529412
C	C4'_2	245.289	139.491	163.838	0.5647058823529412	0.5647058823529412	0.5647058823529412
C	O4'_2	245.681	139.354	165.232	1.0	0.050980392156862744	0.050980392156862744
C	C3'_2	243.771	139.402	163.886	0.5647058823529412	0.5647058823529412	0.5647058823529412
C	O3'_2	243.217	139.034	162.63	1.0	0.050980392156862744	0.050980392156862744
C	C2'_2	243.552	138.323	164.935	0.5647058823529412	0.5647058823529412	0.5647058823529412
C	O2'_2	243.76	137.024	164.427	1.0	0.050980392156862744	0.050980392156862744
C	C1'_2	244.663	138.651	165.936	0.5647058823529412	0.5647058823529412	0.5647058823529412
C	N1_2	244.187	139.473	167.07	0.18823529411764706	0.3137254901960784	0.9725490196078431
C	C2_2	243.524	138.833	168.142	0.5647058823529412	0.5647058823529412	0.5647058823529412
C	O2_2	243.385	137.596	168.116	1.0	0.050980392156862744	0.050980392156862744
C	N3_2	243.061	139.581	169.174	0.18823529411764706	0.3137254901960784	0.9725490196078431
C	C4_2	243.244	140.905	169.174	0.5647058823529412	0.5647058823529412	0.5647058823529412
C	N4_2	242.771	141.602	170.209	0.18823529411764706	0.3137254901960784	0.9725490196078431
C	C5_2	243.922	141.577	168.11	0.5647058823529412	0.5647058823529412	0.5647058823529412
C	C6_2	244.372	140.83	167.089	0.5647058823529412	0.5647058823529412	0.5647058823529412
