G	P_1	207.179	170.798	177.413	1.0	0.5019607843137255	0.0
G	OP1_1	205.859	171.325	177.875	1.0	0.050980392156862744	0.050980392156862744
G	OP2_1	208.106	171.695	176.669	1.0	0.050980392156862744	0.050980392156862744
G	O5'_1	207.948	170.247	178.702	1.0	0.050980392156862744	0.050980392156862744
G	C5'_1	209.271	169.657	178.612	0.5647058823529412	0.5647058823529412	0.5647058823529412
G	C4'_1	210.167	170.169	179.731	0.5647058823529412	0.5647058823529412	0.5647058823529412
G	O4'_1	210.522	171.561	179.498	1.0	0.050980392156862744	0.050980392156862744
G	C3'_1	209.581	170.155	181.14	0.5647058823529412	0.5647058823529412	0.5647058823529412
G	O3'_1	209.678	168.883	181.774	1.0	0.050980392156862744	0.050980392156862744
G	C2'_1	210.389	171.241	181.846	0.5647058823529412	0.5647058823529412	0.5647058823529412
G	O2'_1	211.684	170.818	182.234	1.0	0.050980392156862744	0.050980392156862744
G	C1'_1	210.502	172.283	180.73	0.5647058823529412	0.5647058823529412	0.5647058823529412
G	N9_1	209.369	173.211	180.679	0.18823529411764706	0.3137254901960784	0.9725490196078431
G	C8_1	208.389	173.247	179.71	0.5647058823529412	0.5647058823529412	0.5647058823529412
G	N7_1	207.51	174.195	179.898	0.18823529411764706	0.3137254901960784	0.9725490196078431
G	C5_1	207.923	174.827	181.064	0.5647058823529412	0.5647058823529412	0.5647058823529412
G	C6_1	207.36	175.936	181.752	0.5647058823529412	0.5647058823529412	0.5647058823529412
G	O6_1	206.36	176.607	181.447	1.0	0.050980392156862744	0.050980392156862744
G	N1_1	208.089	176.251	182.898	0.18823529411764706	0.3137254901960784	0.9725490196078431
G	C2_1	209.22	175.589	183.324	0.5647058823529412	0.5647058823529412	0.5647058823529412
G	N2_1	209.782	176.049	184.454	0.18823529411764706	0.3137254901960784	0.9725490196078431
G	N3_1	209.761	174.552	182.684	0.18823529411764706	0.3137254901960784	0.9725490196078431
G	C4_1	209.066	174.229	181.57	0.5647058823529412	0.5647058823529412	0.5647058823529412
C	P_2	204.894	184.558	187.648	1.0	0.5019607843137255	0.0
C	OP1_2	205.159	185.747	188.506	1.0	0.050980392156862744	0.050980392156862744
C	OP2_2	204.782	184.733	186.173	1.0	0.050980392156862744	0.050980392156862744
C	O5'_2	206.013	183.446	187.912	1.0	0.050980392156862744	0.050980392156862744
C	C5'_2	206.732	183.358	189.173	0.5647058823529412	0.5647058823529412	0.5647058823529412
C	C4'_2	208.065	182.646	188.977	0.5647058823529412	0.5647058823529412	0.5647058823529412
C	O4'_2	207.836	181.273	188.544	1.0	0.050980392156862744	0.050980392156862744
C	C3'_2	208.955	183.243	187.896	0.5647058823529412	0.5647058823529412	0.5647058823529412
C	O3'_2	209.72	184.35	188.389	1.0	0.050980392156862744	0.050980392156862744
C	C2'_2	209.81	182.051	187.461	0.5647058823529412	0.5647058823529412	0.5647058823529412
C	O2'_2	210.913	181.805	188.314	1.0	0.050980392156862744	0.050980392156862744
C	C1'_2	208.812	180.89	187.579	0.5647058823529412	0.5647058823529412	0.5647058823529412
C	N1_2	208.098	180.491	186.333	0.18823529411764706	0.3137254901960784	0.9725490196078431
C	C2_2	208.446	179.276	185.682	0.5647058823529412	0.5647058823529412	0.5647058823529412
C	O2_2	209.38	178.592	186.129	1.0	0.050980392156862744	0.050980392156862744
C	N3_2	207.747	178.889	184.578	0.18823529411764706	0.3137254901960784	0.9725490196078431
C	C4_2	206.75	179.654	184.112	0.5647058823529412	0.5647058823529412	0.5647058823529412
C	N4_2	206.069	179.219	183.038	0.18823529411764706	0.3137254901960784	0.9725490196078431
C	C5_2	206.399	180.9	184.732	0.5647058823529412	0.5647058823529412	0.5647058823529412
C	C6_2	207.092	181.274	185.825	0.5647058823529412	0.5647058823529412	0.5647058823529412
