G	P_1	144.404	125.501	143.536	1.0	0.5019607843137255	0.0
G	OP1_1	143.023	125.631	142.988	1.0	0.050980392156862744	0.050980392156862744
G	OP2_1	144.646	125.751	144.986	1.0	0.050980392156862744	0.050980392156862744
G	O5'_1	144.949	124.042	143.18	1.0	0.050980392156862744	0.050980392156862744
G	C5'_1	144.848	123.524	141.835	0.5647058823529412	0.5647058823529412	0.5647058823529412
G	C4'_1	145.64	122.239	141.687	0.5647058823529412	0.5647058823529412	0.5647058823529412
G	O4'_1	147.038	122.473	142.011	1.0	0.050980392156862744	0.050980392156862744
G	C3'_1	145.291	121.075	142.602	0.5647058823529412	0.5647058823529412	0.5647058823529412
G	O3'_1	144.103	120.398	142.183	1.0	0.050980392156862744	0.050980392156862744
G	C2'_1	146.528	120.188	142.449	0.5647058823529412	0.5647058823529412	0.5647058823529412
G	O2'_1	146.531	119.434	141.252	1.0	0.050980392156862744	0.050980392156862744
G	C1'_1	147.646	121.234	142.358	0.5647058823529412	0.5647058823529412	0.5647058823529412
G	N9_1	148.403	121.394	143.6	0.18823529411764706	0.3137254901960784	0.9725490196078431
G	C8_1	148.304	122.416	144.515	0.5647058823529412	0.5647058823529412	0.5647058823529412
G	N7_1	149.106	122.271	145.538	0.18823529411764706	0.3137254901960784	0.9725490196078431
G	C5_1	149.781	121.085	145.282	0.5647058823529412	0.5647058823529412	0.5647058823529412
G	C6_1	150.779	120.41	146.041	0.5647058823529412	0.5647058823529412	0.5647058823529412
G	O6_1	151.275	120.738	147.128	1.0	0.050980392156862744	0.050980392156862744
G	N1_1	151.196	119.238	145.414	0.18823529411764706	0.3137254901960784	0.9725490196078431
G	C2_1	150.716	118.771	144.216	0.5647058823529412	0.5647058823529412	0.5647058823529412
G	N2_1	151.249	117.62	143.777	0.18823529411764706	0.3137254901960784	0.9725490196078431
G	N3_1	149.783	119.387	143.499	0.18823529411764706	0.3137254901960784	0.9725490196078431
G	C4_1	149.363	120.53	144.089	0.5647058823529412	0.5647058823529412	0.5647058823529412
C	P_2	159.424	115.31	149.461	1.0	0.5019607843137255	0.0
C	OP1_2	160.741	114.679	149.157	1.0	0.050980392156862744	0.050980392156862744
C	OP2_2	159.363	116.757	149.782	1.0	0.050980392156862744	0.050980392156862744
C	O5'_2	158.447	115.031	148.233	1.0	0.050980392156862744	0.050980392156862744
C	C5'_2	158.305	113.702	147.686	0.5647058823529412	0.5647058823529412	0.5647058823529412
C	C4'_2	157.215	113.679	146.64	0.5647058823529412	0.5647058823529412	0.5647058823529412
C	O4'_2	155.943	114.006	147.258	1.0	0.050980392156862744	0.050980392156862744
C	C3'_2	157.35	114.684	145.505	0.5647058823529412	0.5647058823529412	0.5647058823529412
C	O3'_2	158.227	114.2	144.487	1.0	0.050980392156862744	0.050980392156862744
C	C2'_2	155.912	114.812	145.013	0.5647058823529412	0.5647058823529412	0.5647058823529412
C	O2'_2	155.524	113.74	144.176	1.0	0.050980392156862744	0.050980392156862744
C	C1'_2	155.134	114.712	146.329	0.5647058823529412	0.5647058823529412	0.5647058823529412
C	N1_2	154.747	116.01	146.919	0.18823529411764706	0.3137254901960784	0.9725490196078431
C	C2_2	153.548	116.624	146.49	0.5647058823529412	0.5647058823529412	0.5647058823529412
C	O2_2	152.862	116.071	145.612	1.0	0.050980392156862744	0.050980392156862744
C	N3_2	153.178	117.801	147.045	0.18823529411764706	0.3137254901960784	0.9725490196078431
C	C4_2	153.944	118.368	147.983	0.5647058823529412	0.5647058823529412	0.5647058823529412
C	N4_2	153.533	119.524	148.508	0.18823529411764706	0.3137254901960784	0.9725490196078431
C	C5_2	155.167	117.775	148.425	0.5647058823529412	0.5647058823529412	0.5647058823529412
C	C6_2	155.526	116.611	147.872	0.5647058823529412	0.5647058823529412	0.5647058823529412
