C	P_1	148.451	284.355	159.019	1.0	0.5019607843137255	0.0
C	OP1_1	149.502	283.858	158.083	1.0	0.050980392156862744	0.050980392156862744
C	OP2_1	148.85	284.934	160.33	1.0	0.050980392156862744	0.050980392156862744
C	O5'_1	147.562	285.437	158.253	1.0	0.050980392156862744	0.050980392156862744
C	C5'_1	146.979	285.143	156.965	0.5647058823529412	0.5647058823529412	0.5647058823529412
C	C4'_1	145.959	286.196	156.593	0.5647058823529412	0.5647058823529412	0.5647058823529412
C	O4'_1	144.853	286.166	157.537	1.0	0.050980392156862744	0.050980392156862744
C	C3'_1	146.425	287.643	156.641	0.5647058823529412	0.5647058823529412	0.5647058823529412
C	O3'_1	147.176	288.027	155.498	1.0	0.050980392156862744	0.050980392156862744
C	C2'_1	145.106	288.395	156.743	0.5647058823529412	0.5647058823529412	0.5647058823529412
C	O2'_1	144.42	288.489	155.51	1.0	0.050980392156862744	0.050980392156862744
C	C1'_1	144.323	287.48	157.687	0.5647058823529412	0.5647058823529412	0.5647058823529412
C	N1_1	144.45	287.901	159.099	0.18823529411764706	0.3137254901960784	0.9725490196078431
C	C2_1	143.516	288.817	159.615	0.5647058823529412	0.5647058823529412	0.5647058823529412
C	O2_1	142.608	289.236	158.875	1.0	0.050980392156862744	0.050980392156862744
C	N3_1	143.63	289.221	160.901	0.18823529411764706	0.3137254901960784	0.9725490196078431
C	C4_1	144.621	288.749	161.664	0.5647058823529412	0.5647058823529412	0.5647058823529412
C	N4_1	144.695	289.175	162.925	0.18823529411764706	0.3137254901960784	0.9725490196078431
C	C5_1	145.581	287.816	161.168	0.5647058823529412	0.5647058823529412	0.5647058823529412
C	C6_1	145.459	287.423	159.894	0.5647058823529412	0.5647058823529412	0.5647058823529412
G	P_2	136.972	298.043	166.567	1.0	0.5019607843137255	0.0
G	OP1_2	135.806	298.971	166.497	1.0	0.050980392156862744	0.050980392156862744
G	OP2_2	136.985	296.957	167.584	1.0	0.050980392156862744	0.050980392156862744
G	O5'_2	137.177	297.389	165.125	1.0	0.050980392156862744	0.050980392156862744
G	C5'_2	137.168	298.203	163.934	0.5647058823529412	0.5647058823529412	0.5647058823529412
G	C4'_2	137.666	297.408	162.746	0.5647058823529412	0.5647058823529412	0.5647058823529412
G	O4'_2	139.041	297.003	162.969	1.0	0.050980392156862744	0.050980392156862744
G	C3'_2	136.963	296.087	162.462	0.5647058823529412	0.5647058823529412	0.5647058823529412
G	O3'_2	135.729	296.294	161.773	1.0	0.050980392156862744	0.050980392156862744
G	C2'_2	137.989	295.351	161.598	0.5647058823529412	0.5647058823529412	0.5647058823529412
G	O2'_2	137.943	295.727	160.237	1.0	0.050980392156862744	0.050980392156862744
G	C1'_2	139.312	295.838	162.204	0.5647058823529412	0.5647058823529412	0.5647058823529412
G	N9_2	140.02	294.868	163.039	0.18823529411764706	0.3137254901960784	0.9725490196078431
G	C8_2	140.186	294.9	164.404	0.5647058823529412	0.5647058823529412	0.5647058823529412
G	N7_2	140.889	293.897	164.861	0.18823529411764706	0.3137254901960784	0.9725490196078431
G	C5_2	141.206	293.154	163.732	0.5647058823529412	0.5647058823529412	0.5647058823529412
G	C6_2	141.956	291.949	163.6	0.5647058823529412	0.5647058823529412	0.5647058823529412
G	O6_2	142.517	291.288	164.482	1.0	0.050980392156862744	0.050980392156862744
G	N1_2	142.02	291.528	162.275	0.18823529411764706	0.3137254901960784	0.9725490196078431
G	C2_2	141.445	292.181	161.211	0.5647058823529412	0.5647058823529412	0.5647058823529412
G	N2_2	141.616	291.612	160.006	0.18823529411764706	0.3137254901960784	0.9725490196078431
G	N3_2	140.751	293.31	161.319	0.18823529411764706	0.3137254901960784	0.9725490196078431
G	C4_2	140.673	293.735	162.599	0.5647058823529412	0.5647058823529412	0.5647058823529412
