C	P_1	247.483	263.266	255.689	1.0	0.5019607843137255	0.0
C	OP1_1	247.279	264.075	256.927	1.0	0.050980392156862744	0.050980392156862744
C	OP2_1	248.861	262.881	255.283	1.0	0.050980392156862744	0.050980392156862744
C	O5'_1	246.619	261.93	255.811	1.0	0.050980392156862744	0.050980392156862744
C	C5'_1	245.207	261.981	256.119	0.5647058823529412	0.5647058823529412	0.5647058823529412
C	C4'_1	244.597	260.597	256.022	0.5647058823529412	0.5647058823529412	0.5647058823529412
C	O4'_1	244.741	260.101	254.665	1.0	0.050980392156862744	0.050980392156862744
C	C3'_1	245.233	259.512	256.883	0.5647058823529412	0.5647058823529412	0.5647058823529412
C	O3'_1	244.737	259.54	258.222	1.0	0.050980392156862744	0.050980392156862744
C	C2'_1	244.831	258.24	256.149	0.5647058823529412	0.5647058823529412	0.5647058823529412
C	O2'_1	243.5	257.848	256.42	1.0	0.050980392156862744	0.050980392156862744
C	C1'_1	244.93	258.693	254.69	0.5647058823529412	0.5647058823529412	0.5647058823529412
C	N1_1	246.225	258.374	254.053	0.18823529411764706	0.3137254901960784	0.9725490196078431
C	C2_1	246.43	257.077	253.546	0.5647058823529412	0.5647058823529412	0.5647058823529412
C	O2_1	245.522	256.231	253.658	1.0	0.050980392156862744	0.050980392156862744
C	N3_1	247.609	256.785	252.949	0.18823529411764706	0.3137254901960784	0.9725490196078431
C	C4_1	248.559	257.722	252.848	0.5647058823529412	0.5647058823529412	0.5647058823529412
C	N4_1	249.7	257.393	252.241	0.18823529411764706	0.3137254901960784	0.9725490196078431
C	C5_1	248.38	259.039	253.361	0.5647058823529412	0.5647058823529412	0.5647058823529412
C	C6_1	247.212	259.319	253.95	0.5647058823529412	0.5647058823529412	0.5647058823529412
G	P_2	249.808	246.961	246.884	1.0	0.5019607843137255	0.0
G	OP1_2	248.611	247.068	246.004	1.0	0.050980392156862744	0.050980392156862744
G	OP2_2	250.969	247.859	246.654	1.0	0.050980392156862744	0.050980392156862744
G	O5'_2	249.311	247.17	248.386	1.0	0.050980392156862744	0.050980392156862744
G	C5'_2	248.454	246.206	249.024	0.5647058823529412	0.5647058823529412	0.5647058823529412
G	C4'_2	247.44	246.896	249.917	0.5647058823529412	0.5647058823529412	0.5647058823529412
G	O4'_2	248.121	247.676	250.94	1.0	0.050980392156862744	0.050980392156862744
G	C3'_2	246.518	247.91	249.261	0.5647058823529412	0.5647058823529412	0.5647058823529412
G	O3'_2	245.448	247.295	248.551	1.0	0.050980392156862744	0.050980392156862744
G	C2'_2	246.034	248.715	250.463	0.5647058823529412	0.5647058823529412	0.5647058823529412
G	O2'_2	245.029	248.053	251.211	1.0	0.050980392156862744	0.050980392156862744
G	C1'_2	247.313	248.792	251.302	0.5647058823529412	0.5647058823529412	0.5647058823529412
G	N9_2	248.065	250.026	251.071	0.18823529411764706	0.3137254901960784	0.9725490196078431
G	C8_2	249.229	250.171	250.351	0.5647058823529412	0.5647058823529412	0.5647058823529412
G	N7_2	249.667	251.399	250.325	0.18823529411764706	0.3137254901960784	0.9725490196078431
G	C5_2	248.734	252.113	251.066	0.5647058823529412	0.5647058823529412	0.5647058823529412
G	C6_2	248.68	253.494	251.384	0.5647058823529412	0.5647058823529412	0.5647058823529412
G	O6_2	249.469	254.388	251.061	1.0	0.050980392156862744	0.050980392156862744
G	N1_2	247.566	253.798	252.161	0.18823529411764706	0.3137254901960784	0.9725490196078431
G	C2_2	246.621	252.893	252.576	0.5647058823529412	0.5647058823529412	0.5647058823529412
G	N2_2	245.615	253.384	253.316	0.18823529411764706	0.3137254901960784	0.9725490196078431
G	N3_2	246.66	251.6	252.286	0.18823529411764706	0.3137254901960784	0.9725490196078431
G	C4_2	247.739	251.282	251.535	0.5647058823529412	0.5647058823529412	0.5647058823529412
