G	P_1	192.348	118.933	199.361	1.0	0.5019607843137255	0.0
G	OP1_1	193.261	119.713	200.241	1.0	0.050980392156862744	0.050980392156862744
G	OP2_1	191.841	119.546	198.1	1.0	0.050980392156862744	0.050980392156862744
G	O5'_1	193.053	117.549	198.995	1.0	0.050980392156862744	0.050980392156862744
G	C5'_1	193.582	116.699	200.032	0.5647058823529412	0.5647058823529412	0.5647058823529412
G	C4'_1	194.062	115.385	199.454	0.5647058823529412	0.5647058823529412	0.5647058823529412
G	O4'_1	192.944	114.638	198.902	1.0	0.050980392156862744	0.050980392156862744
G	C3'_1	195.045	115.467	198.296	0.5647058823529412	0.5647058823529412	0.5647058823529412
G	O3'_1	196.377	115.703	198.748	1.0	0.050980392156862744	0.050980392156862744
G	C2'_1	194.901	114.093	197.65	0.5647058823529412	0.5647058823529412	0.5647058823529412
G	O2'_1	195.614	113.084	198.33	1.0	0.050980392156862744	0.050980392156862744
G	C1'_1	193.4	113.835	197.819	0.5647058823529412	0.5647058823529412	0.5647058823529412
G	N9_1	192.605	114.141	196.631	0.18823529411764706	0.3137254901960784	0.9725490196078431
G	C8_1	191.786	115.228	196.432	0.5647058823529412	0.5647058823529412	0.5647058823529412
G	N7_1	191.203	115.224	195.264	0.18823529411764706	0.3137254901960784	0.9725490196078431
G	C5_1	191.666	114.069	194.652	0.5647058823529412	0.5647058823529412	0.5647058823529412
G	C6_1	191.388	113.541	193.37	0.5647058823529412	0.5647058823529412	0.5647058823529412
G	O6_1	190.665	114.012	192.485	1.0	0.050980392156862744	0.050980392156862744
G	N1_1	192.057	112.337	193.154	0.18823529411764706	0.3137254901960784	0.9725490196078431
G	C2_1	192.896	111.725	194.058	0.5647058823529412	0.5647058823529412	0.5647058823529412
G	N2_1	193.439	110.557	193.67	0.18823529411764706	0.3137254901960784	0.9725490196078431
G	N3_1	193.179	112.221	195.254	0.18823529411764706	0.3137254901960784	0.9725490196078431
G	C4_1	192.53	113.385	195.483	0.5647058823529412	0.5647058823529412	0.5647058823529412
C	P_2	188.786	106.946	184.447	1.0	0.5019607843137255	0.0
C	OP1_2	188.435	105.56	184.019	1.0	0.050980392156862744	0.050980392156862744
C	OP2_2	187.704	107.922	184.729	1.0	0.050980392156862744	0.050980392156862744
C	O5'_2	189.729	106.863	185.731	1.0	0.050980392156862744	0.050980392156862744
C	C5'_2	190.871	105.984	185.752	0.5647058823529412	0.5647058823529412	0.5647058823529412
C	C4'_2	191.579	106.061	187.086	0.5647058823529412	0.5647058823529412	0.5647058823529412
C	O4'_2	192.186	107.369	187.256	1.0	0.050980392156862744	0.050980392156862744
C	C3'_2	190.721	105.908	188.333	0.5647058823529412	0.5647058823529412	0.5647058823529412
C	O3'_2	190.391	104.548	188.593	1.0	0.050980392156862744	0.050980392156862744
C	C2'_2	191.621	106.504	189.411	0.5647058823529412	0.5647058823529412	0.5647058823529412
C	O2'_2	192.616	105.609	189.871	1.0	0.050980392156862744	0.050980392156862744
C	C1'_2	192.288	107.655	188.646	0.5647058823529412	0.5647058823529412	0.5647058823529412
C	N1_2	191.696	108.98	188.922	0.18823529411764706	0.3137254901960784	0.9725490196078431
C	C2_2	192.237	109.757	189.969	0.5647058823529412	0.5647058823529412	0.5647058823529412
C	O2_2	193.218	109.324	190.605	1.0	0.050980392156862744	0.050980392156862744
C	N3_2	191.68	110.957	190.254	0.18823529411764706	0.3137254901960784	0.9725490196078431
C	C4_2	190.637	111.396	189.543	0.5647058823529412	0.5647058823529412	0.5647058823529412
C	N4_2	190.115	112.576	189.869	0.18823529411764706	0.3137254901960784	0.9725490196078431
C	C5_2	190.082	110.64	188.464	0.5647058823529412	0.5647058823529412	0.5647058823529412
C	C6_2	190.637	109.45	188.191	0.5647058823529412	0.5647058823529412	0.5647058823529412
