G	P_1	219.766	282.255	210.265	1.0	0.5019607843137255	0.0
G	OP1_1	220.597	283.328	209.647	1.0	0.050980392156862744	0.050980392156862744
G	OP2_1	218.718	282.62	211.256	1.0	0.050980392156862744	0.050980392156862744
G	O5'_1	219.078	281.413	209.093	1.0	0.050980392156862744	0.050980392156862744
G	C5'_1	219.844	280.971	207.951	0.5647058823529412	0.5647058823529412	0.5647058823529412
G	C4'_1	219.013	280.071	207.057	0.5647058823529412	0.5647058823529412	0.5647058823529412
G	O4'_1	218.558	278.915	207.809	1.0	0.050980392156862744	0.050980392156862744
G	C3'_1	217.729	280.644	206.465	0.5647058823529412	0.5647058823529412	0.5647058823529412
G	O3'_1	217.998	281.425	205.299	1.0	0.050980392156862744	0.050980392156862744
G	C2'_1	216.951	279.381	206.105	0.5647058823529412	0.5647058823529412	0.5647058823529412
G	O2'_1	217.382	278.795	204.891	1.0	0.050980392156862744	0.050980392156862744
G	C1'_1	217.332	278.449	207.261	0.5647058823529412	0.5647058823529412	0.5647058823529412
G	N9_1	216.33	278.375	208.322	0.18823529411764706	0.3137254901960784	0.9725490196078431
G	C8_1	216.44	278.835	209.616	0.5647058823529412	0.5647058823529412	0.5647058823529412
G	N7_1	215.374	278.607	210.334	0.18823529411764706	0.3137254901960784	0.9725490196078431
G	C5_1	214.506	277.962	209.463	0.5647058823529412	0.5647058823529412	0.5647058823529412
G	C6_1	213.193	277.473	209.674	0.5647058823529412	0.5647058823529412	0.5647058823529412
G	O6_1	212.514	277.514	210.709	1.0	0.050980392156862744	0.050980392156862744
G	N1_1	212.672	276.891	208.522	0.18823529411764706	0.3137254901960784	0.9725490196078431
G	C2_1	213.326	276.795	207.324	0.5647058823529412	0.5647058823529412	0.5647058823529412
G	N2_1	212.649	276.205	206.332	0.18823529411764706	0.3137254901960784	0.9725490196078431
G	N3_1	214.552	277.245	207.113	0.18823529411764706	0.3137254901960784	0.9725490196078431
G	C4_1	215.079	277.813	208.218	0.5647058823529412	0.5647058823529412	0.5647058823529412
C	P_2	204.288	271.79	210.846	1.0	0.5019607843137255	0.0
C	OP1_2	203.96	272.706	211.97	1.0	0.050980392156862744	0.050980392156862744
C	OP2_2	203.289	270.769	210.419	1.0	0.050980392156862744	0.050980392156862744
C	O5'_2	204.669	272.694	209.587	1.0	0.050980392156862744	0.050980392156862744
C	C5'_2	204.256	272.335	208.251	0.5647058823529412	0.5647058823529412	0.5647058823529412
C	C4'_2	205.331	272.7	207.251	0.5647058823529412	0.5647058823529412	0.5647058823529412
C	O4'_2	205.657	274.108	207.4	1.0	0.050980392156862744	0.050980392156862744
C	C3'_2	206.675	272.004	207.415	0.5647058823529412	0.5647058823529412	0.5647058823529412
C	O3'_2	206.684	270.707	206.827	1.0	0.050980392156862744	0.050980392156862744
C	C2'_2	207.624	272.96	206.704	0.5647058823529412	0.5647058823529412	0.5647058823529412
C	O2'_2	207.6	272.844	205.296	1.0	0.050980392156862744	0.050980392156862744
C	C1'_2	207.033	274.313	207.101	0.5647058823529412	0.5647058823529412	0.5647058823529412
C	N1_2	207.708	274.889	208.278	0.18823529411764706	0.3137254901960784	0.9725490196078431
C	C2_2	208.939	275.55	208.096	0.5647058823529412	0.5647058823529412	0.5647058823529412
C	O2_2	209.41	275.648	206.946	1.0	0.050980392156862744	0.050980392156862744
C	N3_2	209.573	276.064	209.174	0.18823529411764706	0.3137254901960784	0.9725490196078431
C	C4_2	209.025	275.951	210.39	0.5647058823529412	0.5647058823529412	0.5647058823529412
C	N4_2	209.682	276.476	211.423	0.18823529411764706	0.3137254901960784	0.9725490196078431
C	C5_2	207.777	275.293	210.6	0.5647058823529412	0.5647058823529412	0.5647058823529412
C	C6_2	207.16	274.781	209.529	0.5647058823529412	0.5647058823529412	0.5647058823529412
