C	P_1	246.49	171.444	189.249	1.0	0.5019607843137255	0.0
C	OP1_1	245.89	172.486	190.134	1.0	0.050980392156862744	0.050980392156862744
C	OP2_1	247.116	171.848	187.954	1.0	0.050980392156862744	0.050980392156862744
C	O5'_1	247.575	170.64	190.093	1.0	0.050980392156862744	0.050980392156862744
C	C5'_1	247.38	170.369	191.494	0.5647058823529412	0.5647058823529412	0.5647058823529412
C	C4'_1	248.618	169.727	192.07	0.5647058823529412	0.5647058823529412	0.5647058823529412
C	O4'_1	248.83	168.463	191.389	1.0	0.050980392156862744	0.050980392156862744
C	C3'_1	249.913	170.505	191.857	0.5647058823529412	0.5647058823529412	0.5647058823529412
C	O3'_1	250.124	171.49	192.876	1.0	0.050980392156862744	0.050980392156862744
C	C2'_1	250.968	169.406	191.879	0.5647058823529412	0.5647058823529412	0.5647058823529412
C	O2'_1	251.327	169.003	193.187	1.0	0.050980392156862744	0.050980392156862744
C	C1'_1	250.22	168.263	191.182	0.5647058823529412	0.5647058823529412	0.5647058823529412
C	N1_1	250.476	168.184	189.729	0.18823529411764706	0.3137254901960784	0.9725490196078431
C	C2_1	251.583	167.441	189.275	0.5647058823529412	0.5647058823529412	0.5647058823529412
C	O2_1	252.301	166.859	190.107	1.0	0.050980392156862744	0.050980392156862744
C	N3_1	251.837	167.373	187.946	0.18823529411764706	0.3137254901960784	0.9725490196078431
C	C4_1	251.035	168.0	187.081	0.5647058823529412	0.5647058823529412	0.5647058823529412
C	N4_1	251.322	167.902	185.779	0.18823529411764706	0.3137254901960784	0.9725490196078431
C	C5_1	249.9	168.757	187.514	0.5647058823529412	0.5647058823529412	0.5647058823529412
C	C6_1	249.661	168.822	188.833	0.5647058823529412	0.5647058823529412	0.5647058823529412
G	P_2	259.421	162.233	181.231	1.0	0.5019607843137255	0.0
G	OP1_2	260.147	160.961	180.946	1.0	0.050980392156862744	0.050980392156862744
G	OP2_2	258.066	162.453	180.652	1.0	0.050980392156862744	0.050980392156862744
G	O5'_2	259.331	162.391	182.814	1.0	0.050980392156862744	0.050980392156862744
G	C5'_2	260.504	162.231	183.639	0.5647058823529412	0.5647058823529412	0.5647058823529412
G	C4'_2	260.202	162.661	185.055	0.5647058823529412	0.5647058823529412	0.5647058823529412
G	O4'_2	259.85	164.072	185.061	1.0	0.050980392156862744	0.050980392156862744
G	C3'_2	259.008	161.972	185.703	0.5647058823529412	0.5647058823529412	0.5647058823529412
G	O3'_2	259.361	160.705	186.257	1.0	0.050980392156862744	0.050980392156862744
G	C2'_2	258.59	162.984	186.761	0.5647058823529412	0.5647058823529412	0.5647058823529412
G	O2'_2	259.419	162.931	187.907	1.0	0.050980392156862744	0.050980392156862744
G	C1'_2	258.834	164.307	186.024	0.5647058823529412	0.5647058823529412	0.5647058823529412
G	N9_2	257.658	164.844	185.337	0.18823529411764706	0.3137254901960784	0.9725490196078431
G	C8_2	257.418	164.864	183.975	0.5647058823529412	0.5647058823529412	0.5647058823529412
G	N7_2	256.282	165.434	183.659	0.18823529411764706	0.3137254901960784	0.9725490196078431
G	C5_2	255.733	165.811	184.879	0.5647058823529412	0.5647058823529412	0.5647058823529412
G	C6_2	254.506	166.476	185.171	0.5647058823529412	0.5647058823529412	0.5647058823529412
G	O6_2	253.64	166.877	184.383	1.0	0.050980392156862744	0.050980392156862744
G	N1_2	254.335	166.659	186.542	0.18823529411764706	0.3137254901960784	0.9725490196078431
G	C2_2	255.226	166.254	187.514	0.5647058823529412	0.5647058823529412	0.5647058823529412
G	N2_2	254.876	166.515	188.788	0.18823529411764706	0.3137254901960784	0.9725490196078431
G	N3_2	256.375	165.637	187.257	0.18823529411764706	0.3137254901960784	0.9725490196078431
G	C4_2	256.564	165.45	185.929	0.5647058823529412	0.5647058823529412	0.5647058823529412
