G	P_1	161.883	188.576	115.087	1.0	0.5019607843137255	0.0
G	OP1_1	161.549	187.329	114.336	1.0	0.050980392156862744	0.050980392156862744
G	OP2_1	160.94	189.73	115.057	1.0	0.050980392156862744	0.050980392156862744
G	O5'_1	162.156	188.191	116.608	1.0	0.050980392156862744	0.050980392156862744
G	C5'_1	162.774	186.933	116.979	0.5647058823529412	0.5647058823529412	0.5647058823529412
G	C4'_1	163.502	187.097	118.292	0.5647058823529412	0.5647058823529412	0.5647058823529412
G	O4'_1	164.766	187.769	118.065	1.0	0.050980392156862744	0.050980392156862744
G	C3'_1	162.755	187.955	119.303	0.5647058823529412	0.5647058823529412	0.5647058823529412
G	O3'_1	161.855	187.148	120.065	1.0	0.050980392156862744	0.050980392156862744
G	C2'_1	163.882	188.556	120.139	0.5647058823529412	0.5647058823529412	0.5647058823529412
G	O2'_1	164.341	187.684	121.155	1.0	0.050980392156862744	0.050980392156862744
G	C1'_1	164.998	188.709	119.096	0.5647058823529412	0.5647058823529412	0.5647058823529412
G	N9_1	165.167	190.015	118.463	0.18823529411764706	0.3137254901960784	0.9725490196078431
G	C8_1	164.198	190.806	117.889	0.5647058823529412	0.5647058823529412	0.5647058823529412
G	N7_1	164.682	191.877	117.318	0.18823529411764706	0.3137254901960784	0.9725490196078431
G	C5_1	166.05	191.8	117.544	0.5647058823529412	0.5647058823529412	0.5647058823529412
G	C6_1	167.1	192.669	117.145	0.5647058823529412	0.5647058823529412	0.5647058823529412
G	O6_1	167.027	193.708	116.477	1.0	0.050980392156862744	0.050980392156862744
G	N1_1	168.339	192.216	117.597	0.18823529411764706	0.3137254901960784	0.9725490196078431
G	C2_1	168.545	191.073	118.331	0.5647058823529412	0.5647058823529412	0.5647058823529412
G	N2_1	169.813	190.808	118.676	0.18823529411764706	0.3137254901960784	0.9725490196078431
G	N3_1	167.577	190.249	118.7	0.18823529411764706	0.3137254901960784	0.9725490196078431
G	C4_1	166.363	190.67	118.273	0.5647058823529412	0.5647058823529412	0.5647058823529412
C	P_2	176.323	196.239	113.18	1.0	0.5019607843137255	0.0
C	OP1_2	177.607	195.947	112.475	1.0	0.050980392156862744	0.050980392156862744
C	OP2_2	175.082	196.468	112.389	1.0	0.050980392156862744	0.050980392156862744
C	O5'_2	176.036	195.058	114.213	1.0	0.050980392156862744	0.050980392156862744
C	C5'_2	177.094	194.504	115.021	0.5647058823529412	0.5647058823529412	0.5647058823529412
C	C4'_2	176.536	193.495	116.001	0.5647058823529412	0.5647058823529412	0.5647058823529412
C	O4'_2	175.609	194.163	116.896	1.0	0.050980392156862744	0.050980392156862744
C	C3'_2	175.738	192.341	115.41	0.5647058823529412	0.5647058823529412	0.5647058823529412
C	O3'_2	176.605	191.292	114.964	1.0	0.050980392156862744	0.050980392156862744
C	C2'_2	174.865	191.921	116.588	0.5647058823529412	0.5647058823529412	0.5647058823529412
C	O2'_2	175.548	191.119	117.527	1.0	0.050980392156862744	0.050980392156862744
C	C1'_2	174.559	193.273	117.24	0.5647058823529412	0.5647058823529412	0.5647058823529412
C	N1_2	173.275	193.867	116.821	0.18823529411764706	0.3137254901960784	0.9725490196078431
C	C2_2	172.09	193.402	117.415	0.5647058823529412	0.5647058823529412	0.5647058823529412
C	O2_2	172.157	192.519	118.289	1.0	0.050980392156862744	0.050980392156862744
C	N3_2	170.908	193.928	117.021	0.18823529411764706	0.3137254901960784	0.9725490196078431
C	C4_2	170.879	194.88	116.081	0.5647058823529412	0.5647058823529412	0.5647058823529412
C	N4_2	169.69	195.36	115.712	0.18823529411764706	0.3137254901960784	0.9725490196078431
C	C5_2	172.07	195.38	115.474	0.5647058823529412	0.5647058823529412	0.5647058823529412
C	C6_2	173.232	194.85	115.869	0.5647058823529412	0.5647058823529412	0.5647058823529412
