C	P_1	202.74	235.312	144.751	1.0	0.5019607843137255	0.0
C	OP1_1	201.797	236.391	145.166	1.0	0.050980392156862744	0.050980392156862744
C	OP2_1	202.23	233.926	144.553	1.0	0.050980392156862744	0.050980392156862744
C	O5'_1	203.477	235.772	143.412	1.0	0.050980392156862744	0.050980392156862744
C	C5'_1	204.115	237.062	143.328	0.5647058823529412	0.5647058823529412	0.5647058823529412
C	C4'_1	205.045	237.117	142.137	0.5647058823529412	0.5647058823529412	0.5647058823529412
C	O4'_1	206.084	236.111	142.282	1.0	0.050980392156862744	0.050980392156862744
C	C3'_1	204.453	236.806	140.77	0.5647058823529412	0.5647058823529412	0.5647058823529412
C	O3'_1	203.739	237.902	140.211	1.0	0.050980392156862744	0.050980392156862744
C	C2'_1	205.7	236.476	139.959	0.5647058823529412	0.5647058823529412	0.5647058823529412
C	O2'_1	206.415	237.624	139.544	1.0	0.050980392156862744	0.050980392156862744
C	C1'_1	206.533	235.712	140.992	0.5647058823529412	0.5647058823529412	0.5647058823529412
C	N1_1	206.407	234.247	140.852	0.18823529411764706	0.3137254901960784	0.9725490196078431
C	C2_1	207.255	233.58	139.937	0.5647058823529412	0.5647058823529412	0.5647058823529412
C	O2_1	208.102	234.238	139.299	1.0	0.050980392156862744	0.050980392156862744
C	N3_1	207.125	232.242	139.778	0.18823529411764706	0.3137254901960784	0.9725490196078431
C	C4_1	206.207	231.57	140.484	0.5647058823529412	0.5647058823529412	0.5647058823529412
C	N4_1	206.107	230.256	140.281	0.18823529411764706	0.3137254901960784	0.9725490196078431
C	C5_1	205.349	232.218	141.427	0.5647058823529412	0.5647058823529412	0.5647058823529412
C	C6_1	205.483	233.542	141.578	0.5647058823529412	0.5647058823529412	0.5647058823529412
G	P_2	212.925	225.273	131.557	1.0	0.5019607843137255	0.0
G	OP1_2	214.264	225.003	130.954	1.0	0.050980392156862744	0.050980392156862744
G	OP2_2	212.487	224.49	132.743	1.0	0.050980392156862744	0.050980392156862744
G	O5'_2	212.854	226.824	131.929	1.0	0.050980392156862744	0.050980392156862744
G	C5'_2	213.301	227.835	130.996	0.5647058823529412	0.5647058823529412	0.5647058823529412
G	C4'_2	213.076	229.222	131.565	0.5647058823529412	0.5647058823529412	0.5647058823529412
G	O4'_2	211.656	229.434	131.797	1.0	0.050980392156862744	0.050980392156862744
G	C3'_2	213.708	229.531	132.917	0.5647058823529412	0.5647058823529412	0.5647058823529412
G	O3'_2	215.095	229.858	132.801	1.0	0.050980392156862744	0.050980392156862744
G	C2'_2	212.877	230.718	133.394	0.5647058823529412	0.5647058823529412	0.5647058823529412
G	O2'_2	213.262	231.944	132.802	1.0	0.050980392156862744	0.050980392156862744
G	C1'_2	211.484	230.334	132.884	0.5647058823529412	0.5647058823529412	0.5647058823529412
G	N9_2	210.642	229.706	133.901	0.18823529411764706	0.3137254901960784	0.9725490196078431
G	C8_2	210.296	228.377	134.003	0.5647058823529412	0.5647058823529412	0.5647058823529412
G	N7_2	209.523	228.125	135.025	0.18823529411764706	0.3137254901960784	0.9725490196078431
G	C5_2	209.347	229.36	135.637	0.5647058823529412	0.5647058823529412	0.5647058823529412
G	C6_2	208.603	229.715	136.795	0.5647058823529412	0.5647058823529412	0.5647058823529412
G	O6_2	207.937	228.981	137.536	1.0	0.050980392156862744	0.050980392156862744
G	N1_2	208.688	231.08	137.064	0.18823529411764706	0.3137254901960784	0.9725490196078431
G	C2_2	209.399	231.986	136.318	0.5647058823529412	0.5647058823529412	0.5647058823529412
G	N2_2	209.351	233.265	136.735	0.18823529411764706	0.3137254901960784	0.9725490196078431
G	N3_2	210.105	231.667	135.24	0.18823529411764706	0.3137254901960784	0.9725490196078431
G	C4_2	210.031	230.347	134.958	0.5647058823529412	0.5647058823529412	0.5647058823529412
