G	P_1	174.336	249.362	255.172	1.0	0.5019607843137255	0.0
G	OP1_1	174.485	248.1	254.391	1.0	0.050980392156862744	0.050980392156862744
G	OP2_1	173.17	249.526	256.083	1.0	0.050980392156862744	0.050980392156862744
G	O5'_1	175.666	249.573	256.023	1.0	0.050980392156862744	0.050980392156862744
G	C5'_1	176.951	249.541	255.385	0.5647058823529412	0.5647058823529412	0.5647058823529412
G	C4'_1	177.995	250.17	256.274	0.5647058823529412	0.5647058823529412	0.5647058823529412
G	O4'_1	177.623	251.547	256.564	1.0	0.050980392156862744	0.050980392156862744
G	C3'_1	178.178	249.568	257.66	0.5647058823529412	0.5647058823529412	0.5647058823529412
G	O3'_1	178.963	248.379	257.639	1.0	0.050980392156862744	0.050980392156862744
G	C2'_1	178.885	250.7	258.394	0.5647058823529412	0.5647058823529412	0.5647058823529412
G	O2'_1	180.257	250.795	258.062	1.0	0.050980392156862744	0.050980392156862744
G	C1'_1	178.153	251.92	257.831	0.5647058823529412	0.5647058823529412	0.5647058823529412
G	N9_1	177.066	252.376	258.697	0.18823529411764706	0.3137254901960784	0.9725490196078431
G	C8_1	175.709	252.308	258.463	0.5647058823529412	0.5647058823529412	0.5647058823529412
G	N7_1	174.994	252.802	259.44	0.18823529411764706	0.3137254901960784	0.9725490196078431
G	C5_1	175.933	253.223	260.376	0.5647058823529412	0.5647058823529412	0.5647058823529412
G	C6_1	175.759	253.84	261.651	0.5647058823529412	0.5647058823529412	0.5647058823529412
G	O6_1	174.701	254.152	262.222	1.0	0.050980392156862744	0.050980392156862744
G	N1_1	176.986	254.093	262.269	0.18823529411764706	0.3137254901960784	0.9725490196078431
G	C2_1	178.218	253.794	261.736	0.5647058823529412	0.5647058823529412	0.5647058823529412
G	N2_1	179.286	254.112	262.488	0.18823529411764706	0.3137254901960784	0.9725490196078431
G	N3_1	178.392	253.224	260.551	0.18823529411764706	0.3137254901960784	0.9725490196078431
G	C4_1	177.216	252.968	259.932	0.5647058823529412	0.5647058823529412	0.5647058823529412
C	P_2	177.856	259.249	271.821	1.0	0.5019607843137255	0.0
C	OP1_2	178.703	260.283	272.48	1.0	0.050980392156862744	0.050980392156862744
C	OP2_2	176.463	259.586	271.422	1.0	0.050980392156862744	0.050980392156862744
C	O5'_2	178.628	258.711	270.532	1.0	0.050980392156862744	0.050980392156862744
C	C5'_2	179.989	258.256	270.628	0.5647058823529412	0.5647058823529412	0.5647058823529412
C	C4'_2	180.465	257.706	269.301	0.5647058823529412	0.5647058823529412	0.5647058823529412
C	O4'_2	179.655	256.563	268.924	1.0	0.050980392156862744	0.050980392156862744
C	C3'_2	180.363	258.614	268.082	0.5647058823529412	0.5647058823529412	0.5647058823529412
C	O3'_2	181.427	259.568	268.045	1.0	0.050980392156862744	0.050980392156862744
C	C2'_2	180.466	257.607	266.938	0.5647058823529412	0.5647058823529412	0.5647058823529412
C	O2'_2	181.795	257.206	266.679	1.0	0.050980392156862744	0.050980392156862744
C	C1'_2	179.7	256.409	267.513	0.5647058823529412	0.5647058823529412	0.5647058823529412
C	N1_2	178.326	256.239	266.989	0.18823529411764706	0.3137254901960784	0.9725490196078431
C	C2_2	178.141	255.506	265.789	0.5647058823529412	0.5647058823529412	0.5647058823529412
C	O2_2	179.135	255.012	265.217	1.0	0.050980392156862744	0.050980392156862744
C	N3_2	176.887	255.356	265.295	0.18823529411764706	0.3137254901960784	0.9725490196078431
C	C4_2	175.845	255.892	265.941	0.5647058823529412	0.5647058823529412	0.5647058823529412
C	N4_2	174.629	255.719	265.414	0.18823529411764706	0.3137254901960784	0.9725490196078431
C	C5_2	176.004	256.631	267.157	0.5647058823529412	0.5647058823529412	0.5647058823529412
C	C6_2	177.247	256.779	267.639	0.5647058823529412	0.5647058823529412	0.5647058823529412
