C	P_1	180.174	185.705	244.86	1.0	0.5019607843137255	0.0
C	OP1_1	180.66	184.923	243.685	1.0	0.050980392156862744	0.050980392156862744
C	OP2_1	178.845	185.392	245.45	1.0	0.050980392156862744	0.050980392156862744
C	O5'_1	181.27	185.605	246.015	1.0	0.050980392156862744	0.050980392156862744
C	C5'_1	182.679	185.72	245.718	0.5647058823529412	0.5647058823529412	0.5647058823529412
C	C4'_1	183.502	185.547	246.978	0.5647058823529412	0.5647058823529412	0.5647058823529412
C	O4'_1	183.222	186.631	247.903	1.0	0.050980392156862744	0.050980392156862744
C	C3'_1	183.232	184.288	247.789	0.5647058823529412	0.5647058823529412	0.5647058823529412
C	O3'_1	183.902	183.151	247.249	1.0	0.050980392156862744	0.050980392156862744
C	C2'_1	183.74	184.682	249.17	0.5647058823529412	0.5647058823529412	0.5647058823529412
C	O2'_1	185.149	184.617	249.279	1.0	0.050980392156862744	0.050980392156862744
C	C1'_1	183.303	186.149	249.239	0.5647058823529412	0.5647058823529412	0.5647058823529412
C	N1_1	181.994	186.356	249.904	0.18823529411764706	0.3137254901960784	0.9725490196078431
C	C2_1	181.965	186.61	251.294	0.5647058823529412	0.5647058823529412	0.5647058823529412
C	O2_1	183.037	186.653	251.929	1.0	0.050980392156862744	0.050980392156862744
C	N3_1	180.77	186.802	251.902	0.18823529411764706	0.3137254901960784	0.9725490196078431
C	C4_1	179.639	186.745	251.188	0.5647058823529412	0.5647058823529412	0.5647058823529412
C	N4_1	178.484	186.935	251.832	0.18823529411764706	0.3137254901960784	0.9725490196078431
C	C5_1	179.64	186.489	249.784	0.5647058823529412	0.5647058823529412	0.5647058823529412
C	C6_1	180.826	186.302	249.19	0.5647058823529412	0.5647058823529412	0.5647058823529412
G	P_2	177.263	187.8	263.513	1.0	0.5019607843137255	0.0
G	OP1_2	177.537	188.324	264.881	1.0	0.050980392156862744	0.050980392156862744
G	OP2_2	176.26	188.484	262.653	1.0	0.050980392156862744	0.050980392156862744
G	O5'_2	178.641	187.728	262.711	1.0	0.050980392156862744	0.050980392156862744
G	C5'_2	179.819	187.152	263.314	0.5647058823529412	0.5647058823529412	0.5647058823529412
G	C4'_2	180.926	187.002	262.29	0.5647058823529412	0.5647058823529412	0.5647058823529412
G	O4'_2	180.543	186.038	261.272	1.0	0.050980392156862744	0.050980392156862744
G	C3'_2	181.304	188.239	261.488	0.5647058823529412	0.5647058823529412	0.5647058823529412
G	O3'_2	182.141	189.126	262.233	1.0	0.050980392156862744	0.050980392156862744
G	C2'_2	182.025	187.627	260.29	0.5647058823529412	0.5647058823529412	0.5647058823529412
G	O2'_2	183.361	187.254	260.578	1.0	0.050980392156862744	0.050980392156862744
G	C1'_2	181.193	186.361	260.049	0.5647058823529412	0.5647058823529412	0.5647058823529412
G	N9_2	180.185	186.524	259.0	0.18823529411764706	0.3137254901960784	0.9725490196078431
G	C8_2	178.837	186.764	259.163	0.5647058823529412	0.5647058823529412	0.5647058823529412
G	N7_2	178.194	186.88	258.029	0.18823529411764706	0.3137254901960784	0.9725490196078431
G	C5_2	179.174	186.706	257.055	0.5647058823529412	0.5647058823529412	0.5647058823529412
G	C6_2	179.078	186.734	255.633	0.5647058823529412	0.5647058823529412	0.5647058823529412
G	O6_2	178.074	186.922	254.932	1.0	0.050980392156862744	0.050980392156862744
G	N1_2	180.318	186.515	255.033	0.18823529411764706	0.3137254901960784	0.9725490196078431
G	C2_2	181.497	186.297	255.706	0.5647058823529412	0.5647058823529412	0.5647058823529412
G	N2_2	182.588	186.107	254.941	0.18823529411764706	0.3137254901960784	0.9725490196078431
G	N3_2	181.6	186.268	257.028	0.18823529411764706	0.3137254901960784	0.9725490196078431
G	C4_2	180.409	186.479	257.636	0.5647058823529412	0.5647058823529412	0.5647058823529412
