G	P_1	176.37	258.848	210.879	1.0	0.5019607843137255	0.0
G	OP1_1	175.086	258.896	211.634	1.0	0.050980392156862744	0.050980392156862744
G	OP2_1	177.637	259.22	211.564	1.0	0.050980392156862744	0.050980392156862744
G	O5'_1	176.542	257.384	210.271	1.0	0.050980392156862744	0.050980392156862744
G	C5'_1	175.409	256.663	209.736	0.5647058823529412	0.5647058823529412	0.5647058823529412
G	C4'_1	175.865	255.397	209.042	0.5647058823529412	0.5647058823529412	0.5647058823529412
G	O4'_1	176.676	255.742	207.881	1.0	0.050980392156862744	0.050980392156862744
G	C3'_1	176.776	254.476	209.842	0.5647058823529412	0.5647058823529412	0.5647058823529412
G	O3'_1	176.092	253.66	210.791	1.0	0.050980392156862744	0.050980392156862744
G	C2'_1	177.44	253.668	208.737	0.5647058823529412	0.5647058823529412	0.5647058823529412
G	O2'_1	176.592	252.679	208.186	1.0	0.050980392156862744	0.050980392156862744
G	C1'_1	177.691	254.759	207.697	0.5647058823529412	0.5647058823529412	0.5647058823529412
G	N9_1	178.998	255.383	207.905	0.18823529411764706	0.3137254901960784	0.9725490196078431
G	C8_1	179.25	256.653	208.374	0.5647058823529412	0.5647058823529412	0.5647058823529412
G	N7_1	180.526	256.919	208.478	0.18823529411764706	0.3137254901960784	0.9725490196078431
G	C5_1	181.161	255.758	208.049	0.5647058823529412	0.5647058823529412	0.5647058823529412
G	C6_1	182.552	255.448	207.942	0.5647058823529412	0.5647058823529412	0.5647058823529412
G	O6_1	183.525	256.165	208.212	1.0	0.050980392156862744	0.050980392156862744
G	N1_1	182.755	254.155	207.462	0.18823529411764706	0.3137254901960784	0.9725490196078431
G	C2_1	181.756	253.271	207.128	0.5647058823529412	0.5647058823529412	0.5647058823529412
G	N2_1	182.155	252.07	206.68	0.18823529411764706	0.3137254901960784	0.9725490196078431
G	N3_1	180.458	253.546	207.224	0.18823529411764706	0.3137254901960784	0.9725490196078431
G	C4_1	180.235	254.799	207.686	0.5647058823529412	0.5647058823529412	0.5647058823529412
C	P_2	192.188	252.569	203.895	1.0	0.5019607843137255	0.0
C	OP1_2	192.828	252.035	202.657	1.0	0.050980392156862744	0.050980392156862744
C	OP2_2	192.009	254.035	204.056	1.0	0.050980392156862744	0.050980392156862744
C	O5'_2	190.761	251.876	204.064	1.0	0.050980392156862744	0.050980392156862744
C	C5'_2	190.612	250.442	203.969	0.5647058823529412	0.5647058823529412	0.5647058823529412
C	C4'_2	189.156	250.05	204.104	0.5647058823529412	0.5647058823529412	0.5647058823529412
C	O4'_2	188.687	250.324	205.45	1.0	0.050980392156862744	0.050980392156862744
C	C3'_2	188.179	250.788	203.202	0.5647058823529412	0.5647058823529412	0.5647058823529412
C	O3'_2	188.158	250.204	201.902	1.0	0.050980392156862744	0.050980392156862744
C	C2'_2	186.856	250.622	203.942	0.5647058823529412	0.5647058823529412	0.5647058823529412
C	O2'_2	186.249	249.367	203.715	1.0	0.050980392156862744	0.050980392156862744
C	C1'_2	187.313	250.684	205.405	0.5647058823529412	0.5647058823529412	0.5647058823529412
C	N1_2	187.136	251.993	206.066	0.18823529411764706	0.3137254901960784	0.9725490196078431
C	C2_2	185.845	252.378	206.484	0.5647058823529412	0.5647058823529412	0.5647058823529412
C	O2_2	184.889	251.606	206.285	1.0	0.050980392156862744	0.050980392156862744
C	N3_2	185.681	253.576	207.093	0.18823529411764706	0.3137254901960784	0.9725490196078431
C	C4_2	186.737	254.375	207.292	0.5647058823529412	0.5647058823529412	0.5647058823529412
C	N4_2	186.529	255.549	207.888	0.18823529411764706	0.3137254901960784	0.9725490196078431
C	C5_2	188.054	254.007	206.883	0.5647058823529412	0.5647058823529412	0.5647058823529412
C	C6_2	188.205	252.822	206.279	0.5647058823529412	0.5647058823529412	0.5647058823529412
