C	P_1	176.3	242.995	244.794	1.0	0.5019607843137255	0.0
C	OP1_1	175.91	243.467	246.153	1.0	0.050980392156862744	0.050980392156862744
C	OP2_1	175.711	243.649	243.597	1.0	0.050980392156862744	0.050980392156862744
C	O5'_1	177.891	243.061	244.662	1.0	0.050980392156862744	0.050980392156862744
C	C5'_1	178.756	242.713	245.771	0.5647058823529412	0.5647058823529412	0.5647058823529412
C	C4'_1	180.216	242.932	245.402	0.5647058823529412	0.5647058823529412	0.5647058823529412
C	O4'_1	180.592	242.024	244.332	1.0	0.050980392156862744	0.050980392156862744
C	C3'_1	180.583	244.315	244.875	0.5647058823529412	0.5647058823529412	0.5647058823529412
C	O3'_1	180.824	245.233	245.933	1.0	0.050980392156862744	0.050980392156862744
C	C2'_1	181.834	244.042	244.049	0.5647058823529412	0.5647058823529412	0.5647058823529412
C	O2'_1	183.011	243.932	244.819	1.0	0.050980392156862744	0.050980392156862744
C	C1'_1	181.497	242.676	243.445	0.5647058823529412	0.5647058823529412	0.5647058823529412
C	N1_1	180.858	242.773	242.118	0.18823529411764706	0.3137254901960784	0.9725490196078431
C	C2_1	181.677	242.847	240.966	0.5647058823529412	0.5647058823529412	0.5647058823529412
C	O2_1	182.92	242.827	241.097	1.0	0.050980392156862744	0.050980392156862744
C	N3_1	181.088	242.935	239.749	0.18823529411764706	0.3137254901960784	0.9725490196078431
C	C4_1	179.749	242.95	239.654	0.5647058823529412	0.5647058823529412	0.5647058823529412
C	N4_1	179.206	243.039	238.435	0.18823529411764706	0.3137254901960784	0.9725490196078431
C	C5_1	178.903	242.876	240.805	0.5647058823529412	0.5647058823529412	0.5647058823529412
C	C6_1	179.493	242.791	242.0	0.5647058823529412	0.5647058823529412	0.5647058823529412
G	P_2	185.007	242.945	228.502	1.0	0.5019607843137255	0.0
G	OP1_2	186.095	242.372	227.656	1.0	0.050980392156862744	0.050980392156862744
G	OP2_2	183.742	242.194	228.677	1.0	0.050980392156862744	0.050980392156862744
G	O5'_2	185.601	243.262	229.954	1.0	0.050980392156862744	0.050980392156862744
G	C5'_2	186.907	243.861	230.116	0.5647058823529412	0.5647058823529412	0.5647058823529412
G	C4'_2	187.344	243.828	231.572	0.5647058823529412	0.5647058823529412	0.5647058823529412
G	O4'_2	186.485	244.676	232.386	1.0	0.050980392156862744	0.050980392156862744
G	C3'_2	187.301	242.488	232.292	0.5647058823529412	0.5647058823529412	0.5647058823529412
G	O3'_2	188.407	241.65	231.969	1.0	0.050980392156862744	0.050980392156862744
G	C2'_2	187.329	242.915	233.756	0.5647058823529412	0.5647058823529412	0.5647058823529412
G	O2'_2	188.618	243.259	234.219	1.0	0.050980392156862744	0.050980392156862744
G	C1'_2	186.45	244.171	233.721	0.5647058823529412	0.5647058823529412	0.5647058823529412
G	N9_2	185.064	243.881	234.096	0.18823529411764706	0.3137254901960784	0.9725490196078431
G	C8_2	183.991	243.686	233.251	0.5647058823529412	0.5647058823529412	0.5647058823529412
G	N7_2	182.879	243.417	233.884	0.18823529411764706	0.3137254901960784	0.9725490196078431
G	C5_2	183.229	243.438	235.232	0.5647058823529412	0.5647058823529412	0.5647058823529412
G	C6_2	182.435	243.212	236.397	0.5647058823529412	0.5647058823529412	0.5647058823529412
G	O6_2	181.231	242.94	236.466	1.0	0.050980392156862744	0.050980392156862744
G	N1_2	183.186	243.333	237.565	0.18823529411764706	0.3137254901960784	0.9725490196078431
G	C2_2	184.529	243.63	237.614	0.5647058823529412	0.5647058823529412	0.5647058823529412
G	N2_2	185.069	243.709	238.843	0.18823529411764706	0.3137254901960784	0.9725490196078431
G	N3_2	185.286	243.837	236.537	0.18823529411764706	0.3137254901960784	0.9725490196078431
G	C4_2	184.572	243.728	235.386	0.5647058823529412	0.5647058823529412	0.5647058823529412
