C	P_1	228.354	167.191	218.993	1.0	0.5019607843137255	0.0
C	OP1_1	227.457	167.1	220.187	1.0	0.050980392156862744	0.050980392156862744
C	OP2_1	228.521	168.503	218.303	1.0	0.050980392156862744	0.050980392156862744
C	O5'_1	229.798	166.659	219.409	1.0	0.050980392156862744	0.050980392156862744
C	C5'_1	229.946	165.466	220.204	0.5647058823529412	0.5647058823529412	0.5647058823529412
C	C4'_1	231.41	165.143	220.392	0.5647058823529412	0.5647058823529412	0.5647058823529412
C	O4'_1	232.009	164.883	219.096	1.0	0.050980392156862744	0.050980392156862744
C	C3'_1	232.265	166.255	220.982	0.5647058823529412	0.5647058823529412	0.5647058823529412
C	O3'_1	232.187	166.291	222.405	1.0	0.050980392156862744	0.050980392156862744
C	C2'_1	233.659	165.891	220.488	0.5647058823529412	0.5647058823529412	0.5647058823529412
C	O2'_1	234.252	164.851	221.241	1.0	0.050980392156862744	0.050980392156862744
C	C1'_1	233.347	165.37	219.082	0.5647058823529412	0.5647058823529412	0.5647058823529412
C	N1_1	233.464	166.396	218.022	0.18823529411764706	0.3137254901960784	0.9725490196078431
C	C2_1	234.724	166.596	217.387	0.5647058823529412	0.5647058823529412	0.5647058823529412
C	O2_1	235.709	165.919	217.75	1.0	0.050980392156862744	0.050980392156862744
C	N3_1	234.821	167.523	216.397	0.18823529411764706	0.3137254901960784	0.9725490196078431
C	C4_1	233.74	168.232	216.032	0.5647058823529412	0.5647058823529412	0.5647058823529412
C	N4_1	233.877	169.122	215.045	0.18823529411764706	0.3137254901960784	0.9725490196078431
C	C5_1	232.465	168.057	216.666	0.5647058823529412	0.5647058823529412	0.5647058823529412
C	C6_1	232.374	167.141	217.645	0.5647058823529412	0.5647058823529412	0.5647058823529412
G	P_2	243.471	172.065	209.728	1.0	0.5019607843137255	0.0
G	OP1_2	244.669	171.829	208.867	1.0	0.050980392156862744	0.050980392156862744
G	OP2_2	242.121	172.149	209.1	1.0	0.050980392156862744	0.050980392156862744
G	O5'_2	243.417	170.925	210.848	1.0	0.050980392156862744	0.050980392156862744
G	C5'_2	244.608	170.542	211.577	0.5647058823529412	0.5647058823529412	0.5647058823529412
G	C4'_2	244.253	169.641	212.744	0.5647058823529412	0.5647058823529412	0.5647058823529412
G	O4'_2	243.377	170.349	213.666	1.0	0.050980392156862744	0.050980392156862744
G	C3'_2	243.494	168.359	212.432	0.5647058823529412	0.5647058823529412	0.5647058823529412
G	O3'_2	244.385	167.331	211.996	1.0	0.050980392156862744	0.050980392156862744
G	C2'_2	242.868	168.03	213.785	0.5647058823529412	0.5647058823529412	0.5647058823529412
G	O2'_2	243.789	167.456	214.691	1.0	0.050980392156862744	0.050980392156862744
G	C1'_2	242.507	169.424	214.302	0.5647058823529412	0.5647058823529412	0.5647058823529412
G	N9_2	241.129	169.801	214.004	0.18823529411764706	0.3137254901960784	0.9725490196078431
G	C8_2	240.699	170.676	213.03	0.5647058823529412	0.5647058823529412	0.5647058823529412
G	N7_2	239.398	170.805	212.99	0.18823529411764706	0.3137254901960784	0.9725490196078431
G	C5_2	238.936	169.969	214.0	0.5647058823529412	0.5647058823529412	0.5647058823529412
G	C6_2	237.609	169.686	214.425	0.5647058823529412	0.5647058823529412	0.5647058823529412
G	O6_2	236.546	170.127	213.968	1.0	0.050980392156862744	0.050980392156862744
G	N1_2	237.59	168.782	215.488	0.18823529411764706	0.3137254901960784	0.9725490196078431
G	C2_2	238.704	168.216	216.066	0.5647058823529412	0.5647058823529412	0.5647058823529412
G	N2_2	238.475	167.367	217.087	0.18823529411764706	0.3137254901960784	0.9725490196078431
G	N3_2	239.954	168.464	215.673	0.18823529411764706	0.3137254901960784	0.9725490196078431
G	C4_2	239.994	169.343	214.643	0.5647058823529412	0.5647058823529412	0.5647058823529412
