G	P_1	236.647	218.634	188.097	1.0	0.5019607843137255	0.0
G	OP1_1	235.769	218.532	189.299	1.0	0.050980392156862744	0.050980392156862744
G	OP2_1	236.072	218.404	186.746	1.0	0.050980392156862744	0.050980392156862744
G	O5'_1	237.362	220.055	188.114	1.0	0.050980392156862744	0.050980392156862744
G	C5'_1	237.026	221.073	187.162	0.5647058823529412	0.5647058823529412	0.5647058823529412
G	C4'_1	238.208	221.989	186.95	0.5647058823529412	0.5647058823529412	0.5647058823529412
G	O4'_1	239.22	221.32	186.142	1.0	0.050980392156862744	0.050980392156862744
G	C3'_1	237.882	223.254	186.182	0.5647058823529412	0.5647058823529412	0.5647058823529412
G	O3'_1	237.363	224.236	187.073	1.0	0.050980392156862744	0.050980392156862744
G	C2'_1	239.227	223.617	185.565	0.5647058823529412	0.5647058823529412	0.5647058823529412
G	O2'_1	240.113	224.224	186.488	1.0	0.050980392156862744	0.050980392156862744
G	C1'_1	239.759	222.229	185.19	0.5647058823529412	0.5647058823529412	0.5647058823529412
G	N9_1	239.337	221.778	183.864	0.18823529411764706	0.3137254901960784	0.9725490196078431
G	C8_1	238.517	220.705	183.593	0.5647058823529412	0.5647058823529412	0.5647058823529412
G	N7_1	238.284	220.538	182.319	0.18823529411764706	0.3137254901960784	0.9725490196078431
G	C5_1	238.997	221.558	181.704	0.5647058823529412	0.5647058823529412	0.5647058823529412
G	C6_1	239.126	221.881	180.325	0.5647058823529412	0.5647058823529412	0.5647058823529412
G	O6_1	238.62	221.307	179.351	1.0	0.050980392156862744	0.050980392156862744
G	N1_1	239.943	222.993	180.133	0.18823529411764706	0.3137254901960784	0.9725490196078431
G	C2_1	240.556	223.704	181.138	0.5647058823529412	0.5647058823529412	0.5647058823529412
G	N2_1	241.297	224.751	180.743	0.18823529411764706	0.3137254901960784	0.9725490196078431
G	N3_1	240.449	223.41	182.435	0.18823529411764706	0.3137254901960784	0.9725490196078431
G	C4_1	239.66	222.333	182.642	0.5647058823529412	0.5647058823529412	0.5647058823529412
C	P_2	242.947	225.565	170.734	1.0	0.5019607843137255	0.0
C	OP1_2	244.147	225.925	169.929	1.0	0.050980392156862744	0.050980392156862744
C	OP2_2	242.497	224.149	170.782	1.0	0.050980392156862744	0.050980392156862744
C	O5'_2	243.18	226.059	172.232	1.0	0.050980392156862744	0.050980392156862744
C	C5'_2	243.547	227.43	172.505	0.5647058823529412	0.5647058823529412	0.5647058823529412
C	C4'_2	243.487	227.714	173.994	0.5647058823529412	0.5647058823529412	0.5647058823529412
C	O4'_2	242.12	227.556	174.47	1.0	0.050980392156862744	0.050980392156862744
C	C3'_2	244.296	226.794	174.897	0.5647058823529412	0.5647058823529412	0.5647058823529412
C	O3'_2	245.671	227.167	174.926	1.0	0.050980392156862744	0.050980392156862744
C	C2'_2	243.601	226.975	176.245	0.5647058823529412	0.5647058823529412	0.5647058823529412
C	O2'_2	243.972	228.181	176.884	1.0	0.050980392156862744	0.050980392156862744
C	C1'_2	242.132	227.082	175.813	0.5647058823529412	0.5647058823529412	0.5647058823529412
C	N1_2	241.365	225.812	175.885	0.18823529411764706	0.3137254901960784	0.9725490196078431
C	C2_2	240.874	225.378	177.137	0.5647058823529412	0.5647058823529412	0.5647058823529412
C	O2_2	241.064	226.088	178.142	1.0	0.050980392156862744	0.050980392156862744
C	N3_2	240.208	224.2	177.207	0.18823529411764706	0.3137254901960784	0.9725490196078431
C	C4_2	240.019	223.471	176.1	0.5647058823529412	0.5647058823529412	0.5647058823529412
C	N4_2	239.385	222.306	176.222	0.18823529411764706	0.3137254901960784	0.9725490196078431
C	C5_2	240.479	223.899	174.822	0.5647058823529412	0.5647058823529412	0.5647058823529412
C	C6_2	241.141	225.062	174.76	0.5647058823529412	0.5647058823529412	0.5647058823529412
