G	P_1	157.392	242.236	231.375	1.0	0.5019607843137255	0.0
G	OP1_1	156.086	242.803	230.938	1.0	0.050980392156862744	0.050980392156862744
G	OP2_1	158.178	242.931	232.437	1.0	0.050980392156862744	0.050980392156862744
G	O5'_1	157.115	240.735	231.846	1.0	0.050980392156862744	0.050980392156862744
G	C5'_1	158.171	239.896	232.376	0.5647058823529412	0.5647058823529412	0.5647058823529412
G	C4'_1	157.608	238.545	232.766	0.5647058823529412	0.5647058823529412	0.5647058823529412
G	O4'_1	156.657	238.704	233.857	1.0	0.050980392156862744	0.050980392156862744
G	C3'_1	156.833	237.857	231.65	0.5647058823529412	0.5647058823529412	0.5647058823529412
G	O3'_1	157.707	237.066	230.849	1.0	0.050980392156862744	0.050980392156862744
G	C2'_1	155.788	237.042	232.4	0.5647058823529412	0.5647058823529412	0.5647058823529412
G	O2'_1	156.301	235.827	232.906	1.0	0.050980392156862744	0.050980392156862744
G	C1'_1	155.476	237.972	233.574	0.5647058823529412	0.5647058823529412	0.5647058823529412
G	N9_1	154.405	238.935	233.337	0.18823529411764706	0.3137254901960784	0.9725490196078431
G	C8_1	154.488	240.302	233.484	0.5647058823529412	0.5647058823529412	0.5647058823529412
G	N7_1	153.359	240.917	233.253	0.18823529411764706	0.3137254901960784	0.9725490196078431
G	C5_1	152.475	239.898	232.925	0.5647058823529412	0.5647058823529412	0.5647058823529412
G	C6_1	151.096	239.956	232.587	0.5647058823529412	0.5647058823529412	0.5647058823529412
G	O6_1	150.359	240.954	232.524	1.0	0.050980392156862744	0.050980392156862744
G	N1_1	150.584	238.687	232.314	0.18823529411764706	0.3137254901960784	0.9725490196078431
G	C2_1	151.305	237.514	232.366	0.5647058823529412	0.5647058823529412	0.5647058823529412
G	N2_1	150.629	236.388	232.071	0.18823529411764706	0.3137254901960784	0.9725490196078431
G	N3_1	152.592	237.447	232.685	0.18823529411764706	0.3137254901960784	0.9725490196078431
G	C4_1	153.108	238.667	232.954	0.5647058823529412	0.5647058823529412	0.5647058823529412
C	P_2	140.455	238.648	232.614	1.0	0.5019607843137255	0.0
C	OP1_2	139.131	238.085	233.014	1.0	0.050980392156862744	0.050980392156862744
C	OP2_2	140.971	239.863	233.302	1.0	0.050980392156862744	0.050980392156862744
C	O5'_2	141.548	237.488	232.752	1.0	0.050980392156862744	0.050980392156862744
C	C5'_2	141.283	236.145	232.274	0.5647058823529412	0.5647058823529412	0.5647058823529412
C	C4'_2	142.546	235.301	232.309	0.5647058823529412	0.5647058823529412	0.5647058823529412
C	O4'_2	143.561	235.903	231.462	1.0	0.050980392156862744	0.050980392156862744
C	C3'_2	143.227	235.13	233.662	0.5647058823529412	0.5647058823529412	0.5647058823529412
C	O3'_2	142.606	234.086	234.418	1.0	0.050980392156862744	0.050980392156862744
C	C2'_2	144.668	234.799	233.27	0.5647058823529412	0.5647058823529412	0.5647058823529412
C	O2'_2	144.874	233.446	232.912	1.0	0.050980392156862744	0.050980392156862744
C	C1'_2	144.848	235.667	232.017	0.5647058823529412	0.5647058823529412	0.5647058823529412
C	N1_2	145.509	236.968	232.254	0.18823529411764706	0.3137254901960784	0.9725490196078431
C	C2_2	146.914	237.042	232.163	0.5647058823529412	0.5647058823529412	0.5647058823529412
C	O2_2	147.559	236.015	231.874	1.0	0.050980392156862744	0.050980392156862744
C	N3_2	147.527	238.228	232.39	0.18823529411764706	0.3137254901960784	0.9725490196078431
C	C4_2	146.8	239.31	232.697	0.5647058823529412	0.5647058823529412	0.5647058823529412
C	N4_2	147.449	240.457	232.926	0.18823529411764706	0.3137254901960784	0.9725490196078431
C	C5_2	145.372	239.264	232.785	0.5647058823529412	0.5647058823529412	0.5647058823529412
C	C6_2	144.777	238.086	232.558	0.5647058823529412	0.5647058823529412	0.5647058823529412
