C	P_1	274.279	152.268	191.472	1.0	0.5019607843137255	0.0
C	OP1_1	274.963	150.975	191.777	1.0	0.050980392156862744	0.050980392156862744
C	OP2_1	272.795	152.322	191.458	1.0	0.050980392156862744	0.050980392156862744
C	O5'_1	274.816	153.379	192.486	1.0	0.050980392156862744	0.050980392156862744
C	C5'_1	276.232	153.538	192.725	0.5647058823529412	0.5647058823529412	0.5647058823529412
C	C4'_1	276.49	154.595	193.783	0.5647058823529412	0.5647058823529412	0.5647058823529412
C	O4'_1	276.181	155.918	193.266	1.0	0.050980392156862744	0.050980392156862744
C	C3'_1	275.682	154.513	195.071	0.5647058823529412	0.5647058823529412	0.5647058823529412
C	O3'_1	276.188	153.525	195.966	1.0	0.050980392156862744	0.050980392156862744
C	C2'_1	275.846	155.922	195.632	0.5647058823529412	0.5647058823529412	0.5647058823529412
C	O2'_1	277.09	156.096	196.283	1.0	0.050980392156862744	0.050980392156862744
C	C1'_1	275.822	156.769	194.35	0.5647058823529412	0.5647058823529412	0.5647058823529412
C	N1_1	274.521	157.416	194.055	0.18823529411764706	0.3137254901960784	0.9725490196078431
C	C2_1	274.286	158.738	194.522	0.5647058823529412	0.5647058823529412	0.5647058823529412
C	O2_1	275.169	159.318	195.186	1.0	0.050980392156862744	0.050980392156862744
C	N3_1	273.105	159.338	194.239	0.18823529411764706	0.3137254901960784	0.9725490196078431
C	C4_1	272.175	158.683	193.536	0.5647058823529412	0.5647058823529412	0.5647058823529412
C	N4_1	271.029	159.315	193.281	0.18823529411764706	0.3137254901960784	0.9725490196078431
C	C5_1	272.379	157.347	193.061	0.5647058823529412	0.5647058823529412	0.5647058823529412
C	C6_1	273.553	156.76	193.339	0.5647058823529412	0.5647058823529412	0.5647058823529412
G	P_2	269.058	169.708	195.502	1.0	0.5019607843137255	0.0
G	OP1_2	270.184	169.735	194.525	1.0	0.050980392156862744	0.050980392156862744
G	OP2_2	267.752	169.128	195.1	1.0	0.050980392156862744	0.050980392156862744
G	O5'_2	269.562	168.933	196.802	1.0	0.050980392156862744	0.050980392156862744
G	C5'_2	270.44	169.56	197.761	0.5647058823529412	0.5647058823529412	0.5647058823529412
G	C4'_2	271.551	168.607	198.157	0.5647058823529412	0.5647058823529412	0.5647058823529412
G	O4'_2	270.97	167.305	198.455	1.0	0.050980392156862744	0.050980392156862744
G	C3'_2	272.596	168.298	197.09	0.5647058823529412	0.5647058823529412	0.5647058823529412
G	O3'_2	273.605	169.31	197.026	1.0	0.050980392156862744	0.050980392156862744
G	C2'_2	273.148	166.958	197.564	0.5647058823529412	0.5647058823529412	0.5647058823529412
G	O2'_2	274.061	167.083	198.638	1.0	0.050980392156862744	0.050980392156862744
G	C1'_2	271.871	166.275	198.064	0.5647058823529412	0.5647058823529412	0.5647058823529412
G	N9_2	271.234	165.458	197.031	0.18823529411764706	0.3137254901960784	0.9725490196078431
G	C8_2	270.143	165.792	196.256	0.5647058823529412	0.5647058823529412	0.5647058823529412
G	N7_2	269.827	164.867	195.389	0.18823529411764706	0.3137254901960784	0.9725490196078431
G	C5_2	270.757	163.857	195.604	0.5647058823529412	0.5647058823529412	0.5647058823529412
G	C6_2	270.919	162.604	194.953	0.5647058823529412	0.5647058823529412	0.5647058823529412
G	O6_2	270.249	162.125	194.026	1.0	0.050980392156862744	0.050980392156862744
G	N1_2	271.99	161.884	195.485	0.18823529411764706	0.3137254901960784	0.9725490196078431
G	C2_2	272.801	162.314	196.511	0.5647058823529412	0.5647058823529412	0.5647058823529412
G	N2_2	273.78	161.471	196.883	0.18823529411764706	0.3137254901960784	0.9725490196078431
G	N3_2	272.662	163.482	197.126	0.18823529411764706	0.3137254901960784	0.9725490196078431
G	C4_2	271.627	164.198	196.624	0.5647058823529412	0.5647058823529412	0.5647058823529412
