G	P_1	160.725	132.765	219.909	1.0	0.5019607843137255	0.0
G	OP1_1	159.967	131.735	219.145	1.0	0.050980392156862744	0.050980392156862744
G	OP2_1	160.045	133.521	220.998	1.0	0.050980392156862744	0.050980392156862744
G	O5'_1	162.018	132.057	220.52	1.0	0.050980392156862744	0.050980392156862744
G	C5'_1	161.92	131.246	221.712	0.5647058823529412	0.5647058823529412	0.5647058823529412
G	C4'_1	163.256	130.599	222.029	0.5647058823529412	0.5647058823529412	0.5647058823529412
G	O4'_1	164.327	131.578	221.919	1.0	0.050980392156862744	0.050980392156862744
G	C3'_1	163.374	130.033	223.44	0.5647058823529412	0.5647058823529412	0.5647058823529412
G	O3'_1	162.862	128.703	223.523	1.0	0.050980392156862744	0.050980392156862744
G	C2'_1	164.871	130.121	223.712	0.5647058823529412	0.5647058823529412	0.5647058823529412
G	O2'_1	165.605	129.067	223.121	1.0	0.050980392156862744	0.050980392156862744
G	C1'_1	165.222	131.437	223.011	0.5647058823529412	0.5647058823529412	0.5647058823529412
G	N9_1	165.07	132.622	223.854	0.18823529411764706	0.3137254901960784	0.9725490196078431
G	C8_1	164.209	133.674	223.636	0.5647058823529412	0.5647058823529412	0.5647058823529412
G	N7_1	164.276	134.596	224.557	0.18823529411764706	0.3137254901960784	0.9725490196078431
G	C5_1	165.24	134.13	225.441	0.5647058823529412	0.5647058823529412	0.5647058823529412
G	C6_1	165.738	134.707	226.637	0.5647058823529412	0.5647058823529412	0.5647058823529412
G	O6_1	165.41	135.776	227.17	1.0	0.050980392156862744	0.050980392156862744
G	N1_1	166.717	133.905	227.221	0.18823529411764706	0.3137254901960784	0.9725490196078431
G	C2_1	167.159	132.702	226.721	0.5647058823529412	0.5647058823529412	0.5647058823529412
G	N2_1	168.115	132.081	227.427	0.18823529411764706	0.3137254901960784	0.9725490196078431
G	N3_1	166.698	132.149	225.607	0.18823529411764706	0.3137254901960784	0.9725490196078431
G	C4_1	165.747	132.913	225.02	0.5647058823529412	0.5647058823529412	0.5647058823529412
C	P_2	171.078	139.154	234.672	1.0	0.5019607843137255	0.0
C	OP1_2	172.376	139.469	235.336	1.0	0.050980392156862744	0.050980392156862744
C	OP2_2	170.474	140.144	233.74	1.0	0.050980392156862744	0.050980392156862744
C	O5'_2	171.251	137.771	233.896	1.0	0.050980392156862744	0.050980392156862744
C	C5'_2	171.712	136.576	234.577	0.5647058823529412	0.5647058823529412	0.5647058823529412
C	C4'_2	171.533	135.367	233.686	0.5647058823529412	0.5647058823529412	0.5647058823529412
C	O4'_2	170.126	135.214	233.372	1.0	0.050980392156862744	0.050980392156862744
C	C3'_2	172.228	135.446	232.334	0.5647058823529412	0.5647058823529412	0.5647058823529412
C	O3'_2	173.583	135.009	232.477	1.0	0.050980392156862744	0.050980392156862744
C	C2'_2	171.385	134.522	231.453	0.5647058823529412	0.5647058823529412	0.5647058823529412
C	O2'_2	171.756	133.163	231.543	1.0	0.050980392156862744	0.050980392156862744
C	C1'_2	169.988	134.698	232.06	0.5647058823529412	0.5647058823529412	0.5647058823529412
C	N1_2	168.998	135.512	231.321	0.18823529411764706	0.3137254901960784	0.9725490196078431
C	C2_2	168.296	134.923	230.246	0.5647058823529412	0.5647058823529412	0.5647058823529412
C	O2_2	168.565	133.752	229.912	1.0	0.050980392156862744	0.050980392156862744
C	N3_2	167.347	135.648	229.603	0.18823529411764706	0.3137254901960784	0.9725490196078431
C	C4_2	167.094	136.908	229.982	0.5647058823529412	0.5647058823529412	0.5647058823529412
C	N4_2	166.138	137.578	229.327	0.18823529411764706	0.3137254901960784	0.9725490196078431
C	C5_2	167.807	137.535	231.051	0.5647058823529412	0.5647058823529412	0.5647058823529412
C	C6_2	168.741	136.81	231.683	0.5647058823529412	0.5647058823529412	0.5647058823529412
