C	P_1	177.986	267.122	200.003	1.0	0.5019607843137255	0.0
C	OP1_1	177.645	266.076	201.017	1.0	0.050980392156862744	0.050980392156862744
C	OP2_1	176.958	267.548	199.018	1.0	0.050980392156862744	0.050980392156862744
C	O5'_1	178.478	268.424	200.782	1.0	0.050980392156862744	0.050980392156862744
C	C5'_1	179.344	268.321	201.935	0.5647058823529412	0.5647058823529412	0.5647058823529412
C	C4'_1	179.608	269.692	202.516	0.5647058823529412	0.5647058823529412	0.5647058823529412
C	O4'_1	180.364	270.487	201.561	1.0	0.050980392156862744	0.050980392156862744
C	C3'_1	178.372	270.53	202.812	0.5647058823529412	0.5647058823529412	0.5647058823529412
C	O3'_1	177.78	270.186	204.062	1.0	0.050980392156862744	0.050980392156862744
C	C2'_1	178.925	271.951	202.777	0.5647058823529412	0.5647058823529412	0.5647058823529412
C	O2'_1	179.597	272.324	203.965	1.0	0.050980392156862744	0.050980392156862744
C	C1'_1	179.937	271.842	201.63	0.5647058823529412	0.5647058823529412	0.5647058823529412
C	N1_1	179.354	272.214	200.329	0.18823529411764706	0.3137254901960784	0.9725490196078431
C	C2_1	179.359	273.56	199.955	0.5647058823529412	0.5647058823529412	0.5647058823529412
C	O2_1	179.853	274.397	200.734	1.0	0.050980392156862744	0.050980392156862744
C	N3_1	178.827	273.915	198.759	0.18823529411764706	0.3137254901960784	0.9725490196078431
C	C4_1	178.305	272.98	197.956	0.5647058823529412	0.5647058823529412	0.5647058823529412
C	N4_1	177.795	273.373	196.787	0.18823529411764706	0.3137254901960784	0.9725490196078431
C	C5_1	178.284	271.602	198.317	0.5647058823529412	0.5647058823529412	0.5647058823529412
C	C6_1	178.814	271.267	199.499	0.5647058823529412	0.5647058823529412	0.5647058823529412
G	P_2	178.041	283.872	193.71	1.0	0.5019607843137255	0.0
G	OP1_2	178.913	284.974	193.206	1.0	0.050980392156862744	0.050980392156862744
G	OP2_2	177.994	282.577	192.968	1.0	0.050980392156862744	0.050980392156862744
G	O5'_2	178.452	283.553	195.219	1.0	0.050980392156862744	0.050980392156862744
G	C5'_2	178.578	284.612	196.193	0.5647058823529412	0.5647058823529412	0.5647058823529412
G	C4'_2	179.033	284.056	197.528	0.5647058823529412	0.5647058823529412	0.5647058823529412
G	O4'_2	177.978	283.242	198.115	1.0	0.050980392156862744	0.050980392156862744
G	C3'_2	180.241	283.129	197.488	0.5647058823529412	0.5647058823529412	0.5647058823529412
G	O3'_2	181.478	283.848	197.416	1.0	0.050980392156862744	0.050980392156862744
G	C2'_2	180.073	282.337	198.779	0.5647058823529412	0.5647058823529412	0.5647058823529412
G	O2'_2	180.478	283.057	199.926	1.0	0.050980392156862744	0.050980392156862744
G	C1'_2	178.554	282.14	198.806	0.5647058823529412	0.5647058823529412	0.5647058823529412
G	N9_2	178.148	280.912	198.122	0.18823529411764706	0.3137254901960784	0.9725490196078431
G	C8_2	177.513	280.809	196.904	0.5647058823529412	0.5647058823529412	0.5647058823529412
G	N7_2	177.314	279.572	196.529	0.18823529411764706	0.3137254901960784	0.9725490196078431
G	C5_2	177.838	278.809	197.565	0.5647058823529412	0.5647058823529412	0.5647058823529412
G	C6_2	177.914	277.398	197.72	0.5647058823529412	0.5647058823529412	0.5647058823529412
G	O6_2	177.53	276.515	196.943	1.0	0.050980392156862744	0.050980392156862744
G	N1_2	178.519	277.05	198.926	0.18823529411764706	0.3137254901960784	0.9725490196078431
G	C2_2	178.988	277.942	199.862	0.5647058823529412	0.5647058823529412	0.5647058823529412
G	N2_2	179.528	277.41	200.967	0.18823529411764706	0.3137254901960784	0.9725490196078431
G	N3_2	178.928	279.259	199.727	0.18823529411764706	0.3137254901960784	0.9725490196078431
G	C4_2	178.347	279.62	198.563	0.5647058823529412	0.5647058823529412	0.5647058823529412
