G	P_1	241.063	145.922	228.161	1.0	0.5019607843137255	0.0
G	OP1_1	240.4	144.605	227.949	1.0	0.050980392156862744	0.050980392156862744
G	OP2_1	240.91	146.994	227.139	1.0	0.050980392156862744	0.050980392156862744
G	O5'_1	240.584	146.5	229.567	1.0	0.050980392156862744	0.050980392156862744
G	C5'_1	240.557	145.656	230.734	0.5647058823529412	0.5647058823529412	0.5647058823529412
G	C4'_1	240.286	146.473	231.983	0.5647058823529412	0.5647058823529412	0.5647058823529412
G	O4'_1	241.375	147.409	232.214	1.0	0.050980392156862744	0.050980392156862744
G	C3'_1	239.043	147.351	231.995	0.5647058823529412	0.5647058823529412	0.5647058823529412
G	O3'_1	237.866	146.592	232.286	1.0	0.050980392156862744	0.050980392156862744
G	C2'_1	239.373	148.344	233.105	0.5647058823529412	0.5647058823529412	0.5647058823529412
G	O2'_1	239.177	147.808	234.398	1.0	0.050980392156862744	0.050980392156862744
G	C1'_1	240.875	148.554	232.89	0.5647058823529412	0.5647058823529412	0.5647058823529412
G	N9_1	241.191	149.747	232.109	0.18823529411764706	0.3137254901960784	0.9725490196078431
G	C8_1	241.51	149.812	230.77	0.5647058823529412	0.5647058823529412	0.5647058823529412
G	N7_1	241.735	151.031	230.354	0.18823529411764706	0.3137254901960784	0.9725490196078431
G	C5_1	241.555	151.822	231.485	0.5647058823529412	0.5647058823529412	0.5647058823529412
G	C6_1	241.653	153.234	231.648	0.5647058823529412	0.5647058823529412	0.5647058823529412
G	O6_1	241.932	154.089	230.798	1.0	0.050980392156862744	0.050980392156862744
G	N1_1	241.385	153.618	232.961	0.18823529411764706	0.3137254901960784	0.9725490196078431
G	C2_1	241.064	152.758	233.989	0.5647058823529412	0.5647058823529412	0.5647058823529412
G	N2_1	240.844	153.324	235.189	0.18823529411764706	0.3137254901960784	0.9725490196078431
G	N3_1	240.966	151.44	233.85	0.18823529411764706	0.3137254901960784	0.9725490196078431
G	C4_1	241.224	151.045	232.58	0.5647058823529412	0.5647058823529412	0.5647058823529412
C	P_2	241.79	163.713	233.929	1.0	0.5019607843137255	0.0
C	OP1_2	242.063	164.86	234.845	1.0	0.050980392156862744	0.050980392156862744
C	OP2_2	242.723	163.436	232.799	1.0	0.050980392156862744	0.050980392156862744
C	O5'_2	241.664	162.392	234.812	1.0	0.050980392156862744	0.050980392156862744
C	C5'_2	240.84	162.371	235.997	0.5647058823529412	0.5647058823529412	0.5647058823529412
C	C4'_2	240.724	160.961	236.531	0.5647058823529412	0.5647058823529412	0.5647058823529412
C	O4'_2	240.011	160.127	235.579	1.0	0.050980392156862744	0.050980392156862744
C	C3'_2	242.032	160.222	236.757	0.5647058823529412	0.5647058823529412	0.5647058823529412
C	O3'_2	242.639	160.6	237.987	1.0	0.050980392156862744	0.050980392156862744
C	C2'_2	241.585	158.765	236.741	0.5647058823529412	0.5647058823529412	0.5647058823529412
C	O2'_2	240.994	158.357	237.957	1.0	0.050980392156862744	0.050980392156862744
C	C1'_2	240.504	158.796	235.656	0.5647058823529412	0.5647058823529412	0.5647058823529412
C	N1_2	240.97	158.369	234.316	0.18823529411764706	0.3137254901960784	0.9725490196078431
C	C2_2	240.874	157.003	233.971	0.5647058823529412	0.5647058823529412	0.5647058823529412
C	O2_2	240.409	156.197	234.804	1.0	0.050980392156862744	0.050980392156862744
C	N3_2	241.29	156.604	232.744	0.18823529411764706	0.3137254901960784	0.9725490196078431
C	C4_2	241.783	157.497	231.88	0.5647058823529412	0.5647058823529412	0.5647058823529412
C	N4_2	242.176	157.058	230.685	0.18823529411764706	0.3137254901960784	0.9725490196078431
C	C5_2	241.893	158.882	232.203	0.5647058823529412	0.5647058823529412	0.5647058823529412
C	C6_2	241.482	159.272	233.419	0.5647058823529412	0.5647058823529412	0.5647058823529412
