C	P_1	211.518	131.76	150.736	1.0	0.5019607843137255	0.0
C	OP1_1	210.953	133.061	150.264	1.0	0.050980392156862744	0.050980392156862744
C	OP2_1	210.961	131.123	151.956	1.0	0.050980392156862744	0.050980392156862744
C	O5'_1	211.396	130.714	149.538	1.0	0.050980392156862744	0.050980392156862744
C	C5'_1	211.872	131.038	148.216	0.5647058823529412	0.5647058823529412	0.5647058823529412
C	C4'_1	211.947	129.789	147.365	0.5647058823529412	0.5647058823529412	0.5647058823529412
C	O4'_1	212.894	128.856	147.953	1.0	0.050980392156862744	0.050980392156862744
C	C3'_1	210.661	128.986	147.247	0.5647058823529412	0.5647058823529412	0.5647058823529412
C	O3'_1	209.803	129.526	146.243	1.0	0.050980392156862744	0.050980392156862744
C	C2'_1	211.177	127.6	146.882	0.5647058823529412	0.5647058823529412	0.5647058823529412
C	O2'_1	211.51	127.488	145.514	1.0	0.050980392156862744	0.050980392156862744
C	C1'_1	212.455	127.525	147.722	0.5647058823529412	0.5647058823529412	0.5647058823529412
C	N1_1	212.299	126.833	149.02	0.18823529411764706	0.3137254901960784	0.9725490196078431
C	C2_1	212.295	125.426	149.042	0.5647058823529412	0.5647058823529412	0.5647058823529412
C	O2_1	212.404	124.8	147.972	1.0	0.050980392156862744	0.050980392156862744
C	N3_1	212.171	124.787	150.227	0.18823529411764706	0.3137254901960784	0.9725490196078431
C	C4_1	212.053	125.49	151.355	0.5647058823529412	0.5647058823529412	0.5647058823529412
C	N4_1	211.944	124.819	152.5	0.18823529411764706	0.3137254901960784	0.9725490196078431
C	C5_1	212.044	126.914	151.36	0.5647058823529412	0.5647058823529412	0.5647058823529412
C	C6_1	212.169	127.539	150.184	0.5647058823529412	0.5647058823529412	0.5647058823529412
G	P_2	210.865	113.41	154.028	1.0	0.5019607843137255	0.0
G	OP1_2	211.209	111.96	154.014	1.0	0.050980392156862744	0.050980392156862744
G	OP2_2	211.264	114.249	155.195	1.0	0.050980392156862744	0.050980392156862744
G	O5'_2	211.448	114.082	152.703	1.0	0.050980392156862744	0.050980392156862744
G	C5'_2	211.249	113.464	151.415	0.5647058823529412	0.5647058823529412	0.5647058823529412
G	C4'_2	211.68	114.395	150.301	0.5647058823529412	0.5647058823529412	0.5647058823529412
G	O4'_2	210.84	115.583	150.29	1.0	0.050980392156862744	0.050980392156862744
G	C3'_2	213.088	114.967	150.375	0.5647058823529412	0.5647058823529412	0.5647058823529412
G	O3'_2	214.085	114.038	149.951	1.0	0.050980392156862744	0.050980392156862744
G	C2'_2	212.982	116.166	149.438	0.5647058823529412	0.5647058823529412	0.5647058823529412
G	O2'_2	213.019	115.806	148.07	1.0	0.050980392156862744	0.050980392156862744
G	C1'_2	211.583	116.685	149.779	0.5647058823529412	0.5647058823529412	0.5647058823529412
G	N9_2	211.616	117.751	150.779	0.18823529411764706	0.3137254901960784	0.9725490196078431
G	C8_2	211.601	117.614	152.149	0.5647058823529412	0.5647058823529412	0.5647058823529412
G	N7_2	211.655	118.758	152.778	0.18823529411764706	0.3137254901960784	0.9725490196078431
G	C5_2	211.705	119.71	151.766	0.5647058823529412	0.5647058823529412	0.5647058823529412
G	C6_2	211.77	121.129	151.838	0.5647058823529412	0.5647058823529412	0.5647058823529412
G	O6_2	211.796	121.848	152.846	1.0	0.050980392156862744	0.050980392156862744
G	N1_2	211.808	121.707	150.571	0.18823529411764706	0.3137254901960784	0.9725490196078431
G	C2_2	211.784	121.016	149.384	0.5647058823529412	0.5647058823529412	0.5647058823529412
G	N2_2	211.834	121.757	148.265	0.18823529411764706	0.3137254901960784	0.9725490196078431
G	N3_2	211.719	119.692	149.301	0.18823529411764706	0.3137254901960784	0.9725490196078431
G	C4_2	211.683	119.108	150.525	0.5647058823529412	0.5647058823529412	0.5647058823529412
