C	P_1	231.385	171.445	252.443	1.0	0.5019607843137255	0.0
C	OP1_1	230.525	170.775	253.462	1.0	0.050980392156862744	0.050980392156862744
C	OP2_1	232.397	170.647	251.7	1.0	0.050980392156862744	0.050980392156862744
C	O5'_1	230.437	172.165	251.385	1.0	0.050980392156862744	0.050980392156862744
C	C5'_1	229.39	173.054	251.822	0.5647058823529412	0.5647058823529412	0.5647058823529412
C	C4'_1	228.735	173.719	250.636	0.5647058823529412	0.5647058823529412	0.5647058823529412
C	O4'_1	229.641	174.69	250.047	1.0	0.050980392156862744	0.050980392156862744
C	C3'_1	228.378	172.801	249.478	0.5647058823529412	0.5647058823529412	0.5647058823529412
C	O3'_1	227.175	172.071	249.713	1.0	0.050980392156862744	0.050980392156862744
C	C2'_1	228.276	173.784	248.32	0.5647058823529412	0.5647058823529412	0.5647058823529412
C	O2'_1	227.066	174.518	248.327	1.0	0.050980392156862744	0.050980392156862744
C	C1'_1	229.439	174.73	248.638	0.5647058823529412	0.5647058823529412	0.5647058823529412
C	N1_1	230.695	174.337	247.962	0.18823529411764706	0.3137254901960784	0.9725490196078431
C	C2_1	230.956	174.836	246.671	0.5647058823529412	0.5647058823529412	0.5647058823529412
C	O2_1	230.144	175.623	246.15	1.0	0.050980392156862744	0.050980392156862744
C	N3_1	232.086	174.451	246.033	0.18823529411764706	0.3137254901960784	0.9725490196078431
C	C4_1	232.94	173.616	246.632	0.5647058823529412	0.5647058823529412	0.5647058823529412
C	N4_1	234.037	173.259	245.963	0.18823529411764706	0.3137254901960784	0.9725490196078431
C	C5_1	232.709	173.11	247.945	0.5647058823529412	0.5647058823529412	0.5647058823529412
C	C6_1	231.588	173.492	248.566	0.5647058823529412	0.5647058823529412	0.5647058823529412
G	P_2	236.657	175.634	235.538	1.0	0.5019607843137255	0.0
G	OP1_2	236.858	176.642	234.453	1.0	0.050980392156862744	0.050980392156862744
G	OP2_2	237.555	175.652	236.731	1.0	0.050980392156862744	0.050980392156862744
G	O5'_2	235.15	175.75	236.049	1.0	0.050980392156862744	0.050980392156862744
G	C5'_2	234.064	175.969	235.122	0.5647058823529412	0.5647058823529412	0.5647058823529412
G	C4'_2	232.782	176.235	235.878	0.5647058823529412	0.5647058823529412	0.5647058823529412
G	O4'_2	232.478	175.08	236.707	1.0	0.050980392156862744	0.050980392156862744
G	C3'_2	232.807	177.414	236.847	0.5647058823529412	0.5647058823529412	0.5647058823529412
G	O3'_2	232.521	178.65	236.17	1.0	0.050980392156862744	0.050980392156862744
G	C2'_2	231.726	177.03	237.858	0.5647058823529412	0.5647058823529412	0.5647058823529412
G	O2'_2	230.416	177.313	237.404	1.0	0.050980392156862744	0.050980392156862744
G	C1'_2	231.903	175.506	237.934	0.5647058823529412	0.5647058823529412	0.5647058823529412
G	N9_2	232.741	175.009	239.03	0.18823529411764706	0.3137254901960784	0.9725490196078431
G	C8_2	233.977	174.403	238.915	0.5647058823529412	0.5647058823529412	0.5647058823529412
G	N7_2	234.479	174.027	240.064	0.18823529411764706	0.3137254901960784	0.9725490196078431
G	C5_2	233.526	174.412	241.0	0.5647058823529412	0.5647058823529412	0.5647058823529412
G	C6_2	233.517	174.262	242.412	0.5647058823529412	0.5647058823529412	0.5647058823529412
G	O6_2	234.377	173.739	243.137	1.0	0.050980392156862744	0.050980392156862744
G	N1_2	232.357	174.795	242.973	0.18823529411764706	0.3137254901960784	0.9725490196078431
G	C2_2	231.339	175.396	242.267	0.5647058823529412	0.5647058823529412	0.5647058823529412
G	N2_2	230.306	175.849	242.992	0.18823529411764706	0.3137254901960784	0.9725490196078431
G	N3_2	231.334	175.542	240.949	0.18823529411764706	0.3137254901960784	0.9725490196078431
G	C4_2	232.448	175.03	240.382	0.5647058823529412	0.5647058823529412	0.5647058823529412
