G	P_1	217.409	170.417	255.25	1.0	0.5019607843137255	0.0
G	OP1_1	218.342	170.328	254.086	1.0	0.050980392156862744	0.050980392156862744
G	OP2_1	217.964	170.575	256.617	1.0	0.050980392156862744	0.050980392156862744
G	O5'_1	216.38	171.604	254.99	1.0	0.050980392156862744	0.050980392156862744
G	C5'_1	215.679	171.706	253.736	0.5647058823529412	0.5647058823529412	0.5647058823529412
G	C4'_1	214.795	172.93	253.725	0.5647058823529412	0.5647058823529412	0.5647058823529412
G	O4'_1	213.679	172.755	254.641	1.0	0.050980392156862744	0.050980392156862744
G	C3'_1	215.438	174.224	254.194	0.5647058823529412	0.5647058823529412	0.5647058823529412
G	O3'_1	216.255	174.819	253.194	1.0	0.050980392156862744	0.050980392156862744
G	C2'_1	214.22	175.069	254.541	0.5647058823529412	0.5647058823529412	0.5647058823529412
G	O2'_1	213.58	175.612	253.404	1.0	0.050980392156862744	0.050980392156862744
G	C1'_1	213.298	174.021	255.169	0.5647058823529412	0.5647058823529412	0.5647058823529412
G	N9_1	213.396	173.98	256.628	0.18823529411764706	0.3137254901960784	0.9725490196078431
G	C8_1	214.068	173.054	257.395	0.5647058823529412	0.5647058823529412	0.5647058823529412
G	N7_1	213.971	173.283	258.678	0.18823529411764706	0.3137254901960784	0.9725490196078431
G	C5_1	213.189	174.429	258.767	0.5647058823529412	0.5647058823529412	0.5647058823529412
G	C6_1	212.741	175.149	259.907	0.5647058823529412	0.5647058823529412	0.5647058823529412
G	O6_1	212.957	174.907	261.107	1.0	0.050980392156862744	0.050980392156862744
G	N1_1	211.967	176.253	259.545	0.18823529411764706	0.3137254901960784	0.9725490196078431
G	C2_1	211.661	176.616	258.253	0.5647058823529412	0.5647058823529412	0.5647058823529412
G	N2_1	210.896	177.713	258.109	0.18823529411764706	0.3137254901960784	0.9725490196078431
G	N3_1	212.073	175.951	257.18	0.18823529411764706	0.3137254901960784	0.9725490196078431
G	C4_1	212.827	174.875	257.51	0.5647058823529412	0.5647058823529412	0.5647058823529412
C	P_2	207.666	180.608	267.602	1.0	0.5019607843137255	0.0
C	OP1_2	206.377	181.074	268.19	1.0	0.050980392156862744	0.050980392156862744
C	OP2_2	208.162	179.242	267.91	1.0	0.050980392156862744	0.050980392156862744
C	O5'_2	207.56	180.747	266.019	1.0	0.050980392156862744	0.050980392156862744
C	C5'_2	207.297	182.025	265.412	0.5647058823529412	0.5647058823529412	0.5647058823529412
C	C4'_2	207.435	181.931	263.913	0.5647058823529412	0.5647058823529412	0.5647058823529412
C	O4'_2	208.818	181.694	263.549	1.0	0.050980392156862744	0.050980392156862744
C	C3'_2	206.674	180.793	263.26	0.5647058823529412	0.5647058823529412	0.5647058823529412
C	O3'_2	205.303	181.139	263.111	1.0	0.050980392156862744	0.050980392156862744
C	C2'_2	207.421	180.626	261.943	0.5647058823529412	0.5647058823529412	0.5647058823529412
C	O2'_2	207.083	181.606	260.985	1.0	0.050980392156862744	0.050980392156862744
C	C1'_2	208.865	180.873	262.391	0.5647058823529412	0.5647058823529412	0.5647058823529412
C	N1_2	209.613	179.64	262.712	0.18823529411764706	0.3137254901960784	0.9725490196078431
C	C2_2	210.28	178.963	261.676	0.5647058823529412	0.5647058823529412	0.5647058823529412
C	O2_2	210.221	179.419	260.519	1.0	0.050980392156862744	0.050980392156862744
C	N3_2	210.971	177.837	261.966	0.18823529411764706	0.3137254901960784	0.9725490196078431
C	C4_2	211.016	177.382	263.224	0.5647058823529412	0.5647058823529412	0.5647058823529412
C	N4_2	211.71	176.273	263.46	0.18823529411764706	0.3137254901960784	0.9725490196078431
C	C5_2	210.349	178.049	264.294	0.5647058823529412	0.5647058823529412	0.5647058823529412
C	C6_2	209.665	179.162	263.995	0.5647058823529412	0.5647058823529412	0.5647058823529412
