C	P_1	261.279	219.885	237.789	1.0	0.5019607843137255	0.0
C	OP1_1	260.214	220.116	238.807	1.0	0.050980392156862744	0.050980392156862744
C	OP2_1	261.124	218.778	236.805	1.0	0.050980392156862744	0.050980392156862744
C	O5'_1	261.503	221.253	236.997	1.0	0.050980392156862744	0.050980392156862744
C	C5'_1	262.509	221.364	235.959	0.5647058823529412	0.5647058823529412	0.5647058823529412
C	C4'_1	263.376	222.583	236.193	0.5647058823529412	0.5647058823529412	0.5647058823529412
C	O4'_1	264.264	222.336	237.318	1.0	0.050980392156862744	0.050980392156862744
C	C3'_1	264.331	222.95	235.066	0.5647058823529412	0.5647058823529412	0.5647058823529412
C	O3'_1	263.668	223.703	234.05	1.0	0.050980392156862744	0.050980392156862744
C	C2'_1	265.379	223.789	235.787	0.5647058823529412	0.5647058823529412	0.5647058823529412
C	O2'_1	264.955	225.119	236.004	1.0	0.050980392156862744	0.050980392156862744
C	C1'_1	265.47	223.068	237.135	0.5647058823529412	0.5647058823529412	0.5647058823529412
C	N1_1	266.63	222.161	237.268	0.18823529411764706	0.3137254901960784	0.9725490196078431
C	C2_1	267.853	222.687	237.743	0.5647058823529412	0.5647058823529412	0.5647058823529412
C	O2_1	267.921	223.895	238.038	1.0	0.050980392156862744	0.050980392156862744
C	N3_1	268.922	221.864	237.868	0.18823529411764706	0.3137254901960784	0.9725490196078431
C	C4_1	268.813	220.572	237.545	0.5647058823529412	0.5647058823529412	0.5647058823529412
C	N4_1	269.891	219.8	237.684	0.18823529411764706	0.3137254901960784	0.9725490196078431
C	C5_1	267.591	220.014	237.064	0.5647058823529412	0.5647058823529412	0.5647058823529412
C	C6_1	266.536	220.835	236.941	0.5647058823529412	0.5647058823529412	0.5647058823529412
G	P_2	280.741	223.781	240.373	1.0	0.5019607843137255	0.0
G	OP1_2	281.776	224.54	241.136	1.0	0.050980392156862744	0.050980392156862744
G	OP2_2	280.415	222.385	240.767	1.0	0.050980392156862744	0.050980392156862744
G	O5'_2	279.395	224.637	240.371	1.0	0.050980392156862744	0.050980392156862744
G	C5'_2	279.413	226.036	240.024	0.5647058823529412	0.5647058823529412	0.5647058823529412
G	C4'_2	278.005	226.58	239.915	0.5647058823529412	0.5647058823529412	0.5647058823529412
G	O4'_2	277.31	225.976	238.79	1.0	0.050980392156862744	0.050980392156862744
G	C3'_2	277.072	226.327	241.089	0.5647058823529412	0.5647058823529412	0.5647058823529412
G	O3'_2	277.32	227.228	242.164	1.0	0.050980392156862744	0.050980392156862744
G	C2'_2	275.704	226.557	240.456	0.5647058823529412	0.5647058823529412	0.5647058823529412
G	O2'_2	275.383	227.927	240.341	1.0	0.050980392156862744	0.050980392156862744
G	C1'_2	275.912	225.97	239.053	0.5647058823529412	0.5647058823529412	0.5647058823529412
G	N9_2	275.402	224.607	238.911	0.18823529411764706	0.3137254901960784	0.9725490196078431
G	C8_2	276.124	223.435	238.948	0.5647058823529412	0.5647058823529412	0.5647058823529412
G	N7_2	275.381	222.368	238.802	0.18823529411764706	0.3137254901960784	0.9725490196078431
G	C5_2	274.089	222.863	238.659	0.5647058823529412	0.5647058823529412	0.5647058823529412
G	C6_2	272.852	222.177	238.475	0.5647058823529412	0.5647058823529412	0.5647058823529412
G	O6_2	272.653	220.956	238.406	1.0	0.050980392156862744	0.050980392156862744
G	N1_2	271.779	223.069	238.371	0.18823529411764706	0.3137254901960784	0.9725490196078431
G	C2_2	271.882	224.441	238.438	0.5647058823529412	0.5647058823529412	0.5647058823529412
G	N2_2	270.733	225.129	238.305	0.18823529411764706	0.3137254901960784	0.9725490196078431
G	N3_2	273.029	225.09	238.618	0.18823529411764706	0.3137254901960784	0.9725490196078431
G	C4_2	274.084	224.244	238.719	0.5647058823529412	0.5647058823529412	0.5647058823529412
