C	P_1	150.695	191.338	208.457	1.0	0.5019607843137255	0.0
C	OP1_1	151.953	190.735	208.976	1.0	0.050980392156862744	0.050980392156862744
C	OP2_1	150.354	191.197	207.016	1.0	0.050980392156862744	0.050980392156862744
C	O5'_1	149.476	190.762	209.305	1.0	0.050980392156862744	0.050980392156862744
C	C5'_1	149.464	190.841	210.745	0.5647058823529412	0.5647058823529412	0.5647058823529412
C	C4'_1	148.067	190.594	211.264	0.5647058823529412	0.5647058823529412	0.5647058823529412
C	O4'_1	147.194	191.656	210.801	1.0	0.050980392156862744	0.050980392156862744
C	C3'_1	147.409	189.312	210.775	0.5647058823529412	0.5647058823529412	0.5647058823529412
C	O3'_1	147.791	188.206	211.59	1.0	0.050980392156862744	0.050980392156862744
C	C2'_1	145.924	189.637	210.887	0.5647058823529412	0.5647058823529412	0.5647058823529412
C	O2'_1	145.425	189.481	212.201	1.0	0.050980392156862744	0.050980392156862744
C	C1'_1	145.909	191.125	210.515	0.5647058823529412	0.5647058823529412	0.5647058823529412
C	N1_1	145.578	191.42	209.104	0.18823529411764706	0.3137254901960784	0.9725490196078431
C	C2_1	144.232	191.582	208.748	0.5647058823529412	0.5647058823529412	0.5647058823529412
C	O2_1	143.358	191.495	209.629	1.0	0.050980392156862744	0.050980392156862744
C	N3_1	143.919	191.834	207.454	0.18823529411764706	0.3137254901960784	0.9725490196078431
C	C4_1	144.886	191.933	206.539	0.5647058823529412	0.5647058823529412	0.5647058823529412
C	N4_1	144.528	192.175	205.278	0.18823529411764706	0.3137254901960784	0.9725490196078431
C	C5_1	146.261	191.787	206.875	0.5647058823529412	0.5647058823529412	0.5647058823529412
C	C6_1	146.56	191.532	208.154	0.5647058823529412	0.5647058823529412	0.5647058823529412
G	P_2	133.418	190.659	201.722	1.0	0.5019607843137255	0.0
G	OP1_2	131.956	190.939	201.781	1.0	0.050980392156862744	0.050980392156862744
G	OP2_2	134.326	191.638	201.064	1.0	0.050980392156862744	0.050980392156862744
G	O5'_2	133.934	190.417	203.211	1.0	0.050980392156862744	0.050980392156862744
G	C5'_2	133.261	189.488	204.086	0.5647058823529412	0.5647058823529412	0.5647058823529412
G	C4'_2	134.065	189.276	205.35	0.5647058823529412	0.5647058823529412	0.5647058823529412
G	O4'_2	135.396	188.828	204.993	1.0	0.050980392156862744	0.050980392156862744
G	C3'_2	134.335	190.507	206.207	0.5647058823529412	0.5647058823529412	0.5647058823529412
G	O3'_2	133.218	190.797	207.052	1.0	0.050980392156862744	0.050980392156862744
G	C2'_2	135.546	190.065	207.027	0.5647058823529412	0.5647058823529412	0.5647058823529412
G	O2'_2	135.199	189.253	208.129	1.0	0.050980392156862744	0.050980392156862744
G	C1'_2	136.299	189.191	206.021	0.5647058823529412	0.5647058823529412	0.5647058823529412
G	N9_2	137.494	189.785	205.426	0.18823529411764706	0.3137254901960784	0.9725490196078431
G	C8_2	137.66	190.218	204.13	0.5647058823529412	0.5647058823529412	0.5647058823529412
G	N7_2	138.861	190.671	203.891	0.18823529411764706	0.3137254901960784	0.9725490196078431
G	C5_2	139.526	190.537	205.103	0.5647058823529412	0.5647058823529412	0.5647058823529412
G	C6_2	140.859	190.857	205.458	0.5647058823529412	0.5647058823529412	0.5647058823529412
G	O6_2	141.749	191.339	204.75	1.0	0.050980392156862744	0.050980392156862744
G	N1_2	141.118	190.562	206.791	0.18823529411764706	0.3137254901960784	0.9725490196078431
G	C2_2	140.211	190.028	207.672	0.5647058823529412	0.5647058823529412	0.5647058823529412
G	N2_2	140.65	189.815	208.919	0.18823529411764706	0.3137254901960784	0.9725490196078431
G	N3_2	138.966	189.724	207.354	0.18823529411764706	0.3137254901960784	0.9725490196078431
G	C4_2	138.693	190.001	206.062	0.5647058823529412	0.5647058823529412	0.5647058823529412
