G	P_1	269.649	216.433	163.668	1.0	0.5019607843137255	0.0
G	OP1_1	269.658	216.37	165.159	1.0	0.050980392156862744	0.050980392156862744
G	OP2_1	268.465	215.925	162.922	1.0	0.050980392156862744	0.050980392156862744
G	O5'_1	269.905	217.947	163.238	1.0	0.050980392156862744	0.050980392156862744
G	C5'_1	271.091	218.648	163.678	0.5647058823529412	0.5647058823529412	0.5647058823529412
G	C4'_1	271.249	219.949	162.919	0.5647058823529412	0.5647058823529412	0.5647058823529412
G	O4'_1	271.471	219.681	161.507	1.0	0.050980392156862744	0.050980392156862744
G	C3'_1	270.052	220.887	162.94	0.5647058823529412	0.5647058823529412	0.5647058823529412
G	O3'_1	270.041	221.662	164.134	1.0	0.050980392156862744	0.050980392156862744
G	C2'_1	270.284	221.744	161.699	0.5647058823529412	0.5647058823529412	0.5647058823529412
G	O2'_1	271.209	222.791	161.922	1.0	0.050980392156862744	0.050980392156862744
G	C1'_1	270.892	220.721	160.73	0.5647058823529412	0.5647058823529412	0.5647058823529412
G	N9_1	269.952	220.131	159.775	0.18823529411764706	0.3137254901960784	0.9725490196078431
G	C8_1	269.551	218.814	159.707	0.5647058823529412	0.5647058823529412	0.5647058823529412
G	N7_1	268.714	218.579	158.73	0.18823529411764706	0.3137254901960784	0.9725490196078431
G	C5_1	268.547	219.813	158.114	0.5647058823529412	0.5647058823529412	0.5647058823529412
G	C6_1	267.751	220.183	156.989	0.5647058823529412	0.5647058823529412	0.5647058823529412
G	O6_1	267.011	219.469	156.295	1.0	0.050980392156862744	0.050980392156862744
G	N1_1	267.878	221.542	156.698	0.18823529411764706	0.3137254901960784	0.9725490196078431
G	C2_1	268.66	222.433	157.399	0.5647058823529412	0.5647058823529412	0.5647058823529412
G	N2_1	268.647	223.703	156.964	0.18823529411764706	0.3137254901960784	0.9725490196078431
G	N3_1	269.403	222.102	158.45	0.18823529411764706	0.3137254901960784	0.9725490196078431
G	C4_1	269.302	220.785	158.749	0.5647058823529412	0.5647058823529412	0.5647058823529412
C	P_2	263.482	225.798	148.454	1.0	0.5019607843137255	0.0
C	OP1_2	263.604	226.808	147.366	1.0	0.050980392156862744	0.050980392156862744
C	OP2_2	263.577	224.352	148.125	1.0	0.050980392156862744	0.050980392156862744
C	O5'_2	264.569	226.133	149.572	1.0	0.050980392156862744	0.050980392156862744
C	C5'_2	264.708	227.476	150.091	0.5647058823529412	0.5647058823529412	0.5647058823529412
C	C4'_2	265.564	227.474	151.338	0.5647058823529412	0.5647058823529412	0.5647058823529412
C	O4'_2	264.908	226.688	152.366	1.0	0.050980392156862744	0.050980392156862744
C	C3'_2	266.95	226.851	151.213	0.5647058823529412	0.5647058823529412	0.5647058823529412
C	O3'_2	267.892	227.774	150.659	1.0	0.050980392156862744	0.050980392156862744
C	C2'_2	267.266	226.492	152.66	0.5647058823529412	0.5647058823529412	0.5647058823529412
C	O2'_2	267.696	227.599	153.426	1.0	0.050980392156862744	0.050980392156862744
C	C1'_2	265.889	226.048	153.166	0.5647058823529412	0.5647058823529412	0.5647058823529412
C	N1_2	265.688	224.587	153.102	0.18823529411764706	0.3137254901960784	0.9725490196078431
C	C2_2	266.088	223.805	154.2	0.5647058823529412	0.5647058823529412	0.5647058823529412
C	O2_2	266.567	224.367	155.2	1.0	0.050980392156862744	0.050980392156862744
C	N3_2	265.941	222.461	154.141	0.18823529411764706	0.3137254901960784	0.9725490196078431
C	C4_2	265.416	221.892	153.052	0.5647058823529412	0.5647058823529412	0.5647058823529412
C	N4_2	265.31	220.563	153.037	0.18823529411764706	0.3137254901960784	0.9725490196078431
C	C5_2	264.983	222.662	151.93	0.5647058823529412	0.5647058823529412	0.5647058823529412
C	C6_2	265.135	223.993	151.997	0.5647058823529412	0.5647058823529412	0.5647058823529412
