C	P_1	266.533	218.519	278.632	1.0	0.5019607843137255	0.0
C	OP1_1	266.876	219.37	279.809	1.0	0.050980392156862744	0.050980392156862744
C	OP2_1	266.665	217.038	278.733	1.0	0.050980392156862744	0.050980392156862744
C	O5'_1	265.043	218.862	278.184	1.0	0.050980392156862744	0.050980392156862744
C	C5'_1	263.953	217.997	278.538	0.5647058823529412	0.5647058823529412	0.5647058823529412
C	C4'_1	262.927	217.975	277.432	0.5647058823529412	0.5647058823529412	0.5647058823529412
C	O4'_1	263.553	217.565	276.187	1.0	0.050980392156862744	0.050980392156862744
C	C3'_1	261.805	216.971	277.626	0.5647058823529412	0.5647058823529412	0.5647058823529412
C	O3'_1	260.8	217.471	278.5	1.0	0.050980392156862744	0.050980392156862744
C	C2'_1	261.311	216.761	276.201	0.5647058823529412	0.5647058823529412	0.5647058823529412
C	O2'_1	260.479	217.807	275.729	1.0	0.050980392156862744	0.050980392156862744
C	C1'_1	262.634	216.785	275.431	0.5647058823529412	0.5647058823529412	0.5647058823529412
C	N1_1	263.206	215.437	275.225	0.18823529411764706	0.3137254901960784	0.9725490196078431
C	C2_1	262.673	214.623	274.207	0.5647058823529412	0.5647058823529412	0.5647058823529412
C	O2_1	261.74	215.06	273.51	1.0	0.050980392156862744	0.050980392156862744
C	N3_1	263.191	213.39	274.014	0.18823529411764706	0.3137254901960784	0.9725490196078431
C	C4_1	264.196	212.959	274.783	0.5647058823529412	0.5647058823529412	0.5647058823529412
C	N4_1	264.675	211.736	274.555	0.18823529411764706	0.3137254901960784	0.9725490196078431
C	C5_1	264.755	213.762	275.819	0.5647058823529412	0.5647058823529412	0.5647058823529412
C	C6_1	264.235	214.981	276.004	0.5647058823529412	0.5647058823529412	0.5647058823529412
G	P_2	260.277	206.077	266.176	1.0	0.5019607843137255	0.0
G	OP1_2	259.834	206.025	264.754	1.0	0.050980392156862744	0.050980392156862744
G	OP2_2	261.692	206.401	266.49	1.0	0.050980392156862744	0.050980392156862744
G	O5'_2	259.35	207.119	266.949	1.0	0.050980392156862744	0.050980392156862744
G	C5'_2	257.909	207.06	266.845	0.5647058823529412	0.5647058823529412	0.5647058823529412
G	C4'_2	257.284	208.238	267.564	0.5647058823529412	0.5647058823529412	0.5647058823529412
G	O4'_2	257.507	208.122	268.995	1.0	0.050980392156862744	0.050980392156862744
G	C3'_2	257.852	209.6	267.199	0.5647058823529412	0.5647058823529412	0.5647058823529412
G	O3'_2	257.26	210.099	266.005	1.0	0.050980392156862744	0.050980392156862744
G	C2'_2	257.515	210.435	268.429	0.5647058823529412	0.5647058823529412	0.5647058823529412
G	O2'_2	256.17	210.867	268.447	1.0	0.050980392156862744	0.050980392156862744
G	C1'_2	257.719	209.412	269.552	0.5647058823529412	0.5647058823529412	0.5647058823529412
G	N9_2	259.053	209.438	270.153	0.18823529411764706	0.3137254901960784	0.9725490196078431
G	C8_2	260.029	208.472	270.045	0.5647058823529412	0.5647058823529412	0.5647058823529412
G	N7_2	261.117	208.761	270.705	0.18823529411764706	0.3137254901960784	0.9725490196078431
G	C5_2	260.85	209.994	271.283	0.5647058823529412	0.5647058823529412	0.5647058823529412
G	C6_2	261.658	210.806	272.113	0.5647058823529412	0.5647058823529412	0.5647058823529412
G	O6_2	262.804	210.583	272.522	1.0	0.050980392156862744	0.050980392156862744
G	N1_2	261.005	211.984	272.471	0.18823529411764706	0.3137254901960784	0.9725490196078431
G	C2_2	259.736	212.334	272.08	0.5647058823529412	0.5647058823529412	0.5647058823529412
G	N2_2	259.283	213.515	272.526	0.18823529411764706	0.3137254901960784	0.9725490196078431
G	N3_2	258.966	211.58	271.306	0.18823529411764706	0.3137254901960784	0.9725490196078431
G	C4_2	259.582	210.431	270.948	0.5647058823529412	0.5647058823529412	0.5647058823529412
