C	P_1	266.838	244.137	232.814	1.0	0.5019607843137255	0.0
C	OP1_1	268.2	244.526	233.27	1.0	0.050980392156862744	0.050980392156862744
C	OP2_1	266.313	242.781	233.139	1.0	0.050980392156862744	0.050980392156862744
C	O5'_1	265.805	245.224	233.353	1.0	0.050980392156862744	0.050980392156862744
C	C5'_1	264.399	245.156	233.021	0.5647058823529412	0.5647058823529412	0.5647058823529412
C	C4'_1	263.873	246.537	232.714	0.5647058823529412	0.5647058823529412	0.5647058823529412
C	O4'_1	264.461	247.013	231.473	1.0	0.050980392156862744	0.050980392156862744
C	C3'_1	262.377	246.641	232.472	0.5647058823529412	0.5647058823529412	0.5647058823529412
C	O3'_1	261.668	246.712	233.705	1.0	0.050980392156862744	0.050980392156862744
C	C2'_1	262.269	247.928	231.664	0.5647058823529412	0.5647058823529412	0.5647058823529412
C	O2'_1	262.362	249.092	232.463	1.0	0.050980392156862744	0.050980392156862744
C	C1'_1	263.519	247.828	230.786	0.5647058823529412	0.5647058823529412	0.5647058823529412
C	N1_1	263.269	247.252	229.447	0.18823529411764706	0.3137254901960784	0.9725490196078431
C	C2_1	262.713	248.077	228.451	0.5647058823529412	0.5647058823529412	0.5647058823529412
C	O2_1	262.436	249.259	228.729	1.0	0.050980392156862744	0.050980392156862744
C	N3_1	262.494	247.563	227.218	0.18823529411764706	0.3137254901960784	0.9725490196078431
C	C4_1	262.805	246.29	226.959	0.5647058823529412	0.5647058823529412	0.5647058823529412
C	N4_1	262.577	245.83	225.728	0.18823529411764706	0.3137254901960784	0.9725490196078431
C	C5_1	263.363	245.431	227.951	0.5647058823529412	0.5647058823529412	0.5647058823529412
C	C6_1	263.575	245.947	229.168	0.5647058823529412	0.5647058823529412	0.5647058823529412
G	P_2	257.961	251.223	217.03	1.0	0.5019607843137255	0.0
G	OP1_2	258.043	252.192	215.899	1.0	0.050980392156862744	0.050980392156862744
G	OP2_2	258.768	249.975	216.985	1.0	0.050980392156862744	0.050980392156862744
G	O5'_2	258.316	251.998	218.378	1.0	0.050980392156862744	0.050980392156862744
G	C5'_2	257.688	253.255	218.697	0.5647058823529412	0.5647058823529412	0.5647058823529412
G	C4'_2	257.928	253.611	220.149	0.5647058823529412	0.5647058823529412	0.5647058823529412
G	O4'_2	257.405	252.551	220.994	1.0	0.050980392156862744	0.050980392156862744
G	C3'_2	259.38	253.746	220.588	0.5647058823529412	0.5647058823529412	0.5647058823529412
G	O3'_2	259.909	255.036	220.276	1.0	0.050980392156862744	0.050980392156862744
G	C2'_2	259.288	253.514	222.092	0.5647058823529412	0.5647058823529412	0.5647058823529412
G	O2'_2	258.866	254.655	222.813	1.0	0.050980392156862744	0.050980392156862744
G	C1'_2	258.203	252.437	222.163	0.5647058823529412	0.5647058823529412	0.5647058823529412
G	N9_2	258.749	251.085	222.24	0.18823529411764706	0.3137254901960784	0.9725490196078431
G	C8_2	258.726	250.108	221.268	0.5647058823529412	0.5647058823529412	0.5647058823529412
G	N7_2	259.298	248.996	221.645	0.18823529411764706	0.3137254901960784	0.9725490196078431
G	C5_2	259.725	249.251	222.942	0.5647058823529412	0.5647058823529412	0.5647058823529412
G	C6_2	260.408	248.417	223.864	0.5647058823529412	0.5647058823529412	0.5647058823529412
G	O6_2	260.787	247.25	223.708	1.0	0.050980392156862744	0.050980392156862744
G	N1_2	260.645	249.073	225.072	0.18823529411764706	0.3137254901960784	0.9725490196078431
G	C2_2	260.272	250.366	225.357	0.5647058823529412	0.5647058823529412	0.5647058823529412
G	N2_2	260.582	250.82	226.586	0.18823529411764706	0.3137254901960784	0.9725490196078431
G	N3_2	259.637	251.157	224.503	0.18823529411764706	0.3137254901960784	0.9725490196078431
G	C4_2	259.396	250.537	223.323	0.5647058823529412	0.5647058823529412	0.5647058823529412
