G	P_1	161.35	244.175	212.275	1.0	0.5019607843137255	0.0
G	OP1_1	162.697	243.816	211.737	1.0	0.050980392156862744	0.050980392156862744
G	OP2_1	160.373	244.882	211.399	1.0	0.050980392156862744	0.050980392156862744
G	O5'_1	160.651	242.838	212.796	1.0	0.050980392156862744	0.050980392156862744
G	C5'_1	159.541	242.885	213.72	0.5647058823529412	0.5647058823529412	0.5647058823529412
G	C4'_1	158.502	241.834	213.368	0.5647058823529412	0.5647058823529412	0.5647058823529412
G	O4'_1	157.805	242.199	212.142	1.0	0.050980392156862744	0.050980392156862744
G	C3'_1	159.008	240.423	213.095	0.5647058823529412	0.5647058823529412	0.5647058823529412
G	O3'_1	159.293	239.686	214.283	1.0	0.050980392156862744	0.050980392156862744
G	C2'_1	157.858	239.827	212.29	0.5647058823529412	0.5647058823529412	0.5647058823529412
G	O2'_1	156.759	239.44	213.088	1.0	0.050980392156862744	0.050980392156862744
G	C1'_1	157.465	241.021	211.417	0.5647058823529412	0.5647058823529412	0.5647058823529412
G	N9_1	158.215	241.024	210.165	0.18823529411764706	0.3137254901960784	0.9725490196078431
G	C8_1	159.295	241.814	209.847	0.5647058823529412	0.5647058823529412	0.5647058823529412
G	N7_1	159.774	241.578	208.654	0.18823529411764706	0.3137254901960784	0.9725490196078431
G	C5_1	158.959	240.574	208.15	0.5647058823529412	0.5647058823529412	0.5647058823529412
G	C6_1	158.996	239.908	206.895	0.5647058823529412	0.5647058823529412	0.5647058823529412
G	O6_1	159.787	240.081	205.957	1.0	0.050980392156862744	0.050980392156862744
G	N1_1	157.983	238.951	206.789	0.18823529411764706	0.3137254901960784	0.9725490196078431
G	C2_1	157.053	238.669	207.771	0.5647058823529412	0.5647058823529412	0.5647058823529412
G	N2_1	156.154	237.711	207.482	0.18823529411764706	0.3137254901960784	0.9725490196078431
G	N3_1	157.012	239.286	208.952	0.18823529411764706	0.3137254901960784	0.9725490196078431
G	C4_1	157.988	240.22	209.069	0.5647058823529412	0.5647058823529412	0.5647058823529412
C	P_2	157.49	234.855	197.628	1.0	0.5019607843137255	0.0
C	OP1_2	156.715	234.285	196.483	1.0	0.050980392156862744	0.050980392156862744
C	OP2_2	157.984	236.254	197.553	1.0	0.050980392156862744	0.050980392156862744
C	O5'_2	156.616	234.702	198.956	1.0	0.050980392156862744	0.050980392156862744
C	C5'_2	156.08	233.417	199.355	0.5647058823529412	0.5647058823529412	0.5647058823529412
C	C4'_2	155.54	233.488	200.77	0.5647058823529412	0.5647058823529412	0.5647058823529412
C	O4'_2	156.628	233.746	201.697	1.0	0.050980392156862744	0.050980392156862744
C	C3'_2	154.537	234.602	201.049	0.5647058823529412	0.5647058823529412	0.5647058823529412
C	O3'_2	153.216	234.233	200.649	1.0	0.050980392156862744	0.050980392156862744
C	C2'_2	154.657	234.779	202.558	0.5647058823529412	0.5647058823529412	0.5647058823529412
C	O2'_2	153.943	233.794	203.282	1.0	0.050980392156862744	0.050980392156862744
C	C1'_2	156.158	234.555	202.768	0.5647058823529412	0.5647058823529412	0.5647058823529412
C	N1_2	156.968	235.789	202.822	0.18823529411764706	0.3137254901960784	0.9725490196078431
C	C2_2	157.238	236.378	204.079	0.5647058823529412	0.5647058823529412	0.5647058823529412
C	O2_2	156.734	235.883	205.104	1.0	0.050980392156862744	0.050980392156862744
C	N3_2	158.04	237.471	204.136	0.18823529411764706	0.3137254901960784	0.9725490196078431
C	C4_2	158.556	237.982	203.011	0.5647058823529412	0.5647058823529412	0.5647058823529412
C	N4_2	159.375	239.035	203.116	0.18823529411764706	0.3137254901960784	0.9725490196078431
C	C5_2	158.265	237.43	201.725	0.5647058823529412	0.5647058823529412	0.5647058823529412
C	C6_2	157.474	236.347	201.679	0.5647058823529412	0.5647058823529412	0.5647058823529412
