G	P_1	117.123	189.195	205.06	1.0	0.5019607843137255	0.0
G	OP1_1	116.536	189.735	206.322	1.0	0.050980392156862744	0.050980392156862744
G	OP2_1	118.219	188.186	205.128	1.0	0.050980392156862744	0.050980392156862744
G	O5'_1	115.939	188.578	204.19	1.0	0.050980392156862744	0.050980392156862744
G	C5'_1	115.555	187.199	204.335	0.5647058823529412	0.5647058823529412	0.5647058823529412
G	C4'_1	114.762	186.757	203.128	0.5647058823529412	0.5647058823529412	0.5647058823529412
G	O4'_1	115.554	186.971	201.928	1.0	0.050980392156862744	0.050980392156862744
G	C3'_1	114.388	185.283	203.083	0.5647058823529412	0.5647058823529412	0.5647058823529412
G	O3'_1	113.199	185.038	203.845	1.0	0.050980392156862744	0.050980392156862744
G	C2'_1	114.198	185.044	201.587	0.5647058823529412	0.5647058823529412	0.5647058823529412
G	O2'_1	112.949	185.504	201.104	1.0	0.050980392156862744	0.050980392156862744
G	C1'_1	115.303	185.93	200.998	0.5647058823529412	0.5647058823529412	0.5647058823529412
G	N9_1	116.566	185.244	200.729	0.18823529411764706	0.3137254901960784	0.9725490196078431
G	C8_1	117.781	185.492	201.327	0.5647058823529412	0.5647058823529412	0.5647058823529412
G	N7_1	118.742	184.731	200.877	0.18823529411764706	0.3137254901960784	0.9725490196078431
G	C5_1	118.13	183.932	199.922	0.5647058823529412	0.5647058823529412	0.5647058823529412
G	C6_1	118.671	182.919	199.098	0.5647058823529412	0.5647058823529412	0.5647058823529412
G	O6_1	119.841	182.515	199.044	1.0	0.050980392156862744	0.050980392156862744
G	N1_1	117.7	182.356	198.273	0.18823529411764706	0.3137254901960784	0.9725490196078431
G	C2_1	116.383	182.723	198.245	0.5647058823529412	0.5647058823529412	0.5647058823529412
G	N2_1	115.606	182.06	197.38	0.18823529411764706	0.3137254901960784	0.9725490196078431
G	N3_1	115.862	183.67	199.009	0.18823529411764706	0.3137254901960784	0.9725490196078431
G	C4_1	116.787	184.23	199.819	0.5647058823529412	0.5647058823529412	0.5647058823529412
C	P_2	121.284	176.521	190.914	1.0	0.5019607843137255	0.0
C	OP1_2	121.16	176.114	189.486	1.0	0.050980392156862744	0.050980392156862744
C	OP2_2	122.399	177.426	191.326	1.0	0.050980392156862744	0.050980392156862744
C	O5'_2	119.905	177.185	191.367	1.0	0.050980392156862744	0.050980392156862744
C	C5'_2	118.645	176.524	191.13	0.5647058823529412	0.5647058823529412	0.5647058823529412
C	C4'_2	117.531	177.23	191.876	0.5647058823529412	0.5647058823529412	0.5647058823529412
C	O4'_2	117.802	177.173	193.301	1.0	0.050980392156862744	0.050980392156862744
C	C3'_2	117.352	178.713	191.579	0.5647058823529412	0.5647058823529412	0.5647058823529412
C	O3'_2	116.558	178.902	190.41	1.0	0.050980392156862744	0.050980392156862744
C	C2'_2	116.669	179.223	192.843	0.5647058823529412	0.5647058823529412	0.5647058823529412
C	O2'_2	115.282	178.964	192.865	1.0	0.050980392156862744	0.050980392156862744
C	C1'_2	117.354	178.372	193.92	0.5647058823529412	0.5647058823529412	0.5647058823529412
C	N1_2	118.507	179.003	194.601	0.18823529411764706	0.3137254901960784	0.9725490196078431
C	C2_2	118.291	179.705	195.808	0.5647058823529412	0.5647058823529412	0.5647058823529412
C	O2_2	117.135	179.79	196.264	1.0	0.050980392156862744	0.050980392156862744
C	N3_2	119.353	180.267	196.439	0.18823529411764706	0.3137254901960784	0.9725490196078431
C	C4_2	120.582	180.154	195.916	0.5647058823529412	0.5647058823529412	0.5647058823529412
C	N4_2	121.596	180.722	196.572	0.18823529411764706	0.3137254901960784	0.9725490196078431
C	C5_2	120.824	179.454	194.697	0.5647058823529412	0.5647058823529412	0.5647058823529412
C	C6_2	119.771	178.902	194.079	0.5647058823529412	0.5647058823529412	0.5647058823529412
