G	P_1	203.632	114.861	181.529	1.0	0.5019607843137255	0.0
G	OP1_1	205.012	114.381	181.238	1.0	0.050980392156862744	0.050980392156862744
G	OP2_1	203.378	115.667	182.754	1.0	0.050980392156862744	0.050980392156862744
G	O5'_1	203.114	115.683	180.266	1.0	0.050980392156862744	0.050980392156862744
G	C5'_1	202.753	115.004	179.047	0.5647058823529412	0.5647058823529412	0.5647058823529412
G	C4'_1	201.689	115.783	178.307	0.5647058823529412	0.5647058823529412	0.5647058823529412
G	O4'_1	200.483	115.883	179.109	1.0	0.050980392156862744	0.050980392156862744
G	C3'_1	202.041	117.223	177.983	0.5647058823529412	0.5647058823529412	0.5647058823529412
G	O3'_1	202.88	117.275	176.829	1.0	0.050980392156862744	0.050980392156862744
G	C2'_1	200.665	117.854	177.781	0.5647058823529412	0.5647058823529412	0.5647058823529412
G	O2'_1	200.107	117.591	176.51	1.0	0.050980392156862744	0.050980392156862744
G	C1'_1	199.838	117.123	178.846	0.5647058823529412	0.5647058823529412	0.5647058823529412
G	N9_1	199.719	117.864	180.1	0.18823529411764706	0.3137254901960784	0.9725490196078431
G	C8_1	200.5	117.73	181.225	0.5647058823529412	0.5647058823529412	0.5647058823529412
G	N7_1	200.168	118.554	182.183	0.18823529411764706	0.3137254901960784	0.9725490196078431
G	C5_1	199.1	119.277	181.663	0.5647058823529412	0.5647058823529412	0.5647058823529412
G	C6_1	198.321	120.325	182.244	0.5647058823529412	0.5647058823529412	0.5647058823529412
G	O6_1	198.428	120.838	183.37	1.0	0.050980392156862744	0.050980392156862744
G	N1_1	197.333	120.772	181.369	0.18823529411764706	0.3137254901960784	0.9725490196078431
G	C2_1	197.117	120.276	180.103	0.5647058823529412	0.5647058823529412	0.5647058823529412
G	N2_1	196.104	120.828	179.421	0.18823529411764706	0.3137254901960784	0.9725490196078431
G	N3_1	197.838	119.306	179.55	0.18823529411764706	0.3137254901960784	0.9725490196078431
G	C4_1	198.804	118.857	180.381	0.5647058823529412	0.5647058823529412	0.5647058823529412
C	P_2	190.581	128.227	184.755	1.0	0.5019607843137255	0.0
C	OP1_2	189.128	128.554	184.699	1.0	0.050980392156862744	0.050980392156862744
C	OP2_2	191.172	127.725	186.025	1.0	0.050980392156862744	0.050980392156862744
C	O5'_2	190.901	127.168	183.61	1.0	0.050980392156862744	0.050980392156862744
C	C5'_2	190.536	127.437	182.243	0.5647058823529412	0.5647058823529412	0.5647058823529412
C	C4'_2	191.024	126.331	181.339	0.5647058823529412	0.5647058823529412	0.5647058823529412
C	O4'_2	192.472	126.357	181.234	1.0	0.050980392156862744	0.050980392156862744
C	C3'_2	190.741	124.915	181.802	0.5647058823529412	0.5647058823529412	0.5647058823529412
C	O3'_2	189.387	124.548	181.584	1.0	0.050980392156862744	0.050980392156862744
C	C2'_2	191.719	124.115	180.953	0.5647058823529412	0.5647058823529412	0.5647058823529412
C	O2'_2	191.284	123.941	179.618	1.0	0.050980392156862744	0.050980392156862744
C	C1'_2	192.938	125.042	180.956	0.5647058823529412	0.5647058823529412	0.5647058823529412
C	N1_2	193.954	124.65	181.957	0.18823529411764706	0.3137254901960784	0.9725490196078431
C	C2_2	194.858	123.61	181.63	0.5647058823529412	0.5647058823529412	0.5647058823529412
C	O2_2	194.791	123.079	180.509	1.0	0.050980392156862744	0.050980392156862744
C	N3_2	195.773	123.223	182.543	0.18823529411764706	0.3137254901960784	0.9725490196078431
C	C4_2	195.822	123.823	183.736	0.5647058823529412	0.5647058823529412	0.5647058823529412
C	N4_2	196.734	123.39	184.606	0.18823529411764706	0.3137254901960784	0.9725490196078431
C	C5_2	194.932	124.89	184.091	0.5647058823529412	0.5647058823529412	0.5647058823529412
C	C6_2	194.023	125.265	183.18	0.5647058823529412	0.5647058823529412	0.5647058823529412
