G	P_1	133.557	176.215	223.306	1.0	0.5019607843137255	0.0
G	OP1_1	132.117	176.54	223.089	1.0	0.050980392156862744	0.050980392156862744
G	OP2_1	134.578	176.71	222.339	1.0	0.050980392156862744	0.050980392156862744
G	O5'_1	133.966	176.722	224.759	1.0	0.050980392156862744	0.050980392156862744
G	C5'_1	133.263	176.257	225.935	0.5647058823529412	0.5647058823529412	0.5647058823529412
G	C4'_1	134.075	176.559	227.175	0.5647058823529412	0.5647058823529412	0.5647058823529412
G	O4'_1	135.3	175.762	227.166	1.0	0.050980392156862744	0.050980392156862744
G	C3'_1	134.582	177.992	227.277	0.5647058823529412	0.5647058823529412	0.5647058823529412
G	O3'_1	133.594	178.927	227.705	1.0	0.050980392156862744	0.050980392156862744
G	C2'_1	135.776	177.84	228.211	0.5647058823529412	0.5647058823529412	0.5647058823529412
G	O2'_1	135.421	177.695	229.574	1.0	0.050980392156862744	0.050980392156862744
G	C1'_1	136.382	176.539	227.675	0.5647058823529412	0.5647058823529412	0.5647058823529412
G	N9_1	137.311	176.818	226.577	0.18823529411764706	0.3137254901960784	0.9725490196078431
G	C8_1	137.156	176.515	225.233	0.5647058823529412	0.5647058823529412	0.5647058823529412
G	N7_1	138.158	176.921	224.495	0.18823529411764706	0.3137254901960784	0.9725490196078431
G	C5_1	139.03	177.526	225.399	0.5647058823529412	0.5647058823529412	0.5647058823529412
G	C6_1	140.297	178.158	225.186	0.5647058823529412	0.5647058823529412	0.5647058823529412
G	O6_1	140.917	178.308	224.118	1.0	0.050980392156862744	0.050980392156862744
G	N1_1	140.84	178.639	226.386	0.18823529411764706	0.3137254901960784	0.9725490196078431
G	C2_1	140.247	178.529	227.63	0.5647058823529412	0.5647058823529412	0.5647058823529412
G	N2_1	140.93	179.058	228.67	0.18823529411764706	0.3137254901960784	0.9725490196078431
G	N3_1	139.07	177.943	227.84	0.18823529411764706	0.3137254901960784	0.9725490196078431
G	C4_1	138.524	177.468	226.69	0.5647058823529412	0.5647058823529412	0.5647058823529412
C	P_2	150.728	179.784	226.771	1.0	0.5019607843137255	0.0
C	OP1_2	152.088	179.443	227.285	1.0	0.050980392156862744	0.050980392156862744
C	OP2_2	150.167	179.024	225.625	1.0	0.050980392156862744	0.050980392156862744
C	O5'_2	149.686	179.681	227.978	1.0	0.050980392156862744	0.050980392156862744
C	C5'_2	149.957	180.284	229.267	0.5647058823529412	0.5647058823529412	0.5647058823529412
C	C4'_2	148.697	180.299	230.111	0.5647058823529412	0.5647058823529412	0.5647058823529412
C	O4'_2	147.678	181.073	229.42	1.0	0.050980392156862744	0.050980392156862744
C	C3'_2	148.045	178.943	230.364	0.5647058823529412	0.5647058823529412	0.5647058823529412
C	O3'_2	148.642	178.3	231.494	1.0	0.050980392156862744	0.050980392156862744
C	C2'_2	146.585	179.314	230.61	0.5647058823529412	0.5647058823529412	0.5647058823529412
C	O2'_2	146.344	179.756	231.931	1.0	0.050980392156862744	0.050980392156862744
C	C1'_2	146.399	180.498	229.65	0.5647058823529412	0.5647058823529412	0.5647058823529412
C	N1_2	145.768	180.194	228.341	0.18823529411764706	0.3137254901960784	0.9725490196078431
C	C2_2	144.358	180.063	228.269	0.5647058823529412	0.5647058823529412	0.5647058823529412
C	O2_2	143.678	180.193	229.306	1.0	0.050980392156862744	0.050980392156862744
C	N3_2	143.783	179.803	227.067	0.18823529411764706	0.3137254901960784	0.9725490196078431
C	C4_2	144.546	179.674	225.971	0.5647058823529412	0.5647058823529412	0.5647058823529412
C	N4_2	143.937	179.421	224.81	0.18823529411764706	0.3137254901960784	0.9725490196078431
C	C5_2	145.972	179.797	226.019	0.5647058823529412	0.5647058823529412	0.5647058823529412
C	C6_2	146.533	180.053	227.21	0.5647058823529412	0.5647058823529412	0.5647058823529412
