G	P_1	246.472	123.575	240.111	1.0	0.5019607843137255	0.0
G	OP1_1	247.421	122.492	240.498	1.0	0.050980392156862744	0.050980392156862744
G	OP2_1	245.24	123.227	239.35	1.0	0.050980392156862744	0.050980392156862744
G	O5'_1	246.002	124.366	241.416	1.0	0.050980392156862744	0.050980392156862744
G	C5'_1	246.349	123.936	242.754	0.5647058823529412	0.5647058823529412	0.5647058823529412
G	C4'_1	247.23	124.97	243.426	0.5647058823529412	0.5647058823529412	0.5647058823529412
G	O4'_1	247.098	126.263	242.768	1.0	0.050980392156862744	0.050980392156862744
G	C3'_1	246.911	125.277	244.88	0.5647058823529412	0.5647058823529412	0.5647058823529412
G	O3'_1	247.411	124.306	245.796	1.0	0.050980392156862744	0.050980392156862744
G	C2'_1	247.56	126.645	245.068	0.5647058823529412	0.5647058823529412	0.5647058823529412
G	O2'_1	248.96	126.579	245.265	1.0	0.050980392156862744	0.050980392156862744
G	C1'_1	247.256	127.307	243.723	0.5647058823529412	0.5647058823529412	0.5647058823529412
G	N9_1	246.031	128.105	243.744	0.18823529411764706	0.3137254901960784	0.9725490196078431
G	C8_1	244.78	127.693	243.357	0.5647058823529412	0.5647058823529412	0.5647058823529412
G	N7_1	243.868	128.617	243.493	0.18823529411764706	0.3137254901960784	0.9725490196078431
G	C5_1	244.555	129.711	243.999	0.5647058823529412	0.5647058823529412	0.5647058823529412
G	C6_1	244.086	131.003	244.353	0.5647058823529412	0.5647058823529412	0.5647058823529412
G	O6_1	242.932	131.448	244.288	1.0	0.050980392156862744	0.050980392156862744
G	N1_1	245.117	131.81	244.826	0.18823529411764706	0.3137254901960784	0.9725490196078431
G	C2_1	246.43	131.427	244.947	0.5647058823529412	0.5647058823529412	0.5647058823529412
G	N2_1	247.272	132.355	245.425	0.18823529411764706	0.3137254901960784	0.9725490196078431
G	N3_1	246.883	130.22	244.623	0.18823529411764706	0.3137254901960784	0.9725490196078431
G	C4_1	245.895	129.417	244.159	0.5647058823529412	0.5647058823529412	0.5647058823529412
C	P_2	241.734	141.291	245.515	1.0	0.5019607843137255	0.0
C	OP1_2	242.263	142.63	245.13	1.0	0.050980392156862744	0.050980392156862744
C	OP2_2	240.801	140.579	244.601	1.0	0.050980392156862744	0.050980392156862744
C	O5'_2	242.964	140.322	245.809	1.0	0.050980392156862744	0.050980392156862744
C	C5'_2	244.093	140.767	246.589	0.5647058823529412	0.5647058823529412	0.5647058823529412
C	C4'_2	245.183	139.72	246.569	0.5647058823529412	0.5647058823529412	0.5647058823529412
C	O4'_2	244.674	138.502	247.17	1.0	0.050980392156862744	0.050980392156862744
C	C3'_2	245.671	139.288	245.192	0.5647058823529412	0.5647058823529412	0.5647058823529412
C	O3'_2	246.679	140.179	244.709	1.0	0.050980392156862744	0.050980392156862744
C	C2'_2	246.226	137.893	245.458	0.5647058823529412	0.5647058823529412	0.5647058823529412
C	O2'_2	247.535	137.913	245.993	1.0	0.050980392156862744	0.050980392156862744
C	C1'_2	245.258	137.38	246.529	0.5647058823529412	0.5647058823529412	0.5647058823529412
C	N1_2	244.184	136.5	246.033	0.18823529411764706	0.3137254901960784	0.9725490196078431
C	C2_2	244.458	135.132	245.86	0.5647058823529412	0.5647058823529412	0.5647058823529412
C	O2_2	245.6	134.705	246.118	1.0	0.050980392156862744	0.050980392156862744
C	N3_2	243.473	134.316	245.419	0.18823529411764706	0.3137254901960784	0.9725490196078431
C	C4_2	242.262	134.814	245.153	0.5647058823529412	0.5647058823529412	0.5647058823529412
C	N4_2	241.324	133.972	244.725	0.18823529411764706	0.3137254901960784	0.9725490196078431
C	C5_2	241.959	136.197	245.316	0.5647058823529412	0.5647058823529412	0.5647058823529412
C	C6_2	242.939	136.996	245.752	0.5647058823529412	0.5647058823529412	0.5647058823529412
