G	P_1	237.079	213.723	185.779	1.0	0.5019607843137255	0.0
G	OP1_1	236.425	213.359	187.066	1.0	0.050980392156862744	0.050980392156862744
G	OP2_1	236.249	214.181	184.633	1.0	0.050980392156862744	0.050980392156862744
G	O5'_1	238.156	214.849	186.094	1.0	0.050980392156862744	0.050980392156862744
G	C5'_1	238.917	214.818	187.315	0.5647058823529412	0.5647058823529412	0.5647058823529412
G	C4'_1	239.615	216.133	187.515	0.5647058823529412	0.5647058823529412	0.5647058823529412
G	O4'_1	240.723	216.257	186.581	1.0	0.050980392156862744	0.050980392156862744
G	C3'_1	238.754	217.347	187.226	0.5647058823529412	0.5647058823529412	0.5647058823529412
G	O3'_1	237.882	217.63	188.312	1.0	0.050980392156862744	0.050980392156862744
G	C2'_1	239.8	218.421	186.95	0.5647058823529412	0.5647058823529412	0.5647058823529412
G	O2'_1	240.385	218.936	188.132	1.0	0.050980392156862744	0.050980392156862744
G	C1'_1	240.851	217.614	186.178	0.5647058823529412	0.5647058823529412	0.5647058823529412
G	N9_1	240.713	217.691	184.722	0.18823529411764706	0.3137254901960784	0.9725490196078431
G	C8_1	240.001	216.846	183.893	0.5647058823529412	0.5647058823529412	0.5647058823529412
G	N7_1	240.066	217.187	182.629	0.18823529411764706	0.3137254901960784	0.9725490196078431
G	C5_1	240.869	218.323	182.621	0.5647058823529412	0.5647058823529412	0.5647058823529412
G	C6_1	241.293	219.147	181.537	0.5647058823529412	0.5647058823529412	0.5647058823529412
G	O6_1	241.028	219.033	180.331	1.0	0.050980392156862744	0.050980392156862744
G	N1_1	242.104	220.195	181.977	0.18823529411764706	0.3137254901960784	0.9725490196078431
G	C2_1	242.462	220.425	183.29	0.5647058823529412	0.5647058823529412	0.5647058823529412
G	N2_1	243.261	221.483	183.52	0.18823529411764706	0.3137254901960784	0.9725490196078431
G	N3_1	242.067	219.67	184.307	0.18823529411764706	0.3137254901960784	0.9725490196078431
G	C4_1	241.281	218.645	183.904	0.5647058823529412	0.5647058823529412	0.5647058823529412
C	P_2	246.77	226.107	175.431	1.0	0.5019607843137255	0.0
C	OP1_2	248.122	226.677	175.145	1.0	0.050980392156862744	0.050980392156862744
C	OP2_2	246.407	224.77	174.886	1.0	0.050980392156862744	0.050980392156862744
C	O5'_2	246.56	226.078	177.012	1.0	0.050980392156862744	0.050980392156862744
C	C5'_2	246.822	227.251	177.818	0.5647058823529412	0.5647058823529412	0.5647058823529412
C	C4'_2	246.802	226.889	179.287	0.5647058823529412	0.5647058823529412	0.5647058823529412
C	O4'_2	245.45	226.566	179.709	1.0	0.050980392156862744	0.050980392156862744
C	C3'_2	247.615	225.653	179.634	0.5647058823529412	0.5647058823529412	0.5647058823529412
C	O3'_2	248.993	225.961	179.768	1.0	0.050980392156862744	0.050980392156862744
C	C2'_2	246.954	225.158	180.915	0.5647058823529412	0.5647058823529412	0.5647058823529412
C	O2'_2	247.349	225.874	182.065	1.0	0.050980392156862744	0.050980392156862744
C	C1'_2	245.485	225.47	180.62	0.5647058823529412	0.5647058823529412	0.5647058823529412
C	N1_2	244.749	224.337	180.017	0.18823529411764706	0.3137254901960784	0.9725490196078431
C	C2_2	244.062	223.451	180.863	0.5647058823529412	0.5647058823529412	0.5647058823529412
C	O2_2	244.121	223.625	182.094	1.0	0.050980392156862744	0.050980392156862744
C	N3_2	243.357	222.43	180.316	0.18823529411764706	0.3137254901960784	0.9725490196078431
C	C4_2	243.329	222.272	178.985	0.5647058823529412	0.5647058823529412	0.5647058823529412
C	N4_2	242.613	221.257	178.489	0.18823529411764706	0.3137254901960784	0.9725490196078431
C	C5_2	244.034	223.147	178.103	0.5647058823529412	0.5647058823529412	0.5647058823529412
C	C6_2	244.723	224.155	178.657	0.5647058823529412	0.5647058823529412	0.5647058823529412
