C	P_1	161.515	226.827	156.613	1.0	0.5019607843137255	0.0
C	OP1_1	162.295	226.631	155.353	1.0	0.050980392156862744	0.050980392156862744
C	OP2_1	162.226	226.806	157.923	1.0	0.050980392156862744	0.050980392156862744
C	O5'_1	160.781	228.237	156.481	1.0	0.050980392156862744	0.050980392156862744
C	C5'_1	159.768	228.66	157.425	0.5647058823529412	0.5647058823529412	0.5647058823529412
C	C4'_1	159.214	230.012	157.02	0.5647058823529412	0.5647058823529412	0.5647058823529412
C	O4'_1	160.241	231.033	157.174	1.0	0.050980392156862744	0.050980392156862744
C	C3'_1	158.801	230.125	155.559	0.5647058823529412	0.5647058823529412	0.5647058823529412
C	O3'_1	157.518	229.571	155.309	1.0	0.050980392156862744	0.050980392156862744
C	C2'_1	158.882	231.627	155.309	0.5647058823529412	0.5647058823529412	0.5647058823529412
C	O2'_1	157.76	232.34	155.798	1.0	0.050980392156862744	0.050980392156862744
C	C1'_1	160.132	231.989	156.122	0.5647058823529412	0.5647058823529412	0.5647058823529412
C	N1_1	161.375	231.961	155.315	0.18823529411764706	0.3137254901960784	0.9725490196078431
C	C2_1	161.776	233.134	154.631	0.5647058823529412	0.5647058823529412	0.5647058823529412
C	O2_1	161.081	234.165	154.725	1.0	0.050980392156862744	0.050980392156862744
C	N3_1	162.909	233.104	153.889	0.18823529411764706	0.3137254901960784	0.9725490196078431
C	C4_1	163.631	231.977	153.811	0.5647058823529412	0.5647058823529412	0.5647058823529412
C	N4_1	164.744	231.994	153.073	0.18823529411764706	0.3137254901960784	0.9725490196078431
C	C5_1	163.245	230.779	154.49	0.5647058823529412	0.5647058823529412	0.5647058823529412
C	C6_1	162.127	230.817	155.223	0.5647058823529412	0.5647058823529412	0.5647058823529412
G	P_2	168.159	240.616	147.512	1.0	0.5019607843137255	0.0
G	OP1_2	168.749	241.986	147.432	1.0	0.050980392156862744	0.050980392156862744
G	OP2_2	168.861	239.559	148.287	1.0	0.050980392156862744	0.050980392156862744
G	O5'_2	166.682	240.749	148.094	1.0	0.050980392156862744	0.050980392156862744
G	C5'_2	165.726	241.659	147.508	0.5647058823529412	0.5647058823529412	0.5647058823529412
G	C4'_2	164.403	241.548	148.231	0.5647058823529412	0.5647058823529412	0.5647058823529412
G	O4'_2	163.832	240.228	147.996	1.0	0.050980392156862744	0.050980392156862744
G	C3'_2	164.501	241.653	149.747	0.5647058823529412	0.5647058823529412	0.5647058823529412
G	O3'_2	164.55	243.013	150.176	1.0	0.050980392156862744	0.050980392156862744
G	C2'_2	163.258	240.897	150.209	0.5647058823529412	0.5647058823529412	0.5647058823529412
G	O2'_2	162.077	241.668	150.123	1.0	0.050980392156862744	0.050980392156862744
G	C1'_2	163.201	239.758	149.182	0.5647058823529412	0.5647058823529412	0.5647058823529412
G	N9_2	163.874	238.53	149.611	0.18823529411764706	0.3137254901960784	0.9725490196078431
G	C8_2	165.116	238.082	149.215	0.5647058823529412	0.5647058823529412	0.5647058823529412
G	N7_2	165.454	236.949	149.768	0.18823529411764706	0.3137254901960784	0.9725490196078431
G	C5_2	164.373	236.623	150.577	0.5647058823529412	0.5647058823529412	0.5647058823529412
G	C6_2	164.166	235.502	151.425	0.5647058823529412	0.5647058823529412	0.5647058823529412
G	O6_2	164.92	234.542	151.631	1.0	0.050980392156862744	0.050980392156862744
G	N1_2	162.934	235.568	152.07	0.18823529411764706	0.3137254901960784	0.9725490196078431
G	C2_2	162.017	236.583	151.921	0.5647058823529412	0.5647058823529412	0.5647058823529412
G	N2_2	160.887	236.468	152.637	0.18823529411764706	0.3137254901960784	0.9725490196078431
G	N3_2	162.195	237.634	151.131	0.18823529411764706	0.3137254901960784	0.9725490196078431
G	C4_2	163.387	237.588	150.494	0.5647058823529412	0.5647058823529412	0.5647058823529412
