G	P_1	222.859	283.254	186.78	1.0	0.5019607843137255	0.0
G	OP1_1	221.442	283.032	187.188	1.0	0.050980392156862744	0.050980392156862744
G	OP2_1	223.948	282.549	187.506	1.0	0.050980392156862744	0.050980392156862744
G	O5'_1	222.989	282.902	185.232	1.0	0.050980392156862744	0.050980392156862744
G	C5'_1	222.066	283.451	184.266	0.5647058823529412	0.5647058823529412	0.5647058823529412
G	C4'_1	222.53	283.131	182.864	0.5647058823529412	0.5647058823529412	0.5647058823529412
G	O4'_1	223.818	283.767	182.624	1.0	0.050980392156862744	0.050980392156862744
G	C3'_1	222.794	281.66	182.589	0.5647058823529412	0.5647058823529412	0.5647058823529412
G	O3'_1	221.603	280.942	182.284	1.0	0.050980392156862744	0.050980392156862744
G	C2'_1	223.77	281.72	181.422	0.5647058823529412	0.5647058823529412	0.5647058823529412
G	O2'_1	223.137	281.994	180.19	1.0	0.050980392156862744	0.050980392156862744
G	C1'_1	224.63	282.92	181.821	0.5647058823529412	0.5647058823529412	0.5647058823529412
G	N9_1	225.81	282.544	182.599	0.18823529411764706	0.3137254901960784	0.9725490196078431
G	C8_1	226.006	282.728	183.951	0.5647058823529412	0.5647058823529412	0.5647058823529412
G	N7_1	227.166	282.294	184.366	0.18823529411764706	0.3137254901960784	0.9725490196078431
G	C5_1	227.776	281.789	183.225	0.5647058823529412	0.5647058823529412	0.5647058823529412
G	C6_1	229.043	281.186	183.061	0.5647058823529412	0.5647058823529412	0.5647058823529412
G	O6_1	229.911	280.982	183.918	1.0	0.050980392156862744	0.050980392156862744
G	N1_1	229.265	280.809	181.738	0.18823529411764706	0.3137254901960784	0.9725490196078431
G	C2_1	228.381	280.994	180.704	0.5647058823529412	0.5647058823529412	0.5647058823529412
G	N2_1	228.784	280.566	179.497	0.18823529411764706	0.3137254901960784	0.9725490196078431
G	N3_1	227.19	281.56	180.843	0.18823529411764706	0.3137254901960784	0.9725490196078431
G	C4_1	226.954	281.932	182.123	0.5647058823529412	0.5647058823529412	0.5647058823529412
C	P_2	238.624	276.972	180.104	1.0	0.5019607843137255	0.0
C	OP1_2	239.736	277.112	179.119	1.0	0.050980392156862744	0.050980392156862744
C	OP2_2	238.645	277.781	181.351	1.0	0.050980392156862744	0.050980392156862744
C	O5'_2	237.245	277.247	179.351	1.0	0.050980392156862744	0.050980392156862744
C	C5'_2	236.883	276.509	178.162	0.5647058823529412	0.5647058823529412	0.5647058823529412
C	C4'_2	235.495	276.894	177.704	0.5647058823529412	0.5647058823529412	0.5647058823529412
C	O4'_2	234.525	276.509	178.713	1.0	0.050980392156862744	0.050980392156862744
C	C3'_2	235.24	278.38	177.489	0.5647058823529412	0.5647058823529412	0.5647058823529412
C	O3'_2	235.698	278.81	176.212	1.0	0.050980392156862744	0.050980392156862744
C	C2'_2	233.726	278.472	177.614	0.5647058823529412	0.5647058823529412	0.5647058823529412
C	O2'_2	233.052	278.07	176.438	1.0	0.050980392156862744	0.050980392156862744
C	C1'_2	233.456	277.445	178.721	0.5647058823529412	0.5647058823529412	0.5647058823529412
C	N1_2	233.325	278.017	180.08	0.18823529411764706	0.3137254901960784	0.9725490196078431
C	C2_2	232.091	278.58	180.462	0.5647058823529412	0.5647058823529412	0.5647058823529412
C	O2_2	231.156	278.606	179.643	1.0	0.050980392156862744	0.050980392156862744
C	N3_2	231.956	279.077	181.71	0.18823529411764706	0.3137254901960784	0.9725490196078431
C	C4_2	232.984	279.037	182.56	0.5647058823529412	0.5647058823529412	0.5647058823529412
C	N4_2	232.799	279.532	183.783	0.18823529411764706	0.3137254901960784	0.9725490196078431
C	C5_2	234.247	278.485	182.196	0.5647058823529412	0.5647058823529412	0.5647058823529412
C	C6_2	234.373	277.993	180.961	0.5647058823529412	0.5647058823529412	0.5647058823529412
