G	P_1	213.075	159.952	139.839	1.0	0.5019607843137255	0.0
G	OP1_1	214.063	160.868	139.198	1.0	0.050980392156862744	0.050980392156862744
G	OP2_1	213.244	159.58	141.268	1.0	0.050980392156862744	0.050980392156862744
G	O5'_1	211.626	160.592	139.647	1.0	0.050980392156862744	0.050980392156862744
G	C5'_1	211.156	160.959	138.333	0.5647058823529412	0.5647058823529412	0.5647058823529412
G	C4'_1	209.652	161.121	138.326	0.5647058823529412	0.5647058823529412	0.5647058823529412
G	O4'_1	209.024	159.9	138.799	1.0	0.050980392156862744	0.050980392156862744
G	C3'_1	209.056	162.181	139.242	0.5647058823529412	0.5647058823529412	0.5647058823529412
G	O3'_1	209.172	163.483	138.667	1.0	0.050980392156862744	0.050980392156862744
G	C2'_1	207.597	161.739	139.315	0.5647058823529412	0.5647058823529412	0.5647058823529412
G	O2'_1	206.855	162.116	138.172	1.0	0.050980392156862744	0.050980392156862744
G	C1'_1	207.738	160.211	139.315	0.5647058823529412	0.5647058823529412	0.5647058823529412
G	N9_1	207.58	159.591	140.631	0.18823529411764706	0.3137254901960784	0.9725490196078431
G	C8_1	208.529	158.911	141.363	0.5647058823529412	0.5647058823529412	0.5647058823529412
G	N7_1	208.079	158.48	142.513	0.18823529411764706	0.3137254901960784	0.9725490196078431
G	C5_1	206.754	158.901	142.547	0.5647058823529412	0.5647058823529412	0.5647058823529412
G	C6_1	205.76	158.734	143.548	0.5647058823529412	0.5647058823529412	0.5647058823529412
G	O6_1	205.856	158.168	144.646	1.0	0.050980392156862744	0.050980392156862744
G	N1_1	204.551	159.313	143.17	0.18823529411764706	0.3137254901960784	0.9725490196078431
G	C2_1	204.325	159.972	141.987	0.5647058823529412	0.5647058823529412	0.5647058823529412
G	N2_1	203.09	160.463	141.806	0.18823529411764706	0.3137254901960784	0.9725490196078431
G	N3_1	205.243	160.139	141.048	0.18823529411764706	0.3137254901960784	0.9725490196078431
G	C4_1	206.426	159.581	141.391	0.5647058823529412	0.5647058823529412	0.5647058823529412
C	P_2	197.617	159.854	150.727	1.0	0.5019607843137255	0.0
C	OP1_2	196.87	160.667	151.73	1.0	0.050980392156862744	0.050980392156862744
C	OP2_2	197.818	158.394	150.965	1.0	0.050980392156862744	0.050980392156862744
C	O5'_2	196.896	160.032	149.316	1.0	0.050980392156862744	0.050980392156862744
C	C5'_2	196.848	158.948	148.372	0.5647058823529412	0.5647058823529412	0.5647058823529412
C	C4'_2	197.152	159.447	146.98	0.5647058823529412	0.5647058823529412	0.5647058823529412
C	O4'_2	198.338	160.285	147.02	1.0	0.050980392156862744	0.050980392156862744
C	C3'_2	197.494	158.355	145.976	0.5647058823529412	0.5647058823529412	0.5647058823529412
C	O3'_2	196.331	157.737	145.437	1.0	0.050980392156862744	0.050980392156862744
C	C2'_2	198.324	159.111	144.948	0.5647058823529412	0.5647058823529412	0.5647058823529412
C	O2'_2	197.549	159.875	144.047	1.0	0.050980392156862744	0.050980392156862744
C	C1'_2	199.121	160.055	145.856	0.5647058823529412	0.5647058823529412	0.5647058823529412
C	N1_2	200.436	159.51	146.268	0.18823529411764706	0.3137254901960784	0.9725490196078431
C	C2_2	201.569	159.818	145.492	0.5647058823529412	0.5647058823529412	0.5647058823529412
C	O2_2	201.439	160.547	144.49	1.0	0.050980392156862744	0.050980392156862744
C	N3_2	202.774	159.316	145.856	0.18823529411764706	0.3137254901960784	0.9725490196078431
C	C4_2	202.876	158.546	146.939	0.5647058823529412	0.5647058823529412	0.5647058823529412
C	N4_2	204.083	158.078	147.257	0.18823529411764706	0.3137254901960784	0.9725490196078431
C	C5_2	201.747	158.22	147.746	0.5647058823529412	0.5647058823529412	0.5647058823529412
C	C6_2	200.559	158.717	147.379	0.5647058823529412	0.5647058823529412	0.5647058823529412
