G	P_1	206.933	215.467	141.621	1.0	0.5019607843137255	0.0
G	OP1_1	206.745	216.67	140.759	1.0	0.050980392156862744	0.050980392156862744
G	OP2_1	205.75	214.653	142.011	1.0	0.050980392156862744	0.050980392156862744
G	O5'_1	207.989	214.507	140.906	1.0	0.050980392156862744	0.050980392156862744
G	C5'_1	209.241	215.022	140.399	0.5647058823529412	0.5647058823529412	0.5647058823529412
G	C4'_1	209.923	213.99	139.523	0.5647058823529412	0.5647058823529412	0.5647058823529412
G	O4'_1	210.356	212.856	140.326	1.0	0.050980392156862744	0.050980392156862744
G	C3'_1	209.047	213.366	138.449	0.5647058823529412	0.5647058823529412	0.5647058823529412
G	O3'_1	208.943	214.186	137.297	1.0	0.050980392156862744	0.050980392156862744
G	C2'_1	209.758	212.051	138.172	0.5647058823529412	0.5647058823529412	0.5647058823529412
G	O2'_1	210.897	212.211	137.353	1.0	0.050980392156862744	0.050980392156862744
G	C1'_1	210.195	211.653	139.583	0.5647058823529412	0.5647058823529412	0.5647058823529412
G	N9_1	209.184	210.839	140.253	0.18823529411764706	0.3137254901960784	0.9725490196078431
G	C8_1	208.333	211.236	141.26	0.5647058823529412	0.5647058823529412	0.5647058823529412
G	N7_1	207.522	210.29	141.651	0.18823529411764706	0.3137254901960784	0.9725490196078431
G	C5_1	207.853	209.2	140.857	0.5647058823529412	0.5647058823529412	0.5647058823529412
G	C6_1	207.306	207.89	140.826	0.5647058823529412	0.5647058823529412	0.5647058823529412
G	O6_1	206.391	207.419	141.521	1.0	0.050980392156862744	0.050980392156862744
G	N1_1	207.936	207.097	139.87	0.18823529411764706	0.3137254901960784	0.9725490196078431
G	C2_1	208.958	207.51	139.048	0.5647058823529412	0.5647058823529412	0.5647058823529412
G	N2_1	209.433	206.593	138.193	0.18823529411764706	0.3137254901960784	0.9725490196078431
G	N3_1	209.477	208.731	139.065	0.18823529411764706	0.3137254901960784	0.9725490196078431
G	C4_1	208.881	209.518	139.99	0.5647058823529412	0.5647058823529412	0.5647058823529412
C	P_2	204.853	196.859	139.053	1.0	0.5019607843137255	0.0
C	OP1_2	205.433	195.574	138.565	1.0	0.050980392156862744	0.050980392156862744
C	OP2_2	204.657	197.071	140.513	1.0	0.050980392156862744	0.050980392156862744
C	O5'_2	205.734	198.056	138.485	1.0	0.050980392156862744	0.050980392156862744
C	C5'_2	206.195	198.038	137.126	0.5647058823529412	0.5647058823529412	0.5647058823529412
C	C4'_2	207.04	199.256	136.844	0.5647058823529412	0.5647058823529412	0.5647058823529412
C	O4'_2	206.211	200.444	136.895	1.0	0.050980392156862744	0.050980392156862744
C	C3'_2	208.159	199.555	137.832	0.5647058823529412	0.5647058823529412	0.5647058823529412
C	O3'_2	209.312	198.75	137.587	1.0	0.050980392156862744	0.050980392156862744
C	C2'_2	208.43	201.031	137.563	0.5647058823529412	0.5647058823529412	0.5647058823529412
C	O2'_2	209.243	201.22	136.423	1.0	0.050980392156862744	0.050980392156862744
C	C1'_2	207.016	201.554	137.269	0.5647058823529412	0.5647058823529412	0.5647058823529412
C	N1_2	206.361	202.282	138.379	0.18823529411764706	0.3137254901960784	0.9725490196078431
C	C2_2	206.71	203.631	138.603	0.5647058823529412	0.5647058823529412	0.5647058823529412
C	O2_2	207.537	204.178	137.848	1.0	0.050980392156862744	0.050980392156862744
C	N3_2	206.132	204.298	139.628	0.18823529411764706	0.3137254901960784	0.9725490196078431
C	C4_2	205.235	203.683	140.407	0.5647058823529412	0.5647058823529412	0.5647058823529412
C	N4_2	204.694	204.383	141.406	0.18823529411764706	0.3137254901960784	0.9725490196078431
C	C5_2	204.853	202.324	140.196	0.5647058823529412	0.5647058823529412	0.5647058823529412
C	C6_2	205.435	201.667	139.182	0.5647058823529412	0.5647058823529412	0.5647058823529412
