G	P_1	181.344	163.591	241.182	1.0	0.5019607843137255	0.0
G	OP1_1	180.859	162.528	242.111	1.0	0.050980392156862744	0.050980392156862744
G	OP2_1	182.799	163.886	241.099	1.0	0.050980392156862744	0.050980392156862744
G	O5'_1	180.814	163.255	239.714	1.0	0.050980392156862744	0.050980392156862744
G	C5'_1	179.442	162.863	239.493	0.5647058823529412	0.5647058823529412	0.5647058823529412
G	C4'_1	179.13	162.802	238.011	0.5647058823529412	0.5647058823529412	0.5647058823529412
G	O4'_1	179.259	164.123	237.421	1.0	0.050980392156862744	0.050980392156862744
G	C3'_1	180.027	161.926	237.143	0.5647058823529412	0.5647058823529412	0.5647058823529412
G	O3'_1	179.669	160.543	237.224	1.0	0.050980392156862744	0.050980392156862744
G	C2'_1	179.773	162.498	235.75	0.5647058823529412	0.5647058823529412	0.5647058823529412
G	O2'_1	178.564	162.041	235.171	1.0	0.050980392156862744	0.050980392156862744
G	C1'_1	179.653	163.998	236.057	0.5647058823529412	0.5647058823529412	0.5647058823529412
G	N9_1	180.912	164.716	235.862	0.18823529411764706	0.3137254901960784	0.9725490196078431
G	C8_1	181.815	165.088	236.834	0.5647058823529412	0.5647058823529412	0.5647058823529412
G	N7_1	182.868	165.694	236.354	0.18823529411764706	0.3137254901960784	0.9725490196078431
G	C5_1	182.652	165.731	234.982	0.5647058823529412	0.5647058823529412	0.5647058823529412
G	C6_1	183.459	166.264	233.939	0.5647058823529412	0.5647058823529412	0.5647058823529412
G	O6_1	184.56	166.828	234.028	1.0	0.050980392156862744	0.050980392156862744
G	N1_1	182.864	166.089	232.689	0.18823529411764706	0.3137254901960784	0.9725490196078431
G	C2_1	181.649	165.483	232.466	0.5647058823529412	0.5647058823529412	0.5647058823529412
G	N2_1	181.252	165.414	231.185	0.18823529411764706	0.3137254901960784	0.9725490196078431
G	N3_1	180.882	164.983	233.433	0.18823529411764706	0.3137254901960784	0.9725490196078431
G	C4_1	181.444	165.141	234.658	0.5647058823529412	0.5647058823529412	0.5647058823529412
C	P_2	188.315	169.467	225.047	1.0	0.5019607843137255	0.0
C	OP1_2	188.209	170.074	223.686	1.0	0.050980392156862744	0.050980392156862744
C	OP2_2	188.449	170.349	226.233	1.0	0.050980392156862744	0.050980392156862744
C	O5'_2	187.056	168.518	225.278	1.0	0.050980392156862744	0.050980392156862744
C	C5'_2	186.722	167.483	224.328	0.5647058823529412	0.5647058823529412	0.5647058823529412
C	C4'_2	185.595	166.627	224.863	0.5647058823529412	0.5647058823529412	0.5647058823529412
C	O4'_2	186.05	165.892	226.033	1.0	0.050980392156862744	0.050980392156862744
C	C3'_2	184.372	167.383	225.365	0.5647058823529412	0.5647058823529412	0.5647058823529412
C	O3'_2	183.5	167.789	224.316	1.0	0.050980392156862744	0.050980392156862744
C	C2'_2	183.739	166.372	226.309	0.5647058823529412	0.5647058823529412	0.5647058823529412
C	O2'_2	183.042	165.343	225.633	1.0	0.050980392156862744	0.050980392156862744
C	C1'_2	184.984	165.778	226.969	0.5647058823529412	0.5647058823529412	0.5647058823529412
C	N1_2	185.366	166.479	228.212	0.18823529411764706	0.3137254901960784	0.9725490196078431
C	C2_2	184.635	166.223	229.39	0.5647058823529412	0.5647058823529412	0.5647058823529412
C	O2_2	183.671	165.434	229.35	1.0	0.050980392156862744	0.050980392156862744
C	N3_2	185.002	166.842	230.535	0.18823529411764706	0.3137254901960784	0.9725490196078431
C	C4_2	186.041	167.684	230.538	0.5647058823529412	0.5647058823529412	0.5647058823529412
C	N4_2	186.377	168.257	231.695	0.18823529411764706	0.3137254901960784	0.9725490196078431
C	C5_2	186.784	167.973	229.356	0.5647058823529412	0.5647058823529412	0.5647058823529412
C	C6_2	186.416	167.358	228.23	0.5647058823529412	0.5647058823529412	0.5647058823529412
