C	P_1	200.289	159.101	178.464	1.0	0.5019607843137255	0.0
C	OP1_1	201.483	159.374	179.319	1.0	0.050980392156862744	0.050980392156862744
C	OP2_1	199.694	157.73	178.445	1.0	0.050980392156862744	0.050980392156862744
C	O5'_1	199.152	160.144	178.878	1.0	0.050980392156862744	0.050980392156862744
C	C5'_1	197.865	160.157	178.221	0.5647058823529412	0.5647058823529412	0.5647058823529412
C	C4'_1	197.527	161.56	177.765	0.5647058823529412	0.5647058823529412	0.5647058823529412
C	O4'_1	197.475	162.43	178.937	1.0	0.050980392156862744	0.050980392156862744
C	C3'_1	198.537	162.191	176.805	0.5647058823529412	0.5647058823529412	0.5647058823529412
C	O3'_1	197.885	163.017	175.84	1.0	0.050980392156862744	0.050980392156862744
C	C2'_1	199.427	163.009	177.742	0.5647058823529412	0.5647058823529412	0.5647058823529412
C	O2'_1	200.074	164.095	177.106	1.0	0.050980392156862744	0.050980392156862744
C	C1'_1	198.423	163.477	178.802	0.5647058823529412	0.5647058823529412	0.5647058823529412
C	N1_1	199.009	163.764	180.138	0.18823529411764706	0.3137254901960784	0.9725490196078431
C	C2_1	198.615	164.942	180.818	0.5647058823529412	0.5647058823529412	0.5647058823529412
C	O2_1	197.768	165.687	180.3	1.0	0.050980392156862744	0.050980392156862744
C	N3_1	199.172	165.227	182.026	0.18823529411764706	0.3137254901960784	0.9725490196078431
C	C4_1	200.075	164.392	182.565	0.5647058823529412	0.5647058823529412	0.5647058823529412
C	N4_1	200.597	164.713	183.755	0.18823529411764706	0.3137254901960784	0.9725490196078431
C	C5_1	200.483	163.188	181.907	0.5647058823529412	0.5647058823529412	0.5647058823529412
C	C6_1	199.928	162.915	180.709	0.5647058823529412	0.5647058823529412	0.5647058823529412
G	P_2	196.511	170.58	192.027	1.0	0.5019607843137255	0.0
G	OP1_2	195.546	170.682	193.159	1.0	0.050980392156862744	0.050980392156862744
G	OP2_2	197.629	169.598	192.104	1.0	0.050980392156862744	0.050980392156862744
G	O5'_2	195.7	170.282	190.681	1.0	0.050980392156862744	0.050980392156862744
G	C5'_2	194.465	170.976	190.374	0.5647058823529412	0.5647058823529412	0.5647058823529412
G	C4'_2	193.967	170.597	188.99	0.5647058823529412	0.5647058823529412	0.5647058823529412
G	O4'_2	194.953	170.99	187.992	1.0	0.050980392156862744	0.050980392156862744
G	C3'_2	193.744	169.113	188.723	0.5647058823529412	0.5647058823529412	0.5647058823529412
G	O3'_2	192.476	168.654	189.202	1.0	0.050980392156862744	0.050980392156862744
G	C2'_2	193.839	169.045	187.203	0.5647058823529412	0.5647058823529412	0.5647058823529412
G	O2'_2	192.662	169.486	186.557	1.0	0.050980392156862744	0.050980392156862744
G	C1'_2	194.964	170.045	186.927	0.5647058823529412	0.5647058823529412	0.5647058823529412
G	N9_2	196.27	169.392	186.901	0.18823529411764706	0.3137254901960784	0.9725490196078431
G	C8_2	197.239	169.442	187.878	0.5647058823529412	0.5647058823529412	0.5647058823529412
G	N7_2	198.291	168.719	187.599	0.18823529411764706	0.3137254901960784	0.9725490196078431
G	C5_2	198.008	168.161	186.357	0.5647058823529412	0.5647058823529412	0.5647058823529412
G	C6_2	198.778	167.274	185.549	0.5647058823529412	0.5647058823529412	0.5647058823529412
G	O6_2	199.891	166.784	185.786	1.0	0.050980392156862744	0.050980392156862744
G	N1_2	198.121	166.965	184.36	0.18823529411764706	0.3137254901960784	0.9725490196078431
G	C2_2	196.881	167.444	183.995	0.5647058823529412	0.5647058823529412	0.5647058823529412
G	N2_2	196.422	167.038	182.797	0.18823529411764706	0.3137254901960784	0.9725490196078431
G	N3_2	196.147	168.261	184.745	0.18823529411764706	0.3137254901960784	0.9725490196078431
G	C4_2	196.769	168.577	185.903	0.5647058823529412	0.5647058823529412	0.5647058823529412
