G	P_1	301.293	136.098	202.308	1.0	0.5019607843137255	0.0
G	OP1_1	302.68	135.633	202.603	1.0	0.050980392156862744	0.050980392156862744
G	OP2_1	300.782	137.331	202.961	1.0	0.050980392156862744	0.050980392156862744
G	O5'_1	301.136	136.273	200.725	1.0	0.050980392156862744	0.050980392156862744
G	C5'_1	302.294	136.216	199.864	0.5647058823529412	0.5647058823529412	0.5647058823529412
G	C4'_1	302.222	137.255	198.76	0.5647058823529412	0.5647058823529412	0.5647058823529412
G	O4'_1	301.358	136.803	197.679	1.0	0.050980392156862744	0.050980392156862744
G	C3'_1	301.754	138.68	199.096	0.5647058823529412	0.5647058823529412	0.5647058823529412
G	O3'_1	302.584	139.574	198.35	1.0	0.050980392156862744	0.050980392156862744
G	C2'_1	300.371	138.724	198.438	0.5647058823529412	0.5647058823529412	0.5647058823529412
G	O2'_1	299.946	140.03	198.106	1.0	0.050980392156862744	0.050980392156862744
G	C1'_1	300.685	137.929	197.176	0.5647058823529412	0.5647058823529412	0.5647058823529412
G	N9_1	299.643	137.522	196.236	0.18823529411764706	0.3137254901960784	0.9725490196078431
G	C8_1	298.312	137.868	196.226	0.5647058823529412	0.5647058823529412	0.5647058823529412
G	N7_1	297.672	137.406	195.184	0.18823529411764706	0.3137254901960784	0.9725490196078431
G	C5_1	298.635	136.696	194.474	0.5647058823529412	0.5647058823529412	0.5647058823529412
G	C6_1	298.542	135.98	193.246	0.5647058823529412	0.5647058823529412	0.5647058823529412
G	O6_1	297.559	135.835	192.51	1.0	0.050980392156862744	0.050980392156862744
G	N1_1	299.762	135.404	192.896	0.18823529411764706	0.3137254901960784	0.9725490196078431
G	C2_1	300.921	135.507	193.624	0.5647058823529412	0.5647058823529412	0.5647058823529412
G	N2_1	302.0	134.879	193.126	0.18823529411764706	0.3137254901960784	0.9725490196078431
G	N3_1	301.02	136.175	194.76	0.18823529411764706	0.3137254901960784	0.9725490196078431
G	C4_1	299.848	136.741	195.122	0.5647058823529412	0.5647058823529412	0.5647058823529412
C	P_2	299.418	129.156	185.533	1.0	0.5019607843137255	0.0
C	OP1_2	299.676	127.806	184.953	1.0	0.050980392156862744	0.050980392156862744
C	OP2_2	298.026	129.558	185.86	1.0	0.050980392156862744	0.050980392156862744
C	O5'_2	300.296	129.312	186.854	1.0	0.050980392156862744	0.050980392156862744
C	C5'_2	301.723	129.099	186.829	0.5647058823529412	0.5647058823529412	0.5647058823529412
C	C4'_2	302.377	129.826	187.979	0.5647058823529412	0.5647058823529412	0.5647058823529412
C	O4'_2	302.096	131.246	187.862	1.0	0.050980392156862744	0.050980392156862744
C	C3'_2	301.871	129.458	189.367	0.5647058823529412	0.5647058823529412	0.5647058823529412
C	O3'_2	302.503	128.282	189.872	1.0	0.050980392156862744	0.050980392156862744
C	C2'_2	302.217	130.702	190.177	0.5647058823529412	0.5647058823529412	0.5647058823529412
C	O2'_2	303.58	130.766	190.545	1.0	0.050980392156862744	0.050980392156862744
C	C1'_2	301.929	131.806	189.157	0.5647058823529412	0.5647058823529412	0.5647058823529412
C	N1_2	300.562	132.354	189.266	0.18823529411764706	0.3137254901960784	0.9725490196078431
C	C2_2	300.343	133.455	190.109	0.5647058823529412	0.5647058823529412	0.5647058823529412
C	O2_2	301.305	133.944	190.726	1.0	0.050980392156862744	0.050980392156862744
C	N3_2	299.094	133.956	190.227	0.18823529411764706	0.3137254901960784	0.9725490196078431
C	C4_2	298.086	133.406	189.543	0.5647058823529412	0.5647058823529412	0.5647058823529412
C	N4_2	296.869	133.931	189.694	0.18823529411764706	0.3137254901960784	0.9725490196078431
C	C5_2	298.281	132.292	188.674	0.5647058823529412	0.5647058823529412	0.5647058823529412
C	C6_2	299.52	131.803	188.567	0.5647058823529412	0.5647058823529412	0.5647058823529412
