C	P_1	166.689	165.549	150.052	1.0	0.5019607843137255	0.0
C	OP1_1	166.357	167.0	149.947	1.0	0.050980392156862744	0.050980392156862744
C	OP2_1	166.304	164.797	151.279	1.0	0.050980392156862744	0.050980392156862744
C	O5'_1	166.074	164.801	148.785	1.0	0.050980392156862744	0.050980392156862744
C	C5'_1	166.35	165.274	147.452	0.5647058823529412	0.5647058823529412	0.5647058823529412
C	C4'_1	165.885	164.274	146.42	0.5647058823529412	0.5647058823529412	0.5647058823529412
C	O4'_1	166.675	163.06	146.502	1.0	0.050980392156862744	0.050980392156862744
C	C3'_1	164.456	163.769	146.531	0.5647058823529412	0.5647058823529412	0.5647058823529412
C	O3'_1	163.518	164.718	146.038	1.0	0.050980392156862744	0.050980392156862744
C	C2'_1	164.508	162.512	145.673	0.5647058823529412	0.5647058823529412	0.5647058823529412
C	O2'_1	164.457	162.792	144.289	1.0	0.050980392156862744	0.050980392156862744
C	C1'_1	165.897	161.969	146.027	0.5647058823529412	0.5647058823529412	0.5647058823529412
C	N1_1	165.858	160.907	147.056	0.18823529411764706	0.3137254901960784	0.9725490196078431
C	C2_1	165.701	159.565	146.637	0.5647058823529412	0.5647058823529412	0.5647058823529412
C	O2_1	165.639	159.314	145.418	1.0	0.050980392156862744	0.050980392156862744
C	N3_1	165.624	158.586	147.573	0.18823529411764706	0.3137254901960784	0.9725490196078431
C	C4_1	165.706	158.895	148.872	0.5647058823529412	0.5647058823529412	0.5647058823529412
C	N4_1	165.613	157.899	149.757	0.18823529411764706	0.3137254901960784	0.9725490196078431
C	C5_1	165.883	160.24	149.322	0.5647058823529412	0.5647058823529412	0.5647058823529412
C	C6_1	165.954	161.204	148.391	0.5647058823529412	0.5647058823529412	0.5647058823529412
G	P_2	163.036	146.967	147.043	1.0	0.5019607843137255	0.0
G	OP1_2	163.378	145.636	146.466	1.0	0.050980392156862744	0.050980392156862744
G	OP2_2	163.608	147.362	148.359	1.0	0.050980392156862744	0.050980392156862744
G	O5'_2	163.422	148.096	145.984	1.0	0.050980392156862744	0.050980392156862744
G	C5'_2	163.067	147.958	144.594	0.5647058823529412	0.5647058823529412	0.5647058823529412
G	C4'_2	163.349	149.241	143.842	0.5647058823529412	0.5647058823529412	0.5647058823529412
G	O4'_2	162.519	150.317	144.365	1.0	0.050980392156862744	0.050980392156862744
G	C3'_2	164.761	149.803	143.938	0.5647058823529412	0.5647058823529412	0.5647058823529412
G	O3'_2	165.683	149.13	143.077	1.0	0.050980392156862744	0.050980392156862744
G	C2'_2	164.541	151.26	143.546	0.5647058823529412	0.5647058823529412	0.5647058823529412
G	O2'_2	164.379	151.442	142.153	1.0	0.050980392156862744	0.050980392156862744
G	C1'_2	163.208	151.555	144.238	0.5647058823529412	0.5647058823529412	0.5647058823529412
G	N9_2	163.4	152.127	145.568	0.18823529411764706	0.3137254901960784	0.9725490196078431
G	C8_2	163.281	151.485	146.779	0.5647058823529412	0.5647058823529412	0.5647058823529412
G	N7_2	163.542	152.259	147.798	0.18823529411764706	0.3137254901960784	0.9725490196078431
G	C5_2	163.845	153.49	147.229	0.5647058823529412	0.5647058823529412	0.5647058823529412
G	C6_2	164.214	154.719	147.839	0.5647058823529412	0.5647058823529412	0.5647058823529412
G	O6_2	164.35	154.97	149.042	1.0	0.050980392156862744	0.050980392156862744
G	N1_2	164.436	155.714	146.893	0.18823529411764706	0.3137254901960784	0.9725490196078431
G	C2_2	164.319	155.551	145.535	0.5647058823529412	0.5647058823529412	0.5647058823529412
G	N2_2	164.574	156.637	144.787	0.18823529411764706	0.3137254901960784	0.9725490196078431
G	N3_2	163.977	154.41	144.951	0.18823529411764706	0.3137254901960784	0.9725490196078431
G	C4_2	163.756	153.428	145.853	0.5647058823529412	0.5647058823529412	0.5647058823529412
