C	P_1	230.857	187.552	155.182	1.0	0.5019607843137255	0.0
C	OP1_1	229.941	188.134	156.214	1.0	0.050980392156862744	0.050980392156862744
C	OP2_1	231.599	186.29	155.492	1.0	0.050980392156862744	0.050980392156862744
C	O5'_1	229.985	187.332	153.863	1.0	0.050980392156862744	0.050980392156862744
C	C5'_1	229.361	188.453	153.198	0.5647058823529412	0.5647058823529412	0.5647058823529412
C	C4'_1	228.994	188.088	151.779	0.5647058823529412	0.5647058823529412	0.5647058823529412
C	O4'_1	230.193	187.717	151.047	1.0	0.050980392156862744	0.050980392156862744
C	C3'_1	228.064	186.893	151.615	0.5647058823529412	0.5647058823529412	0.5647058823529412
C	O3'_1	226.701	187.283	151.768	1.0	0.050980392156862744	0.050980392156862744
C	C2'_1	228.374	186.435	150.196	0.5647058823529412	0.5647058823529412	0.5647058823529412
C	O2'_1	227.748	187.241	149.218	1.0	0.050980392156862744	0.050980392156862744
C	C1'_1	229.885	186.676	150.13	0.5647058823529412	0.5647058823529412	0.5647058823529412
C	N1_1	230.693	185.494	150.473	0.18823529411764706	0.3137254901960784	0.9725490196078431
C	C2_1	230.941	184.535	149.481	0.5647058823529412	0.5647058823529412	0.5647058823529412
C	O2_1	230.442	184.688	148.351	1.0	0.050980392156862744	0.050980392156862744
C	N3_1	231.718	183.466	149.781	0.18823529411764706	0.3137254901960784	0.9725490196078431
C	C4_1	232.232	183.336	151.01	0.5647058823529412	0.5647058823529412	0.5647058823529412
C	N4_1	233.016	182.284	151.255	0.18823529411764706	0.3137254901960784	0.9725490196078431
C	C5_1	231.972	184.284	152.042	0.5647058823529412	0.5647058823529412	0.5647058823529412
C	C6_1	231.207	185.336	151.733	0.5647058823529412	0.5647058823529412	0.5647058823529412
G	P_2	234.828	173.44	144.628	1.0	0.5019607843137255	0.0
G	OP1_2	235.217	172.658	143.42	1.0	0.050980392156862744	0.050980392156862744
G	OP2_2	235.885	174.013	145.505	1.0	0.050980392156862744	0.050980392156862744
G	O5'_2	233.856	174.623	144.182	1.0	0.050980392156862744	0.050980392156862744
G	C5'_2	232.706	174.363	143.356	0.5647058823529412	0.5647058823529412	0.5647058823529412
G	C4'_2	231.861	175.609	143.231	0.5647058823529412	0.5647058823529412	0.5647058823529412
G	O4'_2	231.297	175.951	144.529	1.0	0.050980392156862744	0.050980392156862744
G	C3'_2	232.609	176.87	142.826	0.5647058823529412	0.5647058823529412	0.5647058823529412
G	O3'_2	232.838	176.938	141.421	1.0	0.050980392156862744	0.050980392156862744
G	C2'_2	231.685	177.975	143.332	0.5647058823529412	0.5647058823529412	0.5647058823529412
G	O2'_2	230.576	178.235	142.496	1.0	0.050980392156862744	0.050980392156862744
G	C1'_2	231.188	177.367	144.643	0.5647058823529412	0.5647058823529412	0.5647058823529412
G	N9_2	231.981	177.817	145.785	0.18823529411764706	0.3137254901960784	0.9725490196078431
G	C8_2	233.047	177.174	146.375	0.5647058823529412	0.5647058823529412	0.5647058823529412
G	N7_2	233.557	177.84	147.378	0.18823529411764706	0.3137254901960784	0.9725490196078431
G	C5_2	232.782	178.99	147.457	0.5647058823529412	0.5647058823529412	0.5647058823529412
G	C6_2	232.861	180.089	148.349	0.5647058823529412	0.5647058823529412	0.5647058823529412
G	O6_2	233.666	180.274	149.274	1.0	0.050980392156862744	0.050980392156862744
G	N1_2	231.873	181.038	148.084	0.18823529411764706	0.3137254901960784	0.9725490196078431
G	C2_2	230.932	180.941	147.088	0.5647058823529412	0.5647058823529412	0.5647058823529412
G	N2_2	230.05	181.952	147.007	0.18823529411764706	0.3137254901960784	0.9725490196078431
G	N3_2	230.855	179.924	146.239	0.18823529411764706	0.3137254901960784	0.9725490196078431
G	C4_2	231.803	178.991	146.483	0.5647058823529412	0.5647058823529412	0.5647058823529412
