C	P_1	164.507	170.639	175.552	1.0	0.5019607843137255	0.0
C	OP1_1	163.392	170.826	174.58	1.0	0.050980392156862744	0.050980392156862744
C	OP2_1	164.21	170.136	176.921	1.0	0.050980392156862744	0.050980392156862744
C	O5'_1	165.592	169.667	174.896	1.0	0.050980392156862744	0.050980392156862744
C	C5'_1	165.99	169.814	173.513	0.5647058823529412	0.5647058823529412	0.5647058823529412
C	C4'_1	167.187	168.935	173.204	0.5647058823529412	0.5647058823529412	0.5647058823529412
C	O4'_1	168.283	169.287	174.089	1.0	0.050980392156862744	0.050980392156862744
C	C3'_1	167.025	167.43	173.396	0.5647058823529412	0.5647058823529412	0.5647058823529412
C	O3'_1	166.393	166.817	172.266	1.0	0.050980392156862744	0.050980392156862744
C	C2'_1	168.471	166.969	173.55	0.5647058823529412	0.5647058823529412	0.5647058823529412
C	O2'_1	169.147	166.852	172.313	1.0	0.050980392156862744	0.050980392156862744
C	C1'_1	169.08	168.136	174.334	0.5647058823529412	0.5647058823529412	0.5647058823529412
C	N1_1	169.178	167.919	175.792	0.18823529411764706	0.3137254901960784	0.9725490196078431
C	C2_1	170.38	167.408	176.321	0.5647058823529412	0.5647058823529412	0.5647058823529412
C	O2_1	171.315	167.131	175.546	1.0	0.050980392156862744	0.050980392156862744
C	N3_1	170.489	167.231	177.657	0.18823529411764706	0.3137254901960784	0.9725490196078431
C	C4_1	169.464	167.538	178.458	0.5647058823529412	0.5647058823529412	0.5647058823529412
C	N4_1	169.624	167.362	179.771	0.18823529411764706	0.3137254901960784	0.9725490196078431
C	C5_1	168.229	168.043	177.948	0.5647058823529412	0.5647058823529412	0.5647058823529412
C	C6_1	168.13	168.215	176.624	0.5647058823529412	0.5647058823529412	0.5647058823529412
G	P_2	179.415	162.695	184.01	1.0	0.5019607843137255	0.0
G	OP1_2	180.866	162.413	184.224	1.0	0.050980392156862744	0.050980392156862744
G	OP2_2	178.746	163.745	184.821	1.0	0.050980392156862744	0.050980392156862744
G	O5'_2	179.185	163.039	182.468	1.0	0.050980392156862744	0.050980392156862744
G	C5'_2	179.938	162.364	181.437	0.5647058823529412	0.5647058823529412	0.5647058823529412
G	C4'_2	179.428	162.753	180.064	0.5647058823529412	0.5647058823529412	0.5647058823529412
G	O4'_2	178.052	162.308	179.907	1.0	0.050980392156862744	0.050980392156862744
G	C3'_2	179.366	164.241	179.744	0.5647058823529412	0.5647058823529412	0.5647058823529412
G	O3'_2	180.642	164.766	179.364	1.0	0.050980392156862744	0.050980392156862744
G	C2'_2	178.352	164.281	178.604	0.5647058823529412	0.5647058823529412	0.5647058823529412
G	O2'_2	178.902	163.921	177.352	1.0	0.050980392156862744	0.050980392156862744
G	C1'_2	177.357	163.205	179.051	0.5647058823529412	0.5647058823529412	0.5647058823529412
G	N9_2	176.214	163.759	179.773	0.18823529411764706	0.3137254901960784	0.9725490196078431
G	C8_2	176.042	163.832	181.136	0.5647058823529412	0.5647058823529412	0.5647058823529412
G	N7_2	174.92	164.406	181.482	0.18823529411764706	0.3137254901960784	0.9725490196078431
G	C5_2	174.31	164.727	180.275	0.5647058823529412	0.5647058823529412	0.5647058823529412
G	C6_2	173.072	165.375	180.012	0.5647058823529412	0.5647058823529412	0.5647058823529412
G	O6_2	172.243	165.807	180.821	1.0	0.050980392156862744	0.050980392156862744
G	N1_2	172.842	165.503	178.645	0.18823529411764706	0.3137254901960784	0.9725490196078431
G	C2_2	173.689	165.068	177.657	0.5647058823529412	0.5647058823529412	0.5647058823529412
G	N2_2	173.288	165.285	176.394	0.18823529411764706	0.3137254901960784	0.9725490196078431
G	N3_2	174.847	164.465	177.886	0.18823529411764706	0.3137254901960784	0.9725490196078431
G	C4_2	175.093	164.329	179.21	0.5647058823529412	0.5647058823529412	0.5647058823529412
