G	P_1	206.59	228.631	201.045	1.0	0.5019607843137255	0.0
G	OP1_1	205.636	229.269	201.993	1.0	0.050980392156862744	0.050980392156862744
G	OP2_1	207.461	227.52	201.517	1.0	0.050980392156862744	0.050980392156862744
G	O5'_1	205.761	228.115	199.788	1.0	0.050980392156862744	0.050980392156862744
G	C5'_1	204.756	228.948	199.18	0.5647058823529412	0.5647058823529412	0.5647058823529412
G	C4'_1	203.935	228.151	198.191	0.5647058823529412	0.5647058823529412	0.5647058823529412
G	O4'_1	204.711	227.869	196.991	1.0	0.050980392156862744	0.050980392156862744
G	C3'_1	203.459	226.777	198.64	0.5647058823529412	0.5647058823529412	0.5647058823529412
G	O3'_1	202.332	226.833	199.516	1.0	0.050980392156862744	0.050980392156862744
G	C2'_1	203.134	226.112	197.306	0.5647058823529412	0.5647058823529412	0.5647058823529412
G	O2'_1	201.9	226.544	196.768	1.0	0.050980392156862744	0.050980392156862744
G	C1'_1	204.284	226.626	196.431	0.5647058823529412	0.5647058823529412	0.5647058823529412
G	N9_1	205.418	225.701	196.415	0.18823529411764706	0.3137254901960784	0.9725490196078431
G	C8_1	206.628	225.859	197.061	0.5647058823529412	0.5647058823529412	0.5647058823529412
G	N7_1	207.447	224.859	196.872	0.18823529411764706	0.3137254901960784	0.9725490196078431
G	C5_1	206.744	223.985	196.05	0.5647058823529412	0.5647058823529412	0.5647058823529412
G	C6_1	207.126	222.719	195.507	0.5647058823529412	0.5647058823529412	0.5647058823529412
G	O6_1	208.195	222.105	195.656	1.0	0.050980392156862744	0.050980392156862744
G	N1_1	206.11	222.169	194.723	0.18823529411764706	0.3137254901960784	0.9725490196078431
G	C2_1	204.882	222.754	194.492	0.5647058823529412	0.5647058823529412	0.5647058823529412
G	N2_1	204.043	222.063	193.705	0.18823529411764706	0.3137254901960784	0.9725490196078431
G	N3_1	204.509	223.931	194.994	0.18823529411764706	0.3137254901960784	0.9725490196078431
G	C4_1	205.486	224.487	195.755	0.5647058823529412	0.5647058823529412	0.5647058823529412
C	P_2	208.642	213.603	189.535	1.0	0.5019607843137255	0.0
C	OP1_2	208.728	213.217	188.093	1.0	0.050980392156862744	0.050980392156862744
C	OP2_2	209.885	213.971	190.271	1.0	0.050980392156862744	0.050980392156862744
C	O5'_2	207.606	214.809	189.673	1.0	0.050980392156862744	0.050980392156862744
C	C5'_2	206.282	214.705	189.113	0.5647058823529412	0.5647058823529412	0.5647058823529412
C	C4'_2	205.471	215.943	189.424	0.5647058823529412	0.5647058823529412	0.5647058823529412
C	O4'_2	205.24	216.04	190.857	1.0	0.050980392156862744	0.050980392156862744
C	C3'_2	206.081	217.291	189.065	0.5647058823529412	0.5647058823529412	0.5647058823529412
C	O3'_2	205.973	217.598	187.673	1.0	0.050980392156862744	0.050980392156862744
C	C2'_2	205.254	218.236	189.93	0.5647058823529412	0.5647058823529412	0.5647058823529412
C	O2'_2	203.963	218.472	189.399	1.0	0.050980392156862744	0.050980392156862744
C	C1'_2	205.109	217.411	191.216	0.5647058823529412	0.5647058823529412	0.5647058823529412
C	N1_2	206.127	217.754	192.232	0.18823529411764706	0.3137254901960784	0.9725490196078431
C	C2_2	205.79	218.685	193.239	0.5647058823529412	0.5647058823529412	0.5647058823529412
C	O2_2	204.637	219.163	193.264	1.0	0.050980392156862744	0.050980392156862744
C	N3_2	206.729	219.035	194.153	0.18823529411764706	0.3137254901960784	0.9725490196078431
C	C4_2	207.954	218.5	194.094	0.5647058823529412	0.5647058823529412	0.5647058823529412
C	N4_2	208.849	218.894	195.003	0.18823529411764706	0.3137254901960784	0.9725490196078431
C	C5_2	208.315	217.54	193.095	0.5647058823529412	0.5647058823529412	0.5647058823529412
C	C6_2	207.381	217.199	192.196	0.5647058823529412	0.5647058823529412	0.5647058823529412
