C	P_1	194.542	212.02	169.057	1.0	0.5019607843137255	0.0
C	OP1_1	193.162	212.463	168.692	1.0	0.050980392156862744	0.050980392156862744
C	OP2_1	195.505	211.66	167.983	1.0	0.050980392156862744	0.050980392156862744
C	O5'_1	195.227	213.143	169.957	1.0	0.050980392156862744	0.050980392156862744
C	C5'_1	194.554	213.688	171.11	0.5647058823529412	0.5647058823529412	0.5647058823529412
C	C4'_1	195.423	214.732	171.775	0.5647058823529412	0.5647058823529412	0.5647058823529412
C	O4'_1	196.62	214.103	172.315	1.0	0.050980392156862744	0.050980392156862744
C	C3'_1	195.969	215.826	170.866	0.5647058823529412	0.5647058823529412	0.5647058823529412
C	O3'_1	195.017	216.848	170.596	1.0	0.050980392156862744	0.050980392156862744
C	C2'_1	197.178	216.321	171.649	0.5647058823529412	0.5647058823529412	0.5647058823529412
C	O2'_1	196.842	217.182	172.717	1.0	0.050980392156862744	0.050980392156862744
C	C1'_1	197.717	215.005	172.213	0.5647058823529412	0.5647058823529412	0.5647058823529412
C	N1_1	198.751	214.406	171.346	0.18823529411764706	0.3137254901960784	0.9725490196078431
C	C2_1	200.089	214.795	171.529	0.5647058823529412	0.5647058823529412	0.5647058823529412
C	O2_1	200.358	215.639	172.401	1.0	0.050980392156862744	0.050980392156862744
C	N3_1	201.049	214.246	170.747	0.18823529411764706	0.3137254901960784	0.9725490196078431
C	C4_1	200.716	213.353	169.806	0.5647058823529412	0.5647058823529412	0.5647058823529412
C	N4_1	201.696	212.839	169.058	0.18823529411764706	0.3137254901960784	0.9725490196078431
C	C5_1	199.363	212.947	169.591	0.5647058823529412	0.5647058823529412	0.5647058823529412
C	C6_1	198.424	213.491	170.379	0.5647058823529412	0.5647058823529412	0.5647058823529412
G	P_2	213.459	217.795	170.703	1.0	0.5019607843137255	0.0
G	OP1_2	214.789	218.228	171.222	1.0	0.050980392156862744	0.050980392156862744
G	OP2_2	213.15	216.34	170.598	1.0	0.050980392156862744	0.050980392156862744
G	O5'_2	212.329	218.505	171.573	1.0	0.050980392156862744	0.050980392156862744
G	C5'_2	211.519	217.766	172.504	0.5647058823529412	0.5647058823529412	0.5647058823529412
G	C4'_2	210.219	218.5	172.741	0.5647058823529412	0.5647058823529412	0.5647058823529412
G	O4'_2	209.415	218.458	171.53	1.0	0.050980392156862744	0.050980392156862744
G	C3'_2	209.31	217.916	173.812	0.5647058823529412	0.5647058823529412	0.5647058823529412
G	O3'_2	209.707	218.344	175.119	1.0	0.050980392156862744	0.050980392156862744
G	C2'_2	207.945	218.46	173.404	0.5647058823529412	0.5647058823529412	0.5647058823529412
G	O2'_2	207.755	219.809	173.793	1.0	0.050980392156862744	0.050980392156862744
G	C1'_2	208.036	218.382	171.873	0.5647058823529412	0.5647058823529412	0.5647058823529412
G	N9_2	207.474	217.156	171.295	0.18823529411764706	0.3137254901960784	0.9725490196078431
G	C8_2	208.158	216.162	170.624	0.5647058823529412	0.5647058823529412	0.5647058823529412
G	N7_2	207.384	215.19	170.213	0.18823529411764706	0.3137254901960784	0.9725490196078431
G	C5_2	206.112	215.556	170.64	0.5647058823529412	0.5647058823529412	0.5647058823529412
G	C6_2	204.864	214.886	170.491	0.5647058823529412	0.5647058823529412	0.5647058823529412
G	O6_2	204.631	213.802	169.933	1.0	0.050980392156862744	0.050980392156862744
G	N1_2	203.824	215.606	171.077	0.18823529411764706	0.3137254901960784	0.9725490196078431
G	C2_2	203.964	216.811	171.724	0.5647058823529412	0.5647058823529412	0.5647058823529412
G	N2_2	202.841	217.346	172.226	0.18823529411764706	0.3137254901960784	0.9725490196078431
G	N3_2	205.12	217.447	171.87	0.18823529411764706	0.3137254901960784	0.9725490196078431
G	C4_2	206.145	216.767	171.309	0.5647058823529412	0.5647058823529412	0.5647058823529412
