C	P_1	165.727	232.026	256.867	1.0	0.5019607843137255	0.0
C	OP1_1	165.967	233.165	257.803	1.0	0.050980392156862744	0.050980392156862744
C	OP2_1	164.812	232.206	255.71	1.0	0.050980392156862744	0.050980392156862744
C	O5'_1	167.136	231.521	256.319	1.0	0.050980392156862744	0.050980392156862744
C	C5'_1	168.226	231.274	257.23	0.5647058823529412	0.5647058823529412	0.5647058823529412
C	C4'_1	169.443	230.788	256.482	0.5647058823529412	0.5647058823529412	0.5647058823529412
C	O4'_1	169.205	229.45	255.972	1.0	0.050980392156862744	0.050980392156862744
C	C3'_1	169.843	231.595	255.256	0.5647058823529412	0.5647058823529412	0.5647058823529412
C	O3'_1	170.594	232.752	255.603	1.0	0.050980392156862744	0.050980392156862744
C	C2'_1	170.665	230.587	254.468	0.5647058823529412	0.5647058823529412	0.5647058823529412
C	O2'_1	171.984	230.469	254.961	1.0	0.050980392156862744	0.050980392156862744
C	C1'_1	169.889	229.29	254.738	0.5647058823529412	0.5647058823529412	0.5647058823529412
C	N1_1	168.898	228.979	253.69	0.18823529411764706	0.3137254901960784	0.9725490196078431
C	C2_1	169.332	228.35	252.503	0.5647058823529412	0.5647058823529412	0.5647058823529412
C	O2_1	170.532	228.039	252.385	1.0	0.050980392156862744	0.050980392156862744
C	N3_1	168.428	228.098	251.527	0.18823529411764706	0.3137254901960784	0.9725490196078431
C	C4_1	167.144	228.438	251.698	0.5647058823529412	0.5647058823529412	0.5647058823529412
C	N4_1	166.29	228.192	250.7	0.18823529411764706	0.3137254901960784	0.9725490196078431
C	C5_1	166.677	229.052	252.9	0.5647058823529412	0.5647058823529412	0.5647058823529412
C	C6_1	167.578	229.302	253.858	0.5647058823529412	0.5647058823529412	0.5647058823529412
G	P_2	169.924	224.556	240.568	1.0	0.5019607843137255	0.0
G	OP1_2	169.854	223.348	239.695	1.0	0.050980392156862744	0.050980392156862744
G	OP2_2	168.679	225.331	240.843	1.0	0.050980392156862744	0.050980392156862744
G	O5'_2	170.579	224.102	241.957	1.0	0.050980392156862744	0.050980392156862744
G	C5'_2	171.865	223.434	241.991	0.5647058823529412	0.5647058823529412	0.5647058823529412
G	C4'_2	172.664	223.848	243.22	0.5647058823529412	0.5647058823529412	0.5647058823529412
G	O4'_2	172.356	225.231	243.56	1.0	0.050980392156862744	0.050980392156862744
G	C3'_2	172.419	223.097	244.527	0.5647058823529412	0.5647058823529412	0.5647058823529412
G	O3'_2	173.145	221.867	244.581	1.0	0.050980392156862744	0.050980392156862744
G	C2'_2	172.947	224.085	245.561	0.5647058823529412	0.5647058823529412	0.5647058823529412
G	O2'_2	174.358	224.081	245.655	1.0	0.050980392156862744	0.050980392156862744
G	C1'_2	172.482	225.416	244.965	0.5647058823529412	0.5647058823529412	0.5647058823529412
G	N9_2	171.186	225.808	245.507	0.18823529411764706	0.3137254901960784	0.9725490196078431
G	C8_2	169.956	225.718	244.892	0.5647058823529412	0.5647058823529412	0.5647058823529412
G	N7_2	168.969	226.1	245.658	0.18823529411764706	0.3137254901960784	0.9725490196078431
G	C5_2	169.582	226.472	246.849	0.5647058823529412	0.5647058823529412	0.5647058823529412
G	C6_2	169.018	226.956	248.061	0.5647058823529412	0.5647058823529412	0.5647058823529412
G	O6_2	167.823	227.155	248.33	1.0	0.050980392156862744	0.050980392156862744
G	N1_2	170.002	227.216	249.017	0.18823529411764706	0.3137254901960784	0.9725490196078431
G	C2_2	171.356	227.033	248.83	0.5647058823529412	0.5647058823529412	0.5647058823529412
G	N2_2	172.148	227.353	249.871	0.18823529411764706	0.3137254901960784	0.9725490196078431
G	N3_2	171.893	226.573	247.705	0.18823529411764706	0.3137254901960784	0.9725490196078431
G	C4_2	170.953	226.315	246.765	0.5647058823529412	0.5647058823529412	0.5647058823529412
