C	P_1	256.217	195.51	241.205	1.0	0.5019607843137255	0.0
C	OP1_1	256.19	194.094	241.674	1.0	0.050980392156862744	0.050980392156862744
C	OP2_1	255.028	196.077	240.517	1.0	0.050980392156862744	0.050980392156862744
C	O5'_1	256.575	196.464	242.434	1.0	0.050980392156862744	0.050980392156862744
C	C5'_1	257.648	196.134	243.351	0.5647058823529412	0.5647058823529412	0.5647058823529412
C	C4'_1	257.757	197.182	244.446	0.5647058823529412	0.5647058823529412	0.5647058823529412
C	O4'_1	258.186	198.45	243.878	1.0	0.050980392156862744	0.050980392156862744
C	C3'_1	256.472	197.516	245.191	0.5647058823529412	0.5647058823529412	0.5647058823529412
C	O3'_1	256.198	196.559	246.215	1.0	0.050980392156862744	0.050980392156862744
C	C2'_1	256.764	198.91	245.736	0.5647058823529412	0.5647058823529412	0.5647058823529412
C	O2'_1	257.575	198.893	246.892	1.0	0.050980392156862744	0.050980392156862744
C	C1'_1	257.567	199.521	244.581	0.5647058823529412	0.5647058823529412	0.5647058823529412
C	N1_1	256.753	200.308	243.626	0.18823529411764706	0.3137254901960784	0.9725490196078431
C	C2_1	256.531	201.679	243.884	0.5647058823529412	0.5647058823529412	0.5647058823529412
C	O2_1	257.038	202.197	244.902	1.0	0.050980392156862744	0.050980392156862744
C	N3_1	255.773	202.398	243.013	0.18823529411764706	0.3137254901960784	0.9725490196078431
C	C4_1	255.258	201.808	241.926	0.5647058823529412	0.5647058823529412	0.5647058823529412
C	N4_1	254.528	202.554	241.095	0.18823529411764706	0.3137254901960784	0.9725490196078431
C	C5_1	255.471	200.427	241.641	0.5647058823529412	0.5647058823529412	0.5647058823529412
C	C6_1	256.215	199.722	242.507	0.5647058823529412	0.5647058823529412	0.5647058823529412
G	P_2	247.924	211.714	243.814	1.0	0.5019607843137255	0.0
G	OP1_2	247.863	213.052	244.47	1.0	0.050980392156862744	0.050980392156862744
G	OP2_2	248.432	211.599	242.42	1.0	0.050980392156862744	0.050980392156862744
G	O5'_2	248.782	210.729	244.733	1.0	0.050980392156862744	0.050980392156862744
G	C5'_2	248.564	210.663	246.16	0.5647058823529412	0.5647058823529412	0.5647058823529412
G	C4'_2	249.624	209.804	246.824	0.5647058823529412	0.5647058823529412	0.5647058823529412
G	O4'_2	249.536	208.441	246.329	1.0	0.050980392156862744	0.050980392156862744
G	C3'_2	251.084	210.179	246.592	0.5647058823529412	0.5647058823529412	0.5647058823529412
G	O3'_2	251.518	211.237	247.452	1.0	0.050980392156862744	0.050980392156862744
G	C2'_2	251.801	208.875	246.932	0.5647058823529412	0.5647058823529412	0.5647058823529412
G	O2'_2	251.946	208.671	248.325	1.0	0.050980392156862744	0.050980392156862744
G	C1'_2	250.823	207.837	246.376	0.5647058823529412	0.5647058823529412	0.5647058823529412
G	N9_2	251.176	207.354	245.04	0.18823529411764706	0.3137254901960784	0.9725490196078431
G	C8_2	250.608	207.722	243.838	0.5647058823529412	0.5647058823529412	0.5647058823529412
G	N7_2	251.123	207.094	242.812	0.18823529411764706	0.3137254901960784	0.9725490196078431
G	C5_2	252.096	206.264	243.363	0.5647058823529412	0.5647058823529412	0.5647058823529412
G	C6_2	252.983	205.339	242.737	0.5647058823529412	0.5647058823529412	0.5647058823529412
G	O6_2	253.085	205.063	241.534	1.0	0.050980392156862744	0.050980392156862744
G	N1_2	253.807	204.707	243.666	0.18823529411764706	0.3137254901960784	0.9725490196078431
G	C2_2	253.787	204.934	245.025	0.5647058823529412	0.5647058823529412	0.5647058823529412
G	N2_2	254.667	204.223	245.759	0.18823529411764706	0.3137254901960784	0.9725490196078431
G	N3_2	252.964	205.794	245.623	0.18823529411764706	0.3137254901960784	0.9725490196078431
G	C4_2	252.15	206.418	244.736	0.5647058823529412	0.5647058823529412	0.5647058823529412
