G	P_1	234.4	216.629	239.837	1.0	0.5019607843137255	0.0
G	OP1_1	235.211	216.709	238.589	1.0	0.050980392156862744	0.050980392156862744
G	OP2_1	234.188	217.855	240.654	1.0	0.050980392156862744	0.050980392156862744
G	O5'_1	232.97	216.031	239.445	1.0	0.050980392156862744	0.050980392156862744
G	C5'_1	232.852	214.742	238.803	0.5647058823529412	0.5647058823529412	0.5647058823529412
G	C4'_1	231.545	214.637	238.039	0.5647058823529412	0.5647058823529412	0.5647058823529412
G	O4'_1	230.418	214.725	238.956	1.0	0.050980392156862744	0.050980392156862744
G	C3'_1	231.264	215.716	237.005	0.5647058823529412	0.5647058823529412	0.5647058823529412
G	O3'_1	231.949	215.458	235.777	1.0	0.050980392156862744	0.050980392156862744
G	C2'_1	229.746	215.634	236.856	0.5647058823529412	0.5647058823529412	0.5647058823529412
G	O2'_1	229.32	214.589	236.005	1.0	0.050980392156862744	0.050980392156862744
G	C1'_1	229.311	215.324	238.292	0.5647058823529412	0.5647058823529412	0.5647058823529412
G	N9_1	228.876	216.492	239.057	0.18823529411764706	0.3137254901960784	0.9725490196078431
G	C8_1	229.534	217.079	240.114	0.5647058823529412	0.5647058823529412	0.5647058823529412
G	N7_1	228.895	218.102	240.616	0.18823529411764706	0.3137254901960784	0.9725490196078431
G	C5_1	227.743	218.203	239.844	0.5647058823529412	0.5647058823529412	0.5647058823529412
G	C6_1	226.661	219.131	239.92	0.5647058823529412	0.5647058823529412	0.5647058823529412
G	O6_1	226.505	220.068	240.716	1.0	0.050980392156862744	0.050980392156862744
G	N1_1	225.702	218.883	238.941	0.18823529411764706	0.3137254901960784	0.9725490196078431
G	C2_1	225.767	217.875	238.011	0.5647058823529412	0.5647058823529412	0.5647058823529412
G	N2_1	224.741	217.807	237.152	0.18823529411764706	0.3137254901960784	0.9725490196078431
G	N3_1	226.766	216.998	237.928	0.18823529411764706	0.3137254901960784	0.9725490196078431
G	C4_1	227.714	217.221	238.872	0.5647058823529412	0.5647058823529412	0.5647058823529412
C	P_2	218.591	225.636	240.515	1.0	0.5019607843137255	0.0
C	OP1_2	217.16	226.063	240.465	1.0	0.050980392156862744	0.050980392156862744
C	OP2_2	219.189	225.234	241.817	1.0	0.050980392156862744	0.050980392156862744
C	O5'_2	218.794	224.434	239.483	1.0	0.050980392156862744	0.050980392156862744
C	C5'_2	218.269	224.503	238.136	0.5647058823529412	0.5647058823529412	0.5647058823529412
C	C4'_2	218.749	223.32	237.319	0.5647058823529412	0.5647058823529412	0.5647058823529412
C	O4'_2	220.198	223.345	237.247	1.0	0.050980392156862744	0.050980392156862744
C	C3'_2	218.414	221.937	237.866	0.5647058823529412	0.5647058823529412	0.5647058823529412
C	O3'_2	217.095	221.539	237.468	1.0	0.050980392156862744	0.050980392156862744
C	C2'_2	219.5	221.069	237.239	0.5647058823529412	0.5647058823529412	0.5647058823529412
C	O2'_2	219.247	220.75	235.887	1.0	0.050980392156862744	0.050980392156862744
C	C1'_2	220.699	222.018	237.276	0.5647058823529412	0.5647058823529412	0.5647058823529412
C	N1_2	221.563	221.872	238.463	0.18823529411764706	0.3137254901960784	0.9725490196078431
C	C2_2	222.596	220.906	238.441	0.5647058823529412	0.5647058823529412	0.5647058823529412
C	O2_2	222.723	220.172	237.44	1.0	0.050980392156862744	0.050980392156862744
C	N3_2	223.425	220.803	239.513	0.18823529411764706	0.3137254901960784	0.9725490196078431
C	C4_2	223.253	221.607	240.57	0.5647058823529412	0.5647058823529412	0.5647058823529412
C	N4_2	224.102	221.486	241.593	0.18823529411764706	0.3137254901960784	0.9725490196078431
C	C5_2	222.199	222.577	240.625	0.5647058823529412	0.5647058823529412	0.5647058823529412
C	C6_2	221.386	222.671	239.564	0.5647058823529412	0.5647058823529412	0.5647058823529412
