C	P_1	162.827	241.768	255.127	1.0	0.5019607843137255	0.0
C	OP1_1	163.841	241.964	254.051	1.0	0.050980392156862744	0.050980392156862744
C	OP2_1	161.531	242.495	255.057	1.0	0.050980392156862744	0.050980392156862744
C	O5'_1	162.521	240.205	255.244	1.0	0.050980392156862744	0.050980392156862744
C	C5'_1	163.577	239.223	255.119	0.5647058823529412	0.5647058823529412	0.5647058823529412
C	C4'_1	163.018	237.821	255.272	0.5647058823529412	0.5647058823529412	0.5647058823529412
C	O4'_1	162.424	237.679	256.589	1.0	0.050980392156862744	0.050980392156862744
C	C3'_1	161.9	237.413	254.32	0.5647058823529412	0.5647058823529412	0.5647058823529412
C	O3'_1	162.41	236.972	253.059	1.0	0.050980392156862744	0.050980392156862744
C	C2'_1	161.231	236.269	255.075	0.5647058823529412	0.5647058823529412	0.5647058823529412
C	O2'_1	161.93	235.049	254.938	1.0	0.050980392156862744	0.050980392156862744
C	C1'_1	161.355	236.745	256.526	0.5647058823529412	0.5647058823529412	0.5647058823529412
C	N1_1	160.134	237.349	257.109	0.18823529411764706	0.3137254901960784	0.9725490196078431
C	C2_1	159.138	236.496	257.633	0.5647058823529412	0.5647058823529412	0.5647058823529412
C	O2_1	159.296	235.262	257.562	1.0	0.050980392156862744	0.050980392156862744
C	N3_1	158.035	237.041	258.2	0.18823529411764706	0.3137254901960784	0.9725490196078431
C	C4_1	157.899	238.371	258.258	0.5647058823529412	0.5647058823529412	0.5647058823529412
C	N4_1	156.808	238.861	258.849	0.18823529411764706	0.3137254901960784	0.9725490196078431
C	C5_1	158.881	239.257	257.719	0.5647058823529412	0.5647058823529412	0.5647058823529412
C	C6_1	159.97	238.709	257.158	0.5647058823529412	0.5647058823529412	0.5647058823529412
G	P_2	149.98	230.072	262.586	1.0	0.5019607843137255	0.0
G	OP1_2	149.768	228.922	263.512	1.0	0.050980392156862744	0.050980392156862744
G	OP2_2	150.209	231.429	263.148	1.0	0.050980392156862744	0.050980392156862744
G	O5'_2	151.208	229.715	261.631	1.0	0.050980392156862744	0.050980392156862744
G	C5'_2	151.258	228.461	260.91	0.5647058823529412	0.5647058823529412	0.5647058823529412
G	C4'_2	152.492	228.405	260.029	0.5647058823529412	0.5647058823529412	0.5647058823529412
G	O4'_2	152.419	229.433	259.0	1.0	0.050980392156862744	0.050980392156862744
G	C3'_2	153.821	228.676	260.719	0.5647058823529412	0.5647058823529412	0.5647058823529412
G	O3'_2	154.317	227.524	261.401	1.0	0.050980392156862744	0.050980392156862744
G	C2'_2	154.71	229.092	259.552	0.5647058823529412	0.5647058823529412	0.5647058823529412
G	O2'_2	155.174	227.99	258.8	1.0	0.050980392156862744	0.050980392156862744
G	C1'_2	153.729	229.901	258.699	0.5647058823529412	0.5647058823529412	0.5647058823529412
G	N9_2	153.783	231.345	258.931	0.18823529411764706	0.3137254901960784	0.9725490196078431
G	C8_2	152.8	232.13	259.491	0.5647058823529412	0.5647058823529412	0.5647058823529412
G	N7_2	153.119	233.397	259.546	0.18823529411764706	0.3137254901960784	0.9725490196078431
G	C5_2	154.393	233.457	258.994	0.5647058823529412	0.5647058823529412	0.5647058823529412
G	C6_2	155.251	234.571	258.788	0.5647058823529412	0.5647058823529412	0.5647058823529412
G	O6_2	155.044	235.763	259.055	1.0	0.050980392156862744	0.050980392156862744
G	N1_2	156.456	234.188	258.206	0.18823529411764706	0.3137254901960784	0.9725490196078431
G	C2_2	156.795	232.9	257.866	0.5647058823529412	0.5647058823529412	0.5647058823529412
G	N2_2	158.011	232.742	257.311	0.18823529411764706	0.3137254901960784	0.9725490196078431
G	N3_2	156.003	231.848	258.052	0.18823529411764706	0.3137254901960784	0.9725490196078431
G	C4_2	154.824	232.199	258.615	0.5647058823529412	0.5647058823529412	0.5647058823529412
