C	P_1	192.199	170.532	228.902	1.0	0.5019607843137255	0.0
C	OP1_1	192.563	171.595	227.927	1.0	0.050980392156862744	0.050980392156862744
C	OP2_1	191.277	170.851	230.024	1.0	0.050980392156862744	0.050980392156862744
C	O5'_1	191.586	169.3	228.095	1.0	0.050980392156862744	0.050980392156862744
C	C5'_1	192.192	168.833	226.866	0.5647058823529412	0.5647058823529412	0.5647058823529412
C	C4'_1	191.45	167.623	226.342	0.5647058823529412	0.5647058823529412	0.5647058823529412
C	O4'_1	191.638	166.504	227.254	1.0	0.050980392156862744	0.050980392156862744
C	C3'_1	189.939	167.783	226.241	0.5647058823529412	0.5647058823529412	0.5647058823529412
C	O3'_1	189.561	168.45	225.037	1.0	0.050980392156862744	0.050980392156862744
C	C2'_1	189.454	166.34	226.314	0.5647058823529412	0.5647058823529412	0.5647058823529412
C	O2'_1	189.571	165.652	225.086	1.0	0.050980392156862744	0.050980392156862744
C	C1'_1	190.439	165.744	227.329	0.5647058823529412	0.5647058823529412	0.5647058823529412
C	N1_1	189.94	165.778	228.723	0.18823529411764706	0.3137254901960784	0.9725490196078431
C	C2_1	189.086	164.743	229.177	0.5647058823529412	0.5647058823529412	0.5647058823529412
C	O2_1	188.81	163.799	228.409	1.0	0.050980392156862744	0.050980392156862744
C	N3_1	188.595	164.806	230.439	0.18823529411764706	0.3137254901960784	0.9725490196078431
C	C4_1	188.926	165.829	231.237	0.5647058823529412	0.5647058823529412	0.5647058823529412
C	N4_1	188.403	165.859	232.465	0.18823529411764706	0.3137254901960784	0.9725490196078431
C	C5_1	189.806	166.869	230.81	0.5647058823529412	0.5647058823529412	0.5647058823529412
C	C6_1	190.284	166.804	229.563	0.5647058823529412	0.5647058823529412	0.5647058823529412
G	P_2	180.78	159.41	236.941	1.0	0.5019607843137255	0.0
G	OP1_2	180.175	158.097	237.304	1.0	0.050980392156862744	0.050980392156862744
G	OP2_2	182.057	159.831	237.586	1.0	0.050980392156862744	0.050980392156862744
G	O5'_2	180.983	159.45	235.359	1.0	0.050980392156862744	0.050980392156862744
G	C5'_2	179.99	158.897	234.465	0.5647058823529412	0.5647058823529412	0.5647058823529412
G	C4'_2	180.442	159.034	233.027	0.5647058823529412	0.5647058823529412	0.5647058823529412
G	O4'_2	180.546	160.443	232.688	1.0	0.050980392156862744	0.050980392156862744
G	C3'_2	181.82	158.472	232.698	0.5647058823529412	0.5647058823529412	0.5647058823529412
G	O3'_2	181.799	157.067	232.453	1.0	0.050980392156862744	0.050980392156862744
G	C2'_2	182.2	159.258	231.451	0.5647058823529412	0.5647058823529412	0.5647058823529412
G	O2'_2	181.592	158.752	230.279	1.0	0.050980392156862744	0.050980392156862744
G	C1'_2	181.625	160.639	231.782	0.5647058823529412	0.5647058823529412	0.5647058823529412
G	N9_2	182.604	161.531	232.406	0.18823529411764706	0.3137254901960784	0.9725490196078431
G	C8_2	182.628	161.961	233.715	0.5647058823529412	0.5647058823529412	0.5647058823529412
G	N7_2	183.641	162.743	233.982	0.18823529411764706	0.3137254901960784	0.9725490196078431
G	C5_2	184.329	162.839	232.781	0.5647058823529412	0.5647058823529412	0.5647058823529412
G	C6_2	185.51	163.546	232.462	0.5647058823529412	0.5647058823529412	0.5647058823529412
G	O6_2	186.207	164.249	233.202	1.0	0.050980392156862744	0.050980392156862744
G	N1_2	185.862	163.379	231.125	0.18823529411764706	0.3137254901960784	0.9725490196078431
G	C2_2	185.162	162.625	230.211	0.5647058823529412	0.5647058823529412	0.5647058823529412
G	N2_2	185.656	162.601	228.957	0.18823529411764706	0.3137254901960784	0.9725490196078431
G	N3_2	184.057	161.95	230.501	0.18823529411764706	0.3137254901960784	0.9725490196078431
G	C4_2	183.7	162.103	231.794	0.5647058823529412	0.5647058823529412	0.5647058823529412
