G	P_1	191.201	309.401	147.976	1.0	0.5019607843137255	0.0
G	OP1_1	190.119	309.673	146.991	1.0	0.050980392156862744	0.050980392156862744
G	OP2_1	192.573	309.073	147.492	1.0	0.050980392156862744	0.050980392156862744
G	O5'_1	191.293	310.65	148.967	1.0	0.050980392156862744	0.050980392156862744
G	C5'_1	192.09	311.811	148.635	0.5647058823529412	0.5647058823529412	0.5647058823529412
G	C4'_1	192.212	312.73	149.834	0.5647058823529412	0.5647058823529412	0.5647058823529412
G	O4'_1	192.613	311.962	151.003	1.0	0.050980392156862744	0.050980392156862744
G	C3'_1	193.279	313.811	149.704	0.5647058823529412	0.5647058823529412	0.5647058823529412
G	O3'_1	192.798	314.959	148.999	1.0	0.050980392156862744	0.050980392156862744
G	C2'_1	193.63	314.11	151.159	0.5647058823529412	0.5647058823529412	0.5647058823529412
G	O2'_1	192.698	314.967	151.791	1.0	0.050980392156862744	0.050980392156862744
G	C1'_1	193.537	312.713	151.782	0.5647058823529412	0.5647058823529412	0.5647058823529412
G	N9_1	194.795	311.965	151.833	0.18823529411764706	0.3137254901960784	0.9725490196078431
G	C8_1	195.037	310.74	151.251	0.5647058823529412	0.5647058823529412	0.5647058823529412
G	N7_1	196.24	310.287	151.477	0.18823529411764706	0.3137254901960784	0.9725490196078431
G	C5_1	196.839	311.272	152.251	0.5647058823529412	0.5647058823529412	0.5647058823529412
G	C6_1	198.146	311.333	152.798	0.5647058823529412	0.5647058823529412	0.5647058823529412
G	O6_1	199.056	310.498	152.714	1.0	0.050980392156862744	0.050980392156862744
G	N1_1	198.349	312.514	153.508	0.18823529411764706	0.3137254901960784	0.9725490196078431
G	C2_1	197.416	313.506	153.673	0.5647058823529412	0.5647058823529412	0.5647058823529412
G	N2_1	197.815	314.572	154.385	0.18823529411764706	0.3137254901960784	0.9725490196078431
G	N3_1	196.186	313.458	153.175	0.18823529411764706	0.3137254901960784	0.9725490196078431
G	C4_1	195.967	312.32	152.478	0.5647058823529412	0.5647058823529412	0.5647058823529412
C	P_2	207.789	312.286	158.656	1.0	0.5019607843137255	0.0
C	OP1_2	209.034	312.127	157.85	1.0	0.050980392156862744	0.050980392156862744
C	OP2_2	207.889	312.724	160.076	1.0	0.050980392156862744	0.050980392156862744
C	O5'_2	206.814	313.285	157.876	1.0	0.050980392156862744	0.050980392156862744
C	C5'_2	207.003	314.717	157.925	0.5647058823529412	0.5647058823529412	0.5647058823529412
C	C4'_2	205.726	315.442	157.535	0.5647058823529412	0.5647058823529412	0.5647058823529412
C	O4'_2	205.384	315.14	156.155	1.0	0.050980392156862744	0.050980392156862744
C	C3'_2	204.459	315.094	158.306	0.5647058823529412	0.5647058823529412	0.5647058823529412
C	O3'_2	204.403	315.776	159.562	1.0	0.050980392156862744	0.050980392156862744
C	C2'_2	203.36	315.568	157.354	0.5647058823529412	0.5647058823529412	0.5647058823529412
C	O2'_2	203.119	316.96	157.426	1.0	0.050980392156862744	0.050980392156862744
C	C1'_2	203.974	315.245	155.985	0.5647058823529412	0.5647058823529412	0.5647058823529412
C	N1_2	203.465	314.021	155.326	0.18823529411764706	0.3137254901960784	0.9725490196078431
C	C2_2	202.151	314.019	154.805	0.5647058823529412	0.5647058823529412	0.5647058823529412
C	O2_2	201.449	315.042	154.912	1.0	0.050980392156862744	0.050980392156862744
C	N3_2	201.688	312.903	154.198	0.18823529411764706	0.3137254901960784	0.9725490196078431
C	C4_2	202.472	311.826	154.091	0.5647058823529412	0.5647058823529412	0.5647058823529412
C	N4_2	201.975	310.751	153.478	0.18823529411764706	0.3137254901960784	0.9725490196078431
C	C5_2	203.802	311.802	154.608	0.5647058823529412	0.5647058823529412	0.5647058823529412
C	C6_2	204.251	312.905	155.211	0.5647058823529412	0.5647058823529412	0.5647058823529412
