G	P_1	189.141	212.738	228.164	1.0	0.5019607843137255	0.0
G	OP1_1	189.751	211.971	227.031	1.0	0.050980392156862744	0.050980392156862744
G	OP2_1	188.319	212.019	229.181	1.0	0.050980392156862744	0.050980392156862744
G	O5'_1	190.306	213.529	228.913	1.0	0.050980392156862744	0.050980392156862744
G	C5'_1	191.244	214.323	228.157	0.5647058823529412	0.5647058823529412	0.5647058823529412
G	C4'_1	192.203	215.042	229.082	0.5647058823529412	0.5647058823529412	0.5647058823529412
G	O4'_1	191.497	216.049	229.861	1.0	0.050980392156862744	0.050980392156862744
G	C3'_1	192.889	214.199	230.144	0.5647058823529412	0.5647058823529412	0.5647058823529412
G	O3'_1	193.961	213.43	229.61	1.0	0.050980392156862744	0.050980392156862744
G	C2'_1	193.351	215.262	231.136	0.5647058823529412	0.5647058823529412	0.5647058823529412
G	O2'_1	194.509	215.956	230.711	1.0	0.050980392156862744	0.050980392156862744
G	C1'_1	192.164	216.229	231.108	0.5647058823529412	0.5647058823529412	0.5647058823529412
G	N9_1	191.215	216.014	232.204	0.18823529411764706	0.3137254901960784	0.9725490196078431
G	C8_1	190.017	215.327	232.162	0.5647058823529412	0.5647058823529412	0.5647058823529412
G	N7_1	189.387	215.317	233.311	0.18823529411764706	0.3137254901960784	0.9725490196078431
G	C5_1	190.215	216.038	234.168	0.5647058823529412	0.5647058823529412	0.5647058823529412
G	C6_1	190.057	216.367	235.549	0.5647058823529412	0.5647058823529412	0.5647058823529412
G	O6_1	189.124	216.073	236.31	1.0	0.050980392156862744	0.050980392156862744
G	N1_1	191.133	217.117	236.025	0.18823529411764706	0.3137254901960784	0.9725490196078431
G	C2_1	192.223	217.502	235.279	0.5647058823529412	0.5647058823529412	0.5647058823529412
G	N2_1	193.152	218.231	235.922	0.18823529411764706	0.3137254901960784	0.9725490196078431
G	N3_1	192.389	217.2	233.993	0.18823529411764706	0.3137254901960784	0.9725490196078431
G	C4_1	191.352	216.473	233.505	0.5647058823529412	0.5647058823529412	0.5647058823529412
C	P_2	190.384	219.635	245.669	1.0	0.5019607843137255	0.0
C	OP1_2	190.715	220.646	246.716	1.0	0.050980392156862744	0.050980392156862744
C	OP2_2	188.999	219.569	245.123	1.0	0.050980392156862744	0.050980392156862744
C	O5'_2	191.398	219.824	244.457	1.0	0.050980392156862744	0.050980392156862744
C	C5'_2	192.822	219.765	244.668	0.5647058823529412	0.5647058823529412	0.5647058823529412
C	C4'_2	193.543	219.831	243.345	0.5647058823529412	0.5647058823529412	0.5647058823529412
C	O4'_2	193.294	218.619	242.585	1.0	0.050980392156862744	0.050980392156862744
C	C3'_2	193.091	220.955	242.425	0.5647058823529412	0.5647058823529412	0.5647058823529412
C	O3'_2	193.704	222.193	242.773	1.0	0.050980392156862744	0.050980392156862744
C	C2'_2	193.496	220.435	241.052	0.5647058823529412	0.5647058823529412	0.5647058823529412
C	O2'_2	194.873	220.605	240.783	1.0	0.050980392156862744	0.050980392156862744
C	C1'_2	193.196	218.939	241.202	0.5647058823529412	0.5647058823529412	0.5647058823529412
C	N1_2	191.859	218.531	240.715	0.18823529411764706	0.3137254901960784	0.9725490196078431
C	C2_2	191.731	218.058	239.39	0.5647058823529412	0.5647058823529412	0.5647058823529412
C	O2_2	192.74	218.022	238.659	1.0	0.050980392156862744	0.050980392156862744
C	N3_2	190.51	217.655	238.947	0.18823529411764706	0.3137254901960784	0.9725490196078431
C	C4_2	189.447	217.717	239.762	0.5647058823529412	0.5647058823529412	0.5647058823529412
C	N4_2	188.265	217.303	239.285	0.18823529411764706	0.3137254901960784	0.9725490196078431
C	C5_2	189.548	218.205	241.102	0.5647058823529412	0.5647058823529412	0.5647058823529412
C	C6_2	190.76	218.598	241.532	0.5647058823529412	0.5647058823529412	0.5647058823529412
