C	P_1	250.702	265.304	251.23	1.0	0.5019607843137255	0.0
C	OP1_1	251.041	266.38	252.209	1.0	0.050980392156862744	0.050980392156862744
C	OP2_1	251.656	264.183	251.012	1.0	0.050980392156862744	0.050980392156862744
C	O5'_1	249.295	264.678	251.644	1.0	0.050980392156862744	0.050980392156862744
C	C5'_1	248.153	265.522	251.894	0.5647058823529412	0.5647058823529412	0.5647058823529412
C	C4'_1	246.913	264.682	252.084	0.5647058823529412	0.5647058823529412	0.5647058823529412
C	O4'_1	246.624	263.965	250.852	1.0	0.050980392156862744	0.050980392156862744
C	C3'_1	246.994	263.579	253.131	0.5647058823529412	0.5647058823529412	0.5647058823529412
C	O3'_1	246.81	264.058	254.46	1.0	0.050980392156862744	0.050980392156862744
C	C2'_1	245.881	262.64	252.684	0.5647058823529412	0.5647058823529412	0.5647058823529412
C	O2'_1	244.588	263.093	253.035	1.0	0.050980392156862744	0.050980392156862744
C	C1'_1	246.048	262.701	251.163	0.5647058823529412	0.5647058823529412	0.5647058823529412
C	N1_1	246.934	261.633	250.657	0.18823529411764706	0.3137254901960784	0.9725490196078431
C	C2_1	246.381	260.367	250.386	0.5647058823529412	0.5647058823529412	0.5647058823529412
C	O2_1	245.161	260.188	250.553	1.0	0.050980392156862744	0.050980392156862744
C	N3_1	247.195	259.377	249.951	0.18823529411764706	0.3137254901960784	0.9725490196078431
C	C4_1	248.501	259.61	249.781	0.5647058823529412	0.5647058823529412	0.5647058823529412
C	N4_1	249.265	258.601	249.36	0.18823529411764706	0.3137254901960784	0.9725490196078431
C	C5_1	249.083	260.887	250.038	0.5647058823529412	0.5647058823529412	0.5647058823529412
C	C6_1	248.272	261.858	250.467	0.5647058823529412	0.5647058823529412	0.5647058823529412
G	P_2	244.743	248.083	247.335	1.0	0.5019607843137255	0.0
G	OP1_2	243.777	247.144	246.697	1.0	0.050980392156862744	0.050980392156862744
G	OP2_2	245.804	248.717	246.508	1.0	0.050980392156862744	0.050980392156862744
G	O5'_2	243.911	249.242	248.054	1.0	0.050980392156862744	0.050980392156862744
G	C5'_2	242.933	248.932	249.075	0.5647058823529412	0.5647058823529412	0.5647058823529412
G	C4'_2	242.437	250.198	249.747	0.5647058823529412	0.5647058823529412	0.5647058823529412
G	O4'_2	243.522	250.862	250.449	1.0	0.050980392156862744	0.050980392156862744
G	C3'_2	241.874	251.279	248.838	0.5647058823529412	0.5647058823529412	0.5647058823529412
G	O3'_2	240.533	250.983	248.46	1.0	0.050980392156862744	0.050980392156862744
G	C2'_2	241.975	252.524	249.717	0.5647058823529412	0.5647058823529412	0.5647058823529412
G	O2'_2	240.93	252.628	250.664	1.0	0.050980392156862744	0.050980392156862744
G	C1'_2	243.29	252.264	250.461	0.5647058823529412	0.5647058823529412	0.5647058823529412
G	N9_2	244.451	252.942	249.887	0.18823529411764706	0.3137254901960784	0.9725490196078431
G	C8_2	245.474	252.379	249.157	0.5647058823529412	0.5647058823529412	0.5647058823529412
G	N7_2	246.386	253.243	248.799	0.18823529411764706	0.3137254901960784	0.9725490196078431
G	C5_2	245.94	254.452	249.318	0.5647058823529412	0.5647058823529412	0.5647058823529412
G	C6_2	246.516	255.746	249.254	0.5647058823529412	0.5647058823529412	0.5647058823529412
G	O6_2	247.574	256.09	248.714	1.0	0.050980392156862744	0.050980392156862744
G	N1_2	245.728	256.69	249.91	0.18823529411764706	0.3137254901960784	0.9725490196078431
G	C2_2	244.539	256.426	250.548	0.5647058823529412	0.5647058823529412	0.5647058823529412
G	N2_2	243.926	257.473	251.123	0.18823529411764706	0.3137254901960784	0.9725490196078431
G	N3_2	243.992	255.221	250.618	0.18823529411764706	0.3137254901960784	0.9725490196078431
G	C4_2	244.743	254.287	249.987	0.5647058823529412	0.5647058823529412	0.5647058823529412
