C	P_1	197.508	193.815	155.383	1.0	0.5019607843137255	0.0
C	OP1_1	197.241	195.285	155.391	1.0	0.050980392156862744	0.050980392156862744
C	OP2_1	196.382	192.868	155.63	1.0	0.050980392156862744	0.050980392156862744
C	O5'_1	198.185	193.423	153.99	1.0	0.050980392156862744	0.050980392156862744
C	C5'_1	199.327	194.151	153.485	0.5647058823529412	0.5647058823529412	0.5647058823529412
C	C4'_1	199.959	193.419	152.318	0.5647058823529412	0.5647058823529412	0.5647058823529412
C	O4'_1	200.524	192.157	152.771	1.0	0.050980392156862744	0.050980392156862744
C	C3'_1	199.041	193.016	151.174	0.5647058823529412	0.5647058823529412	0.5647058823529412
C	O3'_1	198.755	194.096	150.291	1.0	0.050980392156862744	0.050980392156862744
C	C2'_1	199.844	191.906	150.506	0.5647058823529412	0.5647058823529412	0.5647058823529412
C	O2'_1	200.902	192.403	149.707	1.0	0.050980392156862744	0.050980392156862744
C	C1'_1	200.425	191.189	151.73	0.5647058823529412	0.5647058823529412	0.5647058823529412
C	N1_1	199.578	190.068	152.198	0.18823529411764706	0.3137254901960784	0.9725490196078431
C	C2_1	199.723	188.807	151.588	0.5647058823529412	0.5647058823529412	0.5647058823529412
C	O2_1	200.576	188.663	150.693	1.0	0.050980392156862744	0.050980392156862744
C	N3_1	198.931	187.782	151.994	0.18823529411764706	0.3137254901960784	0.9725490196078431
C	C4_1	198.031	187.974	152.966	0.5647058823529412	0.5647058823529412	0.5647058823529412
C	N4_1	197.265	186.939	153.328	0.18823529411764706	0.3137254901960784	0.9725490196078431
C	C5_1	197.872	189.238	153.611	0.5647058823529412	0.5647058823529412	0.5647058823529412
C	C6_1	198.657	190.246	153.199	0.5647058823529412	0.5647058823529412	0.5647058823529412
G	P_2	197.289	175.701	147.407	1.0	0.5019607843137255	0.0
G	OP1_2	197.818	174.41	146.875	1.0	0.050980392156862744	0.050980392156862744
G	OP2_2	197.105	175.871	148.874	1.0	0.050980392156862744	0.050980392156862744
G	O5'_2	198.212	176.884	146.877	1.0	0.050980392156862744	0.050980392156862744
G	C5'_2	199.17	177.517	147.736	0.5647058823529412	0.5647058823529412	0.5647058823529412
G	C4'_2	199.581	178.847	147.155	0.5647058823529412	0.5647058823529412	0.5647058823529412
G	O4'_2	198.471	179.79	147.205	1.0	0.050980392156862744	0.050980392156862744
G	C3'_2	200.699	179.551	147.905	0.5647058823529412	0.5647058823529412	0.5647058823529412
G	O3'_2	201.953	179.016	147.495	1.0	0.050980392156862744	0.050980392156862744
G	C2'_2	200.499	181.008	147.499	0.5647058823529412	0.5647058823529412	0.5647058823529412
G	O2'_2	201.01	181.303	146.213	1.0	0.050980392156862744	0.050980392156862744
G	C1'_2	198.968	181.1	147.457	0.5647058823529412	0.5647058823529412	0.5647058823529412
G	N9_2	198.381	181.588	148.705	0.18823529411764706	0.3137254901960784	0.9725490196078431
G	C8_2	197.591	180.877	149.584	0.5647058823529412	0.5647058823529412	0.5647058823529412
G	N7_2	197.216	181.578	150.623	0.18823529411764706	0.3137254901960784	0.9725490196078431
G	C5_2	197.791	182.83	150.425	0.5647058823529412	0.5647058823529412	0.5647058823529412
G	C6_2	197.739	184.009	151.229	0.5647058823529412	0.5647058823529412	0.5647058823529412
G	O6_2	197.154	184.181	152.308	1.0	0.050980392156862744	0.050980392156862744
G	N1_2	198.464	185.056	150.654	0.18823529411764706	0.3137254901960784	0.9725490196078431
G	C2_2	199.154	184.982	149.46	0.5647058823529412	0.5647058823529412	0.5647058823529412
G	N2_2	199.793	186.102	149.071	0.18823529411764706	0.3137254901960784	0.9725490196078431
G	N3_2	199.212	183.887	148.703	0.18823529411764706	0.3137254901960784	0.9725490196078431
G	C4_2	198.511	182.858	149.242	0.5647058823529412	0.5647058823529412	0.5647058823529412
