C	P_1	63.76	176.602	230.211	1.0	0.5019607843137255	0.0
C	OP1_1	63.45	175.877	231.476	1.0	0.050980392156862744	0.050980392156862744
C	OP2_1	64.555	175.925	229.149	1.0	0.050980392156862744	0.050980392156862744
C	O5'_1	62.395	177.112	229.564	1.0	0.050980392156862744	0.050980392156862744
C	C5'_1	61.648	176.272	228.669	0.5647058823529412	0.5647058823529412	0.5647058823529412
C	C4'_1	60.537	177.055	228.015	0.5647058823529412	0.5647058823529412	0.5647058823529412
C	O4'_1	61.086	178.205	227.319	1.0	0.050980392156862744	0.050980392156862744
C	C3'_1	59.792	176.282	226.941	0.5647058823529412	0.5647058823529412	0.5647058823529412
C	O3'_1	58.802	175.429	227.517	1.0	0.050980392156862744	0.050980392156862744
C	C2'_1	59.228	177.393	226.062	0.5647058823529412	0.5647058823529412	0.5647058823529412
C	O2'_1	58.052	177.988	226.577	1.0	0.050980392156862744	0.050980392156862744
C	C1'_1	60.375	178.409	226.103	0.5647058823529412	0.5647058823529412	0.5647058823529412
C	N1_1	61.324	178.284	224.979	0.18823529411764706	0.3137254901960784	0.9725490196078431
C	C2_1	61.042	178.946	223.767	0.5647058823529412	0.5647058823529412	0.5647058823529412
C	O2_1	59.996	179.615	223.668	1.0	0.050980392156862744	0.050980392156862744
C	N3_1	61.917	178.834	222.74	0.18823529411764706	0.3137254901960784	0.9725490196078431
C	C4_1	63.029	178.102	222.883	0.5647058823529412	0.5647058823529412	0.5647058823529412
C	N4_1	63.86	178.021	221.844	0.18823529411764706	0.3137254901960784	0.9725490196078431
C	C5_1	63.336	177.421	224.098	0.5647058823529412	0.5647058823529412	0.5647058823529412
C	C6_1	62.467	177.537	225.108	0.5647058823529412	0.5647058823529412	0.5647058823529412
G	P_2	60.823	181.62	210.31	1.0	0.5019607843137255	0.0
G	OP1_2	60.208	182.481	209.26	1.0	0.050980392156862744	0.050980392156862744
G	OP2_2	61.99	182.129	211.09	1.0	0.050980392156862744	0.050980392156862744
G	O5'_2	59.681	181.191	211.339	1.0	0.050980392156862744	0.050980392156862744
G	C5'_2	59.272	182.074	212.402	0.5647058823529412	0.5647058823529412	0.5647058823529412
G	C4'_2	58.296	181.374	213.322	0.5647058823529412	0.5647058823529412	0.5647058823529412
G	O4'_2	58.854	180.107	213.765	1.0	0.050980392156862744	0.050980392156862744
G	C3'_2	57.993	182.125	214.61	0.5647058823529412	0.5647058823529412	0.5647058823529412
G	O3'_2	56.988	183.118	214.411	1.0	0.050980392156862744	0.050980392156862744
G	C2'_2	57.557	181.004	215.548	0.5647058823529412	0.5647058823529412	0.5647058823529412
G	O2'_2	56.219	180.59	215.336	1.0	0.050980392156862744	0.050980392156862744
G	C1'_2	58.503	179.876	215.121	0.5647058823529412	0.5647058823529412	0.5647058823529412
G	N9_2	59.737	179.781	215.9	0.18823529411764706	0.3137254901960784	0.9725490196078431
G	C8_2	61.021	179.773	215.403	0.5647058823529412	0.5647058823529412	0.5647058823529412
G	N7_2	61.932	179.64	216.329	0.18823529411764706	0.3137254901960784	0.9725490196078431
G	C5_2	61.212	179.564	217.513	0.5647058823529412	0.5647058823529412	0.5647058823529412
G	C6_2	61.662	179.409	218.848	0.5647058823529412	0.5647058823529412	0.5647058823529412
G	O6_2	62.823	179.296	219.257	1.0	0.050980392156862744	0.050980392156862744
G	N1_2	60.601	179.384	219.748	0.18823529411764706	0.3137254901960784	0.9725490196078431
G	C2_2	59.277	179.494	219.41	0.5647058823529412	0.5647058823529412	0.5647058823529412
G	N2_2	58.402	179.453	220.429	0.18823529411764706	0.3137254901960784	0.9725490196078431
G	N3_2	58.839	179.634	218.165	0.18823529411764706	0.3137254901960784	0.9725490196078431
G	C4_2	59.855	179.66	217.272	0.5647058823529412	0.5647058823529412	0.5647058823529412
