C	P_1	239.17	170.976	131.667	1.0	0.5019607843137255	0.0
C	OP1_1	240.66	170.965	131.695	1.0	0.050980392156862744	0.050980392156862744
C	OP2_1	238.43	169.689	131.642	1.0	0.050980392156862744	0.050980392156862744
C	O5'_1	238.645	171.832	132.91	1.0	0.050980392156862744	0.050980392156862744
C	C5'_1	239.385	172.978	133.393	0.5647058823529412	0.5647058823529412	0.5647058823529412
C	C4'_1	238.735	173.554	134.64	0.5647058823529412	0.5647058823529412	0.5647058823529412
C	O4'_1	237.384	173.992	134.335	1.0	0.050980392156862744	0.050980392156862744
C	C3'_1	238.553	172.624	135.835	0.5647058823529412	0.5647058823529412	0.5647058823529412
C	O3'_1	239.754	172.501	136.597	1.0	0.050980392156862744	0.050980392156862744
C	C2'_1	237.454	173.324	136.627	0.5647058823529412	0.5647058823529412	0.5647058823529412
C	O2'_1	237.94	174.399	137.406	1.0	0.050980392156862744	0.050980392156862744
C	C1'_1	236.579	173.884	135.5	0.5647058823529412	0.5647058823529412	0.5647058823529412
C	N1_1	235.384	173.07	135.195	0.18823529411764706	0.3137254901960784	0.9725490196078431
C	C2_1	234.204	173.299	135.936	0.5647058823529412	0.5647058823529412	0.5647058823529412
C	O2_1	234.199	174.194	136.802	1.0	0.050980392156862744	0.050980392156862744
C	N3_1	233.106	172.544	135.681	0.18823529411764706	0.3137254901960784	0.9725490196078431
C	C4_1	233.147	171.605	134.728	0.5647058823529412	0.5647058823529412	0.5647058823529412
C	N4_1	232.046	170.878	134.519	0.18823529411764706	0.3137254901960784	0.9725490196078431
C	C5_1	234.323	171.365	133.95	0.5647058823529412	0.5647058823529412	0.5647058823529412
C	C6_1	235.408	172.11	134.217	0.5647058823529412	0.5647058823529412	0.5647058823529412
G	P_2	222.858	172.663	141.03	1.0	0.5019607843137255	0.0
G	OP1_2	223.171	171.608	140.029	1.0	0.050980392156862744	0.050980392156862744
G	OP2_2	222.4	172.268	142.396	1.0	0.050980392156862744	0.050980392156862744
G	O5'_2	224.136	173.605	141.184	1.0	0.050980392156862744	0.050980392156862744
G	C5'_2	224.415	174.277	142.429	0.5647058823529412	0.5647058823529412	0.5647058823529412
G	C4'_2	225.873	174.675	142.492	0.5647058823529412	0.5647058823529412	0.5647058823529412
G	O4'_2	226.72	173.493	142.417	1.0	0.050980392156862744	0.050980392156862744
G	C3'_2	226.382	175.538	141.349	0.5647058823529412	0.5647058823529412	0.5647058823529412
G	O3'_2	226.007	176.897	141.508	1.0	0.050980392156862744	0.050980392156862744
G	C2'_2	227.885	175.325	141.442	0.5647058823529412	0.5647058823529412	0.5647058823529412
G	O2'_2	228.487	176.063	142.487	1.0	0.050980392156862744	0.050980392156862744
G	C1'_2	227.95	173.835	141.789	0.5647058823529412	0.5647058823529412	0.5647058823529412
G	N9_2	228.138	173.001	140.602	0.18823529411764706	0.3137254901960784	0.9725490196078431
G	C8_2	227.288	172.04	140.092	0.5647058823529412	0.5647058823529412	0.5647058823529412
G	N7_2	227.741	171.481	139.0	0.18823529411764706	0.3137254901960784	0.9725490196078431
G	C5_2	228.962	172.108	138.775	0.5647058823529412	0.5647058823529412	0.5647058823529412
G	C6_2	229.914	171.93	137.732	0.5647058823529412	0.5647058823529412	0.5647058823529412
G	O6_2	229.865	171.151	136.769	1.0	0.050980392156862744	0.050980392156862744
G	N1_2	231.013	172.775	137.89	0.18823529411764706	0.3137254901960784	0.9725490196078431
G	C2_2	231.18	173.67	138.916	0.5647058823529412	0.5647058823529412	0.5647058823529412
G	N2_2	232.314	174.388	138.903	0.18823529411764706	0.3137254901960784	0.9725490196078431
G	N3_2	230.303	173.848	139.891	0.18823529411764706	0.3137254901960784	0.9725490196078431
G	C4_2	229.225	173.041	139.758	0.5647058823529412	0.5647058823529412	0.5647058823529412
