C	P_1	246.183	125.731	274.579	1.0	0.5019607843137255	0.0
C	OP1_1	246.468	125.359	275.997	1.0	0.050980392156862744	0.050980392156862744
C	OP2_1	246.584	127.069	274.079	1.0	0.050980392156862744	0.050980392156862744
C	O5'_1	246.833	124.631	273.624	1.0	0.050980392156862744	0.050980392156862744
C	C5'_1	246.664	123.226	273.891	0.5647058823529412	0.5647058823529412	0.5647058823529412
C	C4'_1	247.217	122.398	272.751	0.5647058823529412	0.5647058823529412	0.5647058823529412
C	O4'_1	246.449	122.651	271.543	1.0	0.050980392156862744	0.050980392156862744
C	C3'_1	248.649	122.684	272.323	0.5647058823529412	0.5647058823529412	0.5647058823529412
C	O3'_1	249.611	122.099	273.195	1.0	0.050980392156862744	0.050980392156862744
C	C2'_1	248.677	122.088	270.92	0.5647058823529412	0.5647058823529412	0.5647058823529412
C	O2'_1	248.779	120.678	270.899	1.0	0.050980392156862744	0.050980392156862744
C	C1'_1	247.294	122.496	270.407	0.5647058823529412	0.5647058823529412	0.5647058823529412
C	N1_1	247.333	123.763	269.648	0.18823529411764706	0.3137254901960784	0.9725490196078431
C	C2_1	247.517	123.705	268.253	0.5647058823529412	0.5647058823529412	0.5647058823529412
C	O2_1	247.601	122.594	267.698	1.0	0.050980392156862744	0.050980392156862744
C	N3_1	247.594	124.857	267.552	0.18823529411764706	0.3137254901960784	0.9725490196078431
C	C4_1	247.491	126.033	268.181	0.5647058823529412	0.5647058823529412	0.5647058823529412
C	N4_1	247.591	127.14	267.444	0.18823529411764706	0.3137254901960784	0.9725490196078431
C	C5_1	247.285	126.122	269.592	0.5647058823529412	0.5647058823529412	0.5647058823529412
C	C6_1	247.211	124.974	270.279	0.5647058823529412	0.5647058823529412	0.5647058823529412
G	P_2	249.845	124.714	256.761	1.0	0.5019607843137255	0.0
G	OP1_2	249.654	124.247	255.361	1.0	0.050980392156862744	0.050980392156862744
G	OP2_2	248.818	125.591	257.387	1.0	0.050980392156862744	0.050980392156862744
G	O5'_2	250.043	123.441	257.702	1.0	0.050980392156862744	0.050980392156862744
G	C5'_2	250.921	122.357	257.321	0.5647058823529412	0.5647058823529412	0.5647058823529412
G	C4'_2	251.124	121.414	258.489	0.5647058823529412	0.5647058823529412	0.5647058823529412
G	O4'_2	251.853	122.096	259.544	1.0	0.050980392156862744	0.050980392156862744
G	C3'_2	249.847	120.922	259.158	0.5647058823529412	0.5647058823529412	0.5647058823529412
G	O3'_2	249.298	119.798	258.468	1.0	0.050980392156862744	0.050980392156862744
G	C2'_2	250.321	120.585	260.567	0.5647058823529412	0.5647058823529412	0.5647058823529412
G	O2'_2	250.965	119.331	260.656	1.0	0.050980392156862744	0.050980392156862744
G	C1'_2	251.35	121.694	260.809	0.5647058823529412	0.5647058823529412	0.5647058823529412
G	N9_2	250.799	122.873	261.471	0.18823529411764706	0.3137254901960784	0.9725490196078431
G	C8_2	250.649	124.129	260.926	0.5647058823529412	0.5647058823529412	0.5647058823529412
G	N7_2	250.129	124.991	261.756	0.18823529411764706	0.3137254901960784	0.9725490196078431
G	C5_2	249.923	124.265	262.921	0.5647058823529412	0.5647058823529412	0.5647058823529412
G	C6_2	249.383	124.669	264.166	0.5647058823529412	0.5647058823529412	0.5647058823529412
G	O6_2	248.967	125.789	264.496	1.0	0.050980392156862744	0.050980392156862744
G	N1_2	249.35	123.616	265.076	0.18823529411764706	0.3137254901960784	0.9725490196078431
G	C2_2	249.786	122.338	264.822	0.5647058823529412	0.5647058823529412	0.5647058823529412
G	N2_2	249.682	121.465	265.838	0.18823529411764706	0.3137254901960784	0.9725490196078431
G	N3_2	250.29	121.945	263.66	0.18823529411764706	0.3137254901960784	0.9725490196078431
G	C4_2	250.329	122.954	262.761	0.5647058823529412	0.5647058823529412	0.5647058823529412
