G	P_1	189.782	138.808	206.788	1.0	0.5019607843137255	0.0
G	OP1_1	188.577	139.612	206.429	1.0	0.050980392156862744	0.050980392156862744
G	OP2_1	190.686	138.321	205.709	1.0	0.050980392156862744	0.050980392156862744
G	O5'_1	190.655	139.642	207.833	1.0	0.050980392156862744	0.050980392156862744
G	C5'_1	190.029	140.363	208.921	0.5647058823529412	0.5647058823529412	0.5647058823529412
G	C4'_1	191.052	141.201	209.662	0.5647058823529412	0.5647058823529412	0.5647058823529412
G	O4'_1	192.016	140.335	210.321	1.0	0.050980392156862744	0.050980392156862744
G	C3'_1	191.911	142.131	208.816	0.5647058823529412	0.5647058823529412	0.5647058823529412
G	O3'_1	191.238	143.351	208.516	1.0	0.050980392156862744	0.050980392156862744
G	C2'_1	193.121	142.356	209.716	0.5647058823529412	0.5647058823529412	0.5647058823529412
G	O2'_1	192.875	143.299	210.742	1.0	0.050980392156862744	0.050980392156862744
G	C1'_1	193.288	140.97	210.344	0.5647058823529412	0.5647058823529412	0.5647058823529412
G	N9_1	194.253	140.115	209.652	0.18823529411764706	0.3137254901960784	0.9725490196078431
G	C8_1	194.001	139.23	208.626	0.5647058823529412	0.5647058823529412	0.5647058823529412
G	N7_1	195.065	138.583	208.231	0.18823529411764706	0.3137254901960784	0.9725490196078431
G	C5_1	196.084	139.068	209.041	0.5647058823529412	0.5647058823529412	0.5647058823529412
G	C6_1	197.46	138.73	209.082	0.5647058823529412	0.5647058823529412	0.5647058823529412
G	O6_1	198.07	137.896	208.398	1.0	0.050980392156862744	0.050980392156862744
G	N1_1	198.141	139.475	210.044	0.18823529411764706	0.3137254901960784	0.9725490196078431
G	C2_1	197.57	140.42	210.868	0.5647058823529412	0.5647058823529412	0.5647058823529412
G	N2_1	198.398	141.042	211.733	0.18823529411764706	0.3137254901960784	0.9725490196078431
G	N3_1	196.282	140.734	210.846	0.18823529411764706	0.3137254901960784	0.9725490196078431
G	C4_1	195.603	140.025	209.915	0.5647058823529412	0.5647058823529412	0.5647058823529412
C	P_2	207.373	135.925	210.962	1.0	0.5019607843137255	0.0
C	OP1_2	208.439	135.441	211.889	1.0	0.050980392156862744	0.050980392156862744
C	OP2_2	206.387	134.958	210.407	1.0	0.050980392156862744	0.050980392156862744
C	O5'_2	206.562	137.089	211.693	1.0	0.050980392156862744	0.050980392156862744
C	C5'_2	207.245	138.171	212.363	0.5647058823529412	0.5647058823529412	0.5647058823529412
C	C4'_2	206.24	139.127	212.961	0.5647058823529412	0.5647058823529412	0.5647058823529412
C	O4'_2	205.499	139.784	211.896	1.0	0.050980392156862744	0.050980392156862744
C	C3'_2	205.168	138.475	213.822	0.5647058823529412	0.5647058823529412	0.5647058823529412
C	O3'_2	205.628	138.228	215.147	1.0	0.050980392156862744	0.050980392156862744
C	C2'_2	204.029	139.482	213.749	0.5647058823529412	0.5647058823529412	0.5647058823529412
C	O2'_2	204.213	140.592	214.607	1.0	0.050980392156862744	0.050980392156862744
C	C1'_2	204.141	139.942	212.291	0.5647058823529412	0.5647058823529412	0.5647058823529412
C	N1_2	203.289	139.177	211.351	0.18823529411764706	0.3137254901960784	0.9725490196078431
C	C2_2	201.909	139.469	211.274	0.5647058823529412	0.5647058823529412	0.5647058823529412
C	O2_2	201.434	140.358	212.005	1.0	0.050980392156862744	0.050980392156862744
C	N3_2	201.14	138.772	210.401	0.18823529411764706	0.3137254901960784	0.9725490196078431
C	C4_2	201.692	137.828	209.626	0.5647058823529412	0.5647058823529412	0.5647058823529412
C	N4_2	200.903	137.18	208.766	0.18823529411764706	0.3137254901960784	0.9725490196078431
C	C5_2	203.079	137.51	209.694	0.5647058823529412	0.5647058823529412	0.5647058823529412
C	C6_2	203.832	138.2	210.559	0.5647058823529412	0.5647058823529412	0.5647058823529412
