G	P_1	149.843	300.94	158.623	1.0	0.5019607843137255	0.0
G	OP1_1	150.386	301.896	157.618	1.0	0.050980392156862744	0.050980392156862744
G	OP2_1	150.761	299.974	159.293	1.0	0.050980392156862744	0.050980392156862744
G	O5'_1	149.087	301.78	159.748	1.0	0.050980392156862744	0.050980392156862744
G	C5'_1	149.806	302.329	160.871	0.5647058823529412	0.5647058823529412	0.5647058823529412
G	C4'_1	148.897	302.432	162.077	0.5647058823529412	0.5647058823529412	0.5647058823529412
G	O4'_1	148.214	301.166	162.288	1.0	0.050980392156862744	0.050980392156862744
G	C3'_1	149.604	302.71	163.398	0.5647058823529412	0.5647058823529412	0.5647058823529412
G	O3'_1	149.831	304.107	163.586	1.0	0.050980392156862744	0.050980392156862744
G	C2'_1	148.636	302.132	164.425	0.5647058823529412	0.5647058823529412	0.5647058823529412
G	O2'_1	147.558	302.998	164.724	1.0	0.050980392156862744	0.050980392156862744
G	C1'_1	148.098	300.909	163.677	0.5647058823529412	0.5647058823529412	0.5647058823529412
G	N9_1	148.784	299.651	163.969	0.18823529411764706	0.3137254901960784	0.9725490196078431
G	C8_1	149.346	298.782	163.058	0.5647058823529412	0.5647058823529412	0.5647058823529412
G	N7_1	149.86	297.716	163.611	0.18823529411764706	0.3137254901960784	0.9725490196078431
G	C5_1	149.63	297.891	164.97	0.5647058823529412	0.5647058823529412	0.5647058823529412
G	C6_1	149.955	297.056	166.067	0.5647058823529412	0.5647058823529412	0.5647058823529412
G	O6_1	150.529	295.956	166.053	1.0	0.050980392156862744	0.050980392156862744
G	N1_1	149.54	297.615	167.276	0.18823529411764706	0.3137254901960784	0.9725490196078431
G	C2_1	148.895	298.821	167.412	0.5647058823529412	0.5647058823529412	0.5647058823529412
G	N2_1	148.577	299.192	168.665	0.18823529411764706	0.3137254901960784	0.9725490196078431
G	N3_1	148.582	299.609	166.394	0.18823529411764706	0.3137254901960784	0.9725490196078431
G	C4_1	148.976	299.085	165.21	0.5647058823529412	0.5647058823529412	0.5647058823529412
C	P_2	149.455	291.248	174.701	1.0	0.5019607843137255	0.0
C	OP1_2	148.771	290.463	175.771	1.0	0.050980392156862744	0.050980392156862744
C	OP2_2	149.522	290.701	173.319	1.0	0.050980392156862744	0.050980392156862744
C	O5'_2	148.781	292.695	174.633	1.0	0.050980392156862744	0.050980392156862744
C	C5'_2	148.544	293.47	175.827	0.5647058823529412	0.5647058823529412	0.5647058823529412
C	C4'_2	148.249	294.91	175.466	0.5647058823529412	0.5647058823529412	0.5647058823529412
C	O4'_2	149.382	295.457	174.737	1.0	0.050980392156862744	0.050980392156862744
C	C3'_2	147.059	295.144	174.544	0.5647058823529412	0.5647058823529412	0.5647058823529412
C	O3'_2	145.827	295.181	175.267	1.0	0.050980392156862744	0.050980392156862744
C	C2'_2	147.403	296.484	173.904	0.5647058823529412	0.5647058823529412	0.5647058823529412
C	O2'_2	147.131	297.588	174.745	1.0	0.050980392156862744	0.050980392156862744
C	C1'_2	148.919	296.354	173.734	0.5647058823529412	0.5647058823529412	0.5647058823529412
C	N1_2	149.33	295.836	172.41	0.18823529411764706	0.3137254901960784	0.9725490196078431
C	C2_2	149.321	296.705	171.302	0.5647058823529412	0.5647058823529412	0.5647058823529412
C	O2_2	148.975	297.889	171.46	1.0	0.050980392156862744	0.050980392156862744
C	N3_2	149.692	296.228	170.093	0.18823529411764706	0.3137254901960784	0.9725490196078431
C	C4_2	150.061	294.949	169.963	0.5647058823529412	0.5647058823529412	0.5647058823529412
C	N4_2	150.415	294.519	168.752	0.18823529411764706	0.3137254901960784	0.9725490196078431
C	C5_2	150.083	294.052	171.07	0.5647058823529412	0.5647058823529412	0.5647058823529412
C	C6_2	149.715	294.531	172.259	0.5647058823529412	0.5647058823529412	0.5647058823529412
