C	P_1	257.377	138.146	174.326	1.0	0.5019607843137255	0.0
C	OP1_1	258.695	137.486	174.083	1.0	0.050980392156862744	0.050980392156862744
C	OP2_1	256.757	138.067	175.675	1.0	0.050980392156862744	0.050980392156862744
C	O5'_1	257.522	139.683	173.938	1.0	0.050980392156862744	0.050980392156862744
C	C5'_1	258.083	140.075	172.674	0.5647058823529412	0.5647058823529412	0.5647058823529412
C	C4'_1	258.153	141.578	172.587	0.5647058823529412	0.5647058823529412	0.5647058823529412
C	O4'_1	256.808	142.124	172.625	1.0	0.050980392156862744	0.050980392156862744
C	C3'_1	258.878	142.262	173.736	0.5647058823529412	0.5647058823529412	0.5647058823529412
C	O3'_1	260.288	142.268	173.516	1.0	0.050980392156862744	0.050980392156862744
C	C2'_1	258.268	143.657	173.721	0.5647058823529412	0.5647058823529412	0.5647058823529412
C	O2'_1	258.826	144.482	172.722	1.0	0.050980392156862744	0.050980392156862744
C	C1'_1	256.813	143.345	173.35	0.5647058823529412	0.5647058823529412	0.5647058823529412
C	N1_1	255.892	143.215	174.501	0.18823529411764706	0.3137254901960784	0.9725490196078431
C	C2_1	255.274	144.371	175.006	0.5647058823529412	0.5647058823529412	0.5647058823529412
C	O2_1	255.529	145.471	174.48	1.0	0.050980392156862744	0.050980392156862744
C	N3_1	254.413	144.258	176.053	0.18823529411764706	0.3137254901960784	0.9725490196078431
C	C4_1	254.161	143.057	176.588	0.5647058823529412	0.5647058823529412	0.5647058823529412
C	N4_1	253.299	142.992	177.604	0.18823529411764706	0.3137254901960784	0.9725490196078431
C	C5_1	254.781	141.87	176.1	0.5647058823529412	0.5647058823529412	0.5647058823529412
C	C6_1	255.632	141.993	175.067	0.5647058823529412	0.5647058823529412	0.5647058823529412
G	P_2	252.0	151.578	184.362	1.0	0.5019607843137255	0.0
G	OP1_2	251.49	152.518	185.405	1.0	0.050980392156862744	0.050980392156862744
G	OP2_2	251.149	150.427	183.93	1.0	0.050980392156862744	0.050980392156862744
G	O5'_2	252.355	152.442	183.068	1.0	0.050980392156862744	0.050980392156862744
G	C5'_2	253.595	153.181	183.009	0.5647058823529412	0.5647058823529412	0.5647058823529412
G	C4'_2	254.274	152.98	181.671	0.5647058823529412	0.5647058823529412	0.5647058823529412
G	O4'_2	254.33	151.554	181.352	1.0	0.050980392156862744	0.050980392156862744
G	C3'_2	253.607	153.646	180.471	0.5647058823529412	0.5647058823529412	0.5647058823529412
G	O3'_2	254.639	154.044	179.566	1.0	0.050980392156862744	0.050980392156862744
G	C2'_2	252.793	152.501	179.867	0.5647058823529412	0.5647058823529412	0.5647058823529412
G	O2'_2	252.502	152.68	178.493	1.0	0.050980392156862744	0.050980392156862744
G	C1'_2	253.763	151.341	180.073	0.5647058823529412	0.5647058823529412	0.5647058823529412
G	N9_2	253.216	149.987	180.003	0.18823529411764706	0.3137254901960784	0.9725490196078431
G	C8_2	252.256	149.409	180.805	0.5647058823529412	0.5647058823529412	0.5647058823529412
G	N7_2	252.017	148.158	180.498	0.18823529411764706	0.3137254901960784	0.9725490196078431
G	C5_2	252.866	147.896	179.427	0.5647058823529412	0.5647058823529412	0.5647058823529412
G	C6_2	253.07	146.705	178.676	0.5647058823529412	0.5647058823529412	0.5647058823529412
G	O6_2	252.536	145.598	178.824	1.0	0.050980392156862744	0.050980392156862744
G	N1_2	254.017	146.892	177.668	0.18823529411764706	0.3137254901960784	0.9725490196078431
G	C2_2	254.688	148.069	177.416	0.5647058823529412	0.5647058823529412	0.5647058823529412
G	N2_2	255.554	148.06	176.389	0.18823529411764706	0.3137254901960784	0.9725490196078431
G	N3_2	254.52	149.177	178.118	0.18823529411764706	0.3137254901960784	0.9725490196078431
G	C4_2	253.602	149.02	179.1	0.5647058823529412	0.5647058823529412	0.5647058823529412
