C	P_1	211.549	172.957	235.091	1.0	0.5019607843137255	0.0
C	OP1_1	211.992	173.912	236.149	1.0	0.050980392156862744	0.050980392156862744
C	OP2_1	211.754	171.497	235.291	1.0	0.050980392156862744	0.050980392156862744
C	O5'_1	210.001	173.206	234.796	1.0	0.050980392156862744	0.050980392156862744
C	C5'_1	209.459	174.542	234.74	0.5647058823529412	0.5647058823529412	0.5647058823529412
C	C4'_1	207.983	174.501	234.418	0.5647058823529412	0.5647058823529412	0.5647058823529412
C	O4'_1	207.798	173.916	233.102	1.0	0.050980392156862744	0.050980392156862744
C	C3'_1	207.109	173.652	235.334	0.5647058823529412	0.5647058823529412	0.5647058823529412
C	O3'_1	206.734	174.354	236.522	1.0	0.050980392156862744	0.050980392156862744
C	C2'_1	205.91	173.351	234.442	0.5647058823529412	0.5647058823529412	0.5647058823529412
C	O2'_1	204.995	174.428	234.358	1.0	0.050980392156862744	0.050980392156862744
C	C1'_1	206.586	173.169	233.08	0.5647058823529412	0.5647058823529412	0.5647058823529412
C	N1_1	206.898	171.758	232.756	0.18823529411764706	0.3137254901960784	0.9725490196078431
C	C2_1	205.9	170.954	232.159	0.5647058823529412	0.5647058823529412	0.5647058823529412
C	O2_1	204.784	171.453	231.912	1.0	0.050980392156862744	0.050980392156862744
C	N3_1	206.186	169.659	231.868	0.18823529411764706	0.3137254901960784	0.9725490196078431
C	C4_1	207.402	169.162	232.141	0.5647058823529412	0.5647058823529412	0.5647058823529412
C	N4_1	207.643	167.882	231.839	0.18823529411764706	0.3137254901960784	0.9725490196078431
C	C5_1	208.428	169.955	232.739	0.5647058823529412	0.5647058823529412	0.5647058823529412
C	C6_1	208.136	171.232	233.028	0.5647058823529412	0.5647058823529412	0.5647058823529412
G	P_2	199.887	161.007	227.663	1.0	0.5019607843137255	0.0
G	OP1_2	199.173	160.644	226.407	1.0	0.050980392156862744	0.050980392156862744
G	OP2_2	201.374	160.929	227.709	1.0	0.050980392156862744	0.050980392156862744
G	O5'_2	199.454	162.49	228.053	1.0	0.050980392156862744	0.050980392156862744
G	C5'_2	198.088	162.788	228.413	0.5647058823529412	0.5647058823529412	0.5647058823529412
G	C4'_2	197.993	164.18	228.986	0.5647058823529412	0.5647058823529412	0.5647058823529412
G	O4'_2	198.737	164.258	230.235	1.0	0.050980392156862744	0.050980392156862744
G	C3'_2	198.599	165.277	228.126	0.5647058823529412	0.5647058823529412	0.5647058823529412
G	O3'_2	197.698	165.677	227.092	1.0	0.050980392156862744	0.050980392156862744
G	C2'_2	198.865	166.377	229.151	0.5647058823529412	0.5647058823529412	0.5647058823529412
G	O2'_2	197.698	167.101	229.499	1.0	0.050980392156862744	0.050980392156862744
G	C1'_2	199.303	165.555	230.369	0.5647058823529412	0.5647058823529412	0.5647058823529412
G	N9_2	200.752	165.428	230.519	0.18823529411764706	0.3137254901960784	0.9725490196078431
G	C8_2	201.498	164.269	230.464	0.5647058823529412	0.5647058823529412	0.5647058823529412
G	N7_2	202.777	164.466	230.661	0.18823529411764706	0.3137254901960784	0.9725490196078431
G	C5_2	202.888	165.84	230.85	0.5647058823529412	0.5647058823529412	0.5647058823529412
G	C6_2	204.033	166.641	231.104	0.5647058823529412	0.5647058823529412	0.5647058823529412
G	O6_2	205.213	166.28	231.217	1.0	0.050980392156862744	0.050980392156862744
G	N1_2	203.699	167.99	231.228	0.18823529411764706	0.3137254901960784	0.9725490196078431
G	C2_2	202.424	168.503	231.12	0.5647058823529412	0.5647058823529412	0.5647058823529412
G	N2_2	202.305	169.837	231.265	0.18823529411764706	0.3137254901960784	0.9725490196078431
G	N3_2	201.344	167.765	230.886	0.18823529411764706	0.3137254901960784	0.9725490196078431
G	C4_2	201.647	166.451	230.763	0.5647058823529412	0.5647058823529412	0.5647058823529412
