C	P_1	193.621	142.534	183.307	1.0	0.5019607843137255	0.0
C	OP1_1	194.036	141.159	182.913	1.0	0.050980392156862744	0.050980392156862744
C	OP2_1	194.348	143.71	182.756	1.0	0.050980392156862744	0.050980392156862744
C	O5'_1	192.072	142.705	182.976	1.0	0.050980392156862744	0.050980392156862744
C	C5'_1	191.156	141.614	183.166	0.5647058823529412	0.5647058823529412	0.5647058823529412
C	C4'_1	189.78	141.99	182.671	0.5647058823529412	0.5647058823529412	0.5647058823529412
C	O4'_1	189.298	143.121	183.434	1.0	0.050980392156862744	0.050980392156862744
C	C3'_1	189.676	142.456	181.227	0.5647058823529412	0.5647058823529412	0.5647058823529412
C	O3'_1	189.629	141.345	180.336	1.0	0.050980392156862744	0.050980392156862744
C	C2'_1	188.376	143.252	181.234	0.5647058823529412	0.5647058823529412	0.5647058823529412
C	O2'_1	187.227	142.441	181.136	1.0	0.050980392156862744	0.050980392156862744
C	C1'_1	188.415	143.885	182.629	0.5647058823529412	0.5647058823529412	0.5647058823529412
C	N1_1	188.829	145.3	182.662	0.18823529411764706	0.3137254901960784	0.9725490196078431
C	C2_1	187.913	146.283	182.23	0.5647058823529412	0.5647058823529412	0.5647058823529412
C	O2_1	186.775	145.932	181.86	1.0	0.050980392156862744	0.050980392156862744
C	N3_1	188.289	147.581	182.232	0.18823529411764706	0.3137254901960784	0.9725490196078431
C	C4_1	189.513	147.918	182.651	0.5647058823529412	0.5647058823529412	0.5647058823529412
C	N4_1	189.847	149.208	182.622	0.18823529411764706	0.3137254901960784	0.9725490196078431
C	C5_1	190.454	146.944	183.115	0.5647058823529412	0.5647058823529412	0.5647058823529412
C	C6_1	190.074	145.661	183.1	0.5647058823529412	0.5647058823529412	0.5647058823529412
G	P_2	182.424	157.955	176.455	1.0	0.5019607843137255	0.0
G	OP1_2	181.211	158.8	176.262	1.0	0.050980392156862744	0.050980392156862744
G	OP2_2	183.5	158.414	177.373	1.0	0.050980392156862744	0.050980392156862744
G	O5'_2	181.96	156.494	176.896	1.0	0.050980392156862744	0.050980392156862744
G	C5'_2	181.941	156.093	178.283	0.5647058823529412	0.5647058823529412	0.5647058823529412
G	C4'_2	181.772	154.594	178.379	0.5647058823529412	0.5647058823529412	0.5647058823529412
G	O4'_2	182.948	153.931	177.836	1.0	0.050980392156862744	0.050980392156862744
G	C3'_2	181.661	154.006	179.775	0.5647058823529412	0.5647058823529412	0.5647058823529412
G	O3'_2	180.349	154.168	180.304	1.0	0.050980392156862744	0.050980392156862744
G	C2'_2	182.016	152.543	179.527	0.5647058823529412	0.5647058823529412	0.5647058823529412
G	O2'_2	180.954	151.8	178.953	1.0	0.050980392156862744	0.050980392156862744
G	C1'_2	183.137	152.682	178.493	0.5647058823529412	0.5647058823529412	0.5647058823529412
G	N9_2	184.471	152.654	179.099	0.18823529411764706	0.3137254901960784	0.9725490196078431
G	C8_2	185.366	153.698	179.222	0.5647058823529412	0.5647058823529412	0.5647058823529412
G	N7_2	186.467	153.361	179.845	0.18823529411764706	0.3137254901960784	0.9725490196078431
G	C5_2	186.295	152.014	180.149	0.5647058823529412	0.5647058823529412	0.5647058823529412
G	C6_2	187.154	151.103	180.835	0.5647058823529412	0.5647058823529412	0.5647058823529412
G	O6_2	188.266	151.322	181.334	1.0	0.050980392156862744	0.050980392156862744
G	N1_2	186.594	149.828	180.916	0.18823529411764706	0.3137254901960784	0.9725490196078431
G	C2_2	185.367	149.473	180.41	0.5647058823529412	0.5647058823529412	0.5647058823529412
G	N2_2	185.001	148.192	180.586	0.18823529411764706	0.3137254901960784	0.9725490196078431
G	N3_2	184.554	150.312	179.777	0.18823529411764706	0.3137254901960784	0.9725490196078431
G	C4_2	185.077	151.556	179.684	0.5647058823529412	0.5647058823529412	0.5647058823529412
