G	P_1	266.5	199.158	136.859	1.0	0.5019607843137255	0.0
G	OP1_1	266.089	198.304	138.009	1.0	0.050980392156862744	0.050980392156862744
G	OP2_1	265.472	199.641	135.903	1.0	0.050980392156862744	0.050980392156862744
G	O5'_1	267.274	200.434	137.426	1.0	0.050980392156862744	0.050980392156862744
G	C5'_1	268.221	200.308	138.509	0.5647058823529412	0.5647058823529412	0.5647058823529412
G	C4'_1	268.815	201.656	138.865	0.5647058823529412	0.5647058823529412	0.5647058823529412
G	O4'_1	269.631	202.151	137.763	1.0	0.050980392156862744	0.050980392156862744
G	C3'_1	267.833	202.789	139.129	0.5647058823529412	0.5647058823529412	0.5647058823529412
G	O3'_1	267.273	202.746	140.442	1.0	0.050980392156862744	0.050980392156862744
G	C2'_1	268.71	204.016	138.908	0.5647058823529412	0.5647058823529412	0.5647058823529412
G	O2'_1	269.577	204.273	139.995	1.0	0.050980392156862744	0.050980392156862744
G	C1'_1	269.535	203.571	137.698	0.5647058823529412	0.5647058823529412	0.5647058823529412
G	N9_1	268.893	203.938	136.435	0.18823529411764706	0.3137254901960784	0.9725490196078431
G	C8_1	268.247	203.097	135.558	0.5647058823529412	0.5647058823529412	0.5647058823529412
G	N7_1	267.765	203.714	134.511	0.18823529411764706	0.3137254901960784	0.9725490196078431
G	C5_1	268.115	205.042	134.703	0.5647058823529412	0.5647058823529412	0.5647058823529412
G	C6_1	267.864	206.18	133.893	0.5647058823529412	0.5647058823529412	0.5647058823529412
G	O6_1	267.273	206.236	132.809	1.0	0.050980392156862744	0.050980392156862744
G	N1_1	268.386	207.338	134.462	0.18823529411764706	0.3137254901960784	0.9725490196078431
G	C2_1	269.067	207.394	135.658	0.5647058823529412	0.5647058823529412	0.5647058823529412
G	N2_1	269.494	208.612	136.037	0.18823529411764706	0.3137254901960784	0.9725490196078431
G	N3_1	269.312	206.337	136.424	0.18823529411764706	0.3137254901960784	0.9725490196078431
G	C4_1	268.811	205.202	135.888	0.5647058823529412	0.5647058823529412	0.5647058823529412
C	P_2	268.815	215.463	128.361	1.0	0.5019607843137255	0.0
C	OP1_2	269.762	216.465	127.79	1.0	0.050980392156862744	0.050980392156862744
C	OP2_2	268.54	214.207	127.62	1.0	0.050980392156862744	0.050980392156862744
C	O5'_2	269.334	215.078	129.813	1.0	0.050980392156862744	0.050980392156862744
C	C5'_2	269.483	216.084	130.829	0.5647058823529412	0.5647058823529412	0.5647058823529412
C	C4'_2	269.856	215.44	132.139	0.5647058823529412	0.5647058823529412	0.5647058823529412
C	O4'_2	268.755	214.626	132.618	1.0	0.050980392156862744	0.050980392156862744
C	C3'_2	271.025	214.473	132.064	0.5647058823529412	0.5647058823529412	0.5647058823529412
C	O3'_2	272.266	215.166	132.1	1.0	0.050980392156862744	0.050980392156862744
C	C2'_2	270.801	213.6	133.288	0.5647058823529412	0.5647058823529412	0.5647058823529412
C	O2'_2	271.219	214.231	134.481	1.0	0.050980392156862744	0.050980392156862744
C	C1'_2	269.273	213.49	133.297	0.5647058823529412	0.5647058823529412	0.5647058823529412
C	N1_2	268.753	212.265	132.654	0.18823529411764706	0.3137254901960784	0.9725490196078431
C	C2_2	268.688	211.08	133.408	0.5647058823529412	0.5647058823529412	0.5647058823529412
C	O2_2	269.067	211.095	134.594	1.0	0.050980392156862744	0.050980392156862744
C	N3_2	268.215	209.955	132.827	0.18823529411764706	0.3137254901960784	0.9725490196078431
C	C4_2	267.815	209.979	131.552	0.5647058823529412	0.5647058823529412	0.5647058823529412
C	N4_2	267.36	208.846	131.02	0.18823529411764706	0.3137254901960784	0.9725490196078431
C	C5_2	267.867	211.166	130.765	0.5647058823529412	0.5647058823529412	0.5647058823529412
C	C6_2	268.338	212.275	131.35	0.5647058823529412	0.5647058823529412	0.5647058823529412
