C	P_1	193.817	259.803	163.522	1.0	0.5019607843137255	0.0
C	OP1_1	192.709	259.388	162.614	1.0	0.050980392156862744	0.050980392156862744
C	OP2_1	194.913	258.845	163.823	1.0	0.050980392156862744	0.050980392156862744
C	O5'_1	194.473	261.134	162.942	1.0	0.050980392156862744	0.050980392156862744
C	C5'_1	193.654	262.269	162.602	0.5647058823529412	0.5647058823529412	0.5647058823529412
C	C4'_1	194.513	263.492	162.381	0.5647058823529412	0.5647058823529412	0.5647058823529412
C	O4'_1	195.182	263.851	163.619	1.0	0.050980392156862744	0.050980392156862744
C	C3'_1	195.647	263.356	161.375	0.5647058823529412	0.5647058823529412	0.5647058823529412
C	O3'_1	195.181	263.497	160.033	1.0	0.050980392156862744	0.050980392156862744
C	C2'_1	196.574	264.492	161.794	0.5647058823529412	0.5647058823529412	0.5647058823529412
C	O2'_1	196.134	265.761	161.35	1.0	0.050980392156862744	0.050980392156862744
C	C1'_1	196.445	264.429	163.319	0.5647058823529412	0.5647058823529412	0.5647058823529412
C	N1_1	197.504	263.625	163.958	0.18823529411764706	0.3137254901960784	0.9725490196078431
C	C2_1	198.703	264.26	164.328	0.5647058823529412	0.5647058823529412	0.5647058823529412
C	O2_1	198.834	265.48	164.116	1.0	0.050980392156862744	0.050980392156862744
C	N3_1	199.681	263.528	164.904	0.18823529411764706	0.3137254901960784	0.9725490196078431
C	C4_1	199.502	262.221	165.117	0.5647058823529412	0.5647058823529412	0.5647058823529412
C	N4_1	200.5	261.542	165.685	0.18823529411764706	0.3137254901960784	0.9725490196078431
C	C5_1	198.296	261.554	164.756	0.5647058823529412	0.5647058823529412	0.5647058823529412
C	C6_1	197.334	262.285	164.187	0.5647058823529412	0.5647058823529412	0.5647058823529412
G	P_2	211.097	267.909	167.982	1.0	0.5019607843137255	0.0
G	OP1_2	211.991	268.774	168.801	1.0	0.050980392156862744	0.050980392156862744
G	OP2_2	210.361	266.788	168.632	1.0	0.050980392156862744	0.050980392156862744
G	O5'_2	210.035	268.841	167.245	1.0	0.050980392156862744	0.050980392156862744
G	C5'_2	208.724	269.065	167.795	0.5647058823529412	0.5647058823529412	0.5647058823529412
G	C4'_2	207.767	269.455	166.695	0.5647058823529412	0.5647058823529412	0.5647058823529412
G	O4'_2	207.59	268.345	165.774	1.0	0.050980392156862744	0.050980392156862744
G	C3'_2	206.357	269.783	167.148	0.5647058823529412	0.5647058823529412	0.5647058823529412
G	O3'_2	206.287	271.127	167.609	1.0	0.050980392156862744	0.050980392156862744
G	C2'_2	205.544	269.556	165.877	0.5647058823529412	0.5647058823529412	0.5647058823529412
G	O2'_2	205.636	270.628	164.96	1.0	0.050980392156862744	0.050980392156862744
G	C1'_2	206.257	268.34	165.282	0.5647058823529412	0.5647058823529412	0.5647058823529412
G	N9_2	205.638	267.059	165.624	0.18823529411764706	0.3137254901960784	0.9725490196078431
G	C8_2	206.217	266.017	166.316	0.5647058823529412	0.5647058823529412	0.5647058823529412
G	N7_2	205.427	264.984	166.453	0.18823529411764706	0.3137254901960784	0.9725490196078431
G	C5_2	204.25	265.364	165.82	0.5647058823529412	0.5647058823529412	0.5647058823529412
G	C6_2	203.037	264.655	165.648	0.5647058823529412	0.5647058823529412	0.5647058823529412
G	O6_2	202.76	263.51	166.025	1.0	0.050980392156862744	0.050980392156862744
G	N1_2	202.094	265.412	164.955	0.18823529411764706	0.3137254901960784	0.9725490196078431
G	C2_2	202.294	266.688	164.487	0.5647058823529412	0.5647058823529412	0.5647058823529412
G	N2_2	201.252	267.255	163.851	0.18823529411764706	0.3137254901960784	0.9725490196078431
G	N3_2	203.43	267.362	164.634	0.18823529411764706	0.3137254901960784	0.9725490196078431
G	C4_2	204.358	266.645	165.305	0.5647058823529412	0.5647058823529412	0.5647058823529412
