G	P_1	161.961	128.268	224.785	1.0	0.5019607843137255	0.0
G	OP1_1	161.453	126.889	224.519	1.0	0.050980392156862744	0.050980392156862744
G	OP2_1	160.993	129.366	225.064	1.0	0.050980392156862744	0.050980392156862744
G	O5'_1	162.995	128.19	225.998	1.0	0.050980392156862744	0.050980392156862744
G	C5'_1	163.998	127.148	226.062	0.5647058823529412	0.5647058823529412	0.5647058823529412
G	C4'_1	164.846	127.313	227.306	0.5647058823529412	0.5647058823529412	0.5647058823529412
G	O4'_1	165.497	128.613	227.266	1.0	0.050980392156862744	0.050980392156862744
G	C3'_1	164.094	127.309	228.631	0.5647058823529412	0.5647058823529412	0.5647058823529412
G	O3'_1	163.859	125.981	229.104	1.0	0.050980392156862744	0.050980392156862744
G	C2'_1	165.031	128.094	229.545	0.5647058823529412	0.5647058823529412	0.5647058823529412
G	O2'_1	166.101	127.317	230.045	1.0	0.050980392156862744	0.050980392156862744
G	C1'_1	165.58	129.15	228.579	0.5647058823529412	0.5647058823529412	0.5647058823529412
G	N9_1	164.864	130.425	228.604	0.18823529411764706	0.3137254901960784	0.9725490196078431
G	C8_1	163.88	130.847	227.737	0.5647058823529412	0.5647058823529412	0.5647058823529412
G	N7_1	163.447	132.051	227.998	0.18823529411764706	0.3137254901960784	0.9725490196078431
G	C5_1	164.183	132.448	229.106	0.5647058823529412	0.5647058823529412	0.5647058823529412
G	C6_1	164.153	133.663	229.838	0.5647058823529412	0.5647058823529412	0.5647058823529412
G	O6_1	163.451	134.663	229.642	1.0	0.050980392156862744	0.050980392156862744
G	N1_1	165.061	133.646	230.896	0.18823529411764706	0.3137254901960784	0.9725490196078431
G	C2_1	165.892	132.594	231.211	0.5647058823529412	0.5647058823529412	0.5647058823529412
G	N2_1	166.696	132.766	232.273	0.18823529411764706	0.3137254901960784	0.9725490196078431
G	N3_1	165.93	131.455	230.533	0.18823529411764706	0.3137254901960784	0.9725490196078431
G	C4_1	165.055	131.452	229.5	0.5647058823529412	0.5647058823529412	0.5647058823529412
C	P_2	167.032	142.352	234.676	1.0	0.5019607843137255	0.0
C	OP1_2	167.714	143.281	235.626	1.0	0.050980392156862744	0.050980392156862744
C	OP2_2	167.673	142.041	233.37	1.0	0.050980392156862744	0.050980392156862744
C	O5'_2	166.752	140.962	235.41	1.0	0.050980392156862744	0.050980392156862744
C	C5'_2	167.425	140.599	236.634	0.5647058823529412	0.5647058823529412	0.5647058823529412
C	C4'_2	167.726	139.117	236.638	0.5647058823529412	0.5647058823529412	0.5647058823529412
C	O4'_2	166.485	138.38	236.465	1.0	0.050980392156862744	0.050980392156862744
C	C3'_2	168.623	138.63	235.505	0.5647058823529412	0.5647058823529412	0.5647058823529412
C	O3'_2	170.007	138.821	235.832	1.0	0.050980392156862744	0.050980392156862744
C	C2'_2	168.227	137.16	235.383	0.5647058823529412	0.5647058823529412	0.5647058823529412
C	O2'_2	168.835	136.326	236.35	1.0	0.050980392156862744	0.050980392156862744
C	C1'_2	166.721	137.227	235.665	0.5647058823529412	0.5647058823529412	0.5647058823529412
C	N1_2	165.852	137.287	234.465	0.18823529411764706	0.3137254901960784	0.9725490196078431
C	C2_2	165.551	136.092	233.775	0.5647058823529412	0.5647058823529412	0.5647058823529412
C	O2_2	166.04	135.019	234.173	1.0	0.050980392156862744	0.050980392156862744
C	N3_2	164.734	136.145	232.695	0.18823529411764706	0.3137254901960784	0.9725490196078431
C	C4_2	164.227	137.318	232.292	0.5647058823529412	0.5647058823529412	0.5647058823529412
C	N4_2	163.418	137.32	231.232	0.18823529411764706	0.3137254901960784	0.9725490196078431
C	C5_2	164.526	138.541	232.963	0.5647058823529412	0.5647058823529412	0.5647058823529412
C	C6_2	165.335	138.48	234.031	0.5647058823529412	0.5647058823529412	0.5647058823529412
