G	P_1	154.726	231.208	143.811	1.0	0.5019607843137255	0.0
G	OP1_1	153.446	231.244	143.045	1.0	0.050980392156862744	0.050980392156862744
G	OP2_1	154.927	230.162	144.855	1.0	0.050980392156862744	0.050980392156862744
G	O5'_1	155.932	231.113	142.766	1.0	0.050980392156862744	0.050980392156862744
G	C5'_1	155.985	231.992	141.622	0.5647058823529412	0.5647058823529412	0.5647058823529412
G	C4'_1	157.375	232.013	141.014	0.5647058823529412	0.5647058823529412	0.5647058823529412
G	O4'_1	158.353	232.383	142.027	1.0	0.050980392156862744	0.050980392156862744
G	C3'_1	157.941	230.715	140.451	0.5647058823529412	0.5647058823529412	0.5647058823529412
G	O3'_1	157.425	230.407	139.151	1.0	0.050980392156862744	0.050980392156862744
G	C2'_1	159.43	231.037	140.387	0.5647058823529412	0.5647058823529412	0.5647058823529412
G	O2'_1	159.771	231.849	139.281	1.0	0.050980392156862744	0.050980392156862744
G	C1'_1	159.62	231.84	141.678	0.5647058823529412	0.5647058823529412	0.5647058823529412
G	N9_1	160.114	231.008	142.774	0.18823529411764706	0.3137254901960784	0.9725490196078431
G	C8_1	159.404	230.513	143.847	0.5647058823529412	0.5647058823529412	0.5647058823529412
G	N7_1	160.123	229.756	144.635	0.18823529411764706	0.3137254901960784	0.9725490196078431
G	C5_1	161.388	229.756	144.055	0.5647058823529412	0.5647058823529412	0.5647058823529412
G	C6_1	162.592	229.09	144.451	0.5647058823529412	0.5647058823529412	0.5647058823529412
G	O6_1	162.778	228.342	145.42	1.0	0.050980392156862744	0.050980392156862744
G	N1_1	163.644	229.366	143.575	0.18823529411764706	0.3137254901960784	0.9725490196078431
G	C2_1	163.558	230.17	142.462	0.5647058823529412	0.5647058823529412	0.5647058823529412
G	N2_1	164.689	230.316	141.746	0.18823529411764706	0.3137254901960784	0.9725490196078431
G	N3_1	162.444	230.789	142.079	0.18823529411764706	0.3137254901960784	0.9725490196078431
G	C4_1	161.406	230.537	142.914	0.5647058823529412	0.5647058823529412	0.5647058823529412
C	P_2	172.805	224.951	145.596	1.0	0.5019607843137255	0.0
C	OP1_2	174.284	225.004	145.795	1.0	0.050980392156862744	0.050980392156862744
C	OP2_2	171.905	225.041	146.775	1.0	0.050980392156862744	0.050980392156862744
C	O5'_2	172.392	226.109	144.579	1.0	0.050980392156862744	0.050980392156862744
C	C5'_2	173.072	226.272	143.316	0.5647058823529412	0.5647058823529412	0.5647058823529412
C	C4'_2	172.301	227.22	142.423	0.5647058823529412	0.5647058823529412	0.5647058823529412
C	O4'_2	170.98	226.674	142.17	1.0	0.050980392156862744	0.050980392156862744
C	C3'_2	172.034	228.613	142.979	0.5647058823529412	0.5647058823529412	0.5647058823529412
C	O3'_2	173.157	229.466	142.745	1.0	0.050980392156862744	0.050980392156862744
C	C2'_2	170.81	229.054	142.18	0.5647058823529412	0.5647058823529412	0.5647058823529412
C	O2'_2	171.136	229.525	140.888	1.0	0.050980392156862744	0.050980392156862744
C	C1'_2	170.045	227.734	142.037	0.5647058823529412	0.5647058823529412	0.5647058823529412
C	N1_2	168.94	227.521	142.996	0.18823529411764706	0.3137254901960784	0.9725490196078431
C	C2_2	167.668	228.058	142.703	0.5647058823529412	0.5647058823529412	0.5647058823529412
C	O2_2	167.511	228.717	141.656	1.0	0.050980392156862744	0.050980392156862744
C	N3_2	166.647	227.842	143.567	0.18823529411764706	0.3137254901960784	0.9725490196078431
C	C4_2	166.852	227.131	144.68	0.5647058823529412	0.5647058823529412	0.5647058823529412
C	N4_2	165.814	226.939	145.498	0.18823529411764706	0.3137254901960784	0.9725490196078431
C	C5_2	168.13	226.584	145.005	0.5647058823529412	0.5647058823529412	0.5647058823529412
C	C6_2	169.135	226.803	144.146	0.5647058823529412	0.5647058823529412	0.5647058823529412
