G	P_1	239.129	276.022	185.436	1.0	0.5019607843137255	0.0
G	OP1_1	240.379	276.561	184.828	1.0	0.050980392156862744	0.050980392156862744
G	OP2_1	238.183	276.952	186.11	1.0	0.050980392156862744	0.050980392156862744
G	O5'_1	238.319	275.225	184.316	1.0	0.050980392156862744	0.050980392156862744
G	C5'_1	238.962	274.223	183.497	0.5647058823529412	0.5647058823529412	0.5647058823529412
G	C4'_1	238.066	273.844	182.336	0.5647058823529412	0.5647058823529412	0.5647058823529412
G	O4'_1	236.848	273.223	182.837	1.0	0.050980392156862744	0.050980392156862744
G	C3'_1	237.568	275.003	181.484	0.5647058823529412	0.5647058823529412	0.5647058823529412
G	O3'_1	238.534	275.421	180.521	1.0	0.050980392156862744	0.050980392156862744
G	C2'_1	236.302	274.428	180.859	0.5647058823529412	0.5647058823529412	0.5647058823529412
G	O2'_1	236.553	273.573	179.762	1.0	0.050980392156862744	0.050980392156862744
G	C1'_1	235.745	273.605	182.024	0.5647058823529412	0.5647058823529412	0.5647058823529412
G	N9_1	234.801	274.352	182.854	0.18823529411764706	0.3137254901960784	0.9725490196078431
G	C8_1	234.988	274.76	184.156	0.5647058823529412	0.5647058823529412	0.5647058823529412
G	N7_1	233.97	275.418	184.639	0.18823529411764706	0.3137254901960784	0.9725490196078431
G	C5_1	233.05	275.449	183.599	0.5647058823529412	0.5647058823529412	0.5647058823529412
G	C6_1	231.757	276.026	183.537	0.5647058823529412	0.5647058823529412	0.5647058823529412
G	O6_1	231.15	276.642	184.419	1.0	0.050980392156862744	0.050980392156862744
G	N1_1	231.164	275.828	182.293	0.18823529411764706	0.3137254901960784	0.9725490196078431
G	C2_1	231.74	275.16	181.241	0.5647058823529412	0.5647058823529412	0.5647058823529412
G	N2_1	231.003	275.078	180.119	0.18823529411764706	0.3137254901960784	0.9725490196078431
G	N3_1	232.95	274.612	181.284	0.18823529411764706	0.3137254901960784	0.9725490196078431
G	C4_1	233.544	274.794	182.488	0.5647058823529412	0.5647058823529412	0.5647058823529412
C	P_2	221.529	279.362	182.581	1.0	0.5019607843137255	0.0
C	OP1_2	220.16	278.903	182.201	1.0	0.050980392156862744	0.050980392156862744
C	OP2_2	222.024	279.128	183.963	1.0	0.050980392156862744	0.050980392156862744
C	O5'_2	222.582	278.733	181.561	1.0	0.050980392156862744	0.050980392156862744
C	C5'_2	222.394	278.85	180.134	0.5647058823529412	0.5647058823529412	0.5647058823529412
C	C4'_2	223.51	278.146	179.392	0.5647058823529412	0.5647058823529412	0.5647058823529412
C	O4'_2	224.767	278.835	179.615	1.0	0.050980392156862744	0.050980392156862744
C	C3'_2	223.798	276.715	179.811	0.5647058823529412	0.5647058823529412	0.5647058823529412
C	O3'_2	222.878	275.802	179.22	1.0	0.050980392156862744	0.050980392156862744
C	C2'_2	225.225	276.516	179.316	0.5647058823529412	0.5647058823529412	0.5647058823529412
C	O2'_2	225.303	276.254	177.93	1.0	0.050980392156862744	0.050980392156862744
C	C1'_2	225.831	277.894	179.596	0.5647058823529412	0.5647058823529412	0.5647058823529412
C	N1_2	226.56	277.965	180.877	0.18823529411764706	0.3137254901960784	0.9725490196078431
C	C2_2	227.924	277.616	180.906	0.5647058823529412	0.5647058823529412	0.5647058823529412
C	O2_2	228.485	277.268	179.848	1.0	0.050980392156862744	0.050980392156862744
C	N3_2	228.59	277.666	182.081	0.18823529411764706	0.3137254901960784	0.9725490196078431
C	C4_2	227.954	278.045	183.193	0.5647058823529412	0.5647058823529412	0.5647058823529412
C	N4_2	228.647	278.072	184.33	0.18823529411764706	0.3137254901960784	0.9725490196078431
C	C5_2	226.579	278.412	183.191	0.5647058823529412	0.5647058823529412	0.5647058823529412
C	C6_2	225.927	278.358	182.024	0.5647058823529412	0.5647058823529412	0.5647058823529412
