G	P_1	235.109	252.451	230.838	1.0	0.5019607843137255	0.0
G	OP1_1	234.33	251.71	231.872	1.0	0.050980392156862744	0.050980392156862744
G	OP2_1	235.598	253.825	231.133	1.0	0.050980392156862744	0.050980392156862744
G	O5'_1	236.359	251.555	230.408	1.0	0.050980392156862744	0.050980392156862744
G	C5'_1	236.183	250.177	230.016	0.5647058823529412	0.5647058823529412	0.5647058823529412
G	C4'_1	237.505	249.562	229.607	0.5647058823529412	0.5647058823529412	0.5647058823529412
G	O4'_1	237.997	250.19	228.391	1.0	0.050980392156862744	0.050980392156862744
G	C3'_1	238.664	249.72	230.58	0.5647058823529412	0.5647058823529412	0.5647058823529412
G	O3'_1	238.59	248.782	231.653	1.0	0.050980392156862744	0.050980392156862744
G	C2'_1	239.872	249.47	229.681	0.5647058823529412	0.5647058823529412	0.5647058823529412
G	O2'_1	240.117	248.098	229.446	1.0	0.050980392156862744	0.050980392156862744
G	C1'_1	239.418	250.127	228.372	0.5647058823529412	0.5647058823529412	0.5647058823529412
G	N9_1	239.958	251.472	228.179	0.18823529411764706	0.3137254901960784	0.9725490196078431
G	C8_1	239.303	252.673	228.335	0.5647058823529412	0.5647058823529412	0.5647058823529412
G	N7_1	240.064	253.706	228.092	0.18823529411764706	0.3137254901960784	0.9725490196078431
G	C5_1	241.294	253.158	227.754	0.5647058823529412	0.5647058823529412	0.5647058823529412
G	C6_1	242.511	253.788	227.394	0.5647058823529412	0.5647058823529412	0.5647058823529412
G	O6_1	242.751	254.997	227.294	1.0	0.050980392156862744	0.050980392156862744
G	N1_1	243.513	252.858	227.134	0.18823529411764706	0.3137254901960784	0.9725490196078431
G	C2_1	243.364	251.493	227.21	0.5647058823529412	0.5647058823529412	0.5647058823529412
G	N2_1	244.452	250.757	226.921	0.18823529411764706	0.3137254901960784	0.9725490196078431
G	N3_1	242.233	250.892	227.545	0.18823529411764706	0.3137254901960784	0.9725490196078431
G	C4_1	241.247	251.78	227.802	0.5647058823529412	0.5647058823529412	0.5647058823529412
C	P_2	252.026	257.553	223.993	1.0	0.5019607843137255	0.0
C	OP1_2	253.112	257.435	222.979	1.0	0.050980392156862744	0.050980392156862744
C	OP2_2	250.862	258.433	223.723	1.0	0.050980392156862744	0.050980392156862744
C	O5'_2	251.475	256.093	224.314	1.0	0.050980392156862744	0.050980392156862744
C	C5'_2	252.376	255.015	224.634	0.5647058823529412	0.5647058823529412	0.5647058823529412
C	C4'_2	251.598	253.77	224.995	0.5647058823529412	0.5647058823529412	0.5647058823529412
C	O4'_2	250.858	253.994	226.226	1.0	0.050980392156862744	0.050980392156862744
C	C3'_2	250.529	253.344	223.999	0.5647058823529412	0.5647058823529412	0.5647058823529412
C	O3'_2	251.089	252.628	222.899	1.0	0.050980392156862744	0.050980392156862744
C	C2'_2	249.606	252.491	224.861	0.5647058823529412	0.5647058823529412	0.5647058823529412
C	O2'_2	250.1	251.186	225.081	1.0	0.050980392156862744	0.050980392156862744
C	C1'_2	249.64	253.262	226.183	0.5647058823529412	0.5647058823529412	0.5647058823529412
C	N1_2	248.507	254.192	226.36	0.18823529411764706	0.3137254901960784	0.9725490196078431
C	C2_2	247.279	253.673	226.802	0.5647058823529412	0.5647058823529412	0.5647058823529412
C	O2_2	247.183	252.454	227.026	1.0	0.050980392156862744	0.050980392156862744
C	N3_2	246.231	254.512	226.973	0.18823529411764706	0.3137254901960784	0.9725490196078431
C	C4_2	246.371	255.815	226.719	0.5647058823529412	0.5647058823529412	0.5647058823529412
C	N4_2	245.31	256.6	226.9	0.18823529411764706	0.3137254901960784	0.9725490196078431
C	C5_2	247.606	256.37	226.268	0.5647058823529412	0.5647058823529412	0.5647058823529412
C	C6_2	248.637	255.531	226.104	0.5647058823529412	0.5647058823529412	0.5647058823529412
