G	P_1	89.353	194.335	207.968	1.0	0.5019607843137255	0.0
G	OP1_1	89.899	195.624	207.456	1.0	0.050980392156862744	0.050980392156862744
G	OP2_1	88.255	194.345	208.974	1.0	0.050980392156862744	0.050980392156862744
G	O5'_1	88.883	193.459	206.724	1.0	0.050980392156862744	0.050980392156862744
G	C5'_1	88.652	194.049	205.432	0.5647058823529412	0.5647058823529412	0.5647058823529412
G	C4'_1	89.7	193.574	204.449	0.5647058823529412	0.5647058823529412	0.5647058823529412
G	O4'_1	90.101	192.215	204.762	1.0	0.050980392156862744	0.050980392156862744
G	C3'_1	89.249	193.541	202.997	0.5647058823529412	0.5647058823529412	0.5647058823529412
G	O3'_1	89.412	194.822	202.383	1.0	0.050980392156862744	0.050980392156862744
G	C2'_1	90.142	192.456	202.404	0.5647058823529412	0.5647058823529412	0.5647058823529412
G	O2'_1	91.445	192.931	202.125	1.0	0.050980392156862744	0.050980392156862744
G	C1'_1	90.221	191.461	203.568	0.5647058823529412	0.5647058823529412	0.5647058823529412
G	N9_1	89.196	190.418	203.612	0.18823529411764706	0.3137254901960784	0.9725490196078431
G	C8_1	88.34	190.176	204.663	0.5647058823529412	0.5647058823529412	0.5647058823529412
G	N7_1	87.535	189.172	204.456	0.18823529411764706	0.3137254901960784	0.9725490196078431
G	C5_1	87.871	188.718	203.189	0.5647058823529412	0.5647058823529412	0.5647058823529412
G	C6_1	87.333	187.652	202.435	0.5647058823529412	0.5647058823529412	0.5647058823529412
G	O6_1	86.432	186.869	202.752	1.0	0.050980392156862744	0.050980392156862744
G	N1_1	87.955	187.535	201.196	0.18823529411764706	0.3137254901960784	0.9725490196078431
G	C2_1	88.97	188.339	200.744	0.5647058823529412	0.5647058823529412	0.5647058823529412
G	N2_1	89.441	188.055	199.519	0.18823529411764706	0.3137254901960784	0.9725490196078431
G	N3_1	89.486	189.344	201.441	0.18823529411764706	0.3137254901960784	0.9725490196078431
G	C4_1	88.892	189.477	202.648	0.5647058823529412	0.5647058823529412	0.5647058823529412
C	P_2	83.82	179.274	196.89	1.0	0.5019607843137255	0.0
C	OP1_2	84.091	177.993	196.179	1.0	0.050980392156862744	0.050980392156862744
C	OP2_2	83.447	179.249	198.327	1.0	0.050980392156862744	0.050980392156862744
C	O5'_2	85.095	180.214	196.718	1.0	0.050980392156862744	0.050980392156862744
C	C5'_2	85.704	180.399	195.423	0.5647058823529412	0.5647058823529412	0.5647058823529412
C	C4'_2	86.865	181.358	195.522	0.5647058823529412	0.5647058823529412	0.5647058823529412
C	O4'_2	86.38	182.654	195.953	1.0	0.050980392156862744	0.050980392156862744
C	C3'_2	87.936	180.993	196.539	0.5647058823529412	0.5647058823529412	0.5647058823529412
C	O3'_2	88.858	180.049	195.989	1.0	0.050980392156862744	0.050980392156862744
C	C2'_2	88.575	182.346	196.832	0.5647058823529412	0.5647058823529412	0.5647058823529412
C	O2'_2	89.506	182.75	195.849	1.0	0.050980392156862744	0.050980392156862744
C	C1'_2	87.355	183.273	196.774	0.5647058823529412	0.5647058823529412	0.5647058823529412
C	N1_2	86.75	183.56	198.088	0.18823529411764706	0.3137254901960784	0.9725490196078431
C	C2_2	87.089	184.758	198.747	0.5647058823529412	0.5647058823529412	0.5647058823529412
C	O2_2	87.879	185.55	198.2	1.0	0.050980392156862744	0.050980392156862744
C	N3_2	86.547	185.018	199.955	0.18823529411764706	0.3137254901960784	0.9725490196078431
C	C4_2	85.7	184.146	200.51	0.5647058823529412	0.5647058823529412	0.5647058823529412
C	N4_2	85.198	184.443	201.705	0.18823529411764706	0.3137254901960784	0.9725490196078431
C	C5_2	85.333	182.93	199.862	0.5647058823529412	0.5647058823529412	0.5647058823529412
C	C6_2	85.876	182.679	198.665	0.5647058823529412	0.5647058823529412	0.5647058823529412
