C	P_1	204.681	125.726	144.148	1.0	0.5019607843137255	0.0
C	OP1_1	204.062	125.943	142.809	1.0	0.050980392156862744	0.050980392156862744
C	OP2_1	204.76	126.855	145.108	1.0	0.050980392156862744	0.050980392156862744
C	O5'_1	203.927	124.516	144.855	1.0	0.050980392156862744	0.050980392156862744
C	C5'_1	203.74	123.272	144.16	0.5647058823529412	0.5647058823529412	0.5647058823529412
C	C4'_1	203.439	122.159	145.134	0.5647058823529412	0.5647058823529412	0.5647058823529412
C	O4'_1	204.564	121.965	146.031	1.0	0.050980392156862744	0.050980392156862744
C	C3'_1	202.267	122.362	146.077	0.5647058823529412	0.5647058823529412	0.5647058823529412
C	O3'_1	201.023	122.121	145.421	1.0	0.050980392156862744	0.050980392156862744
C	C2'_1	202.569	121.335	147.163	0.5647058823529412	0.5647058823529412	0.5647058823529412
C	O2'_1	202.263	120.013	146.765	1.0	0.050980392156862744	0.050980392156862744
C	C1'_1	204.092	121.452	147.268	0.5647058823529412	0.5647058823529412	0.5647058823529412
C	N1_1	204.563	122.317	148.371	0.18823529411764706	0.3137254901960784	0.9725490196078431
C	C2_1	204.673	121.762	149.665	0.5647058823529412	0.5647058823529412	0.5647058823529412
C	O2_1	204.369	120.568	149.841	1.0	0.050980392156862744	0.050980392156862744
C	N3_1	205.109	122.541	150.68	0.18823529411764706	0.3137254901960784	0.9725490196078431
C	C4_1	205.429	123.819	150.453	0.5647058823529412	0.5647058823529412	0.5647058823529412
C	N4_1	205.854	124.545	151.486	0.18823529411764706	0.3137254901960784	0.9725490196078431
C	C5_1	205.325	124.408	149.155	0.5647058823529412	0.5647058823529412	0.5647058823529412
C	C6_1	204.891	123.629	148.155	0.5647058823529412	0.5647058823529412	0.5647058823529412
G	P_2	206.665	119.876	162.226	1.0	0.5019607843137255	0.0
G	OP1_2	207.208	118.926	163.235	1.0	0.050980392156862744	0.050980392156862744
G	OP2_2	207.489	121.04	161.795	1.0	0.050980392156862744	0.050980392156862744
G	O5'_2	206.248	119.042	160.93	1.0	0.050980392156862744	0.050980392156862744
G	C5'_2	205.353	117.914	161.037	0.5647058823529412	0.5647058823529412	0.5647058823529412
G	C4'_2	204.906	117.448	159.663	0.5647058823529412	0.5647058823529412	0.5647058823529412
G	O4'_2	204.143	118.494	158.995	1.0	0.050980392156862744	0.050980392156862744
G	C3'_2	205.994	117.108	158.655	0.5647058823529412	0.5647058823529412	0.5647058823529412
G	O3'_2	206.539	115.808	158.896	1.0	0.050980392156862744	0.050980392156862744
G	C2'_2	205.232	117.177	157.33	0.5647058823529412	0.5647058823529412	0.5647058823529412
G	O2'_2	204.458	116.019	157.075	1.0	0.050980392156862744	0.050980392156862744
G	C1'_2	204.283	118.354	157.585	0.5647058823529412	0.5647058823529412	0.5647058823529412
G	N9_2	204.734	119.624	157.018	0.18823529411764706	0.3137254901960784	0.9725490196078431
G	C8_2	205.222	120.718	157.698	0.5647058823529412	0.5647058823529412	0.5647058823529412
G	N7_2	205.535	121.714	156.913	0.18823529411764706	0.3137254901960784	0.9725490196078431
G	C5_2	205.245	121.252	155.635	0.5647058823529412	0.5647058823529412	0.5647058823529412
G	C6_2	205.38	121.892	154.37	0.5647058823529412	0.5647058823529412	0.5647058823529412
G	O6_2	205.804	123.028	154.121	1.0	0.050980392156862744	0.050980392156862744
G	N1_2	204.962	121.064	153.331	0.18823529411764706	0.3137254901960784	0.9725490196078431
G	C2_2	204.48	119.785	153.483	0.5647058823529412	0.5647058823529412	0.5647058823529412
G	N2_2	204.124	119.149	152.356	0.18823529411764706	0.3137254901960784	0.9725490196078431
G	N3_2	204.353	119.174	154.655	0.18823529411764706	0.3137254901960784	0.9725490196078431
G	C4_2	204.749	119.963	155.681	0.5647058823529412	0.5647058823529412	0.5647058823529412
