G	P_1	160.229	120.306	271.812	1.0	0.5019607843137255	0.0
G	OP1_1	161.523	119.592	272.002	1.0	0.050980392156862744	0.050980392156862744
G	OP2_1	159.345	120.547	272.988	1.0	0.050980392156862744	0.050980392156862744
G	O5'_1	160.538	121.705	271.109	1.0	0.050980392156862744	0.050980392156862744
G	C5'_1	160.722	122.912	271.884	0.5647058823529412	0.5647058823529412	0.5647058823529412
G	C4'_1	159.973	124.054	271.241	0.5647058823529412	0.5647058823529412	0.5647058823529412
G	O4'_1	158.579	123.68	271.096	1.0	0.050980392156862744	0.050980392156862744
G	C3'_1	159.932	125.358	272.025	0.5647058823529412	0.5647058823529412	0.5647058823529412
G	O3'_1	161.126	126.117	271.785	1.0	0.050980392156862744	0.050980392156862744
G	C2'_1	158.681	126.04	271.468	0.5647058823529412	0.5647058823529412	0.5647058823529412
G	O2'_1	158.919	126.722	270.252	1.0	0.050980392156862744	0.050980392156862744
G	C1'_1	157.769	124.839	271.179	0.5647058823529412	0.5647058823529412	0.5647058823529412
G	N9_1	156.659	124.58	272.099	0.18823529411764706	0.3137254901960784	0.9725490196078431
G	C8_1	156.521	123.513	272.964	0.5647058823529412	0.5647058823529412	0.5647058823529412
G	N7_1	155.397	123.534	273.632	0.18823529411764706	0.3137254901960784	0.9725490196078431
G	C5_1	154.753	124.686	273.193	0.5647058823529412	0.5647058823529412	0.5647058823529412
G	C6_1	153.489	125.239	273.566	0.5647058823529412	0.5647058823529412	0.5647058823529412
G	O6_1	152.662	124.803	274.382	1.0	0.050980392156862744	0.050980392156862744
G	N1_1	153.228	126.423	272.877	0.18823529411764706	0.3137254901960784	0.9725490196078431
G	C2_1	154.063	127.001	271.95	0.5647058823529412	0.5647058823529412	0.5647058823529412
G	N2_1	153.633	128.143	271.393	0.18823529411764706	0.3137254901960784	0.9725490196078431
G	N3_1	155.238	126.497	271.593	0.18823529411764706	0.3137254901960784	0.9725490196078431
G	C4_1	155.519	125.348	272.251	0.5647058823529412	0.5647058823529412	0.5647058823529412
C	P_2	147.724	132.281	271.634	1.0	0.5019607843137255	0.0
C	OP1_2	147.334	133.511	270.889	1.0	0.050980392156862744	0.050980392156862744
C	OP2_2	146.759	131.149	271.735	1.0	0.050980392156862744	0.050980392156862744
C	O5'_2	149.078	131.729	270.99	1.0	0.050980392156862744	0.050980392156862744
C	C5'_2	149.047	130.845	269.845	0.5647058823529412	0.5647058823529412	0.5647058823529412
C	C4'_2	149.92	129.629	270.09	0.5647058823529412	0.5647058823529412	0.5647058823529412
C	O4'_2	149.741	129.174	271.453	1.0	0.050980392156862744	0.050980392156862744
C	C3'_2	149.617	128.423	269.208	0.5647058823529412	0.5647058823529412	0.5647058823529412
C	O3'_2	150.361	128.499	267.985	1.0	0.050980392156862744	0.050980392156862744
C	C2'_2	150.057	127.244	270.074	0.5647058823529412	0.5647058823529412	0.5647058823529412
C	O2'_2	151.444	126.988	269.981	1.0	0.050980392156862744	0.050980392156862744
C	C1'_2	149.75	127.759	271.487	0.5647058823529412	0.5647058823529412	0.5647058823529412
C	N1_2	148.502	127.315	272.14	0.18823529411764706	0.3137254901960784	0.9725490196078431
C	C2_2	148.581	126.373	273.184	0.5647058823529412	0.5647058823529412	0.5647058823529412
C	O2_2	149.687	125.878	273.475	1.0	0.050980392156862744	0.050980392156862744
C	N3_2	147.451	126.029	273.846	0.18823529411764706	0.3137254901960784	0.9725490196078431
C	C4_2	146.277	126.57	273.498	0.5647058823529412	0.5647058823529412	0.5647058823529412
C	N4_2	145.194	126.221	274.201	0.18823529411764706	0.3137254901960784	0.9725490196078431
C	C5_2	146.163	127.498	272.418	0.5647058823529412	0.5647058823529412	0.5647058823529412
C	C6_2	147.288	127.834	271.77	0.5647058823529412	0.5647058823529412	0.5647058823529412
