G	P_1	124.646	181.832	228.546	1.0	0.5019607843137255	0.0
G	OP1_1	125.338	180.641	229.11	1.0	0.050980392156862744	0.050980392156862744
G	OP2_1	125.141	182.439	227.277	1.0	0.050980392156862744	0.050980392156862744
G	O5'_1	123.105	181.471	228.371	1.0	0.050980392156862744	0.050980392156862744
G	C5'_1	122.606	180.932	227.136	0.5647058823529412	0.5647058823529412	0.5647058823529412
G	C4'_1	121.165	181.341	226.937	0.5647058823529412	0.5647058823529412	0.5647058823529412
G	O4'_1	121.054	182.79	226.981	1.0	0.050980392156862744	0.050980392156862744
G	C3'_1	120.569	180.952	225.594	0.5647058823529412	0.5647058823529412	0.5647058823529412
G	O3'_1	120.106	179.603	225.63	1.0	0.050980392156862744	0.050980392156862744
G	C2'_1	119.449	181.978	225.41	0.5647058823529412	0.5647058823529412	0.5647058823529412
G	O2'_1	118.258	181.66	226.107	1.0	0.050980392156862744	0.050980392156862744
G	C1'_1	120.072	183.225	226.047	0.5647058823529412	0.5647058823529412	0.5647058823529412
G	N9_1	120.703	184.16	225.113	0.18823529411764706	0.3137254901960784	0.9725490196078431
G	C8_1	122.053	184.393	224.958	0.5647058823529412	0.5647058823529412	0.5647058823529412
G	N7_1	122.319	185.315	224.069	0.18823529411764706	0.3137254901960784	0.9725490196078431
G	C5_1	121.073	185.714	223.599	0.5647058823529412	0.5647058823529412	0.5647058823529412
G	C6_1	120.727	186.693	222.625	0.5647058823529412	0.5647058823529412	0.5647058823529412
G	O6_1	121.478	187.421	221.966	1.0	0.050980392156862744	0.050980392156862744
G	N1_1	119.348	186.782	222.453	0.18823529411764706	0.3137254901960784	0.9725490196078431
G	C2_1	118.417	186.029	223.13	0.5647058823529412	0.5647058823529412	0.5647058823529412
G	N2_1	117.13	186.269	222.827	0.18823529411764706	0.3137254901960784	0.9725490196078431
G	N3_1	118.725	185.109	224.041	0.18823529411764706	0.3137254901960784	0.9725490196078431
G	C4_1	120.062	185.007	224.226	0.5647058823529412	0.5647058823529412	0.5647058823529412
C	P_2	116.499	194.369	216.635	1.0	0.5019607843137255	0.0
C	OP1_2	115.521	195.486	216.454	1.0	0.050980392156862744	0.050980392156862744
C	OP2_2	117.837	194.653	217.217	1.0	0.050980392156862744	0.050980392156862744
C	O5'_2	115.806	193.224	217.503	1.0	0.050980392156862744	0.050980392156862744
C	C5'_2	114.448	192.801	217.233	0.5647058823529412	0.5647058823529412	0.5647058823529412
C	C4'_2	113.996	191.791	218.267	0.5647058823529412	0.5647058823529412	0.5647058823529412
C	O4'_2	114.739	190.557	218.099	1.0	0.050980392156862744	0.050980392156862744
C	C3'_2	114.215	192.199	219.718	0.5647058823529412	0.5647058823529412	0.5647058823529412
C	O3'_2	113.121	192.997	220.18	1.0	0.050980392156862744	0.050980392156862744
C	C2'_2	114.306	190.855	220.429	0.5647058823529412	0.5647058823529412	0.5647058823529412
C	O2'_2	113.036	190.304	220.699	1.0	0.050980392156862744	0.050980392156862744
C	C1'_2	115.006	189.991	219.37	0.5647058823529412	0.5647058823529412	0.5647058823529412
C	N1_2	116.471	189.859	219.525	0.18823529411764706	0.3137254901960784	0.9725490196078431
C	C2_2	116.988	188.769	220.258	0.5647058823529412	0.5647058823529412	0.5647058823529412
C	O2_2	116.198	187.94	220.755	1.0	0.050980392156862744	0.050980392156862744
C	N3_2	118.331	188.651	220.399	0.18823529411764706	0.3137254901960784	0.9725490196078431
C	C4_2	119.144	189.56	219.849	0.5647058823529412	0.5647058823529412	0.5647058823529412
C	N4_2	120.454	189.409	220.019	0.18823529411764706	0.3137254901960784	0.9725490196078431
C	C5_2	118.647	190.667	219.1	0.5647058823529412	0.5647058823529412	0.5647058823529412
C	C6_2	117.319	190.778	218.965	0.5647058823529412	0.5647058823529412	0.5647058823529412
