C	P_1	146.855	198.154	133.201	1.0	0.5019607843137255	0.0
C	OP1_1	145.411	198.325	133.534	1.0	0.050980392156862744	0.050980392156862744
C	OP2_1	147.747	199.347	133.173	1.0	0.050980392156862744	0.050980392156862744
C	O5'_1	147.488	197.075	134.195	1.0	0.050980392156862744	0.050980392156862744
C	C5'_1	148.042	197.468	135.471	0.5647058823529412	0.5647058823529412	0.5647058823529412
C	C4'_1	148.893	196.352	136.041	0.5647058823529412	0.5647058823529412	0.5647058823529412
C	O4'_1	149.995	196.063	135.137	1.0	0.050980392156862744	0.050980392156862744
C	C3'_1	149.583	196.653	137.365	0.5647058823529412	0.5647058823529412	0.5647058823529412
C	O3'_1	148.68	196.467	138.461	1.0	0.050980392156862744	0.050980392156862744
C	C2'_1	150.728	195.644	137.367	0.5647058823529412	0.5647058823529412	0.5647058823529412
C	O2'_1	150.305	194.347	137.74	1.0	0.050980392156862744	0.050980392156862744
C	C1'_1	151.123	195.631	135.886	0.5647058823529412	0.5647058823529412	0.5647058823529412
C	N1_1	152.3	196.455	135.519	0.18823529411764706	0.3137254901960784	0.9725490196078431
C	C2_1	153.578	196.105	136.028	0.5647058823529412	0.5647058823529412	0.5647058823529412
C	O2_1	153.681	195.156	136.825	1.0	0.050980392156862744	0.050980392156862744
C	N3_1	154.66	196.816	135.636	0.18823529411764706	0.3137254901960784	0.9725490196078431
C	C4_1	154.517	197.84	134.789	0.5647058823529412	0.5647058823529412	0.5647058823529412
C	N4_1	155.616	198.492	134.407	0.18823529411764706	0.3137254901960784	0.9725490196078431
C	C5_1	153.237	198.238	134.289	0.5647058823529412	0.5647058823529412	0.5647058823529412
C	C6_1	152.169	197.527	134.677	0.5647058823529412	0.5647058823529412	0.5647058823529412
G	P_2	166.11	194.229	135.066	1.0	0.5019607843137255	0.0
G	OP1_2	167.166	193.176	135.071	1.0	0.050980392156862744	0.050980392156862744
G	OP2_2	165.361	194.511	133.814	1.0	0.050980392156862744	0.050980392156862744
G	O5'_2	165.05	193.878	136.206	1.0	0.050980392156862744	0.050980392156862744
G	C5'_2	165.471	193.626	137.565	0.5647058823529412	0.5647058823529412	0.5647058823529412
G	C4'_2	164.267	193.454	138.466	0.5647058823529412	0.5647058823529412	0.5647058823529412
G	O4'_2	163.497	194.687	138.5	1.0	0.050980392156862744	0.050980392156862744
G	C3'_2	163.26	192.4	138.033	0.5647058823529412	0.5647058823529412	0.5647058823529412
G	O3'_2	163.676	191.09	138.422	1.0	0.050980392156862744	0.050980392156862744
G	C2'_2	161.986	192.86	138.735	0.5647058823529412	0.5647058823529412	0.5647058823529412
G	O2'_2	161.94	192.502	140.102	1.0	0.050980392156862744	0.050980392156862744
G	C1'_2	162.114	194.384	138.624	0.5647058823529412	0.5647058823529412	0.5647058823529412
G	N9_2	161.409	194.953	137.476	0.18823529411764706	0.3137254901960784	0.9725490196078431
G	C8_2	161.944	195.274	136.248	0.5647058823529412	0.5647058823529412	0.5647058823529412
G	N7_2	161.066	195.766	135.417	0.18823529411764706	0.3137254901960784	0.9725490196078431
G	C5_2	159.877	195.773	136.133	0.5647058823529412	0.5647058823529412	0.5647058823529412
G	C6_2	158.576	196.197	135.749	0.5647058823529412	0.5647058823529412	0.5647058823529412
G	O6_2	158.208	196.667	134.662	1.0	0.050980392156862744	0.050980392156862744
G	N1_2	157.657	196.028	136.783	0.18823529411764706	0.3137254901960784	0.9725490196078431
G	C2_2	157.947	195.518	138.028	0.5647058823529412	0.5647058823529412	0.5647058823529412
G	N2_2	156.915	195.432	138.889	0.18823529411764706	0.3137254901960784	0.9725490196078431
G	N3_2	159.158	195.121	138.4	0.18823529411764706	0.3137254901960784	0.9725490196078431
G	C4_2	160.068	195.275	137.408	0.5647058823529412	0.5647058823529412	0.5647058823529412
