C	P_1	170.982	270.163	180.369	1.0	0.5019607843137255	0.0
C	OP1_1	171.832	271.113	181.14	1.0	0.050980392156862744	0.050980392156862744
C	OP2_1	170.728	270.409	178.923	1.0	0.050980392156862744	0.050980392156862744
C	O5'_1	171.6	268.694	180.526	1.0	0.050980392156862744	0.050980392156862744
C	C5'_1	171.165	267.813	181.592	0.5647058823529412	0.5647058823529412	0.5647058823529412
C	C4'_1	172.066	266.595	181.715	0.5647058823529412	0.5647058823529412	0.5647058823529412
C	O4'_1	171.807	265.646	180.639	1.0	0.050980392156862744	0.050980392156862744
C	C3'_1	173.58	266.803	181.757	0.5647058823529412	0.5647058823529412	0.5647058823529412
C	O3'_1	174.128	265.963	182.778	1.0	0.050980392156862744	0.050980392156862744
C	C2'_1	174.024	266.326	180.368	0.5647058823529412	0.5647058823529412	0.5647058823529412
C	O2'_1	175.36	265.855	180.325	1.0	0.050980392156862744	0.050980392156862744
C	C1'_1	173.04	265.182	180.122	0.5647058823529412	0.5647058823529412	0.5647058823529412
C	N1_1	172.849	264.753	178.717	0.18823529411764706	0.3137254901960784	0.9725490196078431
C	C2_1	173.246	263.439	178.344	0.5647058823529412	0.5647058823529412	0.5647058823529412
C	O2_1	173.756	262.687	179.205	1.0	0.050980392156862744	0.050980392156862744
C	N3_1	173.06	263.03	177.059	0.18823529411764706	0.3137254901960784	0.9725490196078431
C	C4_1	172.512	263.862	176.165	0.5647058823529412	0.5647058823529412	0.5647058823529412
C	N4_1	172.348	263.415	174.913	0.18823529411764706	0.3137254901960784	0.9725490196078431
C	C5_1	172.109	265.193	176.514	0.5647058823529412	0.5647058823529412	0.5647058823529412
C	C6_1	172.295	265.592	177.786	0.5647058823529412	0.5647058823529412	0.5647058823529412
G	P_2	175.962	253.221	171.911	1.0	0.5019607843137255	0.0
G	OP1_2	175.962	251.73	171.86	1.0	0.050980392156862744	0.050980392156862744
G	OP2_2	174.804	253.974	171.354	1.0	0.050980392156862744	0.050980392156862744
G	O5'_2	176.16	253.673	173.431	1.0	0.050980392156862744	0.050980392156862744
G	C5'_2	177.173	253.063	174.265	0.5647058823529412	0.5647058823529412	0.5647058823529412
G	C4'_2	177.126	253.647	175.661	0.5647058823529412	0.5647058823529412	0.5647058823529412
G	O4'_2	177.512	255.05	175.633	1.0	0.050980392156862744	0.050980392156862744
G	C3'_2	175.763	253.657	176.331	0.5647058823529412	0.5647058823529412	0.5647058823529412
G	O3'_2	175.439	252.38	176.879	1.0	0.050980392156862744	0.050980392156862744
G	C2'_2	175.954	254.73	177.397	0.5647058823529412	0.5647058823529412	0.5647058823529412
G	O2'_2	176.688	254.26	178.512	1.0	0.050980392156862744	0.050980392156862744
G	C1'_2	176.806	255.758	176.643	0.5647058823529412	0.5647058823529412	0.5647058823529412
G	N9_2	176.009	256.809	176.01	0.18823529411764706	0.3137254901960784	0.9725490196078431
G	C8_2	175.384	256.745	174.784	0.5647058823529412	0.5647058823529412	0.5647058823529412
G	N7_2	174.733	257.835	174.478	0.18823529411764706	0.3137254901960784	0.9725490196078431
G	C5_2	174.939	258.678	175.564	0.5647058823529412	0.5647058823529412	0.5647058823529412
G	C6_2	174.475	260.006	175.796	0.5647058823529412	0.5647058823529412	0.5647058823529412
G	O6_2	173.78	260.721	175.058	1.0	0.050980392156862744	0.050980392156862744
G	N1_2	174.905	260.492	177.029	0.18823529411764706	0.3137254901960784	0.9725490196078431
G	C2_2	175.686	259.797	177.925	0.5647058823529412	0.5647058823529412	0.5647058823529412
G	N2_2	175.986	260.441	179.067	0.18823529411764706	0.3137254901960784	0.9725490196078431
G	N3_2	176.136	258.559	177.716	0.18823529411764706	0.3137254901960784	0.9725490196078431
G	C4_2	175.724	258.064	176.522	0.5647058823529412	0.5647058823529412	0.5647058823529412
