C	P_1	263.546	180.645	238.77	1.0	0.5019607843137255	0.0
C	OP1_1	262.569	181.523	239.483	1.0	0.050980392156862744	0.050980392156862744
C	OP2_1	263.984	179.37	239.403	1.0	0.050980392156862744	0.050980392156862744
C	O5'_1	262.947	180.293	237.333	1.0	0.050980392156862744	0.050980392156862744
C	C5'_1	262.47	181.331	236.447	0.5647058823529412	0.5647058823529412	0.5647058823529412
C	C4'_1	261.917	180.726	235.172	0.5647058823529412	0.5647058823529412	0.5647058823529412
C	O4'_1	262.981	180.073	234.431	1.0	0.050980392156862744	0.050980392156862744
C	C3'_1	260.876	179.631	235.35	0.5647058823529412	0.5647058823529412	0.5647058823529412
C	O3'_1	259.587	180.183	235.605	1.0	0.050980392156862744	0.050980392156862744
C	C2'_1	260.946	178.891	234.019	0.5647058823529412	0.5647058823529412	0.5647058823529412
C	O2'_1	260.229	179.547	232.996	1.0	0.050980392156862744	0.050980392156862744
C	C1'_1	262.442	178.981	233.7	0.5647058823529412	0.5647058823529412	0.5647058823529412
C	N1_1	263.248	177.767	233.963	0.18823529411764706	0.3137254901960784	0.9725490196078431
C	C2_1	263.103	176.653	233.107	0.5647058823529412	0.5647058823529412	0.5647058823529412
C	O2_1	262.274	176.703	232.181	1.0	0.050980392156862744	0.050980392156862744
C	N3_1	263.871	175.558	233.315	0.18823529411764706	0.3137254901960784	0.9725490196078431
C	C4_1	264.751	175.54	234.322	0.5647058823529412	0.5647058823529412	0.5647058823529412
C	N4_1	265.5	174.45	234.471	0.18823529411764706	0.3137254901960784	0.9725490196078431
C	C5_1	264.903	176.641	235.216	0.5647058823529412	0.5647058823529412	0.5647058823529412
C	C6_1	264.139	177.722	235.003	0.5647058823529412	0.5647058823529412	0.5647058823529412
G	P_2	264.18	166.048	226.833	1.0	0.5019607843137255	0.0
G	OP1_2	264.495	165.263	225.604	1.0	0.050980392156862744	0.050980392156862744
G	OP2_2	265.251	166.314	227.828	1.0	0.050980392156862744	0.050980392156862744
G	O5'_2	263.562	167.445	226.38	1.0	0.050980392156862744	0.050980392156862744
G	C5'_2	262.396	167.501	225.537	0.5647058823529412	0.5647058823529412	0.5647058823529412
G	C4'_2	261.692	168.827	225.707	0.5647058823529412	0.5647058823529412	0.5647058823529412
G	O4'_2	261.285	168.988	227.096	1.0	0.050980392156862744	0.050980392156862744
G	C3'_2	262.521	170.071	225.426	0.5647058823529412	0.5647058823529412	0.5647058823529412
G	O3'_2	262.618	170.35	224.028	1.0	0.050980392156862744	0.050980392156862744
G	C2'_2	261.755	171.141	226.198	0.5647058823529412	0.5647058823529412	0.5647058823529412
G	O2'_2	260.592	171.581	225.524	1.0	0.050980392156862744	0.050980392156862744
G	C1'_2	261.34	170.365	227.452	0.5647058823529412	0.5647058823529412	0.5647058823529412
G	N9_2	262.29	170.53	228.55	0.18823529411764706	0.3137254901960784	0.9725490196078431
G	C8_2	263.207	169.612	229.007	0.5647058823529412	0.5647058823529412	0.5647058823529412
G	N7_2	263.939	170.064	229.991	0.18823529411764706	0.3137254901960784	0.9725490196078431
G	C5_2	263.478	171.359	230.2	0.5647058823529412	0.5647058823529412	0.5647058823529412
G	C6_2	263.898	172.351	231.139	0.5647058823529412	0.5647058823529412	0.5647058823529412
G	O6_2	264.791	172.276	231.994	1.0	0.050980392156862744	0.050980392156862744
G	N1_2	263.161	173.525	231.009	0.18823529411764706	0.3137254901960784	0.9725490196078431
G	C2_2	262.149	173.724	230.099	0.5647058823529412	0.5647058823529412	0.5647058823529412
G	N2_2	261.55	174.924	230.136	0.18823529411764706	0.3137254901960784	0.9725490196078431
G	N3_2	261.75	172.81	229.218	0.18823529411764706	0.3137254901960784	0.9725490196078431
G	C4_2	262.454	171.66	229.325	0.5647058823529412	0.5647058823529412	0.5647058823529412
