G	P_1	179.463	212.933	222.113	1.0	0.5019607843137255	0.0
G	OP1_1	180.913	212.73	221.812	1.0	0.050980392156862744	0.050980392156862744
G	OP2_1	178.685	213.938	221.332	1.0	0.050980392156862744	0.050980392156862744
G	O5'_1	178.724	211.521	222.007	1.0	0.050980392156862744	0.050980392156862744
G	C5'_1	179.322	210.331	222.57	0.5647058823529412	0.5647058823529412	0.5647058823529412
G	C4'_1	178.332	209.18	222.579	0.5647058823529412	0.5647058823529412	0.5647058823529412
G	O4'_1	177.203	209.499	223.439	1.0	0.050980392156862744	0.050980392156862744
G	C3'_1	177.676	208.792	221.259	0.5647058823529412	0.5647058823529412	0.5647058823529412
G	O3'_1	178.528	207.99	220.432	1.0	0.050980392156862744	0.050980392156862744
G	C2'_1	176.459	208.009	221.739	0.5647058823529412	0.5647058823529412	0.5647058823529412
G	O2'_1	176.777	206.694	222.146	1.0	0.050980392156862744	0.050980392156862744
G	C1'_1	176.044	208.82	222.97	0.5647058823529412	0.5647058823529412	0.5647058823529412
G	N9_1	175.008	209.8	222.652	0.18823529411764706	0.3137254901960784	0.9725490196078431
G	C8_1	175.155	211.168	222.547	0.5647058823529412	0.5647058823529412	0.5647058823529412
G	N7_1	174.045	211.782	222.227	0.18823529411764706	0.3137254901960784	0.9725490196078431
G	C5_1	173.103	210.764	222.117	0.5647058823529412	0.5647058823529412	0.5647058823529412
G	C6_1	171.719	210.821	221.785	0.5647058823529412	0.5647058823529412	0.5647058823529412
G	O6_1	171.032	211.817	221.515	1.0	0.050980392156862744	0.050980392156862744
G	N1_1	171.139	209.554	221.785	0.18823529411764706	0.3137254901960784	0.9725490196078431
G	C2_1	171.8	208.381	222.068	0.5647058823529412	0.5647058823529412	0.5647058823529412
G	N2_1	171.055	207.26	222.024	0.18823529411764706	0.3137254901960784	0.9725490196078431
G	N3_1	173.093	208.311	222.375	0.18823529411764706	0.3137254901960784	0.9725490196078431
G	C4_1	173.678	209.532	222.381	0.5647058823529412	0.5647058823529412	0.5647058823529412
C	P_2	161.348	210.938	221.023	1.0	0.5019607843137255	0.0
C	OP1_2	160.039	210.508	221.598	1.0	0.050980392156862744	0.050980392156862744
C	OP2_2	161.996	212.182	221.522	1.0	0.050980392156862744	0.050980392156862744
C	O5'_2	162.376	209.732	221.198	1.0	0.050980392156862744	0.050980392156862744
C	C5'_2	162.014	208.378	220.836	0.5647058823529412	0.5647058823529412	0.5647058823529412
C	C4'_2	163.17	207.437	221.111	0.5647058823529412	0.5647058823529412	0.5647058823529412
C	O4'_2	164.26	207.716	220.192	1.0	0.050980392156862744	0.050980392156862744
C	C3'_2	163.784	207.552	222.5	0.5647058823529412	0.5647058823529412	0.5647058823529412
C	O3'_2	163.046	206.777	223.444	1.0	0.050980392156862744	0.050980392156862744
C	C2'_2	165.204	207.042	222.282	0.5647058823529412	0.5647058823529412	0.5647058823529412
C	O2'_2	165.29	205.631	222.288	1.0	0.050980392156862744	0.050980392156862744
C	C1'_2	165.5	207.56	220.866	0.5647058823529412	0.5647058823529412	0.5647058823529412
C	N1_2	166.231	208.848	220.814	0.18823529411764706	0.3137254901960784	0.9725490196078431
C	C2_2	167.633	208.848	220.995	0.5647058823529412	0.5647058823529412	0.5647058823529412
C	O2_2	168.22	207.763	221.191	1.0	0.050980392156862744	0.050980392156862744
C	N3_2	168.306	210.028	220.949	0.18823529411764706	0.3137254901960784	0.9725490196078431
C	C4_2	167.641	211.17	220.731	0.5647058823529412	0.5647058823529412	0.5647058823529412
C	N4_2	168.341	212.308	220.701	0.18823529411764706	0.3137254901960784	0.9725490196078431
C	C5_2	166.224	211.197	220.539	0.5647058823529412	0.5647058823529412	0.5647058823529412
C	C6_2	165.567	210.026	220.589	0.5647058823529412	0.5647058823529412	0.5647058823529412
