G	P_1	264.645	185.737	263.348	1.0	0.5019607843137255	0.0
G	OP1_1	264.449	186.02	264.797	1.0	0.050980392156862744	0.050980392156862744
G	OP2_1	265.233	186.786	262.469	1.0	0.050980392156862744	0.050980392156862744
G	O5'_1	265.544	184.424	263.226	1.0	0.050980392156862744	0.050980392156862744
G	C5'_1	265.125	183.174	263.825	0.5647058823529412	0.5647058823529412	0.5647058823529412
G	C4'_1	265.914	182.019	263.243	0.5647058823529412	0.5647058823529412	0.5647058823529412
G	O4'_1	265.707	181.964	261.805	1.0	0.050980392156862744	0.050980392156862744
G	C3'_1	267.426	182.087	263.405	0.5647058823529412	0.5647058823529412	0.5647058823529412
G	O3'_1	267.811	181.582	264.687	1.0	0.050980392156862744	0.050980392156862744
G	C2'_1	267.924	181.207	262.26	0.5647058823529412	0.5647058823529412	0.5647058823529412
G	O2'_1	267.874	179.825	262.558	1.0	0.050980392156862744	0.050980392156862744
G	C1'_1	266.893	181.513	261.168	0.5647058823529412	0.5647058823529412	0.5647058823529412
G	N9_1	267.306	182.512	260.183	0.18823529411764706	0.3137254901960784	0.9725490196078431
G	C8_1	266.802	183.784	260.025	0.5647058823529412	0.5647058823529412	0.5647058823529412
G	N7_1	267.349	184.436	259.034	0.18823529411764706	0.3137254901960784	0.9725490196078431
G	C5_1	268.275	183.545	258.506	0.5647058823529412	0.5647058823529412	0.5647058823529412
G	C6_1	269.167	183.688	257.409	0.5647058823529412	0.5647058823529412	0.5647058823529412
G	O6_1	269.316	184.661	256.659	1.0	0.050980392156862744	0.050980392156862744
G	N1_1	269.932	182.541	257.218	0.18823529411764706	0.3137254901960784	0.9725490196078431
G	C2_1	269.852	181.4	257.98	0.5647058823529412	0.5647058823529412	0.5647058823529412
G	N2_1	270.678	180.396	257.639	0.18823529411764706	0.3137254901960784	0.9725490196078431
G	N3_1	269.023	181.251	259.005	0.18823529411764706	0.3137254901960784	0.9725490196078431
G	C4_1	268.268	182.355	259.208	0.5647058823529412	0.5647058823529412	0.5647058823529412
C	P_2	274.81	181.676	248.808	1.0	0.5019607843137255	0.0
C	OP1_2	275.233	180.84	247.647	1.0	0.050980392156862744	0.050980392156862744
C	OP2_2	273.563	182.476	248.718	1.0	0.050980392156862744	0.050980392156862744
C	O5'_2	274.692	180.734	250.086	1.0	0.050980392156862744	0.050980392156862744
C	C5'_2	275.722	179.776	250.405	0.5647058823529412	0.5647058823529412	0.5647058823529412
C	C4'_2	275.382	179.07	251.693	0.5647058823529412	0.5647058823529412	0.5647058823529412
C	O4'_2	275.435	180.025	252.785	1.0	0.050980392156862744	0.050980392156862744
C	C3'_2	273.973	178.499	251.751	0.5647058823529412	0.5647058823529412	0.5647058823529412
C	O3'_2	273.903	177.217	251.133	1.0	0.050980392156862744	0.050980392156862744
C	C2'_2	273.693	178.468	253.246	0.5647058823529412	0.5647058823529412	0.5647058823529412
C	O2'_2	274.3	177.368	253.893	1.0	0.050980392156862744	0.050980392156862744
C	C1'_2	274.388	179.755	253.703	0.5647058823529412	0.5647058823529412	0.5647058823529412
C	N1_2	273.499	180.931	253.754	0.18823529411764706	0.3137254901960784	0.9725490196078431
C	C2_2	272.787	181.195	254.939	0.5647058823529412	0.5647058823529412	0.5647058823529412
C	O2_2	272.927	180.431	255.914	1.0	0.050980392156862744	0.050980392156862744
C	N3_2	271.97	182.275	254.984	0.18823529411764706	0.3137254901960784	0.9725490196078431
C	C4_2	271.851	183.07	253.914	0.5647058823529412	0.5647058823529412	0.5647058823529412
C	N4_2	271.035	184.118	254.005	0.18823529411764706	0.3137254901960784	0.9725490196078431
C	C5_2	272.563	182.824	252.705	0.5647058823529412	0.5647058823529412	0.5647058823529412
C	C6_2	273.365	181.757	252.668	0.5647058823529412	0.5647058823529412	0.5647058823529412
