C	P_1	230.861	302.31	187.104	1.0	0.5019607843137255	0.0
C	OP1_1	230.671	303.692	187.641	1.0	0.050980392156862744	0.050980392156862744
C	OP2_1	231.079	302.112	185.649	1.0	0.050980392156862744	0.050980392156862744
C	O5'_1	232.076	301.634	187.883	1.0	0.050980392156862744	0.050980392156862744
C	C5'_1	232.125	301.613	189.327	0.5647058823529412	0.5647058823529412	0.5647058823529412
C	C4'_1	233.232	300.695	189.797	0.5647058823529412	0.5647058823529412	0.5647058823529412
C	O4'_1	232.957	299.344	189.339	1.0	0.050980392156862744	0.050980392156862744
C	C3'_1	234.621	300.993	189.25	0.5647058823529412	0.5647058823529412	0.5647058823529412
C	O3'_1	235.284	302.035	189.966	1.0	0.050980392156862744	0.050980392156862744
C	C2'_1	235.317	299.646	189.39	0.5647058823529412	0.5647058823529412	0.5647058823529412
C	O2'_1	235.753	299.369	190.708	1.0	0.050980392156862744	0.050980392156862744
C	C1'_1	234.18	298.69	189.02	0.5647058823529412	0.5647058823529412	0.5647058823529412
C	N1_1	234.168	298.322	187.587	0.18823529411764706	0.3137254901960784	0.9725490196078431
C	C2_1	235.157	297.447	187.098	0.5647058823529412	0.5647058823529412	0.5647058823529412
C	O2_1	236.025	297.017	187.877	1.0	0.050980392156862744	0.050980392156862744
C	N3_1	235.138	297.099	185.793	0.18823529411764706	0.3137254901960784	0.9725490196078431
C	C4_1	234.19	297.585	184.985	0.5647058823529412	0.5647058823529412	0.5647058823529412
C	N4_1	234.205	297.208	183.705	0.18823529411764706	0.3137254901960784	0.9725490196078431
C	C5_1	233.183	298.48	185.452	0.5647058823529412	0.5647058823529412	0.5647058823529412
C	C6_1	233.209	298.817	186.745	0.5647058823529412	0.5647058823529412	0.5647058823529412
G	P_2	243.874	291.809	179.985	1.0	0.5019607843137255	0.0
G	OP1_2	244.038	291.212	178.63	1.0	0.050980392156862744	0.050980392156862744
G	OP2_2	242.681	292.65	180.275	1.0	0.050980392156862744	0.050980392156862744
G	O5'_2	243.937	290.628	181.055	1.0	0.050980392156862744	0.050980392156862744
G	C5'_2	242.734	290.058	181.618	0.5647058823529412	0.5647058823529412	0.5647058823529412
G	C4'_2	242.578	290.51	183.051	0.5647058823529412	0.5647058823529412	0.5647058823529412
G	O4'_2	242.327	291.943	183.068	1.0	0.050980392156862744	0.050980392156862744
G	C3'_2	241.415	289.92	183.832	0.5647058823529412	0.5647058823529412	0.5647058823529412
G	O3'_2	241.762	288.635	184.354	1.0	0.050980392156862744	0.050980392156862744
G	C2'_2	241.189	290.969	184.921	0.5647058823529412	0.5647058823529412	0.5647058823529412
G	O2'_2	242.114	290.876	185.989	1.0	0.050980392156862744	0.050980392156862744
G	C1'_2	241.457	292.263	184.146	0.5647058823529412	0.5647058823529412	0.5647058823529412
G	N9_2	240.251	292.886	183.602	0.18823529411764706	0.3137254901960784	0.9725490196078431
G	C8_2	239.711	292.715	182.346	0.5647058823529412	0.5647058823529412	0.5647058823529412
G	N7_2	238.622	293.409	182.157	0.18823529411764706	0.3137254901960784	0.9725490196078431
G	C5_2	238.428	294.078	183.358	0.5647058823529412	0.5647058823529412	0.5647058823529412
G	C6_2	237.403	294.976	183.754	0.5647058823529412	0.5647058823529412	0.5647058823529412
G	O6_2	236.43	295.374	183.099	1.0	0.050980392156862744	0.050980392156862744
G	N1_2	237.588	295.419	185.062	0.18823529411764706	0.3137254901960784	0.9725490196078431
G	C2_2	238.624	295.048	185.885	0.5647058823529412	0.5647058823529412	0.5647058823529412
G	N2_2	238.632	295.584	187.114	0.18823529411764706	0.3137254901960784	0.9725490196078431
G	N3_2	239.585	294.21	185.528	0.18823529411764706	0.3137254901960784	0.9725490196078431
G	C4_2	239.426	293.767	184.26	0.5647058823529412	0.5647058823529412	0.5647058823529412
