G	P_1	201.803	169.413	113.651	1.0	0.5019607843137255	0.0
G	OP1_1	202.217	168.929	112.302	1.0	0.050980392156862744	0.050980392156862744
G	OP2_1	200.63	170.318	113.779	1.0	0.050980392156862744	0.050980392156862744
G	O5'_1	201.565	168.145	114.59	1.0	0.050980392156862744	0.050980392156862744
G	C5'_1	202.556	167.1	114.682	0.5647058823529412	0.5647058823529412	0.5647058823529412
G	C4'_1	202.073	165.977	115.575	0.5647058823529412	0.5647058823529412	0.5647058823529412
G	O4'_1	201.956	166.44	116.949	1.0	0.050980392156862744	0.050980392156862744
G	C3'_1	200.7	165.395	115.28	0.5647058823529412	0.5647058823529412	0.5647058823529412
G	O3'_1	200.712	164.486	114.183	1.0	0.050980392156862744	0.050980392156862744
G	C2'_1	200.364	164.707	116.599	0.5647058823529412	0.5647058823529412	0.5647058823529412
G	O2'_1	201.016	163.464	116.763	1.0	0.050980392156862744	0.050980392156862744
G	C1'_1	200.927	165.71	117.61	0.5647058823529412	0.5647058823529412	0.5647058823529412
G	N9_1	199.912	166.646	118.09	0.18823529411764706	0.3137254901960784	0.9725490196078431
G	C8_1	199.727	167.949	117.69	0.5647058823529412	0.5647058823529412	0.5647058823529412
G	N7_1	198.717	168.529	118.279	0.18823529411764706	0.3137254901960784	0.9725490196078431
G	C5_1	198.205	167.555	119.126	0.5647058823529412	0.5647058823529412	0.5647058823529412
G	C6_1	197.101	167.602	120.01	0.5647058823529412	0.5647058823529412	0.5647058823529412
G	O6_1	196.329	168.544	120.227	1.0	0.050980392156862744	0.050980392156862744
G	N1_1	196.926	166.393	120.677	0.18823529411764706	0.3137254901960784	0.9725490196078431
G	C2_1	197.712	165.279	120.511	0.5647058823529412	0.5647058823529412	0.5647058823529412
G	N2_1	197.381	164.207	121.245	0.18823529411764706	0.3137254901960784	0.9725490196078431
G	N3_1	198.747	165.22	119.686	0.18823529411764706	0.3137254901960784	0.9725490196078431
G	C4_1	198.934	166.388	119.029	0.5647058823529412	0.5647058823529412	0.5647058823529412
C	P_2	189.197	167.141	127.448	1.0	0.5019607843137255	0.0
C	OP1_2	188.784	166.7	128.811	1.0	0.050980392156862744	0.050980392156862744
C	OP2_2	189.871	168.453	127.274	1.0	0.050980392156862744	0.050980392156862744
C	O5'_2	190.132	166.014	126.823	1.0	0.050980392156862744	0.050980392156862744
C	C5'_2	189.741	164.628	126.851	0.5647058823529412	0.5647058823529412	0.5647058823529412
C	C4'_2	190.812	163.771	126.224	0.5647058823529412	0.5647058823529412	0.5647058823529412
C	O4'_2	190.906	164.059	124.804	1.0	0.050980392156862744	0.050980392156862744
C	C3'_2	192.221	164.002	126.743	0.5647058823529412	0.5647058823529412	0.5647058823529412
C	O3'_2	192.445	163.334	127.982	1.0	0.050980392156862744	0.050980392156862744
C	C2'_2	193.079	163.476	125.597	0.5647058823529412	0.5647058823529412	0.5647058823529412
C	O2'_2	193.201	162.067	125.585	1.0	0.050980392156862744	0.050980392156862744
C	C1'_2	192.257	163.92	124.381	0.5647058823529412	0.5647058823529412	0.5647058823529412
C	N1_2	192.703	165.192	123.767	0.18823529411764706	0.3137254901960784	0.9725490196078431
C	C2_2	193.763	165.163	122.836	0.5647058823529412	0.5647058823529412	0.5647058823529412
C	O2_2	194.295	164.074	122.554	1.0	0.050980392156862744	0.050980392156862744
C	N3_2	194.172	166.322	122.271	0.18823529411764706	0.3137254901960784	0.9725490196078431
C	C4_2	193.573	167.473	122.595	0.5647058823529412	0.5647058823529412	0.5647058823529412
C	N4_2	194.009	168.588	122.009	0.18823529411764706	0.3137254901960784	0.9725490196078431
C	C5_2	192.499	167.532	123.533	0.5647058823529412	0.5647058823529412	0.5647058823529412
C	C6_2	192.102	166.381	124.09	0.5647058823529412	0.5647058823529412	0.5647058823529412
