C	P_1	200.149	209.616	204.091	1.0	0.5019607843137255	0.0
C	OP1_1	199.131	208.563	204.396	1.0	0.050980392156862744	0.050980392156862744
C	OP2_1	200.006	210.977	204.692	1.0	0.050980392156862744	0.050980392156862744
C	O5'_1	201.589	209.044	204.476	1.0	0.050980392156862744	0.050980392156862744
C	C5'_1	202.007	207.732	204.043	0.5647058823529412	0.5647058823529412	0.5647058823529412
C	C4'_1	203.429	207.461	204.481	0.5647058823529412	0.5647058823529412	0.5647058823529412
C	O4'_1	204.344	208.315	203.746	1.0	0.050980392156862744	0.050980392156862744
C	C3'_1	203.743	207.74	205.944	0.5647058823529412	0.5647058823529412	0.5647058823529412
C	O3'_1	203.339	206.65	206.783	1.0	0.050980392156862744	0.050980392156862744
C	C2'_1	205.256	207.928	205.913	0.5647058823529412	0.5647058823529412	0.5647058823529412
C	O2'_1	205.944	206.695	205.845	1.0	0.050980392156862744	0.050980392156862744
C	C1'_1	205.442	208.662	204.58	0.5647058823529412	0.5647058823529412	0.5647058823529412
C	N1_1	205.509	210.136	204.695	0.18823529411764706	0.3137254901960784	0.9725490196078431
C	C2_1	206.752	210.747	204.971	0.5647058823529412	0.5647058823529412	0.5647058823529412
C	O2_1	207.758	210.032	205.119	1.0	0.050980392156862744	0.050980392156862744
C	N3_1	206.816	212.101	205.067	0.18823529411764706	0.3137254901960784	0.9725490196078431
C	C4_1	205.707	212.84	204.903	0.5647058823529412	0.5647058823529412	0.5647058823529412
C	N4_1	205.814	214.168	205.012	0.18823529411764706	0.3137254901960784	0.9725490196078431
C	C5_1	204.438	212.246	204.623	0.5647058823529412	0.5647058823529412	0.5647058823529412
C	C6_1	204.386	210.907	204.53	0.5647058823529412	0.5647058823529412	0.5647058823529412
G	P_2	215.333	219.926	208.199	1.0	0.5019607843137255	0.0
G	OP1_2	216.717	220.477	208.16	1.0	0.050980392156862744	0.050980392156862744
G	OP2_2	214.257	220.586	207.403	1.0	0.050980392156862744	0.050980392156862744
G	O5'_2	215.414	218.385	207.787	1.0	0.050980392156862744	0.050980392156862744
G	C5'_2	216.11	217.445	208.631	0.5647058823529412	0.5647058823529412	0.5647058823529412
G	C4'_2	215.867	216.019	208.177	0.5647058823529412	0.5647058823529412	0.5647058823529412
G	O4'_2	214.442	215.71	208.234	1.0	0.050980392156862744	0.050980392156862744
G	C3'_2	216.341	215.625	206.778	0.5647058823529412	0.5647058823529412	0.5647058823529412
G	O3'_2	216.908	214.314	206.832	1.0	0.050980392156862744	0.050980392156862744
G	C2'_2	215.044	215.621	205.967	0.5647058823529412	0.5647058823529412	0.5647058823529412
G	O2'_2	215.079	214.723	204.876	1.0	0.050980392156862744	0.050980392156862744
G	C1'_2	214.029	215.139	207.005	0.5647058823529412	0.5647058823529412	0.5647058823529412
G	N9_2	212.648	215.551	206.733	0.18823529411764706	0.3137254901960784	0.9725490196078431
G	C8_2	212.164	216.846	206.652	0.5647058823529412	0.5647058823529412	0.5647058823529412
G	N7_2	210.875	216.902	206.415	0.18823529411764706	0.3137254901960784	0.9725490196078431
G	C5_2	210.478	215.57	206.324	0.5647058823529412	0.5647058823529412	0.5647058823529412
G	C6_2	209.192	215.009	206.083	0.5647058823529412	0.5647058823529412	0.5647058823529412
G	O6_2	208.119	215.595	205.886	1.0	0.050980392156862744	0.050980392156862744
G	N1_2	209.233	213.619	206.082	0.18823529411764706	0.3137254901960784	0.9725490196078431
G	C2_2	210.364	212.863	206.284	0.5647058823529412	0.5647058823529412	0.5647058823529412
G	N2_2	210.191	211.531	206.257	0.18823529411764706	0.3137254901960784	0.9725490196078431
G	N3_2	211.573	213.37	206.502	0.18823529411764706	0.3137254901960784	0.9725490196078431
G	C4_2	211.558	214.72	206.512	0.5647058823529412	0.5647058823529412	0.5647058823529412
