C	P_1	249.612	154.396	175.615	1.0	0.5019607843137255	0.0
C	OP1_1	251.037	154.647	175.244	1.0	0.050980392156862744	0.050980392156862744
C	OP2_1	248.523	155.125	174.9	1.0	0.050980392156862744	0.050980392156862744
C	O5'_1	249.359	152.828	175.472	1.0	0.050980392156862744	0.050980392156862744
C	C5'_1	250.219	151.888	176.137	0.5647058823529412	0.5647058823529412	0.5647058823529412
C	C4'_1	251.183	151.265	175.151	0.5647058823529412	0.5647058823529412	0.5647058823529412
C	O4'_1	252.055	150.34	175.866	1.0	0.050980392156862744	0.050980392156862744
C	C3'_1	250.543	150.427	174.051	0.5647058823529412	0.5647058823529412	0.5647058823529412
C	O3'_1	250.131	151.221	172.936	1.0	0.050980392156862744	0.050980392156862744
C	C2'_1	251.653	149.44	173.71	0.5647058823529412	0.5647058823529412	0.5647058823529412
C	O2'_1	252.665	149.99	172.891	1.0	0.050980392156862744	0.050980392156862744
C	C1'_1	252.228	149.154	175.103	0.5647058823529412	0.5647058823529412	0.5647058823529412
C	N1_1	251.509	148.058	175.788	0.18823529411764706	0.3137254901960784	0.9725490196078431
C	C2_1	251.828	146.719	175.466	0.5647058823529412	0.5647058823529412	0.5647058823529412
C	O2_1	252.735	146.492	174.646	1.0	0.050980392156862744	0.050980392156862744
C	N3_1	251.134	145.718	176.063	0.18823529411764706	0.3137254901960784	0.9725490196078431
C	C4_1	250.163	146.006	176.946	0.5647058823529412	0.5647058823529412	0.5647058823529412
C	N4_1	249.488	144.988	177.494	0.18823529411764706	0.3137254901960784	0.9725490196078431
C	C5_1	249.836	147.351	177.304	0.5647058823529412	0.5647058823529412	0.5647058823529412
C	C6_1	250.528	148.332	176.71	0.5647058823529412	0.5647058823529412	0.5647058823529412
G	P_2	252.1	133.509	173.564	1.0	0.5019607843137255	0.0
G	OP1_2	252.907	132.256	173.64	1.0	0.050980392156862744	0.050980392156862744
G	OP2_2	251.546	134.104	174.812	1.0	0.050980392156862744	0.050980392156862744
G	O5'_2	252.97	134.614	172.814	1.0	0.050980392156862744	0.050980392156862744
G	C5'_2	253.85	135.498	173.537	0.5647058823529412	0.5647058823529412	0.5647058823529412
G	C4'_2	254.085	136.757	172.73	0.5647058823529412	0.5647058823529412	0.5647058823529412
G	O4'_2	252.812	137.415	172.475	1.0	0.050980392156862744	0.050980392156862744
G	C3'_2	254.934	137.831	173.393	0.5647058823529412	0.5647058823529412	0.5647058823529412
G	O3'_2	256.331	137.57	173.243	1.0	0.050980392156862744	0.050980392156862744
G	C2'_2	254.49	139.091	172.657	0.5647058823529412	0.5647058823529412	0.5647058823529412
G	O2'_2	255.091	139.233	171.386	1.0	0.050980392156862744	0.050980392156862744
G	C1'_2	252.989	138.826	172.485	0.5647058823529412	0.5647058823529412	0.5647058823529412
G	N9_2	252.171	139.392	173.559	0.18823529411764706	0.3137254901960784	0.9725490196078431
G	C8_2	251.408	138.7	174.475	0.5647058823529412	0.5647058823529412	0.5647058823529412
G	N7_2	250.809	139.477	175.337	0.18823529411764706	0.3137254901960784	0.9725490196078431
G	C5_2	251.189	140.762	174.965	0.5647058823529412	0.5647058823529412	0.5647058823529412
G	C6_2	250.853	142.015	175.535	0.5647058823529412	0.5647058823529412	0.5647058823529412
G	O6_2	250.135	142.244	176.515	1.0	0.050980392156862744	0.050980392156862744
G	N1_2	251.448	143.069	174.846	0.18823529411764706	0.3137254901960784	0.9725490196078431
G	C2_2	252.26	142.933	173.745	0.5647058823529412	0.5647058823529412	0.5647058823529412
G	N2_2	252.723	144.074	173.207	0.18823529411764706	0.3137254901960784	0.9725490196078431
G	N3_2	252.589	141.765	173.206	0.18823529411764706	0.3137254901960784	0.9725490196078431
G	C4_2	252.021	140.729	173.864	0.5647058823529412	0.5647058823529412	0.5647058823529412
