G	P_1	148.554	282.365	164.206	1.0	0.5019607843137255	0.0
G	OP1_1	149.752	281.584	163.775	1.0	0.050980392156862744	0.050980392156862744
G	OP2_1	148.738	283.677	164.88	1.0	0.050980392156862744	0.050980392156862744
G	O5'_1	147.623	282.585	162.934	1.0	0.050980392156862744	0.050980392156862744
G	C5'_1	147.328	281.493	162.045	0.5647058823529412	0.5647058823529412	0.5647058823529412
G	C4'_1	146.275	281.902	161.04	0.5647058823529412	0.5647058823529412	0.5647058823529412
G	O4'_1	144.987	282.062	161.693	1.0	0.050980392156862744	0.050980392156862744
G	C3'_1	146.484	283.233	160.338	0.5647058823529412	0.5647058823529412	0.5647058823529412
G	O3'_1	147.439	283.136	159.288	1.0	0.050980392156862744	0.050980392156862744
G	C2'_1	145.081	283.545	159.832	0.5647058823529412	0.5647058823529412	0.5647058823529412
G	O2'_1	144.734	282.838	158.661	1.0	0.050980392156862744	0.050980392156862744
G	C1'_1	144.224	283.036	160.994	0.5647058823529412	0.5647058823529412	0.5647058823529412
G	N9_1	143.836	284.096	161.921	0.18823529411764706	0.3137254901960784	0.9725490196078431
G	C8_1	144.325	284.329	163.185	0.5647058823529412	0.5647058823529412	0.5647058823529412
G	N7_1	143.775	285.363	163.765	0.18823529411764706	0.3137254901960784	0.9725490196078431
G	C5_1	142.865	285.839	162.828	0.5647058823529412	0.5647058823529412	0.5647058823529412
G	C6_1	141.97	286.942	162.89	0.5647058823529412	0.5647058823529412	0.5647058823529412
G	O6_1	141.794	287.742	163.819	1.0	0.050980392156862744	0.050980392156862744
G	N1_1	141.233	287.069	161.713	0.18823529411764706	0.3137254901960784	0.9725490196078431
G	C2_1	141.339	286.243	160.619	0.5647058823529412	0.5647058823529412	0.5647058823529412
G	N2_1	140.545	286.529	159.575	0.18823529411764706	0.3137254901960784	0.9725490196078431
G	N3_1	142.165	285.211	160.552	0.18823529411764706	0.3137254901960784	0.9725490196078431
G	C4_1	142.892	285.069	161.684	0.5647058823529412	0.5647058823529412	0.5647058823529412
C	P_2	134.604	295.143	161.778	1.0	0.5019607843137255	0.0
C	OP1_2	133.387	295.705	161.119	1.0	0.050980392156862744	0.050980392156862744
C	OP2_2	134.501	294.594	163.153	1.0	0.050980392156862744	0.050980392156862744
C	O5'_2	135.209	294.009	160.831	1.0	0.050980392156862744	0.050980392156862744
C	C5'_2	135.293	294.2	159.402	0.5647058823529412	0.5647058823529412	0.5647058823529412
C	C4'_2	135.808	292.946	158.734	0.5647058823529412	0.5647058823529412	0.5647058823529412
C	O4'_2	137.188	292.718	159.119	1.0	0.050980392156862744	0.050980392156862744
C	C3'_2	135.096	291.649	159.095	0.5647058823529412	0.5647058823529412	0.5647058823529412
C	O3'_2	133.906	291.494	158.325	1.0	0.050980392156862744	0.050980392156862744
C	C2'_2	136.15	290.596	158.762	0.5647058823529412	0.5647058823529412	0.5647058823529412
C	O2'_2	136.205	290.287	157.384	1.0	0.050980392156862744	0.050980392156862744
C	C1'_2	137.443	291.322	159.16	0.5647058823529412	0.5647058823529412	0.5647058823529412
C	N1_2	137.988	290.973	160.49	0.18823529411764706	0.3137254901960784	0.9725490196078431
C	C2_2	138.907	289.904	160.593	0.5647058823529412	0.5647058823529412	0.5647058823529412
C	O2_2	139.223	289.274	159.569	1.0	0.050980392156862744	0.050980392156862744
C	N3_2	139.42	289.594	161.805	0.18823529411764706	0.3137254901960784	0.9725490196078431
C	C4_2	139.058	290.294	162.885	0.5647058823529412	0.5647058823529412	0.5647058823529412
C	N4_2	139.597	289.956	164.056	0.18823529411764706	0.3137254901960784	0.9725490196078431
C	C5_2	138.127	291.373	162.811	0.5647058823529412	0.5647058823529412	0.5647058823529412
C	C6_2	137.621	291.675	161.608	0.5647058823529412	0.5647058823529412	0.5647058823529412
