C	P_1	178.085	268.071	262.981	1.0	0.5019607843137255	0.0
C	OP1_1	178.249	267.961	264.462	1.0	0.050980392156862744	0.050980392156862744
C	OP2_1	178.708	267.05	262.1	1.0	0.050980392156862744	0.050980392156862744
C	O5'_1	176.526	268.117	262.647	1.0	0.050980392156862744	0.050980392156862744
C	C5'_1	175.648	269.057	263.301	0.5647058823529412	0.5647058823529412	0.5647058823529412
C	C4'_1	174.238	268.899	262.782	0.5647058823529412	0.5647058823529412	0.5647058823529412
C	O4'_1	174.227	269.176	261.358	1.0	0.050980392156862744	0.050980392156862744
C	C3'_1	173.633	267.506	262.917	0.5647058823529412	0.5647058823529412	0.5647058823529412
C	O3'_1	173.019	267.359	264.202	1.0	0.050980392156862744	0.050980392156862744
C	C2'_1	172.6	267.477	261.792	0.5647058823529412	0.5647058823529412	0.5647058823529412
C	O2'_1	171.383	268.099	262.151	1.0	0.050980392156862744	0.050980392156862744
C	C1'_1	173.29	268.326	260.715	0.5647058823529412	0.5647058823529412	0.5647058823529412
C	N1_1	173.985	267.592	259.635	0.18823529411764706	0.3137254901960784	0.9725490196078431
C	C2_1	173.246	267.154	258.514	0.5647058823529412	0.5647058823529412	0.5647058823529412
C	O2_1	172.017	267.35	258.478	1.0	0.050980392156862744	0.050980392156862744
C	N3_1	173.895	266.528	257.503	0.18823529411764706	0.3137254901960784	0.9725490196078431
C	C4_1	175.215	266.328	257.58	0.5647058823529412	0.5647058823529412	0.5647058823529412
C	N4_1	175.819	265.725	256.553	0.18823529411764706	0.3137254901960784	0.9725490196078431
C	C5_1	175.978	266.741	258.711	0.5647058823529412	0.5647058823529412	0.5647058823529412
C	C6_1	175.332	267.358	259.705	0.5647058823529412	0.5647058823529412	0.5647058823529412
G	P_2	170.399	265.955	246.814	1.0	0.5019607843137255	0.0
G	OP1_2	169.514	267.146	246.698	1.0	0.050980392156862744	0.050980392156862744
G	OP2_2	171.873	266.145	246.923	1.0	0.050980392156862744	0.050980392156862744
G	O5'_2	169.9	265.111	248.075	1.0	0.050980392156862744	0.050980392156862744
G	C5'_2	168.655	264.372	248.028	0.5647058823529412	0.5647058823529412	0.5647058823529412
G	C4'_2	168.21	263.982	249.423	0.5647058823529412	0.5647058823529412	0.5647058823529412
G	O4'_2	169.202	263.118	250.042	1.0	0.050980392156862744	0.050980392156862744
G	C3'_2	168.032	265.118	250.418	0.5647058823529412	0.5647058823529412	0.5647058823529412
G	O3'_2	166.753	265.733	250.259	1.0	0.050980392156862744	0.050980392156862744
G	C2'_2	168.162	264.403	251.76	0.5647058823529412	0.5647058823529412	0.5647058823529412
G	O2'_2	166.977	263.737	252.153	1.0	0.050980392156862744	0.050980392156862744
G	C1'_2	169.227	263.347	251.444	0.5647058823529412	0.5647058823529412	0.5647058823529412
G	N9_2	170.595	263.686	251.837	0.18823529411764706	0.3137254901960784	0.9725490196078431
G	C8_2	171.728	263.537	251.07	0.5647058823529412	0.5647058823529412	0.5647058823529412
G	N7_2	172.822	263.899	251.685	0.18823529411764706	0.3137254901960784	0.9725490196078431
G	C5_2	172.391	264.318	252.936	0.5647058823529412	0.5647058823529412	0.5647058823529412
G	C6_2	173.132	264.821	254.037	0.5647058823529412	0.5647058823529412	0.5647058823529412
G	O6_2	174.353	265.0	254.124	1.0	0.050980392156862744	0.050980392156862744
G	N1_2	172.304	265.126	255.114	0.18823529411764706	0.3137254901960784	0.9725490196078431
G	C2_2	170.94	264.976	255.129	0.5647058823529412	0.5647058823529412	0.5647058823529412
G	N2_2	170.32	265.339	256.264	0.18823529411764706	0.3137254901960784	0.9725490196078431
G	N3_2	170.232	264.507	254.107	0.18823529411764706	0.3137254901960784	0.9725490196078431
G	C4_2	171.018	264.198	253.049	0.5647058823529412	0.5647058823529412	0.5647058823529412
