G	P_1	117.855	177.443	219.784	1.0	0.5019607843137255	0.0
G	OP1_1	117.248	176.08	219.695	1.0	0.050980392156862744	0.050980392156862744
G	OP2_1	119.264	177.588	220.231	1.0	0.050980392156862744	0.050980392156862744
G	O5'_1	117.707	178.158	218.366	1.0	0.050980392156862744	0.050980392156862744
G	C5'_1	116.427	178.221	217.709	0.5647058823529412	0.5647058823529412	0.5647058823529412
G	C4'_1	116.459	179.219	216.575	0.5647058823529412	0.5647058823529412	0.5647058823529412
G	O4'_1	116.615	180.571	217.086	1.0	0.050980392156862744	0.050980392156862744
G	C3'_1	117.59	179.097	215.566	0.5647058823529412	0.5647058823529412	0.5647058823529412
G	O3'_1	117.373	178.024	214.647	1.0	0.050980392156862744	0.050980392156862744
G	C2'_1	117.549	180.469	214.9	0.5647058823529412	0.5647058823529412	0.5647058823529412
G	O2'_1	116.493	180.599	213.967	1.0	0.050980392156862744	0.050980392156862744
G	C1'_1	117.256	181.373	216.1	0.5647058823529412	0.5647058823529412	0.5647058823529412
G	N9_1	118.479	181.942	216.66	0.18823529411764706	0.3137254901960784	0.9725490196078431
G	C8_1	119.196	181.488	217.746	0.5647058823529412	0.5647058823529412	0.5647058823529412
G	N7_1	120.275	182.189	217.977	0.18823529411764706	0.3137254901960784	0.9725490196078431
G	C5_1	120.269	183.167	216.99	0.5647058823529412	0.5647058823529412	0.5647058823529412
G	C6_1	121.199	184.206	216.719	0.5647058823529412	0.5647058823529412	0.5647058823529412
G	O6_1	122.252	184.469	217.315	1.0	0.050980392156862744	0.050980392156862744
G	N1_1	120.806	184.975	215.623	0.18823529411764706	0.3137254901960784	0.9725490196078431
G	C2_1	119.672	184.764	214.876	0.5647058823529412	0.5647058823529412	0.5647058823529412
G	N2_1	119.466	185.613	213.856	0.18823529411764706	0.3137254901960784	0.9725490196078431
G	N3_1	118.801	183.791	215.111	0.18823529411764706	0.3137254901960784	0.9725490196078431
G	C4_1	119.16	183.038	216.176	0.5647058823529412	0.5647058823529412	0.5647058823529412
C	P_2	127.334	192.65	213.142	1.0	0.5019607843137255	0.0
C	OP1_2	127.273	194.124	212.905	1.0	0.050980392156862744	0.050980392156862744
C	OP2_2	127.78	192.134	214.469	1.0	0.050980392156862744	0.050980392156862744
C	O5'_2	125.891	192.045	212.833	1.0	0.050980392156862744	0.050980392156862744
C	C5'_2	125.204	192.364	211.607	0.5647058823529412	0.5647058823529412	0.5647058823529412
C	C4'_2	123.823	191.751	211.603	0.5647058823529412	0.5647058823529412	0.5647058823529412
C	O4'_2	123.93	190.304	211.651	1.0	0.050980392156862744	0.050980392156862744
C	C3'_2	122.928	192.095	212.786	0.5647058823529412	0.5647058823529412	0.5647058823529412
C	O3'_2	122.31	193.366	212.6	1.0	0.050980392156862744	0.050980392156862744
C	C2'_2	121.924	190.944	212.783	0.5647058823529412	0.5647058823529412	0.5647058823529412
C	O2'_2	120.885	191.118	211.838	1.0	0.050980392156862744	0.050980392156862744
C	C1'_2	122.807	189.77	212.34	0.5647058823529412	0.5647058823529412	0.5647058823529412
C	N1_2	123.282	188.892	213.431	0.18823529411764706	0.3137254901960784	0.9725490196078431
C	C2_2	122.493	187.784	213.801	0.5647058823529412	0.5647058823529412	0.5647058823529412
C	O2_2	121.417	187.582	213.209	1.0	0.050980392156862744	0.050980392156862744
C	N3_2	122.928	186.967	214.794	0.18823529411764706	0.3137254901960784	0.9725490196078431
C	C4_2	124.091	187.218	215.408	0.5647058823529412	0.5647058823529412	0.5647058823529412
C	N4_2	124.478	186.386	216.377	0.18823529411764706	0.3137254901960784	0.9725490196078431
C	C5_2	124.908	188.336	215.054	0.5647058823529412	0.5647058823529412	0.5647058823529412
C	C6_2	124.469	189.138	214.073	0.5647058823529412	0.5647058823529412	0.5647058823529412
