C	P_1	148.884	176.707	231.484	1.0	0.5019607843137255	0.0
C	OP1_1	149.944	176.417	232.498	1.0	0.050980392156862744	0.050980392156862744
C	OP2_1	149.078	176.268	230.072	1.0	0.050980392156862744	0.050980392156862744
C	O5'_1	147.508	176.091	232.011	1.0	0.050980392156862744	0.050980392156862744
C	C5'_1	147.105	176.224	233.396	0.5647058823529412	0.5647058823529412	0.5647058823529412
C	C4'_1	145.617	175.972	233.538	0.5647058823529412	0.5647058823529412	0.5647058823529412
C	O4'_1	144.888	176.947	232.739	1.0	0.050980392156862744	0.050980392156862744
C	C3'_1	145.112	174.623	233.035	0.5647058823529412	0.5647058823529412	0.5647058823529412
C	O3'_1	145.285	173.59	234.009	1.0	0.050980392156862744	0.050980392156862744
C	C2'_1	143.643	174.911	232.739	0.5647058823529412	0.5647058823529412	0.5647058823529412
C	O2'_1	142.83	174.898	233.897	1.0	0.050980392156862744	0.050980392156862744
C	C1'_1	143.722	176.342	232.189	0.5647058823529412	0.5647058823529412	0.5647058823529412
C	N1_1	143.795	176.417	230.709	0.18823529411764706	0.3137254901960784	0.9725490196078431
C	C2_1	142.589	176.357	229.953	0.5647058823529412	0.5647058823529412	0.5647058823529412
C	O2_1	141.49	176.265	230.548	1.0	0.050980392156862744	0.050980392156862744
C	N3_1	142.668	176.404	228.594	0.18823529411764706	0.3137254901960784	0.9725490196078431
C	C4_1	143.863	176.511	227.991	0.5647058823529412	0.5647058823529412	0.5647058823529412
C	N4_1	143.89	176.542	226.655	0.18823529411764706	0.3137254901960784	0.9725490196078431
C	C5_1	145.086	176.588	228.732	0.5647058823529412	0.5647058823529412	0.5647058823529412
C	C6_1	145.006	176.538	230.07	0.5647058823529412	0.5647058823529412	0.5647058823529412
G	P_2	134.594	171.134	219.463	1.0	0.5019607843137255	0.0
G	OP1_2	133.253	171.205	220.117	1.0	0.050980392156862744	0.050980392156862744
G	OP2_2	134.773	171.668	218.079	1.0	0.050980392156862744	0.050980392156862744
G	O5'_2	135.652	171.861	220.41	1.0	0.050980392156862744	0.050980392156862744
G	C5'_2	135.323	173.07	221.106	0.5647058823529412	0.5647058823529412	0.5647058823529412
G	C4'_2	135.062	172.778	222.573	0.5647058823529412	0.5647058823529412	0.5647058823529412
G	O4'_2	136.147	171.983	223.14	1.0	0.050980392156862744	0.050980392156862744
G	C3'_2	134.981	174.014	223.459	0.5647058823529412	0.5647058823529412	0.5647058823529412
G	O3'_2	133.688	174.614	223.413	1.0	0.050980392156862744	0.050980392156862744
G	C2'_2	135.377	173.465	224.829	0.5647058823529412	0.5647058823529412	0.5647058823529412
G	O2'_2	134.326	172.776	225.48	1.0	0.050980392156862744	0.050980392156862744
G	C1'_2	136.48	172.471	224.438	0.5647058823529412	0.5647058823529412	0.5647058823529412
G	N9_2	137.809	173.083	224.351	0.18823529411764706	0.3137254901960784	0.9725490196078431
G	C8_2	138.554	173.261	223.2	0.5647058823529412	0.5647058823529412	0.5647058823529412
G	N7_2	139.708	173.838	223.414	0.18823529411764706	0.3137254901960784	0.9725490196078431
G	C5_2	139.737	174.058	224.789	0.5647058823529412	0.5647058823529412	0.5647058823529412
G	C6_2	140.745	174.656	225.604	0.5647058823529412	0.5647058823529412	0.5647058823529412
G	O6_2	141.841	175.122	225.255	1.0	0.050980392156862744	0.050980392156862744
G	N1_2	140.369	174.679	226.951	0.18823529411764706	0.3137254901960784	0.9725490196078431
G	C2_2	139.178	174.19	227.454	0.5647058823529412	0.5647058823529412	0.5647058823529412
G	N2_2	139.011	174.3	228.783	0.18823529411764706	0.3137254901960784	0.9725490196078431
G	N3_2	138.227	173.633	226.705	0.18823529411764706	0.3137254901960784	0.9725490196078431
G	C4_2	138.572	173.598	225.389	0.5647058823529412	0.5647058823529412	0.5647058823529412
