C	P_1	239.037	182.962	236.648	1.0	0.5019607843137255	0.0
C	OP1_1	239.018	181.822	235.679	1.0	0.050980392156862744	0.050980392156862744
C	OP2_1	237.798	183.314	237.394	1.0	0.050980392156862744	0.050980392156862744
C	O5'_1	240.201	182.703	237.709	1.0	0.050980392156862744	0.050980392156862744
C	C5'_1	241.505	182.251	237.284	0.5647058823529412	0.5647058823529412	0.5647058823529412
C	C4'_1	242.444	182.166	238.466	0.5647058823529412	0.5647058823529412	0.5647058823529412
C	O4'_1	242.71	183.5	238.981	1.0	0.050980392156862744	0.050980392156862744
C	C3'_1	241.929	181.401	239.677	0.5647058823529412	0.5647058823529412	0.5647058823529412
C	O3'_1	242.051	179.988	239.517	1.0	0.050980392156862744	0.050980392156862744
C	C2'_1	242.803	181.957	240.796	0.5647058823529412	0.5647058823529412	0.5647058823529412
C	O2'_1	244.101	181.395	240.813	1.0	0.050980392156862744	0.050980392156862744
C	C1'_1	242.897	183.435	240.393	0.5647058823529412	0.5647058823529412	0.5647058823529412
C	N1_1	241.874	184.275	241.058	0.18823529411764706	0.3137254901960784	0.9725490196078431
C	C2_1	242.136	184.766	242.351	0.5647058823529412	0.5647058823529412	0.5647058823529412
C	O2_1	243.234	184.522	242.88	1.0	0.050980392156862744	0.050980392156862744
C	N3_1	241.185	185.495	242.983	0.18823529411764706	0.3137254901960784	0.9725490196078431
C	C4_1	240.021	185.746	242.376	0.5647058823529412	0.5647058823529412	0.5647058823529412
C	N4_1	239.105	186.449	243.043	0.18823529411764706	0.3137254901960784	0.9725490196078431
C	C5_1	239.741	185.283	241.058	0.5647058823529412	0.5647058823529412	0.5647058823529412
C	C6_1	240.685	184.56	240.441	0.5647058823529412	0.5647058823529412	0.5647058823529412
G	P_2	240.704	189.586	254.521	1.0	0.5019607843137255	0.0
G	OP1_2	240.744	190.559	255.649	1.0	0.050980392156862744	0.050980392156862744
G	OP2_2	240.257	190.039	253.176	1.0	0.050980392156862744	0.050980392156862744
G	O5'_2	242.144	188.917	254.377	1.0	0.050980392156862744	0.050980392156862744
G	C5'_2	243.022	189.258	253.287	0.5647058823529412	0.5647058823529412	0.5647058823529412
G	C4'_2	243.592	188.004	252.667	0.5647058823529412	0.5647058823529412	0.5647058823529412
G	O4'_2	242.517	187.209	252.102	1.0	0.050980392156862744	0.050980392156862744
G	C3'_2	244.544	188.228	251.503	0.5647058823529412	0.5647058823529412	0.5647058823529412
G	O3'_2	245.86	188.49	251.983	1.0	0.050980392156862744	0.050980392156862744
G	C2'_2	244.454	186.909	250.743	0.5647058823529412	0.5647058823529412	0.5647058823529412
G	O2'_2	245.232	185.871	251.307	1.0	0.050980392156862744	0.050980392156862744
G	C1'_2	242.974	186.559	250.923	0.5647058823529412	0.5647058823529412	0.5647058823529412
G	N9_2	242.116	186.955	249.807	0.18823529411764706	0.3137254901960784	0.9725490196078431
G	C8_2	240.966	187.713	249.871	0.5647058823529412	0.5647058823529412	0.5647058823529412
G	N7_2	240.38	187.862	248.711	0.18823529411764706	0.3137254901960784	0.9725490196078431
G	C5_2	241.194	187.172	247.823	0.5647058823529412	0.5647058823529412	0.5647058823529412
G	C6_2	241.062	186.975	246.432	0.5647058823529412	0.5647058823529412	0.5647058823529412
G	O6_2	240.164	187.377	245.684	1.0	0.050980392156862744	0.050980392156862744
G	N1_2	242.113	186.219	245.923	0.18823529411764706	0.3137254901960784	0.9725490196078431
G	C2_2	243.157	185.713	246.666	0.5647058823529412	0.5647058823529412	0.5647058823529412
G	N2_2	244.078	184.998	245.99	0.18823529411764706	0.3137254901960784	0.9725490196078431
G	N3_2	243.289	185.888	247.97	0.18823529411764706	0.3137254901960784	0.9725490196078431
G	C4_2	242.28	186.618	248.48	0.5647058823529412	0.5647058823529412	0.5647058823529412
