C	P_1	155.707	108.035	143.497	1.0	0.5019607843137255	0.0
C	OP1_1	154.373	107.371	143.453	1.0	0.050980392156862744	0.050980392156862744
C	OP2_1	155.794	109.507	143.26	1.0	0.050980392156862744	0.050980392156862744
C	O5'_1	156.359	107.751	144.93	1.0	0.050980392156862744	0.050980392156862744
C	C5'_1	156.354	106.429	145.504	0.5647058823529412	0.5647058823529412	0.5647058823529412
C	C4'_1	155.244	106.28	146.536	0.5647058823529412	0.5647058823529412	0.5647058823529412
C	O4'_1	155.027	104.859	146.763	1.0	0.050980392156862744	0.050980392156862744
C	C3'_1	155.479	106.903	147.917	0.5647058823529412	0.5647058823529412	0.5647058823529412
C	O3'_1	154.909	108.215	148.033	1.0	0.050980392156862744	0.050980392156862744
C	C2'_1	154.812	105.908	148.865	0.5647058823529412	0.5647058823529412	0.5647058823529412
C	O2'_1	153.41	106.082	148.966	1.0	0.050980392156862744	0.050980392156862744
C	C1'_1	155.09	104.584	148.151	0.5647058823529412	0.5647058823529412	0.5647058823529412
C	N1_1	156.395	103.951	148.445	0.18823529411764706	0.3137254901960784	0.9725490196078431
C	C2_1	156.483	103.051	149.524	0.5647058823529412	0.5647058823529412	0.5647058823529412
C	O2_1	155.479	102.855	150.235	1.0	0.050980392156862744	0.050980392156862744
C	N3_1	157.659	102.422	149.759	0.18823529411764706	0.3137254901960784	0.9725490196078431
C	C4_1	158.718	102.667	148.978	0.5647058823529412	0.5647058823529412	0.5647058823529412
C	N4_1	159.849	102.007	149.23	0.18823529411764706	0.3137254901960784	0.9725490196078431
C	C5_1	158.663	103.598	147.899	0.5647058823529412	0.5647058823529412	0.5647058823529412
C	C6_1	157.497	104.211	147.672	0.5647058823529412	0.5647058823529412	0.5647058823529412
G	P_2	160.437	93.793	157.423	1.0	0.5019607843137255	0.0
G	OP1_2	159.527	92.876	158.167	1.0	0.050980392156862744	0.050980392156862744
G	OP2_2	161.618	93.237	156.706	1.0	0.050980392156862744	0.050980392156862744
G	O5'_2	159.567	94.635	156.388	1.0	0.050980392156862744	0.050980392156862744
G	C5'_2	158.264	94.191	155.966	0.5647058823529412	0.5647058823529412	0.5647058823529412
G	C4'_2	157.212	95.188	156.392	0.5647058823529412	0.5647058823529412	0.5647058823529412
G	O4'_2	157.822	96.454	156.76	1.0	0.050980392156862744	0.050980392156862744
G	C3'_2	156.175	95.521	155.329	0.5647058823529412	0.5647058823529412	0.5647058823529412
G	O3'_2	155.084	94.604	155.323	1.0	0.050980392156862744	0.050980392156862744
G	C2'_2	155.799	96.958	155.665	0.5647058823529412	0.5647058823529412	0.5647058823529412
G	O2'_2	154.893	97.062	156.746	1.0	0.050980392156862744	0.050980392156862744
G	C1'_2	157.16	97.515	156.09	0.5647058823529412	0.5647058823529412	0.5647058823529412
G	N9_2	157.996	97.927	154.961	0.18823529411764706	0.3137254901960784	0.9725490196078431
G	C8_2	159.238	97.431	154.629	0.5647058823529412	0.5647058823529412	0.5647058823529412
G	N7_2	159.74	97.976	153.554	0.18823529411764706	0.3137254901960784	0.9725490196078431
G	C5_2	158.776	98.89	153.149	0.5647058823529412	0.5647058823529412	0.5647058823529412
G	C6_2	158.761	99.77	152.04	0.5647058823529412	0.5647058823529412	0.5647058823529412
G	O6_2	159.624	99.917	151.165	1.0	0.050980392156862744	0.050980392156862744
G	N1_2	157.592	100.529	152.003	0.18823529411764706	0.3137254901960784	0.9725490196078431
G	C2_2	156.568	100.448	152.914	0.5647058823529412	0.5647058823529412	0.5647058823529412
G	N2_2	155.524	101.263	152.708	0.18823529411764706	0.3137254901960784	0.9725490196078431
G	N3_2	156.567	99.626	153.953	0.18823529411764706	0.3137254901960784	0.9725490196078431
G	C4_2	157.695	98.881	154.01	0.5647058823529412	0.5647058823529412	0.5647058823529412
