G	P_1	193.879	244.726	218.772	1.0	0.5019607843137255	0.0
G	OP1_1	194.303	244.664	217.344	1.0	0.050980392156862744	0.050980392156862744
G	OP2_1	194.29	243.642	219.703	1.0	0.050980392156862744	0.050980392156862744
G	O5'_1	194.411	246.11	219.359	1.0	0.050980392156862744	0.050980392156862744
G	C5'_1	195.663	246.674	218.908	0.5647058823529412	0.5647058823529412	0.5647058823529412
G	C4'_1	195.424	248.04	218.311	0.5647058823529412	0.5647058823529412	0.5647058823529412
G	O4'_1	194.97	248.945	219.356	1.0	0.050980392156862744	0.050980392156862744
G	C3'_1	196.625	248.77	217.726	0.5647058823529412	0.5647058823529412	0.5647058823529412
G	O3'_1	196.956	248.323	216.411	1.0	0.050980392156862744	0.050980392156862744
G	C2'_1	196.135	250.214	217.71	0.5647058823529412	0.5647058823529412	0.5647058823529412
G	O2'_1	195.258	250.49	216.636	1.0	0.050980392156862744	0.050980392156862744
G	C1'_1	195.355	250.275	219.026	0.5647058823529412	0.5647058823529412	0.5647058823529412
G	N9_1	196.145	250.837	220.12	0.18823529411764706	0.3137254901960784	0.9725490196078431
G	C8_1	196.778	250.165	221.139	0.5647058823529412	0.5647058823529412	0.5647058823529412
G	N7_1	197.413	250.961	221.961	0.18823529411764706	0.3137254901960784	0.9725490196078431
G	C5_1	197.183	252.234	221.457	0.5647058823529412	0.5647058823529412	0.5647058823529412
G	C6_1	197.619	253.507	221.924	0.5647058823529412	0.5647058823529412	0.5647058823529412
G	O6_1	198.318	253.771	222.911	1.0	0.050980392156862744	0.050980392156862744
G	N1_1	197.157	254.535	221.109	0.18823529411764706	0.3137254901960784	0.9725490196078431
G	C2_1	196.379	254.366	219.989	0.5647058823529412	0.5647058823529412	0.5647058823529412
G	N2_1	196.034	255.483	219.331	0.18823529411764706	0.3137254901960784	0.9725490196078431
G	N3_1	195.967	253.19	219.544	0.18823529411764706	0.3137254901960784	0.9725490196078431
G	C4_1	196.402	252.175	220.321	0.5647058823529412	0.5647058823529412	0.5647058823529412
C	P_2	197.066	264.233	223.592	1.0	0.5019607843137255	0.0
C	OP1_2	196.237	265.457	223.794	1.0	0.050980392156862744	0.050980392156862744
C	OP2_2	197.295	263.305	224.729	1.0	0.050980392156862744	0.050980392156862744
C	O5'_2	196.431	263.401	222.395	1.0	0.050980392156862744	0.050980392156862744
C	C5'_2	196.116	264.037	221.142	0.5647058823529412	0.5647058823529412	0.5647058823529412
C	C4'_2	195.689	263.002	220.133	0.5647058823529412	0.5647058823529412	0.5647058823529412
C	O4'_2	196.82	262.155	219.798	1.0	0.050980392156862744	0.050980392156862744
C	C3'_2	194.642	262.018	220.625	0.5647058823529412	0.5647058823529412	0.5647058823529412
C	O3'_2	193.33	262.557	220.61	1.0	0.050980392156862744	0.050980392156862744
C	C2'_2	194.838	260.849	219.676	0.5647058823529412	0.5647058823529412	0.5647058823529412
C	O2'_2	194.275	261.07	218.399	1.0	0.050980392156862744	0.050980392156862744
C	C1'_2	196.365	260.827	219.567	0.5647058823529412	0.5647058823529412	0.5647058823529412
C	N1_2	196.974	259.927	220.571	0.18823529411764706	0.3137254901960784	0.9725490196078431
C	C2_2	197.237	258.594	220.209	0.5647058823529412	0.5647058823529412	0.5647058823529412
C	O2_2	196.989	258.223	219.047	1.0	0.050980392156862744	0.050980392156862744
C	N3_2	197.751	257.75	221.129	0.18823529411764706	0.3137254901960784	0.9725490196078431
C	C4_2	198.011	258.186	222.365	0.5647058823529412	0.5647058823529412	0.5647058823529412
C	N4_2	198.505	257.308	223.241	0.18823529411764706	0.3137254901960784	0.9725490196078431
C	C5_2	197.773	259.539	222.758	0.5647058823529412	0.5647058823529412	0.5647058823529412
C	C6_2	197.262	260.367	221.837	0.5647058823529412	0.5647058823529412	0.5647058823529412
