C	P_1	167.403	223.992	167.848	1.0	0.5019607843137255	0.0
C	OP1_1	168.468	225.033	167.991	1.0	0.050980392156862744	0.050980392156862744
C	OP2_1	166.325	224.172	166.826	1.0	0.050980392156862744	0.050980392156862744
C	O5'_1	168.112	222.58	167.602	1.0	0.050980392156862744	0.050980392156862744
C	C5'_1	168.218	222.003	166.274	0.5647058823529412	0.5647058823529412	0.5647058823529412
C	C4'_1	167.864	220.529	166.319	0.5647058823529412	0.5647058823529412	0.5647058823529412
C	O4'_1	166.534	220.379	166.889	1.0	0.050980392156862744	0.050980392156862744
C	C3'_1	167.801	219.802	164.979	0.5647058823529412	0.5647058823529412	0.5647058823529412
C	O3'_1	169.1	219.362	164.561	1.0	0.050980392156862744	0.050980392156862744
C	C2'_1	166.846	218.649	165.281	0.5647058823529412	0.5647058823529412	0.5647058823529412
C	O2'_1	167.469	217.571	165.958	1.0	0.050980392156862744	0.050980392156862744
C	C1'_1	165.848	219.324	166.233	0.5647058823529412	0.5647058823529412	0.5647058823529412
C	N1_1	164.635	219.881	165.583	0.18823529411764706	0.3137254901960784	0.9725490196078431
C	C2_1	163.694	218.993	165.016	0.5647058823529412	0.5647058823529412	0.5647058823529412
C	O2_1	163.908	217.763	165.071	1.0	0.050980392156862744	0.050980392156862744
C	N3_1	162.58	219.502	164.429	0.18823529411764706	0.3137254901960784	0.9725490196078431
C	C4_1	162.383	220.827	164.397	0.5647058823529412	0.5647058823529412	0.5647058823529412
C	N4_1	161.268	221.279	163.813	0.18823529411764706	0.3137254901960784	0.9725490196078431
C	C5_1	163.321	221.747	164.963	0.5647058823529412	0.5647058823529412	0.5647058823529412
C	C6_1	164.42	221.237	165.536	0.5647058823529412	0.5647058823529412	0.5647058823529412
G	P_2	155.491	212.243	157.087	1.0	0.5019607843137255	0.0
G	OP1_2	155.384	210.758	157.054	1.0	0.050980392156862744	0.050980392156862744
G	OP2_2	154.252	213.071	157.088	1.0	0.050980392156862744	0.050980392156862744
G	O5'_2	156.379	212.647	158.348	1.0	0.050980392156862744	0.050980392156862744
G	C5'_2	156.028	212.249	159.691	0.5647058823529412	0.5647058823529412	0.5647058823529412
G	C4'_2	157.262	211.752	160.417	0.5647058823529412	0.5647058823529412	0.5647058823529412
G	O4'_2	158.434	212.484	159.955	1.0	0.050980392156862744	0.050980392156862744
G	C3'_2	157.269	211.929	161.93	0.5647058823529412	0.5647058823529412	0.5647058823529412
G	O3'_2	156.553	210.902	162.621	1.0	0.050980392156862744	0.050980392156862744
G	C2'_2	158.763	211.953	162.246	0.5647058823529412	0.5647058823529412	0.5647058823529412
G	O2'_2	159.347	210.661	162.269	1.0	0.050980392156862744	0.050980392156862744
G	C1'_2	159.304	212.746	161.049	0.5647058823529412	0.5647058823529412	0.5647058823529412
G	N9_2	159.315	214.193	161.269	0.18823529411764706	0.3137254901960784	0.9725490196078431
G	C8_2	158.397	215.102	160.791	0.5647058823529412	0.5647058823529412	0.5647058823529412
G	N7_2	158.655	216.331	161.144	0.18823529411764706	0.3137254901960784	0.9725490196078431
G	C5_2	159.814	216.237	161.904	0.5647058823529412	0.5647058823529412	0.5647058823529412
G	C6_2	160.56	217.249	162.555	0.5647058823529412	0.5647058823529412	0.5647058823529412
G	O6_2	160.336	218.469	162.59	1.0	0.050980392156862744	0.050980392156862744
G	N1_2	161.668	216.721	163.219	0.18823529411764706	0.3137254901960784	0.9725490196078431
G	C2_2	162.012	215.388	163.254	0.5647058823529412	0.5647058823529412	0.5647058823529412
G	N2_2	163.117	215.078	163.947	0.18823529411764706	0.3137254901960784	0.9725490196078431
G	N3_2	161.319	214.43	162.65	0.18823529411764706	0.3137254901960784	0.9725490196078431
G	C4_2	160.238	214.924	161.996	0.5647058823529412	0.5647058823529412	0.5647058823529412
