G	P_1	218.026	150.219	227.087	1.0	0.5019607843137255	0.0
G	OP1_1	218.151	151.032	225.844	1.0	0.050980392156862744	0.050980392156862744
G	OP2_1	217.121	149.034	227.103	1.0	0.050980392156862744	0.050980392156862744
G	O5'_1	219.484	149.747	227.521	1.0	0.050980392156862744	0.050980392156862744
G	C5'_1	220.542	150.708	227.69	0.5647058823529412	0.5647058823529412	0.5647058823529412
G	C4'_1	221.685	150.098	228.465	0.5647058823529412	0.5647058823529412	0.5647058823529412
G	O4'_1	221.21	149.676	229.774	1.0	0.050980392156862744	0.050980392156862744
G	C3'_1	222.305	148.833	227.887	0.5647058823529412	0.5647058823529412	0.5647058823529412
G	O3'_1	223.228	149.122	226.84	1.0	0.050980392156862744	0.050980392156862744
G	C2'_1	222.981	148.233	229.114	0.5647058823529412	0.5647058823529412	0.5647058823529412
G	O2'_1	224.191	148.888	229.45	1.0	0.050980392156862744	0.050980392156862744
G	C1'_1	221.941	148.532	230.198	0.5647058823529412	0.5647058823529412	0.5647058823529412
G	N9_1	221.013	147.422	230.422	0.18823529411764706	0.3137254901960784	0.9725490196078431
G	C8_1	219.66	147.383	230.16	0.5647058823529412	0.5647058823529412	0.5647058823529412
G	N7_1	219.11	146.237	230.467	0.18823529411764706	0.3137254901960784	0.9725490196078431
G	C5_1	220.161	145.471	230.96	0.5647058823529412	0.5647058823529412	0.5647058823529412
G	C6_1	220.182	144.131	231.443	0.5647058823529412	0.5647058823529412	0.5647058823529412
G	O6_1	219.243	143.333	231.537	1.0	0.050980392156862744	0.050980392156862744
G	N1_1	221.462	143.75	231.842	0.18823529411764706	0.3137254901960784	0.9725490196078431
G	C2_1	222.582	144.55	231.783	0.5647058823529412	0.5647058823529412	0.5647058823529412
G	N2_1	223.734	144.002	232.216	0.18823529411764706	0.3137254901960784	0.9725490196078431
G	N3_1	222.576	145.797	231.335	0.18823529411764706	0.3137254901960784	0.9725490196078431
G	C4_1	221.341	146.19	230.943	0.5647058823529412	0.5647058823529412	0.5647058823529412
C	P_2	221.636	135.653	237.699	1.0	0.5019607843137255	0.0
C	OP1_2	222.031	135.187	239.063	1.0	0.050980392156862744	0.050980392156862744
C	OP2_2	220.306	136.275	237.498	1.0	0.050980392156862744	0.050980392156862744
C	O5'_2	222.753	136.667	237.182	1.0	0.050980392156862744	0.050980392156862744
C	C5'_2	224.142	136.272	237.118	0.5647058823529412	0.5647058823529412	0.5647058823529412
C	C4'_2	224.964	137.338	236.424	0.5647058823529412	0.5647058823529412	0.5647058823529412
C	O4'_2	224.492	137.499	235.06	1.0	0.050980392156862744	0.050980392156862744
C	C3'_2	224.896	138.743	237.01	0.5647058823529412	0.5647058823529412	0.5647058823529412
C	O3'_2	225.779	138.91	238.118	1.0	0.050980392156862744	0.050980392156862744
C	C2'_2	225.298	139.61	235.823	0.5647058823529412	0.5647058823529412	0.5647058823529412
C	O2'_2	226.694	139.656	235.607	1.0	0.050980392156862744	0.050980392156862744
C	C1'_2	224.629	138.859	234.668	0.5647058823529412	0.5647058823529412	0.5647058823529412
C	N1_2	223.299	139.396	234.312	0.18823529411764706	0.3137254901960784	0.9725490196078431
C	C2_2	223.228	140.563	233.53	0.5647058823529412	0.5647058823529412	0.5647058823529412
C	O2_2	224.285	141.119	233.176	1.0	0.050980392156862744	0.050980392156862744
C	N3_2	222.015	141.051	233.185	0.18823529411764706	0.3137254901960784	0.9725490196078431
C	C4_2	220.903	140.427	233.586	0.5647058823529412	0.5647058823529412	0.5647058823529412
C	N4_2	219.73	140.937	233.212	0.18823529411764706	0.3137254901960784	0.9725490196078431
C	C5_2	220.945	139.249	234.388	0.5647058823529412	0.5647058823529412	0.5647058823529412
C	C6_2	222.15	138.774	234.726	0.5647058823529412	0.5647058823529412	0.5647058823529412
