G	P_1	209.528	305.316	210.023	1.0	0.5019607843137255	0.0
G	OP1_1	208.275	304.675	210.518	1.0	0.050980392156862744	0.050980392156862744
G	OP2_1	210.839	304.666	210.293	1.0	0.050980392156862744	0.050980392156862744
G	O5'_1	209.406	305.528	208.445	1.0	0.050980392156862744	0.050980392156862744
G	C5'_1	208.433	304.79	207.671	0.5647058823529412	0.5647058823529412	0.5647058823529412
G	C4'_1	209.123	303.834	206.717	0.5647058823529412	0.5647058823529412	0.5647058823529412
G	O4'_1	209.929	304.582	205.772	1.0	0.050980392156862744	0.050980392156862744
G	C3'_1	210.09	302.828	207.326	0.5647058823529412	0.5647058823529412	0.5647058823529412
G	O3'_1	209.376	301.695	207.827	1.0	0.050980392156862744	0.050980392156862744
G	C2'_1	210.986	302.474	206.142	0.5647058823529412	0.5647058823529412	0.5647058823529412
G	O2'_1	210.42	301.513	205.271	1.0	0.050980392156862744	0.050980392156862744
G	C1'_1	211.065	303.816	205.406	0.5647058823529412	0.5647058823529412	0.5647058823529412
G	N9_1	212.269	304.603	205.671	0.18823529411764706	0.3137254901960784	0.9725490196078431
G	C8_1	212.348	305.83	206.296	0.5647058823529412	0.5647058823529412	0.5647058823529412
G	N7_1	213.567	306.3	206.354	0.18823529411764706	0.3137254901960784	0.9725490196078431
G	C5_1	214.344	305.325	205.736	0.5647058823529412	0.5647058823529412	0.5647058823529412
G	C6_1	215.742	305.277	205.495	0.5647058823529412	0.5647058823529412	0.5647058823529412
G	O6_1	216.601	306.118	205.785	1.0	0.050980392156862744	0.050980392156862744
G	N1_1	216.11	304.102	204.845	0.18823529411764706	0.3137254901960784	0.9725490196078431
G	C2_1	215.246	303.103	204.471	0.5647058823529412	0.5647058823529412	0.5647058823529412
G	N2_1	215.796	302.045	203.852	0.18823529411764706	0.3137254901960784	0.9725490196078431
G	N3_1	213.941	303.135	204.686	0.18823529411764706	0.3137254901960784	0.9725490196078431
G	C4_1	213.561	304.266	205.318	0.5647058823529412	0.5647058823529412	0.5647058823529412
C	P_2	226.114	304.458	203.617	1.0	0.5019607843137255	0.0
C	OP1_2	227.211	304.364	202.61	1.0	0.050980392156862744	0.050980392156862744
C	OP2_2	225.646	305.793	204.072	1.0	0.050980392156862744	0.050980392156862744
C	O5'_2	224.854	303.661	203.057	1.0	0.050980392156862744	0.050980392156862744
C	C5'_2	224.951	302.262	202.73	0.5647058823529412	0.5647058823529412	0.5647058823529412
C	C4'_2	223.577	301.688	202.494	0.5647058823529412	0.5647058823529412	0.5647058823529412
C	O4'_2	222.807	301.748	203.723	1.0	0.050980392156862744	0.050980392156862744
C	C3'_2	222.712	302.423	201.481	0.5647058823529412	0.5647058823529412	0.5647058823529412
C	O3'_2	223.056	302.057	200.145	1.0	0.050980392156862744	0.050980392156862744
C	C2'_2	221.308	301.984	201.883	0.5647058823529412	0.5647058823529412	0.5647058823529412
C	O2'_2	220.981	300.689	201.43	1.0	0.050980392156862744	0.050980392156862744
C	C1'_2	221.436	301.946	203.409	0.5647058823529412	0.5647058823529412	0.5647058823529412
C	N1_2	220.963	303.172	204.08	0.18823529411764706	0.3137254901960784	0.9725490196078431
C	C2_2	219.628	303.228	204.517	0.5647058823529412	0.5647058823529412	0.5647058823529412
C	O2_2	218.896	302.238	204.347	1.0	0.050980392156862744	0.050980392156862744
C	N3_2	219.176	304.354	205.114	0.18823529411764706	0.3137254901960784	0.9725490196078431
C	C4_2	219.996	305.393	205.286	0.5647058823529412	0.5647058823529412	0.5647058823529412
C	N4_2	219.503	306.484	205.871	0.18823529411764706	0.3137254901960784	0.9725490196078431
C	C5_2	221.36	305.36	204.864	0.5647058823529412	0.5647058823529412	0.5647058823529412
C	C6_2	221.796	304.242	204.271	0.5647058823529412	0.5647058823529412	0.5647058823529412
