G	P_1	165.523	238.824	227.085	1.0	0.5019607843137255	0.0
G	OP1_1	166.936	239.052	227.506	1.0	0.050980392156862744	0.050980392156862744
G	OP2_1	165.054	237.44	226.813	1.0	0.050980392156862744	0.050980392156862744
G	O5'_1	164.562	239.507	228.16	1.0	0.050980392156862744	0.050980392156862744
G	C5'_1	164.406	238.95	229.477	0.5647058823529412	0.5647058823529412	0.5647058823529412
G	C4'_1	165.514	239.44	230.379	0.5647058823529412	0.5647058823529412	0.5647058823529412
G	O4'_1	165.525	240.899	230.405	1.0	0.050980392156862744	0.050980392156862744
G	C3'_1	165.434	238.995	231.841	0.5647058823529412	0.5647058823529412	0.5647058823529412
G	O3'_1	166.763	238.789	232.33	1.0	0.050980392156862744	0.050980392156862744
G	C2'_1	164.844	240.229	232.524	0.5647058823529412	0.5647058823529412	0.5647058823529412
G	O2'_1	165.147	240.304	233.901	1.0	0.050980392156862744	0.050980392156862744
G	C1'_1	165.558	241.332	231.748	0.5647058823529412	0.5647058823529412	0.5647058823529412
G	N9_1	165.054	242.701	231.836	0.18823529411764706	0.3137254901960784	0.9725490196078431
G	C8_1	163.786	243.164	231.56	0.5647058823529412	0.5647058823529412	0.5647058823529412
G	N7_1	163.669	244.461	231.711	0.18823529411764706	0.3137254901960784	0.9725490196078431
G	C5_1	164.935	244.881	232.112	0.5647058823529412	0.5647058823529412	0.5647058823529412
G	C6_1	165.431	246.193	232.419	0.5647058823529412	0.5647058823529412	0.5647058823529412
G	O6_1	164.831	247.284	232.38	1.0	0.050980392156862744	0.050980392156862744
G	N1_1	166.773	246.154	232.798	0.18823529411764706	0.3137254901960784	0.9725490196078431
G	C2_1	167.544	245.014	232.871	0.5647058823529412	0.5647058823529412	0.5647058823529412
G	N2_1	168.816	245.181	233.275	0.18823529411764706	0.3137254901960784	0.9725490196078431
G	N3_1	167.102	243.797	232.575	0.18823529411764706	0.3137254901960784	0.9725490196078431
G	C4_1	165.798	243.806	232.207	0.5647058823529412	0.5647058823529412	0.5647058823529412
C	P_2	172.829	254.741	232.147	1.0	0.5019607843137255	0.0
C	OP1_2	173.994	255.28	231.376	1.0	0.050980392156862744	0.050980392156862744
C	OP2_2	171.449	255.195	231.808	1.0	0.050980392156862744	0.050980392156862744
C	O5'_2	172.867	253.148	232.064	1.0	0.050980392156862744	0.050980392156862744
C	C5'_2	174.042	252.427	232.481	0.5647058823529412	0.5647058823529412	0.5647058823529412
C	C4'_2	173.748	250.947	232.59	0.5647058823529412	0.5647058823529412	0.5647058823529412
C	O4'_2	172.694	250.713	233.561	1.0	0.050980392156862744	0.050980392156862744
C	C3'_2	173.225	250.253	231.345	0.5647058823529412	0.5647058823529412	0.5647058823529412
C	O3'_2	174.281	249.974	230.433	1.0	0.050980392156862744	0.050980392156862744
C	C2'_2	172.624	248.98	231.93	0.5647058823529412	0.5647058823529412	0.5647058823529412
C	O2'_2	173.606	248.018	232.257	1.0	0.050980392156862744	0.050980392156862744
C	C1'_2	172.017	249.507	233.234	0.5647058823529412	0.5647058823529412	0.5647058823529412
C	N1_2	170.565	249.764	233.135	0.18823529411764706	0.3137254901960784	0.9725490196078431
C	C2_2	169.67	248.712	233.431	0.5647058823529412	0.5647058823529412	0.5647058823529412
C	O2_2	170.129	247.62	233.819	1.0	0.050980392156862744	0.050980392156862744
C	N3_2	168.336	248.92	233.291	0.18823529411764706	0.3137254901960784	0.9725490196078431
C	C4_2	167.882	250.117	232.887	0.5647058823529412	0.5647058823529412	0.5647058823529412
C	N4_2	166.559	250.27	232.733	0.18823529411764706	0.3137254901960784	0.9725490196078431
C	C5_2	168.765	251.21	232.613	0.5647058823529412	0.5647058823529412	0.5647058823529412
C	C6_2	170.084	250.991	232.747	0.5647058823529412	0.5647058823529412	0.5647058823529412
