C	P_1	187.006	140.215	226.486	1.0	0.5019607843137255	0.0
C	OP1_1	187.219	138.779	226.833	1.0	0.050980392156862744	0.050980392156862744
C	OP2_1	185.791	140.614	225.718	1.0	0.050980392156862744	0.050980392156862744
C	O5'_1	187.04	141.051	227.844	1.0	0.050980392156862744	0.050980392156862744
C	C5'_1	185.822	141.4	228.533	0.5647058823529412	0.5647058823529412	0.5647058823529412
C	C4'_1	185.953	142.766	229.166	0.5647058823529412	0.5647058823529412	0.5647058823529412
C	O4'_1	186.406	143.724	228.175	1.0	0.050980392156862744	0.050980392156862744
C	C3'_1	184.656	143.348	229.706	0.5647058823529412	0.5647058823529412	0.5647058823529412
C	O3'_1	184.386	142.856	231.023	1.0	0.050980392156862744	0.050980392156862744
C	C2'_1	184.917	144.853	229.665	0.5647058823529412	0.5647058823529412	0.5647058823529412
C	O2'_1	185.652	145.331	230.778	1.0	0.050980392156862744	0.050980392156862744
C	C1'_1	185.778	144.979	228.4	0.5647058823529412	0.5647058823529412	0.5647058823529412
C	N1_1	185.073	145.38	227.162	0.18823529411764706	0.3137254901960784	0.9725490196078431
C	C2_1	184.828	146.749	226.924	0.5647058823529412	0.5647058823529412	0.5647058823529412
C	O2_1	185.167	147.587	227.781	1.0	0.050980392156862744	0.050980392156862744
C	N3_1	184.228	147.117	225.767	0.18823529411764706	0.3137254901960784	0.9725490196078431
C	C4_1	183.874	146.187	224.871	0.5647058823529412	0.5647058823529412	0.5647058823529412
C	N4_1	183.303	146.597	223.738	0.18823529411764706	0.3137254901960784	0.9725490196078431
C	C5_1	184.091	144.796	225.097	0.5647058823529412	0.5647058823529412	0.5647058823529412
C	C6_1	184.682	144.44	226.244	0.5647058823529412	0.5647058823529412	0.5647058823529412
G	P_2	179.645	157.896	221.405	1.0	0.5019607843137255	0.0
G	OP1_2	179.604	159.3	220.905	1.0	0.050980392156862744	0.050980392156862744
G	OP2_2	180.869	157.076	221.186	1.0	0.050980392156862744	0.050980392156862744
G	O5'_2	179.341	157.928	222.973	1.0	0.050980392156862744	0.050980392156862744
G	C5'_2	179.058	156.706	223.691	0.5647058823529412	0.5647058823529412	0.5647058823529412
G	C4'_2	180.029	156.52	224.84	0.5647058823529412	0.5647058823529412	0.5647058823529412
G	O4'_2	179.966	155.124	225.252	1.0	0.050980392156862744	0.050980392156862744
G	C3'_2	181.501	156.731	224.499	0.5647058823529412	0.5647058823529412	0.5647058823529412
G	O3'_2	181.887	158.102	224.585	1.0	0.050980392156862744	0.050980392156862744
G	C2'_2	182.214	155.853	225.521	0.5647058823529412	0.5647058823529412	0.5647058823529412
G	O2'_2	182.321	156.436	226.806	1.0	0.050980392156862744	0.050980392156862744
G	C1'_2	181.267	154.657	225.589	0.5647058823529412	0.5647058823529412	0.5647058823529412
G	N9_2	181.623	153.566	224.68	0.18823529411764706	0.3137254901960784	0.9725490196078431
G	C8_2	181.419	153.508	223.318	0.5647058823529412	0.5647058823529412	0.5647058823529412
G	N7_2	181.811	152.382	222.787	0.18823529411764706	0.3137254901960784	0.9725490196078431
G	C5_2	182.311	151.65	223.859	0.5647058823529412	0.5647058823529412	0.5647058823529412
G	C6_2	182.867	150.341	223.904	0.5647058823529412	0.5647058823529412	0.5647058823529412
G	O6_2	183.029	149.542	222.975	1.0	0.050980392156862744	0.050980392156862744
G	N1_2	183.25	149.99	225.196	0.18823529411764706	0.3137254901960784	0.9725490196078431
G	C2_2	183.115	150.791	226.31	0.5647058823529412	0.5647058823529412	0.5647058823529412
G	N2_2	183.543	150.27	227.481	0.18823529411764706	0.3137254901960784	0.9725490196078431
G	N3_2	182.596	152.012	226.281	0.18823529411764706	0.3137254901960784	0.9725490196078431
G	C4_2	182.216	152.373	225.032	0.5647058823529412	0.5647058823529412	0.5647058823529412
