C	P_1	159.181	179.345	241.872	1.0	0.5019607843137255	0.0
C	OP1_1	158.212	179.959	242.82	1.0	0.050980392156862744	0.050980392156862744
C	OP2_1	158.802	179.179	240.441	1.0	0.050980392156862744	0.050980392156862744
C	O5'_1	160.535	180.186	241.935	1.0	0.050980392156862744	0.050980392156862744
C	C5'_1	161.241	180.367	243.18	0.5647058823529412	0.5647058823529412	0.5647058823529412
C	C4'_1	162.549	181.094	242.943	0.5647058823529412	0.5647058823529412	0.5647058823529412
C	O4'_1	163.332	180.356	241.964	1.0	0.050980392156862744	0.050980392156862744
C	C3'_1	162.455	182.499	242.359	0.5647058823529412	0.5647058823529412	0.5647058823529412
C	O3'_1	162.213	183.466	243.381	1.0	0.050980392156862744	0.050980392156862744
C	C2'_1	163.827	182.676	241.713	0.5647058823529412	0.5647058823529412	0.5647058823529412
C	O2'_1	164.838	183.005	242.645	1.0	0.050980392156862744	0.050980392156862744
C	C1'_1	164.095	181.264	241.181	0.5647058823529412	0.5647058823529412	0.5647058823529412
C	N1_1	163.782	181.052	239.747	0.18823529411764706	0.3137254901960784	0.9725490196078431
C	C2_1	164.713	181.481	238.781	0.5647058823529412	0.5647058823529412	0.5647058823529412
C	O2_1	165.754	182.054	239.156	1.0	0.050980392156862744	0.050980392156862744
C	N3_1	164.454	181.26	237.471	0.18823529411764706	0.3137254901960784	0.9725490196078431
C	C4_1	163.326	180.644	237.107	0.5647058823529412	0.5647058823529412	0.5647058823529412
C	N4_1	163.124	180.429	235.805	0.18823529411764706	0.3137254901960784	0.9725490196078431
C	C5_1	162.357	180.214	238.06	0.5647058823529412	0.5647058823529412	0.5647058823529412
C	C6_1	162.621	180.439	239.356	0.5647058823529412	0.5647058823529412	0.5647058823529412
G	P_2	169.964	181.755	228.142	1.0	0.5019607843137255	0.0
G	OP1_2	171.254	181.376	227.495	1.0	0.050980392156862744	0.050980392156862744
G	OP2_2	169.022	180.691	228.575	1.0	0.050980392156862744	0.050980392156862744
G	O5'_2	170.292	182.675	229.405	1.0	0.050980392156862744	0.050980392156862744
G	C5'_2	171.283	183.727	229.336	0.5647058823529412	0.5647058823529412	0.5647058823529412
G	C4'_2	171.249	184.55	230.605	0.5647058823529412	0.5647058823529412	0.5647058823529412
G	O4'_2	169.914	185.102	230.766	1.0	0.050980392156862744	0.050980392156862744
G	C3'_2	171.502	183.777	231.895	0.5647058823529412	0.5647058823529412	0.5647058823529412
G	O3'_2	172.894	183.66	232.183	1.0	0.050980392156862744	0.050980392156862744
G	C2'_2	170.762	184.612	232.933	0.5647058823529412	0.5647058823529412	0.5647058823529412
G	O2'_2	171.488	185.75	233.357	1.0	0.050980392156862744	0.050980392156862744
G	C1'_2	169.533	185.057	232.134	0.5647058823529412	0.5647058823529412	0.5647058823529412
G	N9_2	168.39	184.153	232.253	0.18823529411764706	0.3137254901960784	0.9725490196078431
G	C8_2	167.787	183.444	231.238	0.5647058823529412	0.5647058823529412	0.5647058823529412
G	N7_2	166.784	182.711	231.644	0.18823529411764706	0.3137254901960784	0.9725490196078431
G	C5_2	166.718	182.945	233.012	0.5647058823529412	0.5647058823529412	0.5647058823529412
G	C6_2	165.833	182.419	233.987	0.5647058823529412	0.5647058823529412	0.5647058823529412
G	O6_2	164.912	181.607	233.831	1.0	0.050980392156862744	0.050980392156862744
G	N1_2	166.108	182.931	235.256	0.18823529411764706	0.3137254901960784	0.9725490196078431
G	C2_2	167.113	183.827	235.548	0.5647058823529412	0.5647058823529412	0.5647058823529412
G	N2_2	167.216	184.21	236.83	0.18823529411764706	0.3137254901960784	0.9725490196078431
G	N3_2	167.954	184.315	234.647	0.18823529411764706	0.3137254901960784	0.9725490196078431
G	C4_2	167.698	183.837	233.406	0.5647058823529412	0.5647058823529412	0.5647058823529412
