G	P_1	173.666	110.228	197.929	1.0	0.5019607843137255	0.0
G	OP1_1	172.593	110.087	198.951	1.0	0.050980392156862744	0.050980392156862744
G	OP2_1	174.06	109.048	197.112	1.0	0.050980392156862744	0.050980392156862744
G	O5'_1	173.235	111.399	196.937	1.0	0.050980392156862744	0.050980392156862744
G	C5'_1	172.832	112.687	197.443	0.5647058823529412	0.5647058823529412	0.5647058823529412
G	C4'_1	172.651	113.668	196.306	0.5647058823529412	0.5647058823529412	0.5647058823529412
G	O4'_1	173.919	113.878	195.626	1.0	0.050980392156862744	0.050980392156862744
G	C3'_1	171.712	113.235	195.192	0.5647058823529412	0.5647058823529412	0.5647058823529412
G	O3'_1	170.356	113.48	195.547	1.0	0.050980392156862744	0.050980392156862744
G	C2'_1	172.164	114.108	194.026	0.5647058823529412	0.5647058823529412	0.5647058823529412
G	O2'_1	171.647	115.42	194.089	1.0	0.050980392156862744	0.050980392156862744
G	C1'_1	173.678	114.162	194.256	0.5647058823529412	0.5647058823529412	0.5647058823529412
G	N9_1	174.443	113.231	193.43	0.18823529411764706	0.3137254901960784	0.9725490196078431
G	C8_1	174.992	112.029	193.814	0.5647058823529412	0.5647058823529412	0.5647058823529412
G	N7_1	175.629	111.421	192.848	0.18823529411764706	0.3137254901960784	0.9725490196078431
G	C5_1	175.494	112.272	191.758	0.5647058823529412	0.5647058823529412	0.5647058823529412
G	C6_1	175.976	112.148	190.428	0.5647058823529412	0.5647058823529412	0.5647058823529412
G	O6_1	176.634	111.225	189.933	1.0	0.050980392156862744	0.050980392156862744
G	N1_1	175.617	113.244	189.648	0.18823529411764706	0.3137254901960784	0.9725490196078431
G	C2_1	174.885	114.32	190.086	0.5647058823529412	0.5647058823529412	0.5647058823529412
G	N2_1	174.647	115.283	189.181	0.18823529411764706	0.3137254901960784	0.9725490196078431
G	N3_1	174.422	114.445	191.322	0.18823529411764706	0.3137254901960784	0.9725490196078431
G	C4_1	174.764	113.393	192.099	0.5647058823529412	0.5647058823529412	0.5647058823529412
C	P_2	179.881	112.808	180.563	1.0	0.5019607843137255	0.0
C	OP1_2	180.504	113.598	179.46	1.0	0.050980392156862744	0.050980392156862744
C	OP2_2	180.729	111.922	181.402	1.0	0.050980392156862744	0.050980392156862744
C	O5'_2	179.126	113.83	181.521	1.0	0.050980392156862744	0.050980392156862744
C	C5'_2	178.261	114.843	180.982	0.5647058823529412	0.5647058823529412	0.5647058823529412
C	C4'_2	177.578	115.589	182.099	0.5647058823529412	0.5647058823529412	0.5647058823529412
C	O4'_2	176.658	114.698	182.784	1.0	0.050980392156862744	0.050980392156862744
C	C3'_2	178.485	116.099	183.208	0.5647058823529412	0.5647058823529412	0.5647058823529412
C	O3'_2	179.152	117.308	182.853	1.0	0.050980392156862744	0.050980392156862744
C	C2'_2	177.505	116.272	184.36	0.5647058823529412	0.5647058823529412	0.5647058823529412
C	O2'_2	176.73	117.444	184.247	1.0	0.050980392156862744	0.050980392156862744
C	C1'_2	176.597	115.055	184.159	0.5647058823529412	0.5647058823529412	0.5647058823529412
C	N1_2	176.986	113.892	184.978	0.18823529411764706	0.3137254901960784	0.9725490196078431
C	C2_2	176.242	113.606	186.133	0.5647058823529412	0.5647058823529412	0.5647058823529412
C	O2_2	175.266	114.321	186.418	1.0	0.050980392156862744	0.050980392156862744
C	N3_2	176.606	112.557	186.907	0.18823529411764706	0.3137254901960784	0.9725490196078431
C	C4_2	177.657	111.806	186.564	0.5647058823529412	0.5647058823529412	0.5647058823529412
C	N4_2	177.98	110.789	187.362	0.18823529411764706	0.3137254901960784	0.9725490196078431
C	C5_2	178.423	112.067	185.39	0.5647058823529412	0.5647058823529412	0.5647058823529412
C	C6_2	178.055	113.106	184.633	0.5647058823529412	0.5647058823529412	0.5647058823529412
