C	P_1	223.859	141.136	221.722	1.0	0.5019607843137255	0.0
C	OP1_1	223.622	142.505	221.182	1.0	0.050980392156862744	0.050980392156862744
C	OP2_1	224.519	140.973	223.044	1.0	0.050980392156862744	0.050980392156862744
C	O5'_1	222.467	140.357	221.763	1.0	0.050980392156862744	0.050980392156862744
C	C5'_1	221.572	140.362	220.631	0.5647058823529412	0.5647058823529412	0.5647058823529412
C	C4'_1	220.417	139.409	220.87	0.5647058823529412	0.5647058823529412	0.5647058823529412
C	O4'_1	220.929	138.063	221.045	1.0	0.050980392156862744	0.050980392156862744
C	C3'_1	219.576	139.644	222.12	0.5647058823529412	0.5647058823529412	0.5647058823529412
C	O3'_1	218.593	140.655	221.888	1.0	0.050980392156862744	0.050980392156862744
C	C2'_1	218.929	138.278	222.333	0.5647058823529412	0.5647058823529412	0.5647058823529412
C	O2'_1	217.806	138.065	221.5	1.0	0.050980392156862744	0.050980392156862744
C	C1'_1	220.051	137.335	221.887	0.5647058823529412	0.5647058823529412	0.5647058823529412
C	N1_1	220.821	136.707	222.982	0.18823529411764706	0.3137254901960784	0.9725490196078431
C	C2_1	220.36	135.485	223.512	0.5647058823529412	0.5647058823529412	0.5647058823529412
C	O2_1	219.301	134.99	223.068	1.0	0.050980392156862744	0.050980392156862744
C	N3_1	221.078	134.881	224.494	0.18823529411764706	0.3137254901960784	0.9725490196078431
C	C4_1	222.201	135.449	224.954	0.5647058823529412	0.5647058823529412	0.5647058823529412
C	N4_1	222.877	134.807	225.911	0.18823529411764706	0.3137254901960784	0.9725490196078431
C	C5_1	222.679	136.696	224.448	0.5647058823529412	0.5647058823529412	0.5647058823529412
C	C6_1	221.964	137.284	223.473	0.5647058823529412	0.5647058823529412	0.5647058823529412
G	P_2	218.27	124.681	230.195	1.0	0.5019607843137255	0.0
G	OP1_2	217.167	123.963	230.916	1.0	0.050980392156862744	0.050980392156862744
G	OP2_2	218.454	124.46	228.732	1.0	0.050980392156862744	0.050980392156862744
G	O5'_2	218.116	126.254	230.436	1.0	0.050980392156862744	0.050980392156862744
G	C5'_2	216.928	126.817	231.042	0.5647058823529412	0.5647058823529412	0.5647058823529412
G	C4'_2	216.255	127.778	230.082	0.5647058823529412	0.5647058823529412	0.5647058823529412
G	O4'_2	217.187	128.842	229.724	1.0	0.050980392156862744	0.050980392156862744
G	C3'_2	215.79	127.169	228.761	0.5647058823529412	0.5647058823529412	0.5647058823529412
G	O3'_2	214.614	127.848	228.311	1.0	0.050980392156862744	0.050980392156862744
G	C2'_2	216.965	127.473	227.831	0.5647058823529412	0.5647058823529412	0.5647058823529412
G	O2'_2	216.619	127.488	226.459	1.0	0.050980392156862744	0.050980392156862744
G	C1'_2	217.372	128.862	228.32	0.5647058823529412	0.5647058823529412	0.5647058823529412
G	N9_2	218.749	129.267	228.033	0.18823529411764706	0.3137254901960784	0.9725490196078431
G	C8_2	219.914	128.701	228.508	0.5647058823529412	0.5647058823529412	0.5647058823529412
G	N7_2	220.99	129.328	228.109	0.18823529411764706	0.3137254901960784	0.9725490196078431
G	C5_2	220.51	130.363	227.316	0.5647058823529412	0.5647058823529412	0.5647058823529412
G	C6_2	221.207	131.392	226.622	0.5647058823529412	0.5647058823529412	0.5647058823529412
G	O6_2	222.428	131.61	226.579	1.0	0.050980392156862744	0.050980392156862744
G	N1_2	220.33	132.225	225.933	0.18823529411764706	0.3137254901960784	0.9725490196078431
G	C2_2	218.961	132.095	225.917	0.5647058823529412	0.5647058823529412	0.5647058823529412
G	N2_2	218.283	132.991	225.18	0.18823529411764706	0.3137254901960784	0.9725490196078431
G	N3_2	218.301	131.153	226.572	0.18823529411764706	0.3137254901960784	0.9725490196078431
G	C4_2	219.131	130.329	227.245	0.5647058823529412	0.5647058823529412	0.5647058823529412
