G	P_1	123.463	215.569	244.677	1.0	0.5019607843137255	0.0
G	OP1_1	124.405	214.772	245.518	1.0	0.050980392156862744	0.050980392156862744
G	OP2_1	123.599	215.546	243.197	1.0	0.050980392156862744	0.050980392156862744
G	O5'_1	121.97	215.163	245.069	1.0	0.050980392156862744	0.050980392156862744
G	C5'_1	121.145	214.376	244.186	0.5647058823529412	0.5647058823529412	0.5647058823529412
G	C4'_1	119.69	214.522	244.574	0.5647058823529412	0.5647058823529412	0.5647058823529412
G	O4'_1	119.279	215.911	244.422	1.0	0.050980392156862744	0.050980392156862744
G	C3'_1	118.698	213.744	243.724	0.5647058823529412	0.5647058823529412	0.5647058823529412
G	O3'_1	118.611	212.385	244.163	1.0	0.050980392156862744	0.050980392156862744
G	C2'_1	117.404	214.526	243.946	0.5647058823529412	0.5647058823529412	0.5647058823529412
G	O2'_1	116.757	214.223	245.167	1.0	0.050980392156862744	0.050980392156862744
G	C1'_1	117.924	215.967	243.997	0.5647058823529412	0.5647058823529412	0.5647058823529412
G	N9_1	117.87	216.653	242.705	0.18823529411764706	0.3137254901960784	0.9725490196078431
G	C8_1	118.937	217.046	241.928	0.5647058823529412	0.5647058823529412	0.5647058823529412
G	N7_1	118.576	217.606	240.805	0.18823529411764706	0.3137254901960784	0.9725490196078431
G	C5_1	117.186	217.592	240.842	0.5647058823529412	0.5647058823529412	0.5647058823529412
G	C6_1	116.235	218.053	239.887	0.5647058823529412	0.5647058823529412	0.5647058823529412
G	O6_1	116.44	218.584	238.786	1.0	0.050980392156862744	0.050980392156862744
G	N1_1	114.93	217.84	240.32	0.18823529411764706	0.3137254901960784	0.9725490196078431
G	C2_1	114.579	217.257	241.51	0.5647058823529412	0.5647058823529412	0.5647058823529412
G	N2_1	113.26	217.133	241.737	0.18823529411764706	0.3137254901960784	0.9725490196078431
G	N3_1	115.455	216.823	242.412	0.18823529411764706	0.3137254901960784	0.9725490196078431
G	C4_1	116.732	217.019	242.013	0.5647058823529412	0.5647058823529412	0.5647058823529412
C	P_2	108.37	220.523	233.154	1.0	0.5019607843137255	0.0
C	OP1_2	107.115	221.245	232.796	1.0	0.050980392156862744	0.050980392156862744
C	OP2_2	109.684	221.111	232.783	1.0	0.050980392156862744	0.050980392156862744
C	O5'_2	108.364	220.277	234.73	1.0	0.050980392156862744	0.050980392156862744
C	C5'_2	107.205	219.727	235.391	0.5647058823529412	0.5647058823529412	0.5647058823529412
C	C4'_2	107.546	219.327	236.811	0.5647058823529412	0.5647058823529412	0.5647058823529412
C	O4'_2	108.57	218.299	236.784	1.0	0.050980392156862744	0.050980392156862744
C	C3'_2	108.125	220.411	237.714	0.5647058823529412	0.5647058823529412	0.5647058823529412
C	O3'_2	107.109	221.245	238.278	1.0	0.050980392156862744	0.050980392156862744
C	C2'_2	108.846	219.583	238.77	0.5647058823529412	0.5647058823529412	0.5647058823529412
C	O2'_2	107.953	219.038	239.722	1.0	0.050980392156862744	0.050980392156862744
C	C1'_2	109.411	218.441	237.918	0.5647058823529412	0.5647058823529412	0.5647058823529412
C	N1_2	110.795	218.67	237.456	0.18823529411764706	0.3137254901960784	0.9725490196078431
C	C2_2	111.85	218.024	238.129	0.5647058823529412	0.5647058823529412	0.5647058823529412
C	O2_2	111.589	217.268	239.083	1.0	0.050980392156862744	0.050980392156862744
C	N3_2	113.121	218.242	237.721	0.18823529411764706	0.3137254901960784	0.9725490196078431
C	C4_2	113.362	219.059	236.692	0.5647058823529412	0.5647058823529412	0.5647058823529412
C	N4_2	114.63	219.246	236.331	0.18823529411764706	0.3137254901960784	0.9725490196078431
C	C5_2	112.313	219.719	235.988	0.5647058823529412	0.5647058823529412	0.5647058823529412
C	C6_2	111.058	219.498	236.398	0.5647058823529412	0.5647058823529412	0.5647058823529412
