C	P_1	265.625	246.495	168.329	1.0	0.5019607843137255	0.0
C	OP1_1	266.166	247.624	169.141	1.0	0.050980392156862744	0.050980392156862744
C	OP2_1	264.42	245.765	168.799	1.0	0.050980392156862744	0.050980392156862744
C	O5'_1	265.346	247.025	166.851	1.0	0.050980392156862744	0.050980392156862744
C	C5'_1	266.34	247.792	166.144	0.5647058823529412	0.5647058823529412	0.5647058823529412
C	C4'_1	265.814	248.23	164.794	0.5647058823529412	0.5647058823529412	0.5647058823529412
C	O4'_1	265.772	247.115	163.866	1.0	0.050980392156862744	0.050980392156862744
C	C3'_1	264.399	248.778	164.753	0.5647058823529412	0.5647058823529412	0.5647058823529412
C	O3'_1	264.331	250.113	165.23	1.0	0.050980392156862744	0.050980392156862744
C	C2'_1	264.061	248.666	163.272	0.5647058823529412	0.5647058823529412	0.5647058823529412
C	O2'_1	264.63	249.7	162.494	1.0	0.050980392156862744	0.050980392156862744
C	C1'_1	264.739	247.34	162.913	0.5647058823529412	0.5647058823529412	0.5647058823529412
C	N1_1	263.814	246.187	162.916	0.18823529411764706	0.3137254901960784	0.9725490196078431
C	C2_1	263.181	245.823	161.713	0.5647058823529412	0.5647058823529412	0.5647058823529412
C	O2_1	263.419	246.476	160.681	1.0	0.050980392156862744	0.050980392156862744
C	N3_1	262.329	244.772	161.71	0.18823529411764706	0.3137254901960784	0.9725490196078431
C	C4_1	262.095	244.095	162.842	0.5647058823529412	0.5647058823529412	0.5647058823529412
C	N4_1	261.242	243.072	162.795	0.18823529411764706	0.3137254901960784	0.9725490196078431
C	C5_1	262.725	244.441	164.073	0.5647058823529412	0.5647058823529412	0.5647058823529412
C	C6_1	263.568	245.483	164.065	0.5647058823529412	0.5647058823529412	0.5647058823529412
G	P_2	255.349	239.562	153.972	1.0	0.5019607843137255	0.0
G	OP1_2	255.07	239.071	152.593	1.0	0.050980392156862744	0.050980392156862744
G	OP2_2	255.955	238.644	154.968	1.0	0.050980392156862744	0.050980392156862744
G	O5'_2	256.282	240.845	153.86	1.0	0.050980392156862744	0.050980392156862744
G	C5'_2	255.964	241.915	152.948	0.5647058823529412	0.5647058823529412	0.5647058823529412
G	C4'_2	256.921	243.073	153.143	0.5647058823529412	0.5647058823529412	0.5647058823529412
G	O4'_2	256.652	243.754	154.4	1.0	0.050980392156862744	0.050980392156862744
G	C3'_2	258.397	242.709	153.224	0.5647058823529412	0.5647058823529412	0.5647058823529412
G	O3'_2	258.955	242.475	151.931	1.0	0.050980392156862744	0.050980392156862744
G	C2'_2	258.983	243.922	153.938	0.5647058823529412	0.5647058823529412	0.5647058823529412
G	O2'_2	259.163	245.032	153.08	1.0	0.050980392156862744	0.050980392156862744
G	C1'_2	257.873	244.236	154.948	0.5647058823529412	0.5647058823529412	0.5647058823529412
G	N9_2	258.091	243.575	156.232	0.18823529411764706	0.3137254901960784	0.9725490196078431
G	C8_2	257.447	242.452	156.708	0.5647058823529412	0.5647058823529412	0.5647058823529412
G	N7_2	257.868	242.078	157.886	0.18823529411764706	0.3137254901960784	0.9725490196078431
G	C5_2	258.849	243.008	158.214	0.5647058823529412	0.5647058823529412	0.5647058823529412
G	C6_2	259.666	243.113	159.375	0.5647058823529412	0.5647058823529412	0.5647058823529412
G	O6_2	259.682	242.378	160.371	1.0	0.050980392156862744	0.050980392156862744
G	N1_2	260.528	244.207	159.298	0.18823529411764706	0.3137254901960784	0.9725490196078431
G	C2_2	260.598	245.087	158.241	0.5647058823529412	0.5647058823529412	0.5647058823529412
G	N2_2	261.494	246.081	158.355	0.18823529411764706	0.3137254901960784	0.9725490196078431
G	N3_2	259.843	244.998	157.151	0.18823529411764706	0.3137254901960784	0.9725490196078431
G	C4_2	258.996	243.943	157.206	0.5647058823529412	0.5647058823529412	0.5647058823529412
