C	P_1	202.095	225.65	200.585	1.0	0.5019607843137255	0.0
C	OP1_1	200.962	226.073	201.459	1.0	0.050980392156862744	0.050980392156862744
C	OP2_1	203.408	225.305	201.202	1.0	0.050980392156862744	0.050980392156862744
C	O5'_1	201.607	224.417	199.695	1.0	0.050980392156862744	0.050980392156862744
C	C5'_1	200.427	224.535	198.886	0.5647058823529412	0.5647058823529412	0.5647058823529412
C	C4'_1	200.258	223.328	197.993	0.5647058823529412	0.5647058823529412	0.5647058823529412
C	O4'_1	201.389	223.219	197.089	1.0	0.050980392156862744	0.050980392156862744
C	C3'_1	200.207	221.958	198.651	0.5647058823529412	0.5647058823529412	0.5647058823529412
C	O3'_1	198.924	221.684	199.221	1.0	0.050980392156862744	0.050980392156862744
C	C2'_1	200.487	221.045	197.462	0.5647058823529412	0.5647058823529412	0.5647058823529412
C	O2'_1	199.357	220.861	196.632	1.0	0.050980392156862744	0.050980392156862744
C	C1'_1	201.53	221.862	196.689	0.5647058823529412	0.5647058823529412	0.5647058823529412
C	N1_1	202.914	221.411	196.937	0.18823529411764706	0.3137254901960784	0.9725490196078431
C	C2_1	203.373	220.246	196.28	0.5647058823529412	0.5647058823529412	0.5647058823529412
C	O2_1	202.618	219.669	195.475	1.0	0.050980392156862744	0.050980392156862744
C	N3_1	204.627	219.792	196.537	0.18823529411764706	0.3137254901960784	0.9725490196078431
C	C4_1	205.417	220.458	197.39	0.5647058823529412	0.5647058823529412	0.5647058823529412
C	N4_1	206.638	219.969	197.621	0.18823529411764706	0.3137254901960784	0.9725490196078431
C	C5_1	204.986	221.656	198.046	0.5647058823529412	0.5647058823529412	0.5647058823529412
C	C6_1	203.741	222.091	197.794	0.5647058823529412	0.5647058823529412	0.5647058823529412
G	P_2	211.347	210.621	193.644	1.0	0.5019607843137255	0.0
G	OP1_2	211.884	209.891	192.457	1.0	0.050980392156862744	0.050980392156862744
G	OP2_2	212.136	211.739	194.238	1.0	0.050980392156862744	0.050980392156862744
G	O5'_2	209.899	211.17	193.266	1.0	0.050980392156862744	0.050980392156862744
G	C5'_2	208.942	210.323	192.591	0.5647058823529412	0.5647058823529412	0.5647058823529412
G	C4'_2	207.645	211.07	192.365	0.5647058823529412	0.5647058823529412	0.5647058823529412
G	O4'_2	207.007	211.347	193.644	1.0	0.050980392156862744	0.050980392156862744
G	C3'_2	207.754	212.443	191.718	0.5647058823529412	0.5647058823529412	0.5647058823529412
G	O3'_2	207.918	212.385	190.304	1.0	0.050980392156862744	0.050980392156862744
G	C2'_2	206.432	213.08	192.121	0.5647058823529412	0.5647058823529412	0.5647058823529412
G	O2'_2	205.349	212.629	191.333	1.0	0.050980392156862744	0.050980392156862744
G	C1'_2	206.285	212.569	193.558	0.5647058823529412	0.5647058823529412	0.5647058823529412
G	N9_2	206.835	213.517	194.527	0.18823529411764706	0.3137254901960784	0.9725490196078431
G	C8_2	208.074	213.487	195.128	0.5647058823529412	0.5647058823529412	0.5647058823529412
G	N7_2	208.291	214.515	195.908	0.18823529411764706	0.3137254901960784	0.9725490196078431
G	C5_2	207.122	215.266	195.825	0.5647058823529412	0.5647058823529412	0.5647058823529412
G	C6_2	206.766	216.512	196.442	0.5647058823529412	0.5647058823529412	0.5647058823529412
G	O6_2	207.444	217.218	197.204	1.0	0.050980392156862744	0.050980392156862744
G	N1_2	205.477	216.915	196.086	0.18823529411764706	0.3137254901960784	0.9725490196078431
G	C2_2	204.636	216.218	195.248	0.5647058823529412	0.5647058823529412	0.5647058823529412
G	N2_2	203.426	216.762	195.035	0.18823529411764706	0.3137254901960784	0.9725490196078431
G	N3_2	204.955	215.066	194.663	0.18823529411764706	0.3137254901960784	0.9725490196078431
G	C4_2	206.205	214.653	194.993	0.5647058823529412	0.5647058823529412	0.5647058823529412
