G	P_1	187.498	129.343	235.826	1.0	0.5019607843137255	0.0
G	OP1_1	186.449	128.483	235.203	1.0	0.050980392156862744	0.050980392156862744
G	OP2_1	188.035	128.992	237.17	1.0	0.050980392156862744	0.050980392156862744
G	O5'_1	188.721	129.455	234.805	1.0	0.050980392156862744	0.050980392156862744
G	C5'_1	188.487	129.63	233.391	0.5647058823529412	0.5647058823529412	0.5647058823529412
G	C4'_1	189.791	129.649	232.622	0.5647058823529412	0.5647058823529412	0.5647058823529412
G	O4'_1	190.544	130.859	232.925	1.0	0.050980392156862744	0.050980392156862744
G	C3'_1	190.79	128.536	232.899	0.5647058823529412	0.5647058823529412	0.5647058823529412
G	O3'_1	190.437	127.3	232.278	1.0	0.050980392156862744	0.050980392156862744
G	C2'_1	192.078	129.133	232.338	0.5647058823529412	0.5647058823529412	0.5647058823529412
G	O2'_1	192.173	129.057	230.929	1.0	0.050980392156862744	0.050980392156862744
G	C1'_1	191.935	130.601	232.756	0.5647058823529412	0.5647058823529412	0.5647058823529412
G	N9_1	192.63	130.871	234.012	0.18823529411764706	0.3137254901960784	0.9725490196078431
G	C8_1	192.086	130.958	235.273	0.5647058823529412	0.5647058823529412	0.5647058823529412
G	N7_1	192.98	131.167	236.202	0.18823529411764706	0.3137254901960784	0.9725490196078431
G	C5_1	194.184	131.233	235.513	0.5647058823529412	0.5647058823529412	0.5647058823529412
G	C6_1	195.511	131.438	235.989	0.5647058823529412	0.5647058823529412	0.5647058823529412
G	O6_1	195.896	131.603	237.153	1.0	0.050980392156862744	0.050980392156862744
G	N1_1	196.435	131.438	234.946	0.18823529411764706	0.3137254901960784	0.9725490196078431
G	C2_1	196.129	131.262	233.619	0.5647058823529412	0.5647058823529412	0.5647058823529412
G	N2_1	197.162	131.302	232.759	0.18823529411764706	0.3137254901960784	0.9725490196078431
G	N3_1	194.899	131.064	233.164	0.18823529411764706	0.3137254901960784	0.9725490196078431
G	C4_1	193.984	131.063	234.16	0.5647058823529412	0.5647058823529412	0.5647058823529412
C	P_2	205.546	133.942	236.967	1.0	0.5019607843137255	0.0
C	OP1_2	206.743	134.814	236.782	1.0	0.050980392156862744	0.050980392156862744
C	OP2_2	204.505	134.328	237.956	1.0	0.050980392156862744	0.050980392156862744
C	O5'_2	204.841	133.75	235.552	1.0	0.050980392156862744	0.050980392156862744
C	C5'_2	205.608	133.386	234.384	0.5647058823529412	0.5647058823529412	0.5647058823529412
C	C4'_2	204.687	132.914	233.283	0.5647058823529412	0.5647058823529412	0.5647058823529412
C	O4'_2	203.991	131.718	233.728	1.0	0.050980392156862744	0.050980392156862744
C	C3'_2	203.568	133.869	232.891	0.5647058823529412	0.5647058823529412	0.5647058823529412
C	O3'_2	204.014	134.873	231.98	1.0	0.050980392156862744	0.050980392156862744
C	C2'_2	202.55	132.923	232.271	0.5647058823529412	0.5647058823529412	0.5647058823529412
C	O2'_2	202.888	132.525	230.956	1.0	0.050980392156862744	0.050980392156862744
C	C1'_2	202.674	131.712	233.197	0.5647058823529412	0.5647058823529412	0.5647058823529412
C	N1_2	201.71	131.724	234.316	0.18823529411764706	0.3137254901960784	0.9725490196078431
C	C2_2	200.362	131.39	234.057	0.5647058823529412	0.5647058823529412	0.5647058823529412
C	O2_2	200.021	131.092	232.898	1.0	0.050980392156862744	0.050980392156862744
C	N3_2	199.473	131.398	235.083	0.18823529411764706	0.3137254901960784	0.9725490196078431
C	C4_2	199.879	131.718	236.318	0.5647058823529412	0.5647058823529412	0.5647058823529412
C	N4_2	198.967	131.719	237.295	0.18823529411764706	0.3137254901960784	0.9725490196078431
C	C5_2	201.238	132.056	236.606	0.5647058823529412	0.5647058823529412	0.5647058823529412
C	C6_2	202.108	132.048	235.587	0.5647058823529412	0.5647058823529412	0.5647058823529412
