C	P_1	177.967	234.853	151.108	1.0	0.5019607843137255	0.0
C	OP1_1	178.088	233.991	149.891	1.0	0.050980392156862744	0.050980392156862744
C	OP2_1	176.646	235.46	151.451	1.0	0.050980392156862744	0.050980392156862744
C	O5'_1	178.454	233.988	152.357	1.0	0.050980392156862744	0.050980392156862744
C	C5'_1	177.541	233.099	153.03	0.5647058823529412	0.5647058823529412	0.5647058823529412
C	C4'_1	177.947	232.914	154.473	0.5647058823529412	0.5647058823529412	0.5647058823529412
C	O4'_1	178.363	234.187	155.042	1.0	0.050980392156862744	0.050980392156862744
C	C3'_1	176.827	232.424	155.383	0.5647058823529412	0.5647058823529412	0.5647058823529412
C	O3'_1	176.656	231.004	155.302	1.0	0.050980392156862744	0.050980392156862744
C	C2'_1	177.272	232.933	156.753	0.5647058823529412	0.5647058823529412	0.5647058823529412
C	O2'_1	178.254	232.115	157.361	1.0	0.050980392156862744	0.050980392156862744
C	C1'_1	177.895	234.288	156.383	0.5647058823529412	0.5647058823529412	0.5647058823529412
C	N1_1	176.977	235.452	156.475	0.18823529411764706	0.3137254901960784	0.9725490196078431
C	C2_1	176.591	235.931	157.752	0.5647058823529412	0.5647058823529412	0.5647058823529412
C	O2_1	177.047	235.384	158.775	1.0	0.050980392156862744	0.050980392156862744
C	N3_1	175.736	236.977	157.828	0.18823529411764706	0.3137254901960784	0.9725490196078431
C	C4_1	175.271	237.548	156.708	0.5647058823529412	0.5647058823529412	0.5647058823529412
C	N4_1	174.414	238.563	156.832	0.18823529411764706	0.3137254901960784	0.9725490196078431
C	C5_1	175.66	237.098	155.408	0.5647058823529412	0.5647058823529412	0.5647058823529412
C	C6_1	176.503	236.059	155.34	0.5647058823529412	0.5647058823529412	0.5647058823529412
G	P_2	168.778	241.773	165.986	1.0	0.5019607843137255	0.0
G	OP1_2	168.691	242.515	167.28	1.0	0.050980392156862744	0.050980392156862744
G	OP2_2	168.869	242.536	164.706	1.0	0.050980392156862744	0.050980392156862744
G	O5'_2	170.034	240.797	166.065	1.0	0.050980392156862744	0.050980392156862744
G	C5'_2	170.137	239.815	167.116	0.5647058823529412	0.5647058823529412	0.5647058823529412
G	C4'_2	171.215	238.803	166.79	0.5647058823529412	0.5647058823529412	0.5647058823529412
G	O4'_2	170.847	238.034	165.61	1.0	0.050980392156862744	0.050980392156862744
G	C3'_2	172.585	239.37	166.445	0.5647058823529412	0.5647058823529412	0.5647058823529412
G	O3'_2	173.314	239.736	167.618	1.0	0.050980392156862744	0.050980392156862744
G	C2'_2	173.221	238.22	165.669	0.5647058823529412	0.5647058823529412	0.5647058823529412
G	O2'_2	173.715	237.189	166.503	1.0	0.050980392156862744	0.050980392156862744
G	C1'_2	172.019	237.693	164.878	0.5647058823529412	0.5647058823529412	0.5647058823529412
G	N9_2	171.912	238.261	163.532	0.18823529411764706	0.3137254901960784	0.9725490196078431
G	C8_2	171.043	239.245	163.107	0.5647058823529412	0.5647058823529412	0.5647058823529412
G	N7_2	171.184	239.545	161.842	0.18823529411764706	0.3137254901960784	0.9725490196078431
G	C5_2	172.209	238.713	161.401	0.5647058823529412	0.5647058823529412	0.5647058823529412
G	C6_2	172.808	238.59	160.116	0.5647058823529412	0.5647058823529412	0.5647058823529412
G	O6_2	172.543	239.213	159.081	1.0	0.050980392156862744	0.050980392156862744
G	N1_2	173.812	237.624	160.108	0.18823529411764706	0.3137254901960784	0.9725490196078431
G	C2_2	174.195	236.873	161.192	0.5647058823529412	0.5647058823529412	0.5647058823529412
G	N2_2	175.182	235.985	160.979	0.18823529411764706	0.3137254901960784	0.9725490196078431
G	N3_2	173.65	236.981	162.398	0.18823529411764706	0.3137254901960784	0.9725490196078431
G	C4_2	172.669	237.913	162.431	0.5647058823529412	0.5647058823529412	0.5647058823529412
