G	P_1	214.921	100.71	195.945	1.0	0.5019607843137255	0.0
G	OP1_1	215.548	99.382	195.703	1.0	0.050980392156862744	0.050980392156862744
G	OP2_1	213.786	101.154	195.086	1.0	0.050980392156862744	0.050980392156862744
G	O5'_1	214.452	100.773	197.469	1.0	0.050980392156862744	0.050980392156862744
G	C5'_1	213.349	101.616	197.884	0.5647058823529412	0.5647058823529412	0.5647058823529412
G	C4'_1	213.867	102.938	198.413	0.5647058823529412	0.5647058823529412	0.5647058823529412
G	O4'_1	214.429	103.71	197.318	1.0	0.050980392156862744	0.050980392156862744
G	C3'_1	212.815	103.86	199.012	0.5647058823529412	0.5647058823529412	0.5647058823529412
G	O3'_1	212.554	103.519	200.377	1.0	0.050980392156862744	0.050980392156862744
G	C2'_1	213.465	105.233	198.878	0.5647058823529412	0.5647058823529412	0.5647058823529412
G	O2'_1	214.412	105.509	199.893	1.0	0.050980392156862744	0.050980392156862744
G	C1'_1	214.185	105.094	197.534	0.5647058823529412	0.5647058823529412	0.5647058823529412
G	N9_1	213.418	105.618	196.404	0.18823529411764706	0.3137254901960784	0.9725490196078431
G	C8_1	212.64	104.905	195.522	0.5647058823529412	0.5647058823529412	0.5647058823529412
G	N7_1	212.079	105.654	194.611	0.18823529411764706	0.3137254901960784	0.9725490196078431
G	C5_1	212.509	106.938	194.91	0.5647058823529412	0.5647058823529412	0.5647058823529412
G	C6_1	212.226	108.17	194.271	0.5647058823529412	0.5647058823529412	0.5647058823529412
G	O6_1	211.517	108.378	193.281	1.0	0.050980392156862744	0.050980392156862744
G	N1_1	212.869	109.232	194.898	0.18823529411764706	0.3137254901960784	0.9725490196078431
G	C2_1	213.681	109.124	196.001	0.5647058823529412	0.5647058823529412	0.5647058823529412
G	N2_1	214.218	110.269	196.453	0.18823529411764706	0.3137254901960784	0.9725490196078431
G	N3_1	213.95	107.979	196.611	0.18823529411764706	0.3137254901960784	0.9725490196078431
G	C4_1	213.336	106.934	196.015	0.5647058823529412	0.5647058823529412	0.5647058823529412
C	P_2	211.02	117.832	189.679	1.0	0.5019607843137255	0.0
C	OP1_2	211.485	119.15	189.151	1.0	0.050980392156862744	0.050980392156862744
C	OP2_2	210.892	116.672	188.751	1.0	0.050980392156862744	0.050980392156862744
C	O5'_2	211.989	117.406	190.87	1.0	0.050980392156862744	0.050980392156862744
C	C5'_2	212.226	118.287	191.984	0.5647058823529412	0.5647058823529412	0.5647058823529412
C	C4'_2	212.875	117.529	193.117	0.5647058823529412	0.5647058823529412	0.5647058823529412
C	O4'_2	211.966	116.503	193.599	1.0	0.050980392156862744	0.050980392156862744
C	C3'_2	214.133	116.758	192.754	0.5647058823529412	0.5647058823529412	0.5647058823529412
C	O3'_2	215.281	117.593	192.727	1.0	0.050980392156862744	0.050980392156862744
C	C2'_2	214.197	115.709	193.855	0.5647058823529412	0.5647058823529412	0.5647058823529412
C	O2'_2	214.695	116.218	195.076	1.0	0.050980392156862744	0.050980392156862744
C	C1'_2	212.713	115.375	194.03	0.5647058823529412	0.5647058823529412	0.5647058823529412
C	N1_2	212.285	114.19	193.262	0.18823529411764706	0.3137254901960784	0.9725490196078431
C	C2_2	212.341	112.932	193.882	0.5647058823529412	0.5647058823529412	0.5647058823529412
C	O2_2	212.748	112.852	195.057	1.0	0.050980392156862744	0.050980392156862744
C	N3_2	211.95	111.84	193.188	0.18823529411764706	0.3137254901960784	0.9725490196078431
C	C4_2	211.521	111.964	191.928	0.5647058823529412	0.5647058823529412	0.5647058823529412
C	N4_2	211.146	110.856	191.284	0.18823529411764706	0.3137254901960784	0.9725490196078431
C	C5_2	211.457	113.229	191.274	0.5647058823529412	0.5647058823529412	0.5647058823529412
C	C6_2	211.843	114.304	191.97	0.5647058823529412	0.5647058823529412	0.5647058823529412
