C	P_1	262.722	247.149	208.822	1.0	0.5019607843137255	0.0
C	OP1_1	261.749	246.285	208.096	1.0	0.050980392156862744	0.050980392156862744
C	OP2_1	262.265	247.953	209.987	1.0	0.050980392156862744	0.050980392156862744
C	O5'_1	263.958	246.25	209.283	1.0	0.050980392156862744	0.050980392156862744
C	C5'_1	264.582	245.332	208.364	0.5647058823529412	0.5647058823529412	0.5647058823529412
C	C4'_1	265.822	244.716	208.976	0.5647058823529412	0.5647058823529412	0.5647058823529412
C	O4'_1	266.832	245.734	209.197	1.0	0.050980392156862744	0.050980392156862744
C	C3'_1	265.686	244.048	210.336	0.5647058823529412	0.5647058823529412	0.5647058823529412
C	O3'_1	265.113	242.747	210.233	1.0	0.050980392156862744	0.050980392156862744
C	C2'_1	267.138	243.999	210.807	0.5647058823529412	0.5647058823529412	0.5647058823529412
C	O2'_1	267.885	242.948	210.22	1.0	0.050980392156862744	0.050980392156862744
C	C1'_1	267.672	245.333	210.272	0.5647058823529412	0.5647058823529412	0.5647058823529412
C	N1_1	267.732	246.417	211.277	0.18823529411764706	0.3137254901960784	0.9725490196078431
C	C2_1	268.914	246.575	212.032	0.5647058823529412	0.5647058823529412	0.5647058823529412
C	O2_1	269.872	245.802	211.834	1.0	0.050980392156862744	0.050980392156862744
C	N3_1	268.979	247.567	212.949	0.18823529411764706	0.3137254901960784	0.9725490196078431
C	C4_1	267.937	248.387	213.124	0.5647058823529412	0.5647058823529412	0.5647058823529412
C	N4_1	268.057	249.363	214.027	0.18823529411764706	0.3137254901960784	0.9725490196078431
C	C5_1	266.728	248.247	212.378	0.5647058823529412	0.5647058823529412	0.5647058823529412
C	C6_1	266.668	247.258	211.477	0.5647058823529412	0.5647058823529412	0.5647058823529412
G	P_2	275.956	251.376	221.407	1.0	0.5019607843137255	0.0
G	OP1_2	277.351	251.719	221.806	1.0	0.050980392156862744	0.050980392156862744
G	OP2_2	275.096	252.418	220.78	1.0	0.050980392156862744	0.050980392156862744
G	O5'_2	276.002	250.12	220.423	1.0	0.050980392156862744	0.050980392156862744
G	C5'_2	276.858	248.989	220.697	0.5647058823529412	0.5647058823529412	0.5647058823529412
G	C4'_2	276.684	247.927	219.632	0.5647058823529412	0.5647058823529412	0.5647058823529412
G	O4'_2	275.326	247.404	219.69	1.0	0.050980392156862744	0.050980392156862744
G	C3'_2	276.848	248.39	218.189	0.5647058823529412	0.5647058823529412	0.5647058823529412
G	O3'_2	278.218	248.451	217.784	1.0	0.050980392156862744	0.050980392156862744
G	C2'_2	276.051	247.341	217.422	0.5647058823529412	0.5647058823529412	0.5647058823529412
G	O2'_2	276.765	246.135	217.242	1.0	0.050980392156862744	0.050980392156862744
G	C1'_2	274.872	247.103	218.375	0.5647058823529412	0.5647058823529412	0.5647058823529412
G	N9_2	273.709	247.945	218.085	0.18823529411764706	0.3137254901960784	0.9725490196078431
G	C8_2	273.312	249.081	218.762	0.5647058823529412	0.5647058823529412	0.5647058823529412
G	N7_2	272.231	249.621	218.269	0.18823529411764706	0.3137254901960784	0.9725490196078431
G	C5_2	271.889	248.797	217.204	0.5647058823529412	0.5647058823529412	0.5647058823529412
G	C6_2	270.807	248.883	216.292	0.5647058823529412	0.5647058823529412	0.5647058823529412
G	O6_2	269.904	249.729	216.247	1.0	0.050980392156862744	0.050980392156862744
G	N1_2	270.837	247.847	215.36	0.18823529411764706	0.3137254901960784	0.9725490196078431
G	C2_2	271.785	246.854	215.314	0.5647058823529412	0.5647058823529412	0.5647058823529412
G	N2_2	271.638	245.943	214.341	0.18823529411764706	0.3137254901960784	0.9725490196078431
G	N3_2	272.802	246.761	216.162	0.18823529411764706	0.3137254901960784	0.9725490196078431
G	C4_2	272.791	247.759	217.074	0.5647058823529412	0.5647058823529412	0.5647058823529412
