C	P_1	305.56	145.348	181.919	1.0	0.5019607843137255	0.0
C	OP1_1	306.536	145.825	180.892	1.0	0.050980392156862744	0.050980392156862744
C	OP2_1	305.392	146.116	183.18	1.0	0.050980392156862744	0.050980392156862744
C	O5'_1	304.125	145.203	181.235	1.0	0.050980392156862744	0.050980392156862744
C	C5'_1	303.973	144.611	179.923	0.5647058823529412	0.5647058823529412	0.5647058823529412
C	C4'_1	302.536	144.725	179.46	0.5647058823529412	0.5647058823529412	0.5647058823529412
C	O4'_1	301.688	143.895	180.295	1.0	0.050980392156862744	0.050980392156862744
C	C3'_1	301.923	146.117	179.548	0.5647058823529412	0.5647058823529412	0.5647058823529412
C	O3'_1	302.274	146.922	178.422	1.0	0.050980392156862744	0.050980392156862744
C	C2'_1	300.431	145.816	179.643	0.5647058823529412	0.5647058823529412	0.5647058823529412
C	O2'_1	299.829	145.531	178.397	1.0	0.050980392156862744	0.050980392156862744
C	C1'_1	300.44	144.544	180.499	0.5647058823529412	0.5647058823529412	0.5647058823529412
C	N1_1	300.283	144.798	181.944	0.18823529411764706	0.3137254901960784	0.9725490196078431
C	C2_1	298.995	144.765	182.507	0.5647058823529412	0.5647058823529412	0.5647058823529412
C	O2_1	298.017	144.538	181.771	1.0	0.050980392156862744	0.050980392156862744
C	N3_1	298.853	144.981	183.835	0.18823529411764706	0.3137254901960784	0.9725490196078431
C	C4_1	299.929	145.224	184.592	0.5647058823529412	0.5647058823529412	0.5647058823529412
C	N4_1	299.744	145.421	185.897	0.18823529411764706	0.3137254901960784	0.9725490196078431
C	C5_1	301.246	145.275	184.044	0.5647058823529412	0.5647058823529412	0.5647058823529412
C	C6_1	301.375	145.059	182.732	0.5647058823529412	0.5647058823529412	0.5647058823529412
G	P_2	291.571	141.969	190.842	1.0	0.5019607843137255	0.0
G	OP1_2	290.376	141.237	191.353	1.0	0.050980392156862744	0.050980392156862744
G	OP2_2	292.74	141.198	190.34	1.0	0.050980392156862744	0.050980392156862744
G	O5'_2	291.111	142.955	189.674	1.0	0.050980392156862744	0.050980392156862744
G	C5'_2	289.755	142.95	189.166	0.5647058823529412	0.5647058823529412	0.5647058823529412
G	C4'_2	289.75	143.273	187.684	0.5647058823529412	0.5647058823529412	0.5647058823529412
G	O4'_2	290.384	144.565	187.467	1.0	0.050980392156862744	0.050980392156862744
G	C3'_2	290.534	142.307	186.807	0.5647058823529412	0.5647058823529412	0.5647058823529412
G	O3'_2	289.735	141.185	186.447	1.0	0.050980392156862744	0.050980392156862744
G	C2'_2	290.928	143.172	185.617	0.5647058823529412	0.5647058823529412	0.5647058823529412
G	O2'_2	289.889	143.328	184.671	1.0	0.050980392156862744	0.050980392156862744
G	C1'_2	291.198	144.513	186.305	0.5647058823529412	0.5647058823529412	0.5647058823529412
G	N9_2	292.586	144.694	186.725	0.18823529411764706	0.3137254901960784	0.9725490196078431
G	C8_2	293.054	144.737	188.02	0.5647058823529412	0.5647058823529412	0.5647058823529412
G	N7_2	294.344	144.917	188.096	0.18823529411764706	0.3137254901960784	0.9725490196078431
G	C5_2	294.759	144.999	186.773	0.5647058823529412	0.5647058823529412	0.5647058823529412
G	C6_2	296.054	145.19	186.23	0.5647058823529412	0.5647058823529412	0.5647058823529412
G	O6_2	297.125	145.335	186.833	1.0	0.050980392156862744	0.050980392156862744
G	N1_2	296.029	145.202	184.837	0.18823529411764706	0.3137254901960784	0.9725490196078431
G	C2_2	294.901	145.049	184.065	0.5647058823529412	0.5647058823529412	0.5647058823529412
G	N2_2	295.082	145.082	182.735	0.18823529411764706	0.3137254901960784	0.9725490196078431
G	N3_2	293.683	144.874	184.56	0.18823529411764706	0.3137254901960784	0.9725490196078431
G	C4_2	293.686	144.859	185.912	0.5647058823529412	0.5647058823529412	0.5647058823529412
