C	P_1	196.187	190.736	160.158	1.0	0.5019607843137255	0.0
C	OP1_1	195.542	191.966	160.7	1.0	0.050980392156862744	0.050980392156862744
C	OP2_1	195.34	189.662	159.572	1.0	0.050980392156862744	0.050980392156862744
C	O5'_1	197.259	191.175	159.065	1.0	0.050980392156862744	0.050980392156862744
C	C5'_1	198.259	192.17	159.367	0.5647058823529412	0.5647058823529412	0.5647058823529412
C	C4'_1	199.368	192.123	158.342	0.5647058823529412	0.5647058823529412	0.5647058823529412
C	O4'_1	200.063	190.849	158.442	1.0	0.050980392156862744	0.050980392156862744
C	C3'_1	198.927	192.192	156.886	0.5647058823529412	0.5647058823529412	0.5647058823529412
C	O3'_1	198.666	193.531	156.467	1.0	0.050980392156862744	0.050980392156862744
C	C2'_1	200.106	191.55	156.164	0.5647058823529412	0.5647058823529412	0.5647058823529412
C	O2'_1	201.207	192.428	156.018	1.0	0.050980392156862744	0.050980392156862744
C	C1'_1	200.48	190.433	157.147	0.5647058823529412	0.5647058823529412	0.5647058823529412
C	N1_1	199.848	189.13	156.837	0.18823529411764706	0.3137254901960784	0.9725490196078431
C	C2_1	200.615	188.142	156.179	0.5647058823529412	0.5647058823529412	0.5647058823529412
C	O2_1	201.795	188.395	155.872	1.0	0.050980392156862744	0.050980392156862744
C	N3_1	200.043	186.949	155.898	0.18823529411764706	0.3137254901960784	0.9725490196078431
C	C4_1	198.768	186.719	156.239	0.5647058823529412	0.5647058823529412	0.5647058823529412
C	N4_1	198.252	185.526	155.945	0.18823529411764706	0.3137254901960784	0.9725490196078431
C	C5_1	197.969	187.701	156.898	0.5647058823529412	0.5647058823529412	0.5647058823529412
C	C6_1	198.542	188.878	157.176	0.5647058823529412	0.5647058823529412	0.5647058823529412
G	P_2	203.173	178.952	148.536	1.0	0.5019607843137255	0.0
G	OP1_2	204.235	178.097	147.931	1.0	0.050980392156862744	0.050980392156862744
G	OP2_2	202.629	178.606	149.88	1.0	0.050980392156862744	0.050980392156862744
G	O5'_2	203.702	180.455	148.563	1.0	0.050980392156862744	0.050980392156862744
G	C5'_2	204.22	181.086	147.363	0.5647058823529412	0.5647058823529412	0.5647058823529412
G	C4'_2	204.54	182.539	147.64	0.5647058823529412	0.5647058823529412	0.5647058823529412
G	O4'_2	203.303	183.257	147.895	1.0	0.050980392156862744	0.050980392156862744
G	C3'_2	205.406	182.78	148.875	0.5647058823529412	0.5647058823529412	0.5647058823529412
G	O3'_2	206.799	182.679	148.562	1.0	0.050980392156862744	0.050980392156862744
G	C2'_2	204.987	184.181	149.308	0.5647058823529412	0.5647058823529412	0.5647058823529412
G	O2'_2	205.63	185.182	148.544	1.0	0.050980392156862744	0.050980392156862744
G	C1'_2	203.492	184.174	148.96	0.5647058823529412	0.5647058823529412	0.5647058823529412
G	N9_2	202.575	183.803	150.039	0.18823529411764706	0.3137254901960784	0.9725490196078431
G	C8_2	201.858	182.63	150.145	0.5647058823529412	0.5647058823529412	0.5647058823529412
G	N7_2	201.063	182.603	151.181	0.18823529411764706	0.3137254901960784	0.9725490196078431
G	C5_2	201.277	183.823	151.812	0.5647058823529412	0.5647058823529412	0.5647058823529412
G	C6_2	200.686	184.367	152.987	0.5647058823529412	0.5647058823529412	0.5647058823529412
G	O6_2	199.821	183.864	153.718	1.0	0.050980392156862744	0.050980392156862744
G	N1_2	201.195	185.633	153.279	0.18823529411764706	0.3137254901960784	0.9725490196078431
G	C2_2	202.145	186.293	152.536	0.5647058823529412	0.5647058823529412	0.5647058823529412
G	N2_2	202.501	187.513	152.981	0.18823529411764706	0.3137254901960784	0.9725490196078431
G	N3_2	202.703	185.796	151.435	0.18823529411764706	0.3137254901960784	0.9725490196078431
G	C4_2	202.222	184.569	151.131	0.5647058823529412	0.5647058823529412	0.5647058823529412
