C	P_1	206.631	274.802	175.955	1.0	0.5019607843137255	0.0
C	OP1_1	207.504	274.921	174.754	1.0	0.050980392156862744	0.050980392156862744
C	OP2_1	205.265	274.233	175.815	1.0	0.050980392156862744	0.050980392156862744
C	O5'_1	207.407	273.958	177.057	1.0	0.050980392156862744	0.050980392156862744
C	C5'_1	208.757	274.295	177.417	0.5647058823529412	0.5647058823529412	0.5647058823529412
C	C4'_1	209.226	273.439	178.57	0.5647058823529412	0.5647058823529412	0.5647058823529412
C	O4'_1	208.547	273.831	179.793	1.0	0.050980392156862744	0.050980392156862744
C	C3'_1	208.941	271.949	178.459	0.5647058823529412	0.5647058823529412	0.5647058823529412
C	O3'_1	209.855	271.274	177.601	1.0	0.050980392156862744	0.050980392156862744
C	C2'_1	209.052	271.505	179.911	0.5647058823529412	0.5647058823529412	0.5647058823529412
C	O2'_1	210.39	271.374	180.343	1.0	0.050980392156862744	0.050980392156862744
C	C1'_1	208.399	272.69	180.632	0.5647058823529412	0.5647058823529412	0.5647058823529412
C	N1_1	206.961	272.465	180.896	0.18823529411764706	0.3137254901960784	0.9725490196078431
C	C2_1	206.572	271.984	182.16	0.5647058823529412	0.5647058823529412	0.5647058823529412
C	O2_1	207.442	271.805	183.034	1.0	0.050980392156862744	0.050980392156862744
C	N3_1	205.26	271.734	182.393	0.18823529411764706	0.3137254901960784	0.9725490196078431
C	C4_1	204.354	271.953	181.43	0.5647058823529412	0.5647058823529412	0.5647058823529412
C	N4_1	203.077	271.682	181.7	0.18823529411764706	0.3137254901960784	0.9725490196078431
C	C5_1	204.719	272.458	180.147	0.5647058823529412	0.5647058823529412	0.5647058823529412
C	C6_1	206.02	272.699	179.926	0.5647058823529412	0.5647058823529412	0.5647058823529412
G	P_2	199.942	264.085	191.026	1.0	0.5019607843137255	0.0
G	OP1_2	200.187	263.674	192.439	1.0	0.050980392156862744	0.050980392156862744
G	OP2_2	198.759	264.929	190.704	1.0	0.050980392156862744	0.050980392156862744
G	O5'_2	201.251	264.816	190.47	1.0	0.050980392156862744	0.050980392156862744
G	C5'_2	202.562	264.272	190.725	0.5647058823529412	0.5647058823529412	0.5647058823529412
G	C4'_2	203.648	265.13	190.093	0.5647058823529412	0.5647058823529412	0.5647058823529412
G	O4'_2	203.51	265.147	188.648	1.0	0.050980392156862744	0.050980392156862744
G	C3'_2	203.682	266.619	190.415	0.5647058823529412	0.5647058823529412	0.5647058823529412
G	O3'_2	204.214	266.881	191.713	1.0	0.050980392156862744	0.050980392156862744
G	C2'_2	204.628	267.135	189.332	0.5647058823529412	0.5647058823529412	0.5647058823529412
G	O2'_2	205.987	266.882	189.626	1.0	0.050980392156862744	0.050980392156862744
G	C1'_2	204.226	266.266	188.136	0.5647058823529412	0.5647058823529412	0.5647058823529412
G	N9_2	203.392	266.987	187.175	0.18823529411764706	0.3137254901960784	0.9725490196078431
G	C8_2	202.017	266.962	187.065	0.5647058823529412	0.5647058823529412	0.5647058823529412
G	N7_2	201.563	267.751	186.125	0.18823529411764706	0.3137254901960784	0.9725490196078431
G	C5_2	202.705	268.327	185.573	0.5647058823529412	0.5647058823529412	0.5647058823529412
G	C6_2	202.846	269.279	184.515	0.5647058823529412	0.5647058823529412	0.5647058823529412
G	O6_2	201.959	269.819	183.842	1.0	0.050980392156862744	0.050980392156862744
G	N1_2	204.184	269.588	184.278	0.18823529411764706	0.3137254901960784	0.9725490196078431
G	C2_2	205.251	269.058	184.968	0.5647058823529412	0.5647058823529412	0.5647058823529412
G	N2_2	206.467	269.488	184.594	0.18823529411764706	0.3137254901960784	0.9725490196078431
G	N3_2	205.135	268.175	185.954	0.18823529411764706	0.3137254901960784	0.9725490196078431
G	C4_2	203.843	267.858	186.201	0.5647058823529412	0.5647058823529412	0.5647058823529412
