C	P_1	183.75	123.295	195.594	1.0	0.5019607843137255	0.0
C	OP1_1	184.87	123.673	196.502	1.0	0.050980392156862744	0.050980392156862744
C	OP2_1	183.967	123.302	194.123	1.0	0.050980392156862744	0.050980392156862744
C	O5'_1	183.235	121.841	196.016	1.0	0.050980392156862744	0.050980392156862744
C	C5'_1	182.786	121.57	197.359	0.5647058823529412	0.5647058823529412	0.5647058823529412
C	C4'_1	183.346	120.253	197.871	0.5647058823529412	0.5647058823529412	0.5647058823529412
C	O4'_1	182.791	119.128	197.143	1.0	0.050980392156862744	0.050980392156862744
C	C3'_1	184.835	119.992	197.708	0.5647058823529412	0.5647058823529412	0.5647058823529412
C	O3'_1	185.631	120.74	198.624	1.0	0.050980392156862744	0.050980392156862744
C	C2'_1	184.915	118.497	198.009	0.5647058823529412	0.5647058823529412	0.5647058823529412
C	O2'_1	184.926	118.209	199.39	1.0	0.050980392156862744	0.050980392156862744
C	C1'_1	183.6	117.989	197.404	0.5647058823529412	0.5647058823529412	0.5647058823529412
C	N1_1	183.793	117.206	196.167	0.18823529411764706	0.3137254901960784	0.9725490196078431
C	C2_1	183.87	115.801	196.265	0.5647058823529412	0.5647058823529412	0.5647058823529412
C	O2_1	183.707	115.262	197.373	1.0	0.050980392156862744	0.050980392156862744
C	N3_1	184.115	115.073	195.149	0.18823529411764706	0.3137254901960784	0.9725490196078431
C	C4_1	184.268	115.687	193.972	0.5647058823529412	0.5647058823529412	0.5647058823529412
C	N4_1	184.535	114.932	192.905	0.18823529411764706	0.3137254901960784	0.9725490196078431
C	C5_1	184.161	117.107	193.838	0.5647058823529412	0.5647058823529412	0.5647058823529412
C	C6_1	183.924	117.819	194.95	0.5647058823529412	0.5647058823529412	0.5647058823529412
G	P_2	187.248	103.679	194.89	1.0	0.5019607843137255	0.0
G	OP1_2	186.945	102.326	195.435	1.0	0.050980392156862744	0.050980392156862744
G	OP2_2	186.458	104.2	193.74	1.0	0.050980392156862744	0.050980392156862744
G	O5'_2	187.152	104.74	196.08	1.0	0.050980392156862744	0.050980392156862744
G	C5'_2	187.875	104.543	197.317	0.5647058823529412	0.5647058823529412	0.5647058823529412
G	C4'_2	187.685	105.731	198.237	0.5647058823529412	0.5647058823529412	0.5647058823529412
G	O4'_2	188.247	106.918	197.618	1.0	0.050980392156862744	0.050980392156862744
G	C3'_2	186.243	106.11	198.557	0.5647058823529412	0.5647058823529412	0.5647058823529412
G	O3'_2	185.738	105.321	199.644	1.0	0.050980392156862744	0.050980392156862744
G	C2'_2	186.364	107.586	198.93	0.5647058823529412	0.5647058823529412	0.5647058823529412
G	O2'_2	186.788	107.783	200.263	1.0	0.050980392156862744	0.050980392156862744
G	C1'_2	187.488	108.056	197.996	0.5647058823529412	0.5647058823529412	0.5647058823529412
G	N9_2	187.069	108.766	196.785	0.18823529411764706	0.3137254901960784	0.9725490196078431
G	C8_2	187.115	108.299	195.491	0.5647058823529412	0.5647058823529412	0.5647058823529412
G	N7_2	186.701	109.173	194.613	0.18823529411764706	0.3137254901960784	0.9725490196078431
G	C5_2	186.35	110.283	195.37	0.5647058823529412	0.5647058823529412	0.5647058823529412
G	C6_2	185.833	111.541	194.967	0.5647058823529412	0.5647058823529412	0.5647058823529412
G	O6_2	185.58	111.94	193.826	1.0	0.050980392156862744	0.050980392156862744
G	N1_2	185.611	112.376	196.055	0.18823529411764706	0.3137254901960784	0.9725490196078431
G	C2_2	185.859	112.049	197.363	0.5647058823529412	0.5647058823529412	0.5647058823529412
G	N2_2	185.581	112.995	198.272	0.18823529411764706	0.3137254901960784	0.9725490196078431
G	N3_2	186.345	110.88	197.755	0.18823529411764706	0.3137254901960784	0.9725490196078431
G	C4_2	186.565	110.05	196.713	0.5647058823529412	0.5647058823529412	0.5647058823529412
