C	P_1	261.362	136.808	216.684	1.0	0.5019607843137255	0.0
C	OP1_1	260.856	135.451	217.04	1.0	0.050980392156862744	0.050980392156862744
C	OP2_1	260.641	138.009	217.178	1.0	0.050980392156862744	0.050980392156862744
C	O5'_1	262.882	136.915	217.156	1.0	0.050980392156862744	0.050980392156862744
C	C5'_1	263.858	135.933	216.748	0.5647058823529412	0.5647058823529412	0.5647058823529412
C	C4'_1	265.249	136.362	217.165	0.5647058823529412	0.5647058823529412	0.5647058823529412
C	O4'_1	265.589	137.61	216.512	1.0	0.050980392156862744	0.050980392156862744
C	C3'_1	265.456	136.63	218.649	0.5647058823529412	0.5647058823529412	0.5647058823529412
C	O3'_1	265.731	135.394	219.327	1.0	0.050980392156862744	0.050980392156862744
C	C2'_1	266.656	137.578	218.654	0.5647058823529412	0.5647058823529412	0.5647058823529412
C	O2'_1	267.896	136.904	218.567	1.0	0.050980392156862744	0.050980392156862744
C	C1'_1	266.435	138.369	217.358	0.5647058823529412	0.5647058823529412	0.5647058823529412
C	N1_1	265.888	139.735	217.479	0.18823529411764706	0.3137254901960784	0.9725490196078431
C	C2_1	266.762	140.804	217.782	0.5647058823529412	0.5647058823529412	0.5647058823529412
C	O2_1	267.969	140.569	217.979	1.0	0.050980392156862744	0.050980392156862744
C	N3_1	266.264	142.061	217.848	0.18823529411764706	0.3137254901960784	0.9725490196078431
C	C4_1	264.962	142.278	217.631	0.5647058823529412	0.5647058823529412	0.5647058823529412
C	N4_1	264.52	143.532	217.691	0.18823529411764706	0.3137254901960784	0.9725490196078431
C	C5_1	264.055	141.215	217.34	0.5647058823529412	0.5647058823529412	0.5647058823529412
C	C6_1	264.554	139.973	217.28	0.5647058823529412	0.5647058823529412	0.5647058823529412
G	P_2	271.557	152.343	219.756	1.0	0.5019607843137255	0.0
G	OP1_2	272.663	153.322	219.55	1.0	0.050980392156862744	0.050980392156862744
G	OP2_2	270.298	152.479	218.971	1.0	0.050980392156862744	0.050980392156862744
G	O5'_2	272.145	150.884	219.515	1.0	0.050980392156862744	0.050980392156862744
G	C5'_2	273.351	150.462	220.175	0.5647058823529412	0.5647058823529412	0.5647058823529412
G	C4'_2	273.472	148.957	220.131	0.5647058823529412	0.5647058823529412	0.5647058823529412
G	O4'_2	272.366	148.354	220.856	1.0	0.050980392156862744	0.050980392156862744
G	C3'_2	273.391	148.323	218.752	0.5647058823529412	0.5647058823529412	0.5647058823529412
G	O3'_2	274.634	148.411	218.055	1.0	0.050980392156862744	0.050980392156862744
G	C2'_2	272.991	146.89	219.085	0.5647058823529412	0.5647058823529412	0.5647058823529412
G	O2'_2	274.073	146.103	219.546	1.0	0.050980392156862744	0.050980392156862744
G	C1'_2	272.015	147.117	220.245	0.5647058823529412	0.5647058823529412	0.5647058823529412
G	N9_2	270.621	147.187	219.809	0.18823529411764706	0.3137254901960784	0.9725490196078431
G	C8_2	269.884	148.32	219.543	0.5647058823529412	0.5647058823529412	0.5647058823529412
G	N7_2	268.664	148.061	219.154	0.18823529411764706	0.3137254901960784	0.9725490196078431
G	C5_2	268.589	146.674	219.161	0.5647058823529412	0.5647058823529412	0.5647058823529412
G	C6_2	267.515	145.813	218.822	0.5647058823529412	0.5647058823529412	0.5647058823529412
G	O6_2	266.384	146.116	218.43	1.0	0.050980392156862744	0.050980392156862744
G	N1_2	267.863	144.474	218.975	0.18823529411764706	0.3137254901960784	0.9725490196078431
G	C2_2	269.088	144.019	219.398	0.5647058823529412	0.5647058823529412	0.5647058823529412
G	N2_2	269.224	142.684	219.492	0.18823529411764706	0.3137254901960784	0.9725490196078431
G	N3_2	270.105	144.814	219.71	0.18823529411764706	0.3137254901960784	0.9725490196078431
G	C4_2	269.786	146.119	219.57	0.5647058823529412	0.5647058823529412	0.5647058823529412
