C	P_1	125.218	206.771	237.472	1.0	0.5019607843137255	0.0
C	OP1_1	124.178	206.291	238.435	1.0	0.050980392156862744	0.050980392156862744
C	OP2_1	126.409	205.923	237.195	1.0	0.050980392156862744	0.050980392156862744
C	O5'_1	124.507	207.102	236.08	1.0	0.050980392156862744	0.050980392156862744
C	C5'_1	123.311	207.905	236.035	0.5647058823529412	0.5647058823529412	0.5647058823529412
C	C4'_1	122.838	208.084	234.608	0.5647058823529412	0.5647058823529412	0.5647058823529412
C	O4'_1	123.81	208.852	233.849	1.0	0.050980392156862744	0.050980392156862744
C	C3'_1	122.678	206.839	233.745	0.5647058823529412	0.5647058823529412	0.5647058823529412
C	O3'_1	121.511	206.075	234.037	1.0	0.050980392156862744	0.050980392156862744
C	C2'_1	122.601	207.451	232.352	0.5647058823529412	0.5647058823529412	0.5647058823529412
C	O2'_1	121.346	208.036	232.067	1.0	0.050980392156862744	0.050980392156862744
C	C1'_1	123.645	208.563	232.463	0.5647058823529412	0.5647058823529412	0.5647058823529412
C	N1_1	124.932	208.139	231.877	0.18823529411764706	0.3137254901960784	0.9725490196078431
C	C2_1	125.09	208.243	230.479	0.5647058823529412	0.5647058823529412	0.5647058823529412
C	O2_1	124.151	208.708	229.796	1.0	0.050980392156862744	0.050980392156862744
C	N3_1	126.251	207.838	229.913	0.18823529411764706	0.3137254901960784	0.9725490196078431
C	C4_1	127.232	207.35	230.679	0.5647058823529412	0.5647058823529412	0.5647058823529412
C	N4_1	128.354	206.959	230.073	0.18823529411764706	0.3137254901960784	0.9725490196078431
C	C5_1	127.102	207.24	232.1	0.5647058823529412	0.5647058823529412	0.5647058823529412
C	C6_1	125.948	207.643	232.652	0.5647058823529412	0.5647058823529412	0.5647058823529412
G	P_2	128.247	209.535	217.964	1.0	0.5019607843137255	0.0
G	OP1_2	128.122	210.548	216.877	1.0	0.050980392156862744	0.050980392156862744
G	OP2_2	129.54	209.385	218.683	1.0	0.050980392156862744	0.050980392156862744
G	O5'_2	127.102	209.817	219.036	1.0	0.050980392156862744	0.050980392156862744
G	C5'_2	125.727	209.867	218.626	0.5647058823529412	0.5647058823529412	0.5647058823529412
G	C4'_2	124.804	209.93	219.825	0.5647058823529412	0.5647058823529412	0.5647058823529412
G	O4'_2	124.908	208.715	220.618	1.0	0.050980392156862744	0.050980392156862744
G	C3'_2	125.061	211.01	220.862	0.5647058823529412	0.5647058823529412	0.5647058823529412
G	O3'_2	124.639	212.302	220.429	1.0	0.050980392156862744	0.050980392156862744
G	C2'_2	124.218	210.502	222.028	0.5647058823529412	0.5647058823529412	0.5647058823529412
G	O2'_2	122.836	210.749	221.855	1.0	0.050980392156862744	0.050980392156862744
G	C1'_2	124.464	208.992	221.94	0.5647058823529412	0.5647058823529412	0.5647058823529412
G	N9_2	125.472	208.544	222.898	0.18823529411764706	0.3137254901960784	0.9725490196078431
G	C8_2	126.77	208.157	222.642	0.5647058823529412	0.5647058823529412	0.5647058823529412
G	N7_2	127.434	207.838	223.725	0.18823529411764706	0.3137254901960784	0.9725490196078431
G	C5_2	126.521	208.021	224.761	0.5647058823529412	0.5647058823529412	0.5647058823529412
G	C6_2	126.666	207.842	226.176	0.5647058823529412	0.5647058823529412	0.5647058823529412
G	O6_2	127.668	207.48	226.811	1.0	0.050980392156862744	0.050980392156862744
G	N1_2	125.485	208.138	226.854	0.18823529411764706	0.3137254901960784	0.9725490196078431
G	C2_2	124.314	208.555	226.26	0.5647058823529412	0.5647058823529412	0.5647058823529412
G	N2_2	123.28	208.788	227.088	0.18823529411764706	0.3137254901960784	0.9725490196078431
G	N3_2	124.166	208.732	224.952	0.18823529411764706	0.3137254901960784	0.9725490196078431
G	C4_2	125.301	208.447	224.268	0.5647058823529412	0.5647058823529412	0.5647058823529412
