C	P_1	190.415	132.915	205.238	1.0	0.5019607843137255	0.0
C	OP1_1	189.314	133.141	204.267	1.0	0.050980392156862744	0.050980392156862744
C	OP2_1	191.811	132.801	204.74	1.0	0.050980392156862744	0.050980392156862744
C	O5'_1	190.367	134.089	206.317	1.0	0.050980392156862744	0.050980392156862744
C	C5'_1	189.175	134.334	207.099	0.5647058823529412	0.5647058823529412	0.5647058823529412
C	C4'_1	189.499	135.196	208.302	0.5647058823529412	0.5647058823529412	0.5647058823529412
C	O4'_1	190.433	134.488	209.16	1.0	0.050980392156862744	0.050980392156862744
C	C3'_1	190.192	136.52	208.013	0.5647058823529412	0.5647058823529412	0.5647058823529412
C	O3'_1	189.267	137.538	207.633	1.0	0.050980392156862744	0.050980392156862744
C	C2'_1	190.886	136.819	209.337	0.5647058823529412	0.5647058823529412	0.5647058823529412
C	O2'_1	190.009	137.34	210.318	1.0	0.050980392156862744	0.050980392156862744
C	C1'_1	191.332	135.415	209.758	0.5647058823529412	0.5647058823529412	0.5647058823529412
C	N1_1	192.712	135.077	209.342	0.18823529411764706	0.3137254901960784	0.9725490196078431
C	C2_1	193.775	135.338	210.23	0.5647058823529412	0.5647058823529412	0.5647058823529412
C	O2_1	193.531	135.859	211.336	1.0	0.050980392156862744	0.050980392156862744
C	N3_1	195.038	135.02	209.853	0.18823529411764706	0.3137254901960784	0.9725490196078431
C	C4_1	195.263	134.475	208.651	0.5647058823529412	0.5647058823529412	0.5647058823529412
C	N4_1	196.524	134.181	208.324	0.18823529411764706	0.3137254901960784	0.9725490196078431
C	C5_1	194.206	134.208	207.733	0.5647058823529412	0.5647058823529412	0.5647058823529412
C	C6_1	192.96	134.519	208.115	0.5647058823529412	0.5647058823529412	0.5647058823529412
G	P_2	205.212	136.86	215.886	1.0	0.5019607843137255	0.0
G	OP1_2	205.925	136.817	217.2	1.0	0.050980392156862744	0.050980392156862744
G	OP2_2	205.377	135.736	214.923	1.0	0.050980392156862744	0.050980392156862744
G	O5'_2	203.654	137.044	216.171	1.0	0.050980392156862744	0.050980392156862744
G	C5'_2	203.185	138.115	217.009	0.5647058823529412	0.5647058823529412	0.5647058823529412
G	C4'_2	201.714	138.371	216.768	0.5647058823529412	0.5647058823529412	0.5647058823529412
G	O4'_2	201.497	138.726	215.373	1.0	0.050980392156862744	0.050980392156862744
G	C3'_2	200.766	137.2	216.985	0.5647058823529412	0.5647058823529412	0.5647058823529412
G	O3'_2	200.48	137.002	218.37	1.0	0.050980392156862744	0.050980392156862744
G	C2'_2	199.539	137.64	216.19	0.5647058823529412	0.5647058823529412	0.5647058823529412
G	O2'_2	198.743	138.59	216.869	1.0	0.050980392156862744	0.050980392156862744
G	C1'_2	200.193	138.316	214.979	0.5647058823529412	0.5647058823529412	0.5647058823529412
G	N9_2	200.297	137.415	213.834	0.18823529411764706	0.3137254901960784	0.9725490196078431
G	C8_2	201.402	136.706	213.419	0.5647058823529412	0.5647058823529412	0.5647058823529412
G	N7_2	201.167	135.949	212.38	0.18823529411764706	0.3137254901960784	0.9725490196078431
G	C5_2	199.826	136.175	212.086	0.5647058823529412	0.5647058823529412	0.5647058823529412
G	C6_2	198.996	135.627	211.058	0.5647058823529412	0.5647058823529412	0.5647058823529412
G	O6_2	199.29	134.797	210.186	1.0	0.050980392156862744	0.050980392156862744
G	N1_2	197.702	136.142	211.115	0.18823529411764706	0.3137254901960784	0.9725490196078431
G	C2_2	197.255	137.06	212.038	0.5647058823529412	0.5647058823529412	0.5647058823529412
G	N2_2	195.972	137.442	211.922	0.18823529411764706	0.3137254901960784	0.9725490196078431
G	N3_2	198.013	137.571	213.004	0.18823529411764706	0.3137254901960784	0.9725490196078431
G	C4_2	199.278	137.088	212.966	0.5647058823529412	0.5647058823529412	0.5647058823529412
