C	P_1	149.405	275.013	170.031	1.0	0.5019607843137255	0.0
C	OP1_1	150.412	275.186	168.945	1.0	0.050980392156862744	0.050980392156862744
C	OP2_1	149.69	274.08	171.152	1.0	0.050980392156862744	0.050980392156862744
C	O5'_1	149.077	276.446	170.649	1.0	0.050980392156862744	0.050980392156862744
C	C5'_1	148.527	277.495	169.824	0.5647058823529412	0.5647058823529412	0.5647058823529412
C	C4'_1	148.219	278.716	170.656	0.5647058823529412	0.5647058823529412	0.5647058823529412
C	O4'_1	147.12	278.439	171.565	1.0	0.050980392156862744	0.050980392156862744
C	C3'_1	149.333	279.205	171.568	0.5647058823529412	0.5647058823529412	0.5647058823529412
C	O3'_1	150.326	279.943	170.858	1.0	0.050980392156862744	0.050980392156862744
C	C2'_1	148.56	280.043	172.579	0.5647058823529412	0.5647058823529412	0.5647058823529412
C	O2'_1	148.192	281.314	172.086	1.0	0.050980392156862744	0.050980392156862744
C	C1'_1	147.295	279.197	172.757	0.5647058823529412	0.5647058823529412	0.5647058823529412
C	N1_1	147.399	278.276	173.909	0.18823529411764706	0.3137254901960784	0.9725490196078431
C	C2_1	147.081	278.761	175.196	0.5647058823529412	0.5647058823529412	0.5647058823529412
C	O2_1	146.688	279.939	175.322	1.0	0.050980392156862744	0.050980392156862744
C	N3_1	147.212	277.933	176.259	0.18823529411764706	0.3137254901960784	0.9725490196078431
C	C4_1	147.633	276.675	176.081	0.5647058823529412	0.5647058823529412	0.5647058823529412
C	N4_1	147.763	275.905	177.16	0.18823529411764706	0.3137254901960784	0.9725490196078431
C	C5_1	147.942	276.154	174.788	0.5647058823529412	0.5647058823529412	0.5647058823529412
C	C6_1	147.812	276.979	173.742	0.5647058823529412	0.5647058823529412	0.5647058823529412
G	P_2	145.436	279.082	188.022	1.0	0.5019607843137255	0.0
G	OP1_2	144.475	279.453	189.104	1.0	0.050980392156862744	0.050980392156862744
G	OP2_2	145.517	277.664	187.566	1.0	0.050980392156862744	0.050980392156862744
G	O5'_2	145.136	279.999	186.75	1.0	0.050980392156862744	0.050980392156862744
G	C5'_2	145.085	281.434	186.874	0.5647058823529412	0.5647058823529412	0.5647058823529412
G	C4'_2	145.046	282.091	185.509	0.5647058823529412	0.5647058823529412	0.5647058823529412
G	O4'_2	146.281	281.826	184.787	1.0	0.050980392156862744	0.050980392156862744
G	C3'_2	143.972	281.629	184.536	0.5647058823529412	0.5647058823529412	0.5647058823529412
G	O3'_2	142.69	282.184	184.817	1.0	0.050980392156862744	0.050980392156862744
G	C2'_2	144.525	282.138	183.21	0.5647058823529412	0.5647058823529412	0.5647058823529412
G	O2'_2	144.334	283.528	183.031	1.0	0.050980392156862744	0.050980392156862744
G	C1'_2	146.019	281.855	183.387	0.5647058823529412	0.5647058823529412	0.5647058823529412
G	N9_2	146.401	280.573	182.792	0.18823529411764706	0.3137254901960784	0.9725490196078431
G	C8_2	146.627	279.375	183.439	0.5647058823529412	0.5647058823529412	0.5647058823529412
G	N7_2	146.931	278.398	182.622	0.18823529411764706	0.3137254901960784	0.9725490196078431
G	C5_2	146.909	278.983	181.359	0.5647058823529412	0.5647058823529412	0.5647058823529412
G	C6_2	147.156	278.417	180.078	0.5647058823529412	0.5647058823529412	0.5647058823529412
G	O6_2	147.447	277.247	179.798	1.0	0.050980392156862744	0.050980392156862744
G	N1_2	147.034	279.369	179.066	0.18823529411764706	0.3137254901960784	0.9725490196078431
G	C2_2	146.714	280.691	179.259	0.5647058823529412	0.5647058823529412	0.5647058823529412
G	N2_2	146.645	281.451	178.152	0.18823529411764706	0.3137254901960784	0.9725490196078431
G	N3_2	146.478	281.23	180.445	0.18823529411764706	0.3137254901960784	0.9725490196078431
G	C4_2	146.593	280.326	181.444	0.5647058823529412	0.5647058823529412	0.5647058823529412
