G	P_1	260.621	232.401	163.907	1.0	0.5019607843137255	0.0
G	OP1_1	259.354	232.327	164.687	1.0	0.050980392156862744	0.050980392156862744
G	OP2_1	260.717	233.333	162.752	1.0	0.050980392156862744	0.050980392156862744
G	O5'_1	261.807	232.737	164.918	1.0	0.050980392156862744	0.050980392156862744
G	C5'_1	261.992	231.971	166.127	0.5647058823529412	0.5647058823529412	0.5647058823529412
G	C4'_1	263.3	232.352	166.795	0.5647058823529412	0.5647058823529412	0.5647058823529412
G	O4'_1	264.421	232.006	165.932	1.0	0.050980392156862744	0.050980392156862744
G	C3'_1	263.502	233.834	167.075	0.5647058823529412	0.5647058823529412	0.5647058823529412
G	O3'_1	262.833	234.243	168.27	1.0	0.050980392156862744	0.050980392156862744
G	C2'_1	265.018	233.935	167.191	0.5647058823529412	0.5647058823529412	0.5647058823529412
G	O2'_1	265.496	233.484	168.444	1.0	0.050980392156862744	0.050980392156862744
G	C1'_1	265.469	232.952	166.107	0.5647058823529412	0.5647058823529412	0.5647058823529412
G	N9_1	265.766	233.58	164.818	0.18823529411764706	0.3137254901960784	0.9725490196078431
G	C8_1	265.077	233.42	163.636	0.5647058823529412	0.5647058823529412	0.5647058823529412
G	N7_1	265.595	234.093	162.642	0.18823529411764706	0.3137254901960784	0.9725490196078431
G	C5_1	266.689	234.747	163.196	0.5647058823529412	0.5647058823529412	0.5647058823529412
G	C6_1	267.638	235.627	162.598	0.5647058823529412	0.5647058823529412	0.5647058823529412
G	O6_1	267.694	236.016	161.424	1.0	0.050980392156862744	0.050980392156862744
G	N1_1	268.589	236.059	163.519	0.18823529411764706	0.3137254901960784	0.9725490196078431
G	C2_1	268.626	235.694	164.845	0.5647058823529412	0.5647058823529412	0.5647058823529412
G	N2_1	269.636	236.198	165.572	0.18823529411764706	0.3137254901960784	0.9725490196078431
G	N3_1	267.74	234.884	165.419	0.18823529411764706	0.3137254901960784	0.9725490196078431
G	C4_1	266.809	234.447	164.54	0.5647058823529412	0.5647058823529412	0.5647058823529412
C	P_2	276.423	239.868	159.717	1.0	0.5019607843137255	0.0
C	OP1_2	276.453	241.078	158.846	1.0	0.050980392156862744	0.050980392156862744
C	OP2_2	277.667	239.076	159.928	1.0	0.050980392156862744	0.050980392156862744
C	O5'_2	275.848	240.309	161.138	1.0	0.050980392156862744	0.050980392156862744
C	C5'_2	276.711	240.564	162.271	0.5647058823529412	0.5647058823529412	0.5647058823529412
C	C4'_2	276.06	240.048	163.538	0.5647058823529412	0.5647058823529412	0.5647058823529412
C	O4'_2	274.686	240.525	163.575	1.0	0.050980392156862744	0.050980392156862744
C	C3'_2	275.932	238.531	163.633	0.5647058823529412	0.5647058823529412	0.5647058823529412
C	O3'_2	277.12	237.95	164.175	1.0	0.050980392156862744	0.050980392156862744
C	C2'_2	274.728	238.351	164.552	0.5647058823529412	0.5647058823529412	0.5647058823529412
C	O2'_2	275.038	238.5	165.923	1.0	0.050980392156862744	0.050980392156862744
C	C1'_2	273.84	239.518	164.112	0.5647058823529412	0.5647058823529412	0.5647058823529412
C	N1_2	272.829	239.141	163.097	0.18823529411764706	0.3137254901960784	0.9725490196078431
C	C2_2	271.723	238.354	163.498	0.5647058823529412	0.5647058823529412	0.5647058823529412
C	O2_2	271.629	238.009	164.692	1.0	0.050980392156862744	0.050980392156862744
C	N3_2	270.795	237.999	162.576	0.18823529411764706	0.3137254901960784	0.9725490196078431
C	C4_2	270.929	238.399	161.307	0.5647058823529412	0.5647058823529412	0.5647058823529412
C	N4_2	269.988	238.031	160.435	0.18823529411764706	0.3137254901960784	0.9725490196078431
C	C5_2	272.035	239.196	160.874	0.5647058823529412	0.5647058823529412	0.5647058823529412
C	C6_2	272.952	239.539	161.791	0.5647058823529412	0.5647058823529412	0.5647058823529412
