C	P_1	299.589	193.495	183.525	1.0	0.5019607843137255	0.0
C	OP1_1	300.281	194.78	183.214	1.0	0.050980392156862744	0.050980392156862744
C	OP2_1	298.92	193.323	184.842	1.0	0.050980392156862744	0.050980392156862744
C	O5'_1	298.514	193.212	182.382	1.0	0.050980392156862744	0.050980392156862744
C	C5'_1	298.88	193.28	180.993	0.5647058823529412	0.5647058823529412	0.5647058823529412
C	C4'_1	297.677	193.024	180.118	0.5647058823529412	0.5647058823529412	0.5647058823529412
C	O4'_1	297.256	191.641	180.248	1.0	0.050980392156862744	0.050980392156862744
C	C3'_1	296.426	193.824	180.447	0.5647058823529412	0.5647058823529412	0.5647058823529412
C	O3'_1	296.495	195.149	179.919	1.0	0.050980392156862744	0.050980392156862744
C	C2'_1	295.334	192.978	179.803	0.5647058823529412	0.5647058823529412	0.5647058823529412
C	O2'_1	295.253	193.167	178.406	1.0	0.050980392156862744	0.050980392156862744
C	C1'_1	295.846	191.56	180.084	0.5647058823529412	0.5647058823529412	0.5647058823529412
C	N1_1	295.253	190.93	181.284	0.18823529411764706	0.3137254901960784	0.9725490196078431
C	C2_1	294.083	190.151	181.138	0.5647058823529412	0.5647058823529412	0.5647058823529412
C	O2_1	293.593	189.994	180.001	1.0	0.050980392156862744	0.050980392156862744
C	N3_1	293.525	189.589	182.24	0.18823529411764706	0.3137254901960784	0.9725490196078431
C	C4_1	294.083	189.774	183.443	0.5647058823529412	0.5647058823529412	0.5647058823529412
C	N4_1	293.492	189.214	184.499	0.18823529411764706	0.3137254901960784	0.9725490196078431
C	C5_1	295.272	190.545	183.615	0.5647058823529412	0.5647058823529412	0.5647058823529412
C	C6_1	295.818	191.099	182.521	0.5647058823529412	0.5647058823529412	0.5647058823529412
G	P_2	283.011	184.113	183.924	1.0	0.5019607843137255	0.0
G	OP1_2	282.286	182.856	183.584	1.0	0.050980392156862744	0.050980392156862744
G	OP2_2	283.865	184.162	185.144	1.0	0.050980392156862744	0.050980392156862744
G	O5'_2	283.908	184.517	182.668	1.0	0.050980392156862744	0.050980392156862744
G	C5'_2	283.303	184.752	181.381	0.5647058823529412	0.5647058823529412	0.5647058823529412
G	C4'_2	284.289	185.409	180.444	0.5647058823529412	0.5647058823529412	0.5647058823529412
G	O4'_2	284.735	186.673	181.0	1.0	0.050980392156862744	0.050980392156862744
G	C3'_2	285.582	184.658	180.18	0.5647058823529412	0.5647058823529412	0.5647058823529412
G	O3'_2	285.365	183.643	179.202	1.0	0.050980392156862744	0.050980392156862744
G	C2'_2	286.498	185.77	179.675	0.5647058823529412	0.5647058823529412	0.5647058823529412
G	O2'_2	286.278	186.1	178.318	1.0	0.050980392156862744	0.050980392156862744
G	C1'_2	286.043	186.956	180.532	0.5647058823529412	0.5647058823529412	0.5647058823529412
G	N9_2	286.905	187.238	181.672	0.18823529411764706	0.3137254901960784	0.9725490196078431
G	C8_2	286.644	186.987	182.998	0.5647058823529412	0.5647058823529412	0.5647058823529412
G	N7_2	287.618	187.347	183.79	0.18823529411764706	0.3137254901960784	0.9725490196078431
G	C5_2	288.579	187.869	182.935	0.5647058823529412	0.5647058823529412	0.5647058823529412
G	C6_2	289.859	188.413	183.217	0.5647058823529412	0.5647058823529412	0.5647058823529412
G	O6_2	290.41	188.545	184.315	1.0	0.050980392156862744	0.050980392156862744
G	N1_2	290.511	188.823	182.052	0.18823529411764706	0.3137254901960784	0.9725490196078431
G	C2_2	289.997	188.72	180.779	0.5647058823529412	0.5647058823529412	0.5647058823529412
G	N2_2	290.786	189.163	179.781	0.18823529411764706	0.3137254901960784	0.9725490196078431
G	N3_2	288.798	188.217	180.505	0.18823529411764706	0.3137254901960784	0.9725490196078431
G	C4_2	288.151	187.813	181.624	0.5647058823529412	0.5647058823529412	0.5647058823529412
