G	P_1	271.06	203.609	266.401	1.0	0.5019607843137255	0.0
G	OP1_1	271.122	202.474	267.368	1.0	0.050980392156862744	0.050980392156862744
G	OP2_1	269.768	204.322	266.19	1.0	0.050980392156862744	0.050980392156862744
G	O5'_1	272.16	204.683	266.825	1.0	0.050980392156862744	0.050980392156862744
G	C5'_1	273.554	204.316	266.933	0.5647058823529412	0.5647058823529412	0.5647058823529412
G	C4'_1	274.409	205.55	267.108	0.5647058823529412	0.5647058823529412	0.5647058823529412
G	O4'_1	274.425	206.328	265.879	1.0	0.050980392156862744	0.050980392156862744
G	C3'_1	273.926	206.534	268.162	0.5647058823529412	0.5647058823529412	0.5647058823529412
G	O3'_1	274.284	206.123	269.481	1.0	0.050980392156862744	0.050980392156862744
G	C2'_1	274.588	207.834	267.716	0.5647058823529412	0.5647058823529412	0.5647058823529412
G	O2'_1	275.951	207.926	268.082	1.0	0.050980392156862744	0.050980392156862744
G	C1'_1	274.476	207.716	266.192	0.5647058823529412	0.5647058823529412	0.5647058823529412
G	N9_1	273.281	208.359	265.648	0.18823529411764706	0.3137254901960784	0.9725490196078431
G	C8_1	272.068	207.767	265.376	0.5647058823529412	0.5647058823529412	0.5647058823529412
G	N7_1	271.185	208.603	264.899	0.18823529411764706	0.3137254901960784	0.9725490196078431
G	C5_1	271.851	209.821	264.852	0.5647058823529412	0.5647058823529412	0.5647058823529412
G	C6_1	271.4	211.099	264.424	0.5647058823529412	0.5647058823529412	0.5647058823529412
G	O6_1	270.287	211.419	263.991	1.0	0.050980392156862744	0.050980392156862744
G	N1_1	272.401	212.06	264.54	0.18823529411764706	0.3137254901960784	0.9725490196078431
G	C2_1	273.671	211.826	265.012	0.5647058823529412	0.5647058823529412	0.5647058823529412
G	N2_1	274.495	212.888	265.049	0.18823529411764706	0.3137254901960784	0.9725490196078431
G	N3_1	274.102	210.639	265.418	0.18823529411764706	0.3137254901960784	0.9725490196078431
G	C4_1	273.146	209.689	265.309	0.5647058823529412	0.5647058823529412	0.5647058823529412
C	P_2	269.473	221.113	261.414	1.0	0.5019607843137255	0.0
C	OP1_2	269.742	222.347	260.62	1.0	0.050980392156862744	0.050980392156862744
C	OP2_2	268.713	219.992	260.796	1.0	0.050980392156862744	0.050980392156862744
C	O5'_2	270.86	220.528	261.935	1.0	0.050980392156862744	0.050980392156862744
C	C5'_2	271.86	221.393	262.51	0.5647058823529412	0.5647058823529412	0.5647058823529412
C	C4'_2	273.063	220.588	262.932	0.5647058823529412	0.5647058823529412	0.5647058823529412
C	O4'_2	272.71	219.734	264.054	1.0	0.050980392156862744	0.050980392156862744
C	C3'_2	273.596	219.616	261.892	0.5647058823529412	0.5647058823529412	0.5647058823529412
C	O3'_2	274.392	220.254	260.899	1.0	0.050980392156862744	0.050980392156862744
C	C2'_2	274.365	218.624	262.754	0.5647058823529412	0.5647058823529412	0.5647058823529412
C	O2'_2	275.622	219.113	263.178	1.0	0.050980392156862744	0.050980392156862744
C	C1'_2	273.435	218.512	263.966	0.5647058823529412	0.5647058823529412	0.5647058823529412
C	N1_2	272.478	217.389	263.849	0.18823529411764706	0.3137254901960784	0.9725490196078431
C	C2_2	272.866	216.11	264.304	0.5647058823529412	0.5647058823529412	0.5647058823529412
C	O2_2	273.984	215.963	264.828	1.0	0.050980392156862744	0.050980392156862744
C	N3_2	272.008	215.074	264.159	0.18823529411764706	0.3137254901960784	0.9725490196078431
C	C4_2	270.809	215.271	263.6	0.5647058823529412	0.5647058823529412	0.5647058823529412
C	N4_2	270.004	214.219	263.465	0.18823529411764706	0.3137254901960784	0.9725490196078431
C	C5_2	270.384	216.558	263.15	0.5647058823529412	0.5647058823529412	0.5647058823529412
C	C6_2	271.239	217.576	263.293	0.5647058823529412	0.5647058823529412	0.5647058823529412
