G	P_1	147.339	130.019	146.037	1.0	0.5019607843137255	0.0
G	OP1_1	146.042	130.747	145.914	1.0	0.050980392156862744	0.050980392156862744
G	OP2_1	147.709	129.403	147.34	1.0	0.050980392156862744	0.050980392156862744
G	O5'_1	147.382	128.887	144.91	1.0	0.050980392156862744	0.050980392156862744
G	C5'_1	146.957	129.173	143.56	0.5647058823529412	0.5647058823529412	0.5647058823529412
G	C4'_1	147.273	128.011	142.637	0.5647058823529412	0.5647058823529412	0.5647058823529412
G	O4'_1	148.71	127.798	142.571	1.0	0.050980392156862744	0.050980392156862744
G	C3'_1	146.729	126.641	143.02	0.5647058823529412	0.5647058823529412	0.5647058823529412
G	O3'_1	145.346	126.497	142.68	1.0	0.050980392156862744	0.050980392156862744
G	C2'_1	147.617	125.711	142.195	0.5647058823529412	0.5647058823529412	0.5647058823529412
G	O2'_1	147.22	125.627	140.838	1.0	0.050980392156862744	0.050980392156862744
G	C1'_1	148.97	126.43	142.275	0.5647058823529412	0.5647058823529412	0.5647058823529412
G	N9_1	149.877	125.882	143.285	0.18823529411764706	0.3137254901960784	0.9725490196078431
G	C8_1	150.224	126.443	144.494	0.5647058823529412	0.5647058823529412	0.5647058823529412
G	N7_1	151.066	125.713	145.177	0.18823529411764706	0.3137254901960784	0.9725490196078431
G	C5_1	151.293	124.601	144.374	0.5647058823529412	0.5647058823529412	0.5647058823529412
G	C6_1	152.115	123.465	144.591	0.5647058823529412	0.5647058823529412	0.5647058823529412
G	O6_1	152.838	123.212	145.561	1.0	0.050980392156862744	0.050980392156862744
G	N1_1	152.043	122.571	143.526	0.18823529411764706	0.3137254901960784	0.9725490196078431
G	C2_1	151.282	122.748	142.396	0.5647058823529412	0.5647058823529412	0.5647058823529412
G	N2_1	151.343	121.769	141.48	0.18823529411764706	0.3137254901960784	0.9725490196078431
G	N3_1	150.515	123.806	142.18	0.18823529411764706	0.3137254901960784	0.9725490196078431
G	C4_1	150.566	124.686	143.204	0.5647058823529412	0.5647058823529412	0.5647058823529412
C	P_2	159.04	115.241	143.568	1.0	0.5019607843137255	0.0
C	OP1_2	160.061	114.456	142.812	1.0	0.050980392156862744	0.050980392156862744
C	OP2_2	159.477	116.375	144.424	1.0	0.050980392156862744	0.050980392156862744
C	O5'_2	157.95	115.79	142.538	1.0	0.050980392156862744	0.050980392156862744
C	C5'_2	157.514	114.99	141.416	0.5647058823529412	0.5647058823529412	0.5647058823529412
C	C4'_2	156.494	115.746	140.592	0.5647058823529412	0.5647058823529412	0.5647058823529412
C	O4'_2	155.315	115.999	141.401	1.0	0.050980392156862744	0.050980392156862744
C	C3'_2	156.909	117.124	140.095	0.5647058823529412	0.5647058823529412	0.5647058823529412
C	O3'_2	157.699	117.045	138.909	1.0	0.050980392156862744	0.050980392156862744
C	C2'_2	155.563	117.798	139.853	0.5647058823529412	0.5647058823529412	0.5647058823529412
C	O2'_2	154.965	117.409	138.636	1.0	0.050980392156862744	0.050980392156862744
C	C1'_2	154.736	117.24	141.017	0.5647058823529412	0.5647058823529412	0.5647058823529412
C	N1_2	154.667	118.127	142.199	0.18823529411764706	0.3137254901960784	0.9725490196078431
C	C2_2	153.669	119.121	142.246	0.5647058823529412	0.5647058823529412	0.5647058823529412
C	O2_2	152.875	119.229	141.297	1.0	0.050980392156862744	0.050980392156862744
C	N3_2	153.599	119.932	143.323	0.18823529411764706	0.3137254901960784	0.9725490196078431
C	C4_2	154.47	119.788	144.327	0.5647058823529412	0.5647058823529412	0.5647058823529412
C	N4_2	154.362	120.613	145.367	0.18823529411764706	0.3137254901960784	0.9725490196078431
C	C5_2	155.492	118.79	144.308	0.5647058823529412	0.5647058823529412	0.5647058823529412
C	C6_2	155.553	117.99	143.236	0.5647058823529412	0.5647058823529412	0.5647058823529412
