G	P_1	254.476	159.546	145.232	1.0	0.5019607843137255	0.0
G	OP1_1	255.007	158.277	144.659	1.0	0.050980392156862744	0.050980392156862744
G	OP2_1	255.26	160.266	146.277	1.0	0.050980392156862744	0.050980392156862744
G	O5'_1	254.203	160.56	144.033	1.0	0.050980392156862744	0.050980392156862744
G	C5'_1	253.432	160.152	142.884	0.5647058823529412	0.5647058823529412	0.5647058823529412
G	C4'_1	253.238	161.315	141.933	0.5647058823529412	0.5647058823529412	0.5647058823529412
G	O4'_1	252.394	162.331	142.54	1.0	0.050980392156862744	0.050980392156862744
G	C3'_1	254.488	162.079	141.523	0.5647058823529412	0.5647058823529412	0.5647058823529412
G	O3'_1	255.203	161.408	140.49	1.0	0.050980392156862744	0.050980392156862744
G	C2'_1	253.906	163.401	141.041	0.5647058823529412	0.5647058823529412	0.5647058823529412
G	O2'_1	253.368	163.309	139.736	1.0	0.050980392156862744	0.050980392156862744
G	C1'_1	252.766	163.611	142.044	0.5647058823529412	0.5647058823529412	0.5647058823529412
G	N9_1	253.166	164.459	143.166	0.18823529411764706	0.3137254901960784	0.9725490196078431
G	C8_1	253.519	164.064	144.439	0.5647058823529412	0.5647058823529412	0.5647058823529412
G	N7_1	253.854	165.063	145.214	0.18823529411764706	0.3137254901960784	0.9725490196078431
G	C5_1	253.71	166.186	144.408	0.5647058823529412	0.5647058823529412	0.5647058823529412
G	C6_1	253.935	167.559	144.694	0.5647058823529412	0.5647058823529412	0.5647058823529412
G	O6_1	254.318	168.072	145.753	1.0	0.050980392156862744	0.050980392156862744
G	N1_1	253.666	168.364	143.586	0.18823529411764706	0.3137254901960784	0.9725490196078431
G	C2_1	253.234	167.907	142.36	0.5647058823529412	0.5647058823529412	0.5647058823529412
G	N2_1	253.025	168.839	141.413	0.18823529411764706	0.3137254901960784	0.9725490196078431
G	N3_1	253.021	166.629	142.083	0.18823529411764706	0.3137254901960784	0.9725490196078431
G	C4_1	253.278	165.83	143.143	0.5647058823529412	0.5647058823529412	0.5647058823529412
C	P_2	253.42	178.068	144.495	1.0	0.5019607843137255	0.0
C	OP1_2	252.837	179.44	144.437	1.0	0.050980392156862744	0.050980392156862744
C	OP2_2	253.374	177.306	145.77	1.0	0.050980392156862744	0.050980392156862744
C	O5'_2	252.74	177.173	143.363	1.0	0.050980392156862744	0.050980392156862744
C	C5'_2	252.481	177.703	142.046	0.5647058823529412	0.5647058823529412	0.5647058823529412
C	C4'_2	252.189	176.579	141.079	0.5647058823529412	0.5647058823529412	0.5647058823529412
C	O4'_2	253.351	175.711	141.011	1.0	0.050980392156862744	0.050980392156862744
C	C3'_2	251.036	175.648	141.445	0.5647058823529412	0.5647058823529412	0.5647058823529412
C	O3'_2	249.775	176.178	141.023	1.0	0.050980392156862744	0.050980392156862744
C	C2'_2	251.403	174.372	140.695	0.5647058823529412	0.5647058823529412	0.5647058823529412
C	O2'_2	251.081	174.429	139.321	1.0	0.050980392156862744	0.050980392156862744
C	C1'_2	252.93	174.363	140.845	0.5647058823529412	0.5647058823529412	0.5647058823529412
C	N1_2	253.416	173.565	141.994	0.18823529411764706	0.3137254901960784	0.9725490196078431
C	C2_2	253.625	172.182	141.825	0.5647058823529412	0.5647058823529412	0.5647058823529412
C	O2_2	253.416	171.668	140.713	1.0	0.050980392156862744	0.050980392156862744
C	N3_2	254.052	171.45	142.879	0.18823529411764706	0.3137254901960784	0.9725490196078431
C	C4_2	254.279	172.041	144.058	0.5647058823529412	0.5647058823529412	0.5647058823529412
C	N4_2	254.701	171.276	145.069	0.18823529411764706	0.3137254901960784	0.9725490196078431
C	C5_2	254.084	173.439	144.254	0.5647058823529412	0.5647058823529412	0.5647058823529412
C	C6_2	253.657	174.155	143.208	0.5647058823529412	0.5647058823529412	0.5647058823529412
