C	P_1	246.781	124.217	247.276	1.0	0.5019607843137255	0.0
C	OP1_1	247.869	123.811	248.209	1.0	0.050980392156862744	0.050980392156862744
C	OP2_1	245.533	123.404	247.195	1.0	0.050980392156862744	0.050980392156862744
C	O5'_1	246.397	125.73	247.598	1.0	0.050980392156862744	0.050980392156862744
C	C5'_1	246.115	126.175	248.934	0.5647058823529412	0.5647058823529412	0.5647058823529412
C	C4'_1	246.59	127.598	249.111	0.5647058823529412	0.5647058823529412	0.5647058823529412
C	O4'_1	246.234	128.372	247.935	1.0	0.050980392156862744	0.050980392156862744
C	C3'_1	245.976	128.358	250.279	0.5647058823529412	0.5647058823529412	0.5647058823529412
C	O3'_1	246.64	128.089	251.518	1.0	0.050980392156862744	0.050980392156862744
C	C2'_1	246.116	129.806	249.826	0.5647058823529412	0.5647058823529412	0.5647058823529412
C	O2'_1	247.424	130.311	250.002	1.0	0.050980392156862744	0.050980392156862744
C	C1'_1	245.831	129.676	248.326	0.5647058823529412	0.5647058823529412	0.5647058823529412
C	N1_1	244.407	129.847	247.963	0.18823529411764706	0.3137254901960784	0.9725490196078431
C	C2_1	243.887	131.148	247.822	0.5647058823529412	0.5647058823529412	0.5647058823529412
C	O2_1	244.637	132.123	248.006	1.0	0.050980392156862744	0.050980392156862744
C	N3_1	242.583	131.299	247.49	0.18823529411764706	0.3137254901960784	0.9725490196078431
C	C4_1	241.81	130.221	247.298	0.5647058823529412	0.5647058823529412	0.5647058823529412
C	N4_1	240.532	130.415	246.973	0.18823529411764706	0.3137254901960784	0.9725490196078431
C	C5_1	242.313	128.897	247.432	0.5647058823529412	0.5647058823529412	0.5647058823529412
C	C6_1	243.6	128.757	247.764	0.5647058823529412	0.5647058823529412	0.5647058823529412
G	P_2	235.197	141.421	247.802	1.0	0.5019607843137255	0.0
G	OP1_2	234.903	142.761	247.224	1.0	0.050980392156862744	0.050980392156862744
G	OP2_2	235.012	140.205	246.966	1.0	0.050980392156862744	0.050980392156862744
G	O5'_2	236.698	141.42	248.349	1.0	0.050980392156862744	0.050980392156862744
G	C5'_2	237.814	141.148	247.47	0.5647058823529412	0.5647058823529412	0.5647058823529412
G	C4'_2	239.056	140.815	248.277	0.5647058823529412	0.5647058823529412	0.5647058823529412
G	O4'_2	238.775	139.699	249.168	1.0	0.050980392156862744	0.050980392156862744
G	C3'_2	240.253	140.346	247.461	0.5647058823529412	0.5647058823529412	0.5647058823529412
G	O3'_2	241.003	141.439	246.938	1.0	0.050980392156862744	0.050980392156862744
G	C2'_2	241.042	139.528	248.473	0.5647058823529412	0.5647058823529412	0.5647058823529412
G	O2'_2	241.799	140.329	249.36	1.0	0.050980392156862744	0.050980392156862744
G	C1'_2	239.911	138.848	249.247	0.5647058823529412	0.5647058823529412	0.5647058823529412
G	N9_2	239.54	137.537	248.713	0.18823529411764706	0.3137254901960784	0.9725490196078431
G	C8_2	238.305	137.161	248.231	0.5647058823529412	0.5647058823529412	0.5647058823529412
G	N7_2	238.264	135.92	247.827	0.18823529411764706	0.3137254901960784	0.9725490196078431
G	C5_2	239.55	135.443	248.053	0.5647058823529412	0.5647058823529412	0.5647058823529412
G	C6_2	240.105	134.162	247.812	0.5647058823529412	0.5647058823529412	0.5647058823529412
G	O6_2	239.55	133.163	247.339	1.0	0.050980392156862744	0.050980392156862744
G	N1_2	241.446	134.107	248.185	0.18823529411764706	0.3137254901960784	0.9725490196078431
G	C2_2	242.161	135.15	248.724	0.5647058823529412	0.5647058823529412	0.5647058823529412
G	N2_2	243.442	134.895	249.025	0.18823529411764706	0.3137254901960784	0.9725490196078431
G	N3_2	241.656	136.354	248.953	0.18823529411764706	0.3137254901960784	0.9725490196078431
G	C4_2	240.353	136.429	248.598	0.5647058823529412	0.5647058823529412	0.5647058823529412
