G	P_1	243.539	245.047	201.087	1.0	0.5019607843137255	0.0
G	OP1_1	243.183	245.789	202.337	1.0	0.050980392156862744	0.050980392156862744
G	OP2_1	244.542	245.627	200.15	1.0	0.050980392156862744	0.050980392156862744
G	O5'_1	244.034	243.591	201.494	1.0	0.050980392156862744	0.050980392156862744
G	C5'_1	243.245	242.779	202.379	0.5647058823529412	0.5647058823529412	0.5647058823529412
G	C4'_1	243.848	241.4	202.512	0.5647058823529412	0.5647058823529412	0.5647058823529412
G	O4'_1	243.72	240.67	201.262	1.0	0.050980392156862744	0.050980392156862744
G	C3'_1	245.338	241.326	202.812	0.5647058823529412	0.5647058823529412	0.5647058823529412
G	O3'_1	245.617	241.573	204.19	1.0	0.050980392156862744	0.050980392156862744
G	C2'_1	245.661	239.893	202.408	0.5647058823529412	0.5647058823529412	0.5647058823529412
G	O2'_1	245.267	238.945	203.38	1.0	0.050980392156862744	0.050980392156862744
G	C1'_1	244.78	239.726	201.165	0.5647058823529412	0.5647058823529412	0.5647058823529412
G	N9_1	245.512	239.939	199.918	0.18823529411764706	0.3137254901960784	0.9725490196078431
G	C8_1	245.532	241.068	199.125	0.5647058823529412	0.5647058823529412	0.5647058823529412
G	N7_1	246.288	240.938	198.063	0.18823529411764706	0.3137254901960784	0.9725490196078431
G	C5_1	246.798	239.648	198.159	0.5647058823529412	0.5647058823529412	0.5647058823529412
G	C6_1	247.684	238.938	197.301	0.5647058823529412	0.5647058823529412	0.5647058823529412
G	O6_1	248.212	239.323	196.25	1.0	0.050980392156862744	0.050980392156862744
G	N1_1	247.94	237.655	197.78	0.18823529411764706	0.3137254901960784	0.9725490196078431
G	C2_1	247.417	237.123	198.94	0.5647058823529412	0.5647058823529412	0.5647058823529412
G	N2_1	247.784	235.867	199.237	0.18823529411764706	0.3137254901960784	0.9725490196078431
G	N3_1	246.595	237.774	199.75	0.18823529411764706	0.3137254901960784	0.9725490196078431
G	C4_1	246.33	239.019	199.301	0.5647058823529412	0.5647058823529412	0.5647058823529412
C	P_2	253.434	232.277	191.088	1.0	0.5019607843137255	0.0
C	OP1_2	253.675	230.921	190.513	1.0	0.050980392156862744	0.050980392156862744
C	OP2_2	252.762	233.318	190.262	1.0	0.050980392156862744	0.050980392156862744
C	O5'_2	252.603	232.107	192.436	1.0	0.050980392156862744	0.050980392156862744
C	C5'_2	252.992	231.139	193.42	0.5647058823529412	0.5647058823529412	0.5647058823529412
C	C4'_2	252.082	231.228	194.614	0.5647058823529412	0.5647058823529412	0.5647058823529412
C	O4'_2	252.296	232.496	195.287	1.0	0.050980392156862744	0.050980392156862744
C	C3'_2	250.59	231.218	194.309	0.5647058823529412	0.5647058823529412	0.5647058823529412
C	O3'_2	250.099	229.895	194.096	1.0	0.050980392156862744	0.050980392156862744
C	C2'_2	250.009	231.869	195.556	0.5647058823529412	0.5647058823529412	0.5647058823529412
C	O2'_2	249.939	230.97	196.644	1.0	0.050980392156862744	0.050980392156862744
C	C1'_2	251.071	232.934	195.862	0.5647058823529412	0.5647058823529412	0.5647058823529412
C	N1_2	250.758	234.297	195.362	0.18823529411764706	0.3137254901960784	0.9725490196078431
C	C2_2	250.048	235.19	196.203	0.5647058823529412	0.5647058823529412	0.5647058823529412
C	O2_2	249.699	234.811	197.335	1.0	0.050980392156862744	0.050980392156862744
C	N3_2	249.771	236.44	195.754	0.18823529411764706	0.3137254901960784	0.9725490196078431
C	C4_2	250.172	236.817	194.534	0.5647058823529412	0.5647058823529412	0.5647058823529412
C	N4_2	249.893	238.065	194.139	0.18823529411764706	0.3137254901960784	0.9725490196078431
C	C5_2	250.883	235.935	193.662	0.5647058823529412	0.5647058823529412	0.5647058823529412
C	C6_2	251.15	234.698	194.111	0.5647058823529412	0.5647058823529412	0.5647058823529412
